0.56814518273273,9.039749278847214,8.321712498911843
0.5717836048257589,9.132539878631109,8.46790648037989
0.5754189686114768,9.225330478415001,8.614100461847938
0.5790512766887521,9.318121078198896,8.760294443315985
0.5826805316542202,9.41091167798279,8.906488424784031
0.5863067361022876,9.503702277766683,9.05268240625208
0.5899298926251306,9.596492877550578,9.198876387720127
0.5935500038127017,9.68928347733447,9.345070369188175
0.5972300551098696,9.782074077118367,9.491264350656222
0.6010229788485356,9.87486467690226,9.637458332124268
0.6048127198466687,9.967655276686154,9.783652313592317
0.6085992808032415,10.060445876470046,9.929846295060363
0.6123826644149151,10.153236476253943,10.076040276528412
0.6161628733760408,10.246027076037837,10.222234257996458
0.6199399103786607,10.33881767582173,10.368428239464507
0.6237137781125109,10.431608275605623,10.514622220932553
0.6274844792650224,10.541716604281087,10.733592591038766
0.6312520165213235,10.651824932956552,10.952562961144983
0.6350163925642432,10.761933261632015,11.171533331251197
0.6387776100743116,10.872041590307479,11.390503701357412
0.6425356717297618,10.982149918982943,11.609474071463625
0.6462905802065328,11.092258247658409,11.82844444156984
0.6500423381782706,11.202366576333871,12.047414811676054
0.6538354428233207,11.312474905009337,12.266385181782269
0.6578116634340976,11.4225832336848,12.485355551888484
0.6617845519016821,11.532691562360261,12.704325921994698
0.6657541110464307,11.642799891035725,12.923296292100911
0.669720343686289,11.75290821971119,13.142266662207124
0.6736832526367941,11.863016548386653,13.36123703231334
0.6776428407110773,11.97312487706212,13.580207402419555
0.6815991107198643,12.083233205737583,13.79917777252577
0.685552065471479,12.193341534413047,14.018148142631983
0.6895017077718446,12.30344986308851,14.237118512738196
0.6934480404244867,12.413558191763974,14.45608888284441
0.6973910662305344,12.52366652043944,14.675059252950625
0.7013307879887216,12.633774849114902,14.894029623056841
0.7052672084953919,12.743883177790368,15.112999993163054
0.7092003305444974,12.85399150646583,15.331970363269267
0.7131301569276037,12.964099835141292,15.550940733375484
0.7171993362995392,13.074208163816754,15.769911103481688
0.721295566930502,13.184316492492222,15.916020825453188
0.7253883618815778,13.294424821167688,16.062130547424687
0.7294777240623155,13.40453314984315,16.208240269396185
0.7335636563797765,13.514641478518614,16.354349991367688
0.7376461617385367,13.624749807194078,16.500459713339186
0.7417252430406888,13.73485813586954,16.64656943531069
0.7458009031858444,13.844966464545005,16.792679157282187
0.7498731450711366,13.955074793220469,16.938788879253686
0.7539419715912213,14.065183121895933,17.084898601225188
0.7580073856382809,14.175291450571397,17.231008323196686
0.7620693901020232,14.28539977924686,17.377118045168185
0.7661279878696878,14.395508107922323,17.523227767139687
0.7701831818260451,14.505616436597789,17.669337489111186
0.7742349748533991,14.615724765273253,17.815447211082684
0.7783030200167115,14.725833093948717,17.961556933054183
0.7824299664203553,14.835941422624181,18.107666655025685
0.7865534637639047,14.946049751299643,18.253776376997184
0.7906735149591398,15.056158079975111,18.399886098968686
0.7947901229153587,15.166266408650571,18.545995820940185
0.798903290539378,15.276374737326035,18.692105542911683
0.8030130207355376,15.3864830660015,18.838215264883182
0.8071193164056993,15.496591394676965,18.984324986854684
0.8112221804492512,15.60669972335243,19.130434708826186
0.8153216157631104,15.716808052027893,19.27654443079768
0.8194176252417223,15.843729259523698,19.49515415276918
0.8235102117770672,15.970650467019505,19.713763874740682
0.8275993782586563,16.097571674515304,19.932373596712182
0.8316851275735401,16.224492882011116,20.150983318683682
0.8357674626063071,16.35141408950692,20.369593040655182
0.8398463862390856,16.478335297002726,20.588202762626683
0.8439219013515468,16.60525650449853,20.806812484598183
0.8480376766697681,16.73217771199434,21.025422206569683
0.8522253445871499,16.85909891949014,21.244031928541187
0.8564094990234999,16.986020126985945,21.462641650512683
0.8605901429571351,17.112941334481754,21.681251372484187
0.86476727936382,17.239862541977555,21.899861094455687
0.8689409112167736,17.36678374947336,22.118470816427184
0.8731110414866672,17.49370495696916,22.337080538398684
0.8772776731416296,17.620626164464966,22.555690260370184
0.8814408091472478,17.74754737196077,22.77429998234168
0.8856004524665703,17.874468579456575,22.992909704313185
0.8897566060601078,18.00138978695238,23.21151942628469
0.8939092728858364,18.12831099444818,23.430129148256185
0.8980584558992006,18.255232201943983,23.648738870227685
0.9022041580531125,18.382153409439795,23.867348592199185
0.906346382297958,18.5090746169356,24.085958314170682
0.9104851315815967,18.6359958244314,24.304568036142186
0.9146499476345518,18.762917031927206,24.523177758113686
0.9188747731973114,18.88983823942301,24.66845414675185
0.9230960532736443,19.016759446918815,24.813730535390018
0.9273137908690259,19.143680654414617,24.959006924028184
0.9315279889863567,19.270601861910425,25.10428331266635
0.9357386506259666,19.397523069406226,25.249559701304516
0.9399457787856188,19.524444276902035,25.394836089942682
0.9441493764605086,19.651365484397836,25.54011247858085
0.9483494466432678,19.77828669189364,25.685388867219018
0.9525459923239673,19.905207899389445,25.83066525585718
0.9567390164901166,20.032129106885247,25.97594164449535
0.96092852212667,20.15905031438105,26.121218033133513
0.9651145122160256,20.285971521876856,26.266494421771682
0.9692969897380284,20.41289272937266,26.41177081040985
0.9734759576699722,20.539813936868466,26.557047199048014
0.9776514189866045,20.66673514436427,26.70232358768618
0.9818233766601241,20.79365635186008,26.847599976324346
0.9860675433293148,20.920577559355884,26.992876364962516
0.99031183012233,21.047498766851685,27.13815275360068
0.9945525566845903,21.17441997434749,27.283429142238845
0.9987897260321964,21.301341181843295,27.428705530877014
1.003023341178669,21.4282623893391,27.57398191951518
1.0072534051349535,21.555183596834905,27.719258308153346
1.0114799209094159,21.682104804330702,27.864534696791512
1.0157028915078505,21.80902601182651,28.00981108542968
1.0199223199334828,21.953644857937533,28.227914195760935
1.0241382091869662,22.098263704048563,28.446017306092187
1.0283505622663887,22.24288255015959,28.664120416423444
1.0325593821672747,22.387501396270615,28.8822235267547
1.036764671882586,22.53212024238164,29.100326637085953
1.0409664344027225,22.676739088492674,29.31842974741721
1.0451646727155295,22.821357934603697,29.536532857748465
1.0493593898062958,22.965976780714723,29.754635968079718
1.0535505886577545,23.11059562682575,29.972739078410978
1.05775319098442,23.25521447293678,30.19084218874223
1.0620555991610214,23.3998333190478,30.408945299073483
1.0663544017240925,23.54445216515883,30.627048409404743
1.0706496017246219,23.689071011269856,30.845151519735992
1.0749412022109923,23.833689857380886,31.06325463006725
1.0792292062289799,23.978308703491912,31.2813577403985
1.0835136168217623,24.12292754960294,31.49946085072976
1.0877944370299175,24.267546395713968,31.717563961061018
1.0920716698914232,24.41216524182499,31.93566707139227
1.0963453184416643,24.556784087936016,32.15377018172352
1.1006153857134326,24.701402934047042,32.37187329205479
1.10488187473693,24.846021780158065,32.589976402386036
1.1091447885397696,24.990640626269094,32.80807951271729
1.1134041301469766,25.135259472380124,33.02618262304854
1.1176599025809955,25.27987831849115,33.2442857333798
1.1219121088616861,25.424497164602176,33.389612455072886
1.1261607520063315,25.569116010713206,33.534939176765974
1.1304058350296369,25.71373485682423,33.68026589845906
1.1346778825646662,25.858353702935258,33.82559262015215
1.1389962917264043,26.002972549046284,33.97091934184524
1.1433110870707772,26.14759139515731,34.11624606353832
1.1476222716511173,26.292210241268332,34.261572785231415
1.1519298485181484,26.436829087379362,34.4068995069245
1.156233820719996,26.58144793349039,34.55222622861759
1.1605341913021856,26.72606677960142,34.69755295031067
1.1648309633076437,26.870685625712444,34.84287967200376
1.169124139776702,27.015304471823473,34.988206393696856
1.1734137237470998,27.1599233179345,35.13353311538994
1.1776997182539852,27.304542164045525,35.278859837083026
1.1819821263299175,27.449161010156548,35.424186558776114
1.186260951004869,27.59377985626757,35.56951328046921
1.1905361953062301,27.738398702378596,35.71484000216229
1.1948078622588068,27.88301754848963,35.86016672385538
1.1990759548848264,28.027636394600652,36.00549344554847
1.2033404762039404,28.172255240711685,36.15082016724156
1.2076267500696267,28.316874086822708,36.29614688893464
1.2119658837413265,28.46149293293374,36.44147361062773
1.216301386851326,28.606111779044763,36.58680033232083
1.2206332624660492,28.750730625155793,36.73212705401394
1.2249615136493082,28.911023330030194,36.95018017232833
1.2292861434623028,29.07131603490459,37.16823329064273
1.2336071549636212,29.23160873977899,37.38628640895714
1.2379245512092463,29.391901444653392,37.604339527271534
1.2422383352525563,29.55219414952779,37.822392645585936
1.2465485101443252,29.712486854402194,38.040445763900344
1.2508550789327264,29.8727795592766,38.25849888221474
1.255158044663336,30.033072264150995,38.47655200052914
1.2594574103791332,30.193364969025392,38.69460511884355
1.2637531791205037,30.353657673899797,38.91265823715795
1.2680453539252414,30.513950378774194,39.13071135547234
1.2723339378285499,30.67424308364859,39.34876447378675
1.276618933863048,30.83453578852299,39.566817592101145
1.2809003450587677,30.994828493397392,39.78487071041555
1.2851781744431574,31.155121198271797,40.002923828729955
1.289523353362705,31.315413903146194,40.220976947044356
1.2939006695540811,31.475706608020595,40.43903006535876
1.2982743410423723,31.635999312895,40.65708318367315
1.3026443708932767,31.7962920177694,40.87513630198755
1.3070107621698852,31.956584722643797,41.093189420301954
1.3113735179326884,32.1168774275182,41.311242538616355
1.3157326412395767,32.2771701323926,41.529295656930756
1.3200881351458402,32.43746283726699,41.74734877524516
1.3244400027041765,32.5977555421414,41.96540189355956
1.3287882469646894,32.75804824701579,42.11095501187396
1.3331328709748897,32.9183409518902,42.256508130188365
1.3374738777797026,33.0786336567646,42.40206124850276
1.341811270421463,33.238926361638995,42.547614366817164
1.346145051939926,33.399219066513396,42.69316748513156
1.3504752253722585,33.5595117713878,42.838720603445964
1.3548017937530532,33.71980447626219,42.98427372176037
1.3591247601143208,33.8800971811366,43.12982684007477
1.3634479494645713,34.04038988601099,43.275379958389166
1.3678787511685073,34.20068259088541,43.42093307670357
1.3723058653039804,34.3609752957598,43.56648619501797
1.3767292949705614,34.5212680006342,43.71203931333237
1.3811490432651892,34.6815607055086,43.85759243164677
1.3855651132821765,34.841853410383,44.003145549961175
1.389977508113206,35.002146115257396,44.14869866827557
1.3943862308473405,35.162438820131804,44.294251786589975
1.3987912845710189,35.3227315250062,44.43980490490438
1.4031926723680608,35.483024229880606,44.585358023218774
1.4075903973196688,35.643316934755006,44.73091114153318
1.4119844625044298,35.8036096396294,44.87646425984758
1.4163748709983195,35.96390234450381,45.022017378161976
1.4207616258747013,36.1241950493782,45.16757049647638
1.4251447302043325,36.28448775425261,45.31312361479078
1.4295241870553612,36.44478045912701,45.4586767331052
1.4338999994933337,36.620152808738645,45.750409011974924
1.438272170581194,36.79552515835027,46.04214129084469
1.4426502651140345,36.970897507961894,46.333873569714484
1.4471015184601683,37.14626985757353,46.62560584858425
1.4515490555291846,37.32164220718516,46.91733812745404
1.455992879455549,37.49701455679679,47.20907040632381
1.4604329933710534,37.67238690640842,47.50080268519359
1.4648694004048257,37.847759256020055,47.79253496406337
1.4693021036833231,38.023131605631676,48.084267242933144
1.4737311063303444,38.19850395524332,48.375999521802925
1.4781564114670258,38.37387630485495,48.667731800672705
1.482578022211843,38.549248654466574,48.959464079542485
1.4869959416806164,38.72462100407821,49.251196358412265
1.4914101729865128,38.899993353689844,49.54292863728203
1.495820719240045,39.075365703301465,49.83466091615181
1.5002275835490804,39.25073805291309,50.12639319502159
1.5046307690188336,39.426110402524735,50.41812547389138
1.5090302787518777,39.60148275213636,50.70985775276116
1.5134261158481428,39.77685510174799,51.00159003163093
1.5178182834049168,39.952227451359626,51.29332231050071
1.5222067845168519,40.12759980097127,51.585054589370486
1.5265916222759592,40.30297215058288,51.87678686824027
1.5310428267187424,40.47834450019452,52.16851914711004
1.5354991577463237,40.653716849806145,52.46025142597982
1.5399517673774503,40.82908919941778,52.67915698315651
1.5444006587510908,41.0044615490294,52.89806254033319
1.5488458350035414,41.17983389864104,53.11696809750988
1.5532872992684308,41.35520624825268,53.33587365468657
1.557725054676712,41.530578597864306,53.55477921186326
1.5621591043566754,41.70595094747594,53.77368476903996
1.5665894514339447,41.88132329708756,53.99259032621665
1.5710160990314836,42.0566956466992,54.21149588339334
1.5754390502695923,42.232067996310825,54.43040144057003
1.5798583082659172,42.40744034592246,54.64930699774672
1.5842738761354473,42.58281269553408,54.86821255492341
1.5886857569905186,42.75818504514572,55.0871181121001
1.5930939539408153,42.93355739475735,55.30602366927679
1.5974984700933752,43.108929744368986,55.52492922645348
1.601899308552588,43.264584929394225,55.74383478363017
1.6062964724202002,43.38080578524636,55.96274034080685
1.6106899647953152,43.497026641098486,56.18164589798354
1.6150797887744008,43.613247496950606,56.40055145516024
1.6195439296603886,43.72946835280275,56.61945701233693
1.6240130353229445,43.845689208654875,56.83836256951362
1.6284784127774214,43.961910064506995,57.05726812669031
1.6329400651648573,44.07813092035913,57.276173683867
1.6373979956236178,44.19435177621126,57.49507924104369
1.6418522072893986,44.31057263206338,57.71398479822037
1.646302703295227,44.44431310500995,58.07912445745781
1.650749486771467,44.57805357795652,58.44426411669532
1.6551925608458165,44.71179405090307,58.809403775932836
1.6596319286433163,44.84553452384964,59.174543435170364
1.6640675932863462,44.97927499679622,59.539683094407884
1.6684995578946311,45.11301546974278,59.904822753645405
1.6729278255852424,45.24675594268934,60.26996241288292
1.6773523994725987,45.38049641563591,60.63510207212043
