0.2864585006436897,0.28645591304459295,0.2864442329305024,0.286441097110297,0.2864408518526719,0.2864438162135918,0.28642650477216663,0.28642975989202113,0.2864295717761494,0.2864269740141399,0.2864148138101039,0.2864120839072773,0.28641412380379905,0.28641597171649225,0.28640018777239196,0.2864028884981617,0.2864048606316655,0.28640188696582747,0.2863985642665021,0.2863957732390079,0.0,0.0
0.28646634422693024,0.28646375888263026,0.28645203970267336,0.2864489065976181,0.28644869568472,0.2864516574677346,0.2864343958136573,0.28643764809047445,0.2864374102955142,0.28643481478806815,0.2864226651182893,0.286419937584498,0.2864219606085988,0.2864238069207256,0.28640600247190373,0.2864087014648368,0.28641267851694596,0.2864096576918998,0.2864058206876286,0.2864029752988873,0.0,0.0
0.28646195847320527,0.2864593718681337,0.2864476469850129,0.2864445123521987,0.2864442883687807,0.2864472516002739,0.28642998151628885,0.28643323538351617,0.28643298447198257,0.2864303876915561,0.28641823207489014,0.2864155032034852,0.2864175141806821,0.2864193614009327,0.2864013216604859,0.2864040220483276,0.28640820540229456,0.286405145209465,0.28640071785510535,0.2863978163598232,0.0,0.0
0.28645762721810614,0.2864550393679615,0.28644330885270164,0.28644017271115213,0.2864399363226583,0.28644290098442804,0.286425622576475,0.2864288780141276,0.2864286146526377,0.28642601661537165,0.28641385512723194,0.28641112493517473,0.2864131245193439,0.2864149726361011,0.28639692415253876,0.2863996258508281,0.2864037916800067,0.28640070021262015,0.2863956717217149,0.28639271045909553,0.0,0.0
0.28645631902557056,0.2864537307993755,0.28644199858304054,0.28643886198580687,0.28643861399727155,0.28644157909360934,0.2864242981565483,0.28642755407135057,0.2864272790861037,0.2864246806647112,0.2864125173820799,0.2864097867863921,0.2864117750561563,0.2864136234485118,0.28639557227720097,0.28639827437833965,0.2864024239961655,0.2863993104817975,0.2863936856405558,0.28639066251180995,0.0,0.0
0.2864575891426679,0.28645500128157775,0.2864432707168075,0.28644013456199546,0.2864398758736289,0.2864428405552651,0.2864255620316956,0.28642881749116017,0.28642853180071076,0.28642593373961545,0.28641377214015346,0.28641104192305666,0.28641301915966283,0.28641486729793797,0.28639694123157183,0.286399642924772,0.28640365509418536,0.2864005274296016,0.28639382505981303,0.28639073962410067,0.0,0.0
0.2864545481185935,0.2864519593833426,0.2864402741532311,0.28643713695628253,0.28643681911995716,0.286439784806157,0.28642246563807167,0.28642572221307033,0.28642546143324,0.28642286248907084,0.2864108123553985,0.28640808124526784,0.2864099337216346,0.2864117824900384,0.28639372765134796,0.2863964303021668,0.28640055440140294,0.28639741640779326,0.2863896678459524,0.28638651976575125,0.0,0.0
0.2864547900412228,0.2864522013755135,0.28644051645865254,0.2864373793459719,0.28643705312987255,0.28644001873916847,0.2864227000195524,0.2864259565101116,0.2864256873390115,0.2864230884598154,0.2864110386267799,0.2864083075849195,0.28641015160332756,0.28641200032723463,0.28639394592249534,0.2863966485082716,0.28640076275335286,0.2863976193236228,0.2863886602289797,0.2863854567965255,0.0,0.0
0.2864531118415506,0.28645052269343807,0.28643878630678105,0.2864356485924006,0.28643536508947204,0.2864383312535146,0.2864210441026057,0.2864243011897324,0.2864239906226299,0.2864213912554439,0.28640922355443743,0.2864064919649359,0.28640844540216376,0.28641029447451843,0.2863923593605913,0.2863950624191431,0.28639904743893974,0.2863959002685929,0.28638549949378106,0.28638225067083406,0.0,0.0
0.2864546296922282,0.28645204098042565,0.2864403065674288,0.28643716938175307,0.2864368814623727,0.28643984712808473,0.28642256287736717,0.28642581941733397,0.2864255044381624,0.28642290550636224,0.286410739839305,0.2864080087072948,0.28640995735104147,0.2864118061146197,0.2863938739915206,0.2863965765987316,0.28640055607323733,0.28639740771828887,0.2863868860049756,0.286383607237332,0.0,0.0
0.28645466340424136,0.28645207470212936,0.28644038962129387,0.28643725246450225,0.28643691276629407,0.2864398784217184,0.2864225594331029,0.28642581597431066,0.286425533303951,0.28642293438045285,0.2864108843424269,0.28640815325401603,0.2864099837849532,0.2864118325431329,0.2863937778041523,0.28639648044002597,0.2864005798464976,0.2863974306598136,0.28638724253617576,0.28638394684552554,0.0,0.0
0.2864576392597443,0.2864550514130611,0.2864433701855,0.2864402340652811,0.28643989329524894,0.28644285797115965,0.2864255446946317,0.2864288001603429,0.2864285164088188,0.2864259183432968,0.2864138722752444,0.28641114208836094,0.28641297084957207,0.28641481899771304,0.2863967702080832,0.2863994719522471,0.2864035687598447,0.2864004202381376,0.2863902331713503,0.28638693063695514,0.0,0.0
0.28646080237833127,0.2864582154409222,0.2864465383091905,0.28644340329079243,0.28644306234465094,0.28644602597907376,0.2864287187760435,0.2864319730982112,0.2864316891618896,0.28642909200890526,0.28641705016329644,0.2864143209352712,0.2864161487810203,0.28641799628013076,0.28639995382012245,0.28640265461558106,0.28640674972283425,0.28640360230639184,0.2863934181588977,0.2863901149185368,0.0,0.0
0.2864616789713774,0.28645909228595845,0.2864473670393849,0.286444232309209,0.28644394048880417,0.28644690383462734,0.2864296330852601,0.28643288707802034,0.28643256823976326,0.28642997133961967,0.28641781516367854,0.2864150861664783,0.28641702920072803,0.28641887652002773,0.2864009583863202,0.2864036588824179,0.2864076308895912,0.2864044837793961,0.28639396202217676,0.28639065778782824,0.0,0.0
0.2864702533146423,0.2864676690941144,0.2864560042006092,0.28645287247441464,0.28645253150266003,0.28645549202499054,0.2864382029703495,0.28644145387546854,0.28644116988818197,0.2864385754621169,0.28642654623438935,0.2864238198717031,0.286425645483891,0.28642749104341325,0.28640946749912816,0.28641216545943865,0.2864162559881168,0.28641311187563845,0.28640293771522357,0.28639963599478396,0.0,0.0
0.28647125890515135,0.2864686749737117,0.2864569621849106,0.28645383079190956,0.2864535389915438,0.28645649918274757,0.2864392467927635,0.28644249732179333,0.2864421785674462,0.2864395844315139,0.28642744116894897,0.286424715076308,0.286426655822221,0.2864285011753872,0.28641060208584596,0.2864132997080303,0.2864172673032091,0.28641412354223095,0.28640361251726,0.2864003105376457,0.0,0.0
0.2864722768575909,0.2864696932187945,0.2864579817537854,0.28645485071539983,0.2864545588885983,0.2864575187445948,0.28644026830546676,0.2864435184664435,0.286443199692404,0.2864406058501862,0.28642846395975025,0.2864257381757368,0.28642767864983754,0.2864295237940958,0.286411626728062,0.286414324044884,0.2864182911425766,0.2864151477374534,0.2864046377806004,0.28640133583329624,0.0,0.0
0.08,0.08,0.08,0.08,0.08,0.08,0.08,0.08,0.08,0.08,0.08,0.08,0.08,0.08,0.08,0.08,0.08,0.08,0.08,0.08,0.0,0.0
0.08,0.08,0.08,0.08,0.08,0.08,0.08,0.08,0.08,0.08,0.08,0.08,0.08,0.08,0.08,0.08,0.08,0.08,0.08,0.08,0.0,0.0
0.08,0.08,0.08,0.08,0.08,0.08,0.08,0.08,0.08,0.08,0.08,0.08,0.08,0.08,0.08,0.08,0.08,0.08,0.08,0.08,0.0,0.0
0.08,0.08,0.08,0.08,0.08,0.08,0.08,0.08,0.08,0.08,0.08,0.08,0.08,0.08,0.08,0.08,0.08,0.08,0.08,0.08,0.0,0.0
0.08,0.08,0.08,0.08,0.08,0.08,0.08,0.08,0.08,0.08,0.08,0.08,0.08,0.08,0.08,0.08,0.08,0.08,0.08,0.08,0.0,0.0
0.08,0.08,0.08,0.08,0.08,0.08,0.08,0.08,0.08,0.08,0.08,0.08,0.08,0.08,0.08,0.08,0.08,0.08,0.08,0.08,0.0,0.0
0.08,0.08,0.08,0.08,0.08,0.08,0.08,0.08,0.08,0.08,0.08,0.08,0.08,0.08,0.08,0.08,0.08,0.08,0.08,0.08,0.0,0.0
0.08,0.08,0.08,0.08,0.08,0.08,0.08,0.08,0.08,0.08,0.08,0.08,0.08,0.08,0.08,0.08,0.08,0.08,0.08,0.08,0.0,0.0
0.2864767123292317,0.2864741299655769,0.2864624242687603,0.2864592947755463,0.28645900300614,0.28646196140147506,0.28644468475059115,0.28644793332028845,0.286447649333274,0.2864450567709637,0.28643292085980276,0.286430196420682,0.28643213588336336,0.2864339801172371,0.2864160918693032,0.28641878785540814,0.2864227529583676,0.28641961110405634,0.286409106237782,0.286405805682413,0.0,0.0
0.2864775488441379,0.28647496672097394,0.2864633112751113,0.28646018209041574,0.28645984113718787,0.2864627992570478,0.28644555892198453,0.2864488071767061,0.28644848849158394,0.2864458961706551,0.2864338766837598,0.2864311525330679,0.2864329764593649,0.2864348205215491,0.286416811580004,0.286419507351615,0.2864235943840643,0.2864204528222164,0.2864102864681858,0.2864069861983757,0.0,0.0
0.28647842493350884,0.28647584306221474,0.2864641395926295,0.2864610106960412,0.2864607189284791,0.2864636767598267,0.2864464033978874,0.2864496513483316,0.2864493673679484,0.2864467752998272,0.2864346416973465,0.28643191777750665,0.2864338568293035,0.28643570071166935,0.28641781586848475,0.28642051134078833,0.2864244756531742,0.2864213343976397,0.2864108314455674,0.28640753128040475,0.0,0.0
0.28644878288937153,0.2864461924968853,0.28643449979998853,0.2864313605948713,0.2864309629443069,0.28643393055504635,0.28641663498283393,0.2864198936584155,0.2864195468820734,0.2864169462368272,0.28640488823025434,0.28640215533269875,0.2864039852294586,0.28640583521269136,0.28638776852469894,0.2863904729512658,0.28639457311463407,0.2863914214663646,0.28638122249536346,0.2863779114780604,0.0,0.0,0.2864429346603065,0.2864265281841798,0.2864136211483631
0.28645151123265394,0.2864489216244195,0.2864371831545999,0.28643404488265917,0.28643369188183926,0.28643665859577944,0.28641933343258363,0.2864225911360322,0.2864222768781776,0.2864196770180826,0.2864075070126059,0.28640477490516764,0.28640671989889543,0.2864085693236556,0.28639063079451094,0.2863933343681768,0.2863973106110064,0.2863941599140849,0.28638362543368556,0.28638031525788543,0.0,0.0,0.2864453761411981,0.2864292454757042,0.2864162455070925
0.28645188971654834,0.2864493002171089,0.28643761154293096,0.28643447341996986,0.28643406615460326,0.28643703274554666,0.2864197431083606,0.28642300066421933,0.2864226491394605,0.2864200493864297,0.2864079955082512,0.286405263548199,0.2864070927946686,0.2864089421432752,0.2863908816444126,0.28639358514332947,0.2863976838892287,0.28639453332203213,0.28638433782159456,0.28638102788405556,0.0,0.0,0.2864457881729357,0.28642958434335913,0.2864166417758794
0.28645204154276244,0.2864494520869649,0.28643771430669773,0.28643457621947493,0.28643421321801704,0.2864371797606311,0.2864198555965322,0.28642311311186613,0.28642279383752633,0.2864201941261113,0.28640802481520683,0.28640529286399735,0.2864072377383774,0.2864090870573835,0.28639114955257744,0.28639385297166214,0.2863978289809256,0.28639467846415234,0.28638414457043493,0.2863808345429914,0.0,0.0,0.2864462947490425,0.2864296738133942,0.28641694102427045
0.2864261218649984,0.2864235249591986,0.28641180292514584,0.28640865582747127,0.2864081800506699,0.286411155147867,0.2863938160078439,0.28639708290345095,0.28639669686213426,0.2863940896457087,0.2863820012354285,0.28637926143314174,0.28638109605363987,0.28638295071091757,0.2863648384417509,0.286367549700489,0.2863716602350545,0.28636850062462416,0.28635827592037166,0.2863549564501596,0.0,0.0,0.28642004077919603,0.28640358360572443,0.28639069284408897,0.2864194346089853,0.286403999195193,0.2863901068940742
0.28641728650405823,0.2864146870589909,0.2864029040941415,0.28639975390228245,0.28639931005470565,0.28640228806632445,0.2863848970223205,0.28638816713050685,0.2863878070274234,0.2863851972546979,0.2863729809435034,0.2863702384201465,0.28637219098869626,0.2863740474642555,0.2863560406428107,0.28635875452267867,0.2863627459521182,0.286359583244276,0.28634900867808616,0.28634568582024883,0.0,0.0,0.286411570092024,0.2863946257131688,0.2863819617152973,0.2864108984724024,0.2863950788692531,0.28638130157967157
0.28641046123117003,0.2864078598246215,0.28639606798710926,0.2863929154183984,0.2863924539336408,0.2863954341978775,0.28637806498694657,0.2863813375558887,0.28638093349843186,0.2863783217492929,0.28636609620523223,0.28636335160511484,0.2863653056842428,0.2863671635656133,0.2863491431275504,0.28635185906230193,0.28635585352037035,0.28635268841775247,0.2863421058608254,0.2863387804800651,0.0,0.0,0.2864044670151579,0.28638772449953237,0.2863749879511094,0.28640372905674993,0.2863882163464512,0.2863742526538363
0.28640560704364443,0.28640300424212256,0.28639120609453556,0.28638805183544763,0.28638757172103757,0.286390553589298,0.2863731750433711,0.2863764493735078,0.28637603579644255,0.28637342263906745,0.28636119051641246,0.28635844443656017,0.28636039959200643,0.2863622584750467,0.2863442283348756,0.2863469457337743,0.28635094234978187,0.2863477755408363,0.2863371872902882,0.2863338601116908,0.0,0.0,0.28639966196026745,0.28638277227594366,0.28637012443011944,0.28639885354494626,0.2863833056441898,0.2863693091427505
0.28639591641657963,0.2863933108303306,0.28638150008624336,0.2863783424527253,0.2863778430246893,0.2863808280891213,0.2863634309423556,0.2863667087818417,0.2863662852207257,0.28636366925988926,0.2863514240408652,0.28634867501521427,0.2863506323133422,0.2863524931904682,0.28633444373575917,0.28633716404942466,0.2863411649606545,0.2863379947520898,0.2863273951711126,0.2863240644157039,0.0,0.0,0.2863903417260181,0.286372947241436,0.286360537134187,0.28638946072201504,0.2863735239496415,0.2863596388359917
0.2863859429964148,0.2863833345443393,0.2863715108369618,0.28636834973074143,0.28636783043804787,0.2863708187917274,0.28635340250250196,0.28635668395353364,0.2863562500736225,0.2863536312276721,0.2863413725308993,0.286338620473653,0.28634057997564094,0.28634244290493077,0.2863243735731998,0.28632709688652486,0.28633110221479385,0.28632792849947375,0.2863173172678555,0.2863139828304136,0.0,0.0,0.2863800935728712,0.286362879265893,0.2863504048126168,0.2863791381933218,0.28636350081780726,0.2863494205574865
0.28638165123460174,0.2863790415493556,0.28636721226386613,0.2863640496633354,0.2863635108315757,0.2863665006042352,0.2863490760569795,0.2863523590660292,0.28635191520703124,0.28634929511485546,0.2863370305963836,0.2863342772296392,0.28633623768509503,0.28633810150081723,0.2863198999160672,0.2863226245619301,0.28632675543085445,0.28632358020549653,0.28631296393697653,0.28630962791314635,0.0,0.0,0.28637617815642735,0.2863584632694743,0.28634623802422093,0.2863751480942426,0.2863591299041482,0.2863451693364181
0.2863715993765628,0.2863689868031939,0.28635714445364063,0.286353978353391,0.2863534193877569,0.2863564124752906,0.28633896863652264,0.2863422552852536,0.28634180104048407,0.286339178040722,0.2863268999396066,0.28632414351765445,0.28632610619720034,0.2863279720810696,0.28630975032736117,0.2863124779962848,0.286316613459438,0.28631343471101395,0.28630280669086045,0.28629946696586206,0.0,0.0,0.2863658526831051,0.2863483139959331,0.2863360268781481,0.2863647458921326,0.2863490271874303,0.2863348714413587
0.08,0.08,0.08,0.08,0.08,0.08,0.08,0.08,0.08,0.08,0.08,0.08,0.08,0.08,0.08,0.08,0.08,0.08,0.08,0.08,0.0,0.0,0.08,0.08,0.08,0.08,0.08,0.08
0.08,0.08,0.08,0.08,0.08,0.08,0.08,0.08,0.08,0.08,0.08,0.08,0.08,0.08,0.08,0.08,0.08,0.08,0.08,0.08,0.0,0.0,0.08,0.08,0.08,0.08,0.08,0.08
0.08,0.08,0.08,0.08,0.08,0.08,0.08,0.08,0.08,0.08,0.08,0.08,0.08,0.08,0.08,0.08,0.08,0.08,0.08,0.08,0.0,0.0,0.08,0.08,0.08,0.08,0.08,0.08
0.08,0.08,0.08,0.08,0.08,0.08,0.08,0.08,0.08,0.08,0.08,0.08,0.08,0.08,0.08,0.08,0.08,0.08,0.08,0.08,0.0,0.0,0.08,0.08,0.08,0.08,0.08,0.08
0.08,0.08,0.08,0.08,0.08,0.08,0.08,0.08,0.08,0.08,0.08,0.08,0.08,0.08,0.08,0.08,0.08,0.08,0.08,0.08,0.0,0.0,0.08,0.08,0.08,0.08,0.08,0.08
0.08,0.08,0.08,0.08,0.08,0.08,0.08,0.08,0.08,0.08,0.08,0.08,0.08,0.08,0.08,0.08,0.08,0.08,0.08,0.08,0.0,0.0,0.08,0.08,0.08,0.08,0.08,0.08
0.08,0.08,0.08,0.08,0.08,0.08,0.08,0.08,0.08,0.08,0.08,0.08,0.08,0.08,0.08,0.08,0.08,0.08,0.08,0.08,0.0,0.0,0.08,0.08,0.08,0.08,0.08,0.08
0.08,0.08,0.08,0.08,0.08,0.08,0.08,0.08,0.08,0.08,0.08,0.08,0.08,0.08,0.08,0.08,0.08,0.08,0.08,0.08,0.0,0.0,0.08,0.08,0.08,0.08,0.08,0.08
0.2863661594736335,0.28636354533733027,0.2863516959180626,0.2863485279239079,0.28634794905126765,0.28635094393563487,0.2863334896398897,0.28633677826151666,0.28633631396023906,0.28633368938314224,0.2863214039136099,0.2863186458342399,0.28632060972030227,0.2863224767261194,0.28630424403099025,0.28630697333989147,0.2863111112952496,0.28630793063538446,0.28629729624028255,0.286293954507138,0.0,0.0,0.28636079135523035,0.2863427436473184,0.28633070757617646,0.28635960635249025,0.2863435039591471,0.286329467140252
0.28636062825515024,0.286358012529728,0.28634620572512215,0.286343035822644,0.2863423877233595,0.28634538443438967,0.28632788434596074,0.28633117498589555,0.28633073602010056,0.28632810983960216,0.28631581687989993,0.286313057115722,0.2863150222283445,0.2863168903746509,0.28629864655730247,0.28630137753328316,0.2863055180221653,0.28630233541949013,0.2862916945439411,0.2862883507697717,0.0,0.0,0.28635498840940765,0.28633712726352867,0.28632503377726204,0.2863537276044841,0.28633793375418554,0.2863237103384431
0.28632482699509576,0.2863222009851881,0.28631034785455384,0.28630716548979335,0.2863064269179339,0.286309435439176,0.2862919017799677,0.2862952053746674,0.28629465105729285,0.2862920145052614,0.2862797903579002,0.2862770197309735,0.28627880670216654,0.28628068223970815,0.28626249078526445,0.28626523252812885,0.28626923091109063,0.28626603570568443,0.2862556961404852,0.2862523392515584,0.0,0.0,0.2863195494140356,0.2863010478359061,0.2862890988044142,0.2863182045932576,0.2863019047759913,0.28628768425519135,0.28627405407581547,0.286261348415751
0.28631232641461907,0.28630969681423885,0.28629777744435136,0.28629459071142105,0.28629387542165885,0.2862968880644525,0.286279295070486,0.2862826032033052,0.28628206776298337,0.2862794275947909,0.2862670692914417,0.28626429482940824,0.2862661961201985,0.28626807423106054,0.2862497332366921,0.2862524787780902,0.2862566044265389,0.28625340483652195,0.28624270729672363,0.2862393456764612,0.0,0.0,0.2863067752305175,0.2862884319242723,0.28627641706829876,0.2863053480982468,0.28628933901462567,0.2862749131465376,0.28626174038234126,0.2862493090223191
0.2862996160014357,0.2862969827505838,0.28628509700519733,0.2862819058661893,0.2862811133832092,0.286284130216379,0.2862665481853128,0.2862698609063702,0.2862692735198022,0.28626662967510114,0.28625437178563135,0.28625159349587953,0.28625337423578445,0.2862552549628904,0.2862370132440783,0.2862397625725444,0.28624376642484956,0.2862405623771046,0.2862301942681885,0.28622682809025374,0.0,0.0,0.2862944440944544,0.2862755602061964,0.2862637889337706,0.2862929333972885,0.28627651837165213,0.2862621943437965,0.28624857871826215,0.28623582823264243
0.28627036649913046,0.28626772484879703,0.28625575097643663,0.28625254964185076,0.28625172866220056,0.28625475514252097,0.286237081460235,0.28624040478647644,0.28623978498014535,0.2862371326628075,0.28622471760935275,0.2862219303813695,0.28622377901204893,0.2862256657771405,0.2862072403891823,0.28620999858064955,0.28621411267731944,0.28621089833425717,0.28620015158785467,0.28619677446876074,0.0,0.0,0.28626491185115016,0.28624609790170563,0.2862341923834903,0.2862633133236355,0.2862471098437093,0.28623250272824596,0.2862192475733002,0.2862067247000042,0.28621973926055544,0.28620659579515295
0.2862545232456202,0.28625187704621713,0.28623993298071343,0.2862367261512494,0.28623581291335104,0.286238844618217,0.2862211760431858,0.2862245050931055,0.2862238187269165,0.28622116182275525,0.2862088435120186,0.2862060514999558,0.28620776569055373,0.2862096557222417,0.28619119847890034,0.286193961445217,0.2861980729669868,0.2861948530559142,0.286184433741956,0.2861810508993721,0.0,0.0,0.28624944900957106,0.28623006717349675,0.28621839210570854,0.28624776414897024,0.2862311324880943,0.2862166083335867,0.2862028781631587,0.2861900224328352,0.2862034568953949,0.28618983909191176
0.28624239249258304,0.28623974281036624,0.2862277326087038,0.28622452154140604,0.2862236161636244,0.28622665187189683,0.286208924379558,0.2862122578379625,0.28621157536682923,0.2862089149456574,0.2861964620374986,0.2861936662942607,0.28619548089281593,0.28619737343030105,0.28617901732356893,0.28618178391528676,0.28618576527342626,0.28618254109022795,0.2861717615227692,0.2861683740661135,0.0,0.0,0.28623704500137365,0.2862178007151647,0.2862060513917729,0.2862352736369213,0.28621891951982686,0.286204173366688,0.28619087784759045,0.2861782906428226,0.2861915458589061,0.2861780530842355
0.28622616638195225,0.2862235120415068,0.2862115313082103,0.28620831461381446,0.28620731546120864,0.28621035651950294,0.2861926335127443,0.2861959728325579,0.28619522250854695,0.28619255739027094,0.2861802010752478,0.28617740043215834,0.2861790793208408,0.2861809752035617,0.2861624609021428,0.28616523242102837,0.28616933642090875,0.2861661065355705,0.28615565502517337,0.2861522617044898,0.0,0.0,0.28622120090387365,0.2862013828128589,0.28618986519543377,0.2862193416433458,0.2862025561181582,0.286187891362897,0.2861741163467434,0.2861611940206881,0.2861748738285983,0.28616090341576084
0.2862098350205406,0.28620717599206363,0.2861951235144992,0.2861919011217882,0.2861909089662436,0.28619395540880543,0.28617616532116263,0.286179510565662,0.2861787634577922,0.28617609361232943,0.28616359667983843,0.2861607910338573,0.286162571183169,0.28616447043256144,0.28614604931618415,0.2861488257186998,0.28615280079236277,0.286149565168337,0.2861387474393389,0.2861353479635193,0.0,0.0,0.2862045935000794,0.2861848802734591,0.28617343982403126,0.2862026456313518,0.28618610850856563,0.2861713694927442,0.2861578900547079,0.2861452310198394,0.2861587370751114,0.28614488827213347
0.28619093595985523,0.28618827150691045,0.286176194496401,0.2861729655305474,0.28617192867761376,0.28617498134837244,0.28615719076420837,0.286160542834288,0.28615972645118226,0.28615705113876955,0.28614452867169227,0.28614171728121884,0.28614348040654974,0.28614538354885394,0.2861269247303862,0.2861297068231686,0.28613367971868886,0.28613043745948796,0.286119597602033,0.28611619115563436,0.0,0.0,0.2861860797768364,0.286165823856891,0.286154437113572,0.2861840379111495,0.2861671074028643,0.2861522644009729,0.286138757784616,0.2861260589587648,0.2861396950918007,0.2861256644478261
0.28617513577139747,0.28617246678386526,0.28616036926346117,0.2861571348027854,0.2861560522361738,0.2861591101161327,0.2861412892178599,0.28614464700754005,0.2861437967981218,0.2861411169115531,0.28612857307830686,0.28612575688146075,0.28612750212603566,0.28612940852625024,0.28611091815398754,0.2861137050088543,0.28611767427165913,0.2861144264589688,0.2861035680789316,0.28610015579831927,0.0,0.0,0.28617033830260996,0.2861498448682095,0.286138544409033,0.2861682007864458,0.28615118704740244,0.28613626768902517,0.28612273884390593,0.2861100042455567,0.2861237667708489,0.28610955836188817
0.2861592914231596,0.2861566178887891,0.2861444998032227,0.28614125983288263,0.28614013102416863,0.28614319412753,0.2861253428326505,0.286128706357522,0.28612782193781827,0.2861251374645425,0.28611257220664793,0.2861097511902435,0.28611147832203665,0.28611338798913627,0.28609486597630424,0.28609765760637174,0.2861016231324671,0.28609836975095826,0.28608749279735857,0.28608407466643015,0.0,0.0,0.2861545532943406,0.28613381967481616,0.28612260685750207,0.28615231895789,0.2861352212494941,0.2861202248777566,0.28610667365818226,0.28609390301773563,0.28610779288130345,0.2860934058710632
0.286141714718901,0.28613903614105485,0.2861268952442266,0.2861236491624207,0.28612247352002596,0.2861255424158566,0.28610765741295674,0.28611102729784316,0.2861101082493103,0.2861074186905786,0.2860948296785358,0.28609200331850554,0.28609371252775984,0.2860956258165366,0.28607694177764637,0.2860797387392705,0.28608382810224203,0.286080568547501,0.2860696710046188,0.2860662463884095,0.0,0.0,0.28613703564605397,0.2861160556782164,0.2861049298499054,0.286134702972162,0.28611751761219045,0.2861024409965121,0.2860888650788621,0.28607605586019585,0.28609007607580683,0.2860755075769758
0.28612368785382003,0.28612100410387115,0.2861088398141876,0.28610558746505194,0.28610436413987655,0.2861074389757886,0.2860895194060644,0.28609289581303776,0.28609194142774014,0.2860892466540124,0.28607663328292365,0.28607380144315303,0.2860754922758436,0.2860774092785485,0.28605868902334086,0.28606149141367326,0.28606557786671766,0.2860623119815012,0.2860513933250793,0.28604796205840055,0.0,0.0,0.28611906816342,0.28609783819973067,0.2860867997793416,0.28611663598415027,0.28609936122785695,0.28608420277770585,0.28607060068058876,0.28605775185117716,0.2860719055294843,0.28605715158205114
0.28610336960669536,0.2861006800278784,0.2860884893750863,0.28608522996278524,0.2860839582531272,0.28608703978164174,0.2860690812662021,0.28607246502151285,0.2860714747746295,0.2860687741263805,0.28605613331585467,0.2860532953033399,0.2860549679894007,0.2860568891751999,0.2860381281288347,0.2860409366336602,0.2860450210686208,0.2860417480536636,0.2860308056182023,0.2860273668613907,0.0,0.0,0.28609880865217485,0.2860773214017337,0.28606636888293235,0.28609627539688787,0.2860789064987747,0.2860636620399732,0.2860500304917607,0.2860371386646421,0.28605143004530087,0.28603648616204225
0.08,0.08,0.08,0.08,0.08,0.08,0.08,0.08,0.08,0.08,0.08,0.08,0.08,0.08,0.08,0.08,0.08,0.08,0.08,0.08,0.0,0.0,0.08,0.08,0.08,0.08,0.08,0.08,0.08,0.08,0.08,0.08
0.08,0.08,0.08,0.08,0.08,0.08,0.08,0.08,0.08,0.08,0.08,0.08,0.08,0.08,0.08,0.08,0.08,0.08,0.08,0.08,0.0,0.0,0.08,0.08,0.08,0.08,0.08,0.08,0.08,0.08,0.08,0.08
0.08,0.08,0.08,0.08,0.08,0.08,0.08,0.08,0.08,0.08,0.08,0.08,0.08,0.08,0.08,0.08,0.08,0.08,0.08,0.08,0.0,0.0,0.08,0.08,0.08,0.08,0.08,0.08,0.08,0.08,0.08,0.08
0.08,0.08,0.08,0.08,0.08,0.08,0.08,0.08,0.08,0.08,0.08,0.08,0.08,0.08,0.08,0.08,0.08,0.08,0.08,0.08,0.0,0.0,0.08,0.08,0.08,0.08,0.08,0.08,0.08,0.08,0.08,0.08
0.08,0.08,0.08,0.08,0.08,0.08,0.08,0.08,0.08,0.08,0.08,0.08,0.08,0.08,0.08,0.08,0.08,0.08,0.08,0.08,0.0,0.0,0.08,0.08,0.08,0.08,0.08,0.08,0.08,0.08,0.08,0.08
0.08,0.08,0.08,0.08,0.08,0.08,0.08,0.08,0.08,0.08,0.08,0.08,0.08,0.08,0.08,0.08,0.08,0.08,0.08,0.08,0.0,0.0,0.08,0.08,0.08,0.08,0.08,0.08,0.08,0.08,0.08,0.08
0.08,0.08,0.08,0.08,0.08,0.08,0.08,0.08,0.08,0.08,0.08,0.08,0.08,0.08,0.08,0.08,0.08,0.08,0.08,0.08,0.0,0.0,0.08,0.08,0.08,0.08,0.08,0.08,0.08,0.08,0.08,0.08
0.08,0.08,0.08,0.08,0.08,0.08,0.08,0.08,0.08,0.08,0.08,0.08,0.08,0.08,0.08,0.08,0.08,0.08,0.08,0.08,0.0,0.0,0.08,0.08,0.08,0.08,0.08,0.08,0.08,0.08,0.08,0.08
0.28608596130500097,0.2860832667326713,0.2860710534951473,0.2860677880319286,0.2860664672437524,0.28606955450822674,0.28605156261418124,0.28605495266745273,0.2860539260759232,0.2860512203912538,0.2860385560561867,0.2860357127515772,0.2860373662639153,0.28603929103675424,0.28602049501181526,0.286023308759869,0.286027389662688,0.28602411053298643,0.28601314770516545,0.2860097025244732,0.0,0.0,0.2860814620533356,0.28605971904316563,0.28604885834061583,0.28607882601220147,0.2860613670712792,0.28604604015743773,0.2860323833314914,0.2860194521674456,0.28603387908262673,0.28601874684688466
0.28606810007779315,0.2860654003825623,0.28605321537671635,0.28604994372363146,0.2860485234487949,0.2860516165971007,0.28603355417057075,0.28603695069720647,0.28603592476641043,0.286033213915963,0.28602064602022176,0.28601779732389,0.2860193116368967,0.2860212400886856,0.28600253614450305,0.28600535523208825,0.2860093051248782,0.2860060197242581,0.28599538902307753,0.2859919373828971,0.0,0.0,0.28606365992948823,0.2860416657516276,0.2860308936768995,0.2860609239985332,0.2860433753235319,0.28602796634662164,0.2860142835730725,0.28600131275139945,0.2860158733226191,0.28600055608255914
0.28604757861008523,0.28604487302961584,0.28603261000492847,0.28602933120254337,0.28602791294167856,0.2860310128474734,0.28601291101902754,0.28601631496526275,0.2860152524760512,0.28601253569401885,0.28599981952506515,0.2859969645597412,0.2859985808324732,0.2860005135080477,0.2859816404211907,0.28598446572078245,0.2859885413361285,0.2859852487363671,0.2859742409843854,0.2859707816527645,0.0,0.0,0.28604319816756313,0.286020941656268,0.28601025722053836,0.2860403586125468,0.28602271436373317,0.2860072179821191,0.28599350509302207,0.28597985787777896,0.2859951914414155,0.2859790486322119
0.2860287250799574,0.2860260140932151,0.28601377823396557,0.28601049289841274,0.28600897269012715,0.28601207880506785,0.2859939772179252,0.28599738796858976,0.2859962516750219,0.2859935294416489,0.2859809088848479,0.28597804822789036,0.2859795236161811,0.2859814601741024,0.28596267772283523,0.28596550865911086,0.28596945278385333,0.28596615356655974,0.2859554782702331,0.28595201211550453,0.0,0.0,0.2860240690651664,0.28600186519247267,0.28599115726991364,0.286021125812368,0.28600370131773306,0.2859880053039,0.28597407032641253,0.2859612635144064,0.2859758589172476,0.2859604016404276
0.2860119024177754,0.2860091866076209,0.2859968773172836,0.2859935861190375,0.2859920665171813,0.2859951781738553,0.28597700782835744,0.2859804246768359,0.28597928668121597,0.2859765595810916,0.2859637952188584,0.28596092941165907,0.2859625048220315,0.28596444484666333,0.28594550009775227,0.285948336139553,0.2859524040442038,0.28594909891716,0.28593804938605494,0.2859345768939461,0.0,0.0,0.28600730704521105,0.2859848465146967,0.2859742299008272,0.28600426076990915,0.28598674558391496,0.2859709657527188,0.2859570017552912,0.2859441557193789,0.28595889369939603,0.2859432380018172
0.28599069060874893,0.28598796871740195,0.28597568374809246,0.28597238519891605,0.28597076185597003,0.28597388049538736,0.28595570602788334,0.28595913053013117,0.2859579170750185,0.28595518384528423,0.28594251241664553,0.285939640205255,0.2859410733799489,0.28594301776964776,0.2859240304564911,0.2859268728787621,0.28593093784573853,0.28592762527852783,0.28591690689442734,0.2859134267154937,0.0,0.0,0.28598615319679715,0.2859634261801,0.285952895141272,0.28598300285886064,0.28596538868892185,0.2859495175873168,0.28593551727490363,0.28592262582427663,0.28593751472257656,0.28592165125242003
0.28597186784810597,0.2859691405611176,0.2859567793655334,0.2859534742601995,0.2859518508360763,0.2859549756729712,0.28593672847709406,0.28594015979719545,0.28593894383916796,0.2859362051678396,0.28592338676022333,0.28592050879443265,0.2859220419567351,0.28592399022221376,0.2859050943860479,0.28590794243517764,0.2859118739331582,0.28590855475920046,0.28589745838180625,0.285893971132778,0.0,0.0,0.28596738854584347,0.28594440209332045,0.285933957304662,0.2859641358944523,0.2859464267604945,0.2859304680287655,0.28591643311497406,0.28590349919665914,0.28591853819353114,0.2859024662826292
0.28595075473111986,0.28594802139265907,0.28593568487092624,0.2859323724507526,0.28593064472601587,0.28593377651170904,0.2859155255464746,0.2859189644830159,0.2859176722877574,0.28591492751639336,0.2859022026942741,0.2858993183555196,0.2859007078217412,0.28590266043143275,0.2858835929649537,0.2858864474024757,0.28589050469784205,0.2858871781190924,0.28587641451269186,0.2858729196145241,0.0,0.0,0.28594633083625587,0.28592308278441964,0.28591271883913166,0.2859429769236771,0.28592516871747115,0.2859091187057148,0.2858950440628491,0.2858820643810779,0.2858972587536254,0.2858809719227548
0.28592992365464953,0.2859271843462937,0.2859148209393159,0.28591150128514886,0.28590972163796396,0.28591286027886414,0.2858945325964801,0.28589797907309483,0.28589668417753655,0.2858939333881691,0.28588118072614216,0.28587829006397614,0.2858796572927456,0.28588161418836605,0.2858625049300859,0.2858653656323908,0.2858694192082325,0.2858660853239288,0.28585529813918936,0.28585179556648316,0.0,0.0,0.2859255523740996,0.2859020498100675,0.28589176215816936,0.2859221009772456,0.28590419465472816,0.2858880545065803,0.28587393792712373,0.28586091267630065,0.2858762635831411,0.28585976005641606
0.28592187537395114,0.2859191337592668,0.2859067599658755,0.28590343751702607,0.2859016090237765,0.2859047503224533,0.2858864071435864,0.2858898565383836,0.2858885240951999,0.2858857709662608,0.28587300748120026,0.2858701143607328,0.28587145712365447,0.28587341568870106,0.28585429015202596,0.2858571532945466,0.2858611975567225,0.2858578608240842,0.28584706444654456,0.28584355888164203,0.0,0.0,0.2859175583329938,0.28589384288235675,0.28588363731389965,0.2859140195788504,0.2858960401057614,0.2858798325185486,0.28586568898403086,0.28585263536127725,0.2858681237978453,0.28585142352497206
0.28590514659180344,0.285902400183642,0.28589000480322796,0.285886676545908,0.28588479918429327,0.2858879459896438,0.28586957070358376,0.28587302614459026,0.28587165564211464,0.28586889767719065,0.28585611182062,0.2858532136187485,0.2858545328949789,0.2858564949052788,0.2858373357744346,0.2858402039529122,0.2858442424475224,0.2858408998413398,0.2858300845074675,0.2858265727723663,0.0,0.0,0.2859008741976341,0.28587696217290354,0.28586693394610735,0.28589725258308185,0.2858792087183607,0.28586303626812537,0.2858487099506459,0.28583561604313173,0.28585125745590517,0.28583434328175306
0.28588723076960004,0.28588447922835086,0.2858720607316822,0.28586872625437204,0.2858668015203869,0.2858699542209206,0.28585154456259976,0.28585500647638934,0.2858535983087558,0.28585083516754156,0.2858380253653746,0.2858351217245266,0.28583641728618864,0.2858383829838885,0.28581918789791416,0.28582206146629546,0.2858260945201556,0.28582274562770843,0.2858119100060828,0.2858083916665591,0.0,0.0,0.28588299662773486,0.28585887972914076,0.2858487613059733,0.28587929971477394,0.2858611696471205,0.2858447783295593,0.2858308709368452,0.2858168405179173,0.28583353322524646,0.28581550578333914
0.28587310690438295,0.28587035131686783,0.28585791459844173,0.2858545752180928,0.2858526062203606,0.28585576357016196,0.2858373268041076,0.28584079382269,0.2858393496389736,0.28583658241364523,0.2858237537184339,0.2858208457862118,0.28582211673970565,0.28582408534797926,0.2858049925012373,0.28580787028523763,0.285811765558509,0.285808411701089,0.2857971996685091,0.2857936759829613,0.0,0.0,0.2858692455207447,0.28584459059433903,0.2858346699324739,0.28586548745210955,0.28584691637672976,0.2858306162428514,0.28581618210993803,0.28580300937485165,0.28581895996765044,0.2858016125848634
0.2858611771816546,0.28585841817672325,0.28584591353798927,0.2858425699984033,0.2858406127661446,0.285843774043758,0.2858253514694153,0.28582882278733057,0.2858273071444041,0.28582453646758776,0.28581156857744205,0.2858086569815283,0.28581002590845533,0.2858119969773698,0.28579274951806777,0.28579563093759286,0.2857996485519679,0.2857962904947946,0.2857850715494524,0.2857815434559046,0.0,0.0,0.28585699679552906,0.2858325648840894,0.28582250279612453,0.28585319196574177,0.28583491787578935,0.28581839393722347,0.2858043704044836,0.2857902671562208,0.285807265216829,0.2857888078349314
0.28585051667648315,0.28584775461792217,0.2858352361696368,0.28583188892981615,0.28582989419214866,0.28583305897982114,0.2858146159812787,0.28581809115314477,0.28581654255704025,0.28581376879520387,0.28580078649675755,0.2857978716592286,0.28579921488611304,0.28580118815506134,0.28578191924390567,0.2857848038792364,0.28578881251103605,0.28578545069709455,0.2857742192504202,0.28577068721223875,0.0,0.0,0.28584669332654666,0.28582178257548274,0.28581188555646236,0.285842855270162,0.28582415508484244,0.28580773646519964,0.2857931704171366,0.2857799319618365,0.2857961834089308,0.2857784093248993
0.2858150005774436,0.2858122283469215,0.2857996638980375,0.28579630433235353,0.2857942126448937,0.28579738911576025,0.28577887813595215,0.2857823661356477,0.2857807537890897,0.2857779697719686,0.2857649395776493,0.2857620139642845,0.2857633349470129,0.28576531551649437,0.28574597542058267,0.2857488707271473,0.2857528807017773,0.2857495064418299,0.2857382335376133,0.28573468842664307,0.0,0.0,0.2858108017886338,0.28578604396760243,0.2857759213235343,0.2858069304214817,0.2857884363101469,0.285771732915974,0.2857575550343802,0.2857433488648587,0.28576069484482314,0.2857417580521348,0.28580930957256806,0.2857754746805382,0.28577013340272406
0.08,0.08,0.08,0.08,0.08,0.08,0.08,0.08,0.08,0.08,0.08,0.08,0.08,0.08,0.08,0.08,0.08,0.08,0.08,0.08,0.0,0.0,0.08,0.08,0.08,0.08,0.08,0.08,0.08,0.08,0.08,0.08,0.08,0.08,0.08
0.08,0.08,0.08,0.08,0.08,0.08,0.08,0.08,0.08,0.08,0.08,0.08,0.08,0.08,0.08,0.08,0.08,0.08,0.08,0.08,0.0,0.0,0.08,0.08,0.08,0.08,0.08,0.08,0.08,0.08,0.08,0.08,0.08,0.08,0.08
0.08,0.08,0.08,0.08,0.08,0.08,0.08,0.08,0.08,0.08,0.08,0.08,0.08,0.08,0.08,0.08,0.08,0.08,0.08,0.08,0.0,0.0,0.08,0.08,0.08,0.08,0.08,0.08,0.08,0.08,0.08,0.08,0.08,0.08,0.08
0.08,0.08,0.08,0.08,0.08,0.08,0.08,0.08,0.08,0.08,0.08,0.08,0.08,0.08,0.08,0.08,0.08,0.08,0.08,0.08,0.0,0.0,0.08,0.08,0.08,0.08,0.08,0.08,0.08,0.08,0.08,0.08,0.08,0.08,0.08
0.08,0.08,0.08,0.08,0.08,0.08,0.08,0.08,0.08,0.08,0.08,0.08,0.08,0.08,0.08,0.08,0.08,0.08,0.08,0.08,0.0,0.0,0.08,0.08,0.08,0.08,0.08,0.08,0.08,0.08,0.08,0.08,0.08,0.08,0.08
0.08,0.08,0.08,0.08,0.08,0.08,0.08,0.08,0.08,0.08,0.08,0.08,0.08,0.08,0.08,0.08,0.08,0.08,0.08,0.08,0.0,0.0,0.08,0.08,0.08,0.08,0.08,0.08,0.08,0.08,0.08,0.08,0.08,0.08,0.08
0.08,0.08,0.08,0.08,0.08,0.08,0.08,0.08,0.08,0.08,0.08,0.08,0.08,0.08,0.08,0.08,0.08,0.08,0.08,0.08,0.0,0.0,0.08,0.08,0.08,0.08,0.08,0.08,0.08,0.08,0.08,0.08,0.08,0.08,0.08
0.08,0.08,0.08,0.08,0.08,0.08,0.08,0.08,0.08,0.08,0.08,0.08,0.08,0.08,0.08,0.08,0.08,0.08,0.08,0.08,0.0,0.0,0.08,0.08,0.08,0.08,0.08,0.08,0.08,0.08,0.08,0.08,0.08,0.08,0.08
0.2858108930167001,0.2858081196098932,0.2857955498415475,0.2857921888505014,0.2857900615254213,0.2857932393553273,0.28577472046769203,0.2857782099595756,0.28577656568210685,0.2857737804650239,0.28576074466649765,0.28575781779226256,0.2857591115545202,0.2857610929832387,0.2857417445092807,0.28574464107179653,0.2857486390512338,0.2857452633175978,0.2857339855248684,0.2857304388680929,0.0,0.0,0.28580704242880944,0.2857818509689885,0.2857718747115598,0.2858031573985223,0.2857842514201908,0.2857676690438008,0.285752943823866,0.28573961539879345,0.2857562023447028,0.2857379603914851,0.2858061475189027,0.2857714988939727,0.285766679914437
0.2857997353970418,0.28579695879516315,0.28578437457793765,0.2857810097152692,0.28577884785262736,0.2857820293536239,0.28576348910511157,0.28576698262775035,0.28576530710838627,0.2857625186656825,0.28574946780252397,0.28574653753893986,0.2857478061553366,0.2857497898839999,0.28573041898432283,0.28573331890868064,0.2857373083095479,0.2857339286489744,0.2857226377884064,0.2857190870085112,0.0,0.0,0.2857955387994249,0.2857706412619327,0.2857604729743163,0.2857916423242468,0.285773048540308,0.28575625330990967,0.2857419199554801,0.2857276558275825,0.2857452946098594,0.2857259369930335,0.2857940790440324,0.28576002458878696,0.28575469948412346
0.2857891500895116,0.28578637045664185,0.28577377253261366,0.28577040399714765,0.28576820869505837,0.2857713936788378,0.28575283316521116,0.28575633051184796,0.28575462450001876,0.28575183299690926,0.28573876784078567,0.285735834361454,0.2857370780727603,0.28573906398377946,0.2857198035724778,0.28572270664768507,0.2857265556020039,0.2857231722144755,0.28571222538953395,0.28570867082613577,0.0,0.0,0.2857852943022401,0.2857599865490854,0.2857497853511094,0.2857813896348838,0.28576239889541233,0.2857455555697957,0.28573080213161645,0.2857174083455447,0.28573429134079187,0.2857156257214687,0.2857844396320009,0.28574933628955856,0.2857440217046713
0.2857790452886729,0.2857762627625767,0.2857637047331764,0.2857603327102008,0.2857580525325474,0.28576124084079496,0.28574262357328406,0.285746124583517,0.2857444267942184,0.2857416323697999,0.28572867785500017,0.285725741343428,0.28572683685472566,0.28572882484893014,0.2857094123580968,0.28571231851741596,0.2857162907504158,0.2857129038044596,0.2857019455182748,0.28569838721932606,0.0,0.0,0.2857748400572341,0.2857498171578367,0.2857397216862752,0.28577092878342175,0.28575223343628947,0.28573548427722745,0.2857208468900532,0.2857070844605947,0.2857244453157786,0.28570523930020286,0.285773650512289,0.2857387140497738,0.2857345398560753
0.28573859009114366,0.2857357959835661,0.28572313260263393,0.28571974652747995,0.2857174256973537,0.2857206273021954,0.28570197007724335,0.2857054856733292,0.28570368971947185,0.28570088362697227,0.28568775033516,0.28568480152591336,0.28568600278987855,0.285687999088966,0.28566863807875104,0.28567155633804653,0.28567540086461646,0.2856719997600907,0.28566063034191297,0.2856570570398681,0.0,0.0,0.2857343361314481,0.2857091234705802,0.2856987954680607,0.2857304071790345,0.28571155066864623,0.2856945383883514,0.2856799457981493,0.2856661094268181,0.2856836603383429,0.28566419781044006,0.2857331268447009,0.285698324806372,0.28569299994958625,0.2857325340141647,0.28569877862457416,0.2856924284308671
0.28572543551253893,0.28572263763967554,0.28571001050230693,0.28570661988302753,0.28570420353611964,0.2857074094677014,0.28568872706741677,0.2856922474141364,0.2856904186641545,0.28568760877111077,0.28567458270267715,0.2856716299375258,0.2856726858752616,0.28567468488232667,0.2856551650117822,0.28565808726863806,0.2856620583084901,0.2856586525774249,0.28564763373810126,0.28564405571288065,0.0,0.0,0.2857215145040266,0.28569585721299057,0.2856856503671058,0.28571757961434974,0.28569828818262966,0.2856813864681465,0.28566672704856555,0.28565213944829876,0.28567053721649444,0.28565016801356474,0.285720713051141,0.2856847581450447,0.28568047074072317,0.28572006088343727,0.2856852588373914,0.2856798324273201
0.28571954034247676,0.285716740782311,0.2857040527442921,0.2857006600619836,0.28569825962949835,0.2857014675060181,0.28568273614946327,0.2856862586451685,0.28568443919252995,0.2856816275871916,0.28566846854958367,0.28566551394768364,0.2856666768957571,0.28566867712467076,0.2856492780580886,0.28565220206154857,0.2856560330098598,0.28565262518399553,0.28564123343791864,0.28563765308376954,0.0,0.0,0.28571526188961455,0.2856899222457911,0.2856795191031264,0.2857113240706102,0.2856923549535009,0.28567525191848286,0.2856605400200659,0.2856466415650323,0.28566442831839234,0.285644617815673,0.28571414382912097,0.28567897836906764,0.2856737404255186,0.28571343479137107,0.28567952634276556,0.2856730345336667
0.2857098709287158,0.2857070686011193,0.2856944214039641,0.28569102538670643,0.28568853811227096,0.2856917491696744,0.2856730369446956,0.28567656291941484,0.2856746811719294,0.2856718667723933,0.28565881985846947,0.2856558623581479,0.28565688652296006,0.2856588887425266,0.2856393375491494,0.2856422645017264,0.285646224126353,0.2856428128962865,0.28563177639734505,0.28562819260469063,0.0,0.0,0.2857059275339271,0.2856801606092023,0.28566988896652784,0.28570198572774164,0.2856825958765083,0.28566561726549144,0.2856508640829096,0.28563622115063775,0.2856548145983221,0.2856341525141365,0.28570521776529645,0.28566892063507526,0.2856647683464454,0.2857044507957773,0.2856695145009564,0.2856639971179411
0.28568126277842154,0.2856784522639665,0.2856657146903089,0.2856623087341874,0.2856598152548563,0.2856630357093202,0.28564423102056724,0.28564776732652636,0.2856458736304321,0.28564305098283105,0.2856298403768059,0.28562687417217786,0.2856279908182329,0.28562999891242263,0.2856105236792881,0.2856134591792907,0.2856172913462547,0.2856138700948768,0.28560243367682064,0.2855988392285089,0.0,0.0,0.2856769204069503,0.28565142800500737,0.28564091798543617,0.28567296679806753,0.28565387047468904,0.2856366335087116,0.28562176448165016,0.28560781017924725,0.28562576834857045,0.28560570273929947,0.2856758930597862,0.28564031837237774,0.285635184296823,0.285675065089196,0.2856409605188267,0.2856343442365422,0.2856675788527047,0.28562168371258073
0.2856462944067231,0.28564347388717176,0.2856307447725697,0.2856273267114125,0.2856246574107404,0.285627889365384,0.2856090555508585,0.2856126044701082,0.2856105916627831,0.28560775891529844,0.28559462713149547,0.2855916503521894,0.28559260907170736,0.28559462435779376,0.2855749457634953,0.28557789181541876,0.28558184029916417,0.28557840677371327,0.28556729842569273,0.28556369122195585,0.0,0.0,0.28564227518092483,0.2856161776465598,0.2856057212639832,0.2856383075581178,0.2856186288991087,0.28560142139039,0.28558649264640157,0.28557170714586205,0.28559053844018983,0.28556956896321706,0.285641658554521,0.2856047382141474,0.28560063720143486,0.2856407672491139,0.28560543046185366,0.28559972586275556,0.2856332030193462,0.2855875386010024,0.2856126882557759,0.2855970467555514,0.2855581460887907
0.2856328497928879,0.2856300254271356,0.28561722521866395,0.2856138024783071,0.2856111523511872,0.2856143887227197,0.28559549123514716,0.2855990450176162,0.2855970477327931,0.28559421110875677,0.2855809352326634,0.2855779543422203,0.2855790321506621,0.2855810501960724,0.2855614785975455,0.2855644286430666,0.28556824415488863,0.2855648059169037,0.2855533129536892,0.28554970066992574,0.0,0.0,0.2856284636402589,0.28560267302394254,0.28559201747359664,0.2856244904180272,0.28560512765043367,0.28558771158313756,0.28557275367446333,0.28555866182655554,0.2855768223137457,0.28555650585374287,0.28562753124506884,0.28559137883570773,0.28558632746132095,0.2856265770297627,0.28559212110640886,0.2855853445103394,0.2856190694262584,0.2855726705271,0.2855991977989138,0.28558367866695034,0.2855456837653495
0.28561974813880847,0.2856169200252615,0.28560415671596023,0.2856007294528708,0.28559799236068834,0.28560123303591395,0.28558234848181374,0.28558590697598674,0.285583850843485,0.2855810104425265,0.28556784325767004,0.2855648584365355,0.28556580454460156,0.28556782527812863,0.28554809357101124,0.2855510475854566,0.28555499862196304,0.28555155579549707,0.28554041751112313,0.2855368005446974,0.0,0.0,0.2856156954061975,0.28558946675418523,0.28557894449955856,0.2856117170231457,0.28559192466904043,0.2855746328941378,0.2855596568618294,0.28554539557399605,0.2855637411568619,0.2855432275534258,0.28561517877021314,0.2855778639375728,0.28557392055197695,0.2856141607948535,0.2855786571094322,0.285572864901837,0.2856065921615241,0.2855606980087219,0.2855859595619443,0.2855702470424672,0.2855324396608559
0.28559622842655835,0.2855933935858077,0.2855805999851789,0.285577164570487,0.2855743923237005,0.2855776407159746,0.2855586731466291,0.28556224012753456,0.28556020000730076,0.2855573528382592,0.28554402771779286,0.28554103574713885,0.2855421050786172,0.28554413062782885,0.28552448636507577,0.2855274473787567,0.2855312705161841,0.2855278194787139,0.28551628389889994,0.28551265817508,0.0,0.0,0.285592124344848,0.2855658348197418,0.28555527037901207,0.2855881364672024,0.2855682985995581,0.2855509484720393,0.28553593825361223,0.28552163904529293,0.2855400383501551,0.2855194604343738,0.285591893227921,0.28555413642717875,0.2855502539439167,0.28559080930735825,0.2855549822247815,0.2855491230681014,0.28558296577541137,0.2855366893892182,0.28556231498535795,0.28554655239431787,0.2855086012714069,0.28558256852281977
0.2855552977345064,0.28555245118882566,0.2855395506866931,0.2855361010699627,0.2855332528994285,0.28553651474143227,0.285517507032863,0.2855210887674677,0.2855189250874103,0.2855160661091299,0.2855026858413377,0.2854996814620834,0.2855007202191684,0.2855027541760814,0.28548302849698426,0.28548600180002814,0.285489838117471,0.28548637274907873,0.28547478941630167,0.2854711486402663,0.0,0.0,0.28555080585382847,0.2855246414430443,0.2855137899162247,0.2855468013505833,0.28552711543396314,0.2855094499888338,0.2854943481944757,0.2854807115972973,0.2854984688721584,0.2854785208612496,0.2855497939831068,0.28551305270534866,0.28550820868502264,0.285548639197714,0.28551395435973004,0.28550699889997394,0.28554129063904043,0.285494202476772,0.28552109557102606,0.2855053555683198,0.2854681511900689,0.2855408292482489,0.28552155223398235,0.2855049248188353,0.2854946912996866
0.28553083289928166,0.2855279793587588,0.2855151015582585,0.2855116434843777,0.28550865448790863,0.28551192437031636,0.2854928315139164,0.28549642209036247,0.28549423003302893,0.2854913639905845,0.28547807820429155,0.2854750664405955,0.28547593711129804,0.2854779761021325,0.28545820167731634,0.28546118233833345,0.28546499422174854,0.2854615202597124,0.28545028158886576,0.28544663192286146,0.0,0.0,0.28552666558455847,0.28549997981350045,0.2854892071004048,0.28552265136870825,0.2855024599181172,0.2854848564919484,0.28546968591762456,0.2854546773208542,0.2854738187320138,0.28545247907155463,0.2855263057345328,0.2854880611642703,0.2854842364550145,0.28552508054337955,0.2854890190611745,0.28548294634575194,0.28551742634592736,0.2854706565236696,0.2854963902934559,0.28548039638630407,0.2854409167652317,0.2855169020279363,0.28549691812562766,0.28547989945203656,0.28547122198196584,0.2854406473217059
0.2855062167583964,0.28550335618079264,0.2854903922305811,0.28548692561078676,0.2854839285149036,0.28548720647823317,0.28546806651084905,0.28547166595990275,0.2854694315295793,0.285466558394417,0.28545311201744544,0.28545009276281047,0.28545107488435817,0.2854531189244437,0.2854331599818682,0.2854361480634473,0.28544009564372386,0.28543661307333146,0.28542497242800907,0.2854213135848443,0.0,0.0,0.2855016656916976,0.2854752377298495,0.2854642338815908,0.28549764142144163,0.2854777239652964,0.2854598724289405,0.2854446517257576,0.28543087907840914,0.2854487959391532,0.2854286746135635,0.28550099096877934,0.28546344521827327,0.2854586667419421,0.28549969365585265,0.28546446044402846,0.28545729462319563,0.28549208251224373,0.2854444588911388,0.28547165101807453,0.28545574852265826,0.285418291883049,0.28549149223102516,0.2854722493346845,0.2854551859797344,0.2854451013724259,0.2854179756699419
0.08,0.08,0.08,0.08,0.08,0.08,0.08,0.08,0.08,0.08,0.08,0.08,0.08,0.08,0.08,0.08,0.08,0.08,0.08,0.08,0.0,0.0,0.08,0.08,0.08,0.08,0.08,0.08,0.08,0.08,0.08,0.08,0.08,0.08,0.08,0.08,0.08,0.08,0.08,0.08,0.08,0.08,0.08,0.08,0.08,0.08,0.08,0.08
0.08,0.08,0.08,0.08,0.08,0.08,0.08,0.08,0.08,0.08,0.08,0.08,0.08,0.08,0.08,0.08,0.08,0.08,0.08,0.08,0.0,0.0,0.08,0.08,0.08,0.08,0.08,0.08,0.08,0.08,0.08,0.08,0.08,0.08,0.08,0.08,0.08,0.08,0.08,0.08,0.08,0.08,0.08,0.08,0.08,0.08,0.08,0.08
0.08,0.08,0.08,0.08,0.08,0.08,0.08,0.08,0.08,0.08,0.08,0.08,0.08,0.08,0.08,0.08,0.08,0.08,0.08,0.08,0.0,0.0,0.08,0.08,0.08,0.08,0.08,0.08,0.08,0.08,0.08,0.08,0.08,0.08,0.08,0.08,0.08,0.08,0.08,0.08,0.08,0.08,0.08,0.08,0.08,0.08,0.08,0.08
0.08,0.08,0.08,0.08,0.08,0.08,0.08,0.08,0.08,0.08,0.08,0.08,0.08,0.08,0.08,0.08,0.08,0.08,0.08,0.08,0.0,0.0,0.08,0.08,0.08,0.08,0.08,0.08,0.08,0.08,0.08,0.08,0.08,0.08,0.08,0.08,0.08,0.08,0.08,0.08,0.08,0.08,0.08,0.08,0.08,0.08,0.08,0.08
0.08,0.08,0.08,0.08,0.08,0.08,0.08,0.08,0.08,0.08,0.08,0.08,0.08,0.08,0.08,0.08,0.08,0.08,0.08,0.08,0.0,0.0,0.08,0.08,0.08,0.08,0.08,0.08,0.08,0.08,0.08,0.08,0.08,0.08,0.08,0.08,0.08,0.08,0.08,0.08,0.08,0.08,0.08,0.08,0.08,0.08,0.08,0.08
0.08,0.08,0.08,0.08,0.08,0.08,0.08,0.08,0.08,0.08,0.08,0.08,0.08,0.08,0.08,0.08,0.08,0.08,0.08,0.08,0.0,0.0,0.08,0.08,0.08,0.08,0.08,0.08,0.08,0.08,0.08,0.08,0.08,0.08,0.08,0.08,0.08,0.08,0.08,0.08,0.08,0.08,0.08,0.08,0.08,0.08,0.08,0.08
0.08,0.08,0.08,0.08,0.08,0.08,0.08,0.08,0.08,0.08,0.08,0.08,0.08,0.08,0.08,0.08,0.08,0.08,0.08,0.08,0.0,0.0,0.08,0.08,0.08,0.08,0.08,0.08,0.08,0.08,0.08,0.08,0.08,0.08,0.08,0.08,0.08,0.08,0.08,0.08,0.08,0.08,0.08,0.08,0.08,0.08,0.08,0.08
0.08,0.08,0.08,0.08,0.08,0.08,0.08,0.08,0.08,0.08,0.08,0.08,0.08,0.08,0.08,0.08,0.08,0.08,0.08,0.08,0.0,0.0,0.08,0.08,0.08,0.08,0.08,0.08,0.08,0.08,0.08,0.08,0.08,0.08,0.08,0.08,0.08,0.08,0.08,0.08,0.08,0.08,0.08,0.08,0.08,0.08,0.08,0.08
0.28549102382213937,0.28548815890180324,0.2854752298623439,0.28547175799914676,0.28546864555986246,0.2854719285173622,0.2854527979550914,0.28545640287379315,0.2854540895196907,0.28545121199702195,0.28543787311187746,0.28543484928545515,0.28543568717171536,0.2854377343365066,0.285417880760331,0.28542087336903416,0.2854246823281398,0.2854211944309407,0.28540991081216577,0.2854062465089309,0.0,0.0,0.28548680157013157,0.2854598983902332,0.2854490084711751,0.28548277132190597,0.28546238842639593,0.28544464040844547,0.28542939219754077,0.2854143050541066,0.28543354327829606,0.28541209641852466,0.2854865542861842,0.2854477817874817,0.2854441194676699,0.285485183698507,0.28544885531899683,0.2854426646419022,0.2854775032766449,0.28543032030417065,0.28545627013976765,0.28544015284201424,0.2854004376631776,0.28547684586664746,0.2854569427326899,0.28543952145478535,0.28543103599357184,0.2854000773327483
0.28546659483916986,0.28546372293689953,0.2854507077810068,0.28544722743865814,0.28544410746875576,0.28544739844387723,0.2854281826197775,0.285431796355377,0.2854294799900595,0.28542659543039406,0.28541309570480516,0.2854100644458547,0.28541101556809156,0.28541306774222774,0.28539302949567213,0.28539602946675063,0.2853999752768796,0.285396478842666,0.2853847919773871,0.2853811185700222,0.0,0.0,0.28546198740097617,0.2854353439367287,0.2854242232696038,0.285457947178898,0.2854378400535793,0.2854198444522026,0.28540454898482576,0.28539070408866896,0.28540871060534084,0.2853884899976044,0.2854614243540651,0.2854233531252604,0.2854187171800884,0.28545998069797707,0.28542448494279155,0.28541717934869937,0.2854523438408741,0.2854043098530854,0.2854317178545523,0.28541569424111735,0.28537801612391084,0.2854516212775362,0.28543246286614193,0.2854149954319359,0.28540509776300355,0.2853776128787648
0.2854248549597043,0.28542197113029155,0.28540895695248464,0.2854054621765275,0.2854021530437813,0.2854054577244713,0.2853862007753357,0.2853898295453299,0.28538736266215525,0.2853844660615884,0.2853710389385356,0.28536799506623195,0.28536873843070376,0.28537079918712566,0.28535081400040735,0.2853538264756623,0.28535761063038384,0.2853540995608462,0.28534274117675323,0.28533905253143144,0.0,0.0,0.2854205663550772,0.28539330955610626,0.28538220930654823,0.28541650948780517,0.2853958160798236,0.28537781226351094,0.2853623511815421,0.2853471139745142,0.2853665303477727,0.2853448901845638,0.2854204326727462,0.285380959408339,0.28537737181327993,0.28541891046488355,0.2853821538688661,0.2853757454201959,0.28541118390261455,0.28536323922206147,0.28538963173916,0.28537328480879626,0.28533310287426844,0.285410392532828,0.2853904528964299,0.285372515155061,0.2853641029474902,0.28533265459564716,0.28535708787478326,0.28534166901934066
0.28540015640251953,0.2853972655169005,0.2853841645277597,0.28538066118254596,0.2853773361354753,0.28538064892168835,0.2853613059443504,0.2853649436278286,0.28536246634574924,0.28535956262900186,0.28534597344825163,0.28534292205998857,0.2853437730110567,0.285345838834464,0.2853256675146281,0.2853286874367525,0.28533260619529377,0.28532908648943056,0.285317322038951,0.2853136241843352,0.0,0.0,0.2853954789747253,0.2853684751101487,0.2853571351469533,0.2853914120273597,0.28537098778158626,0.2853527272281073,0.28533720977756727,0.28532321975268204,0.28534139939102326,0.2853209906437133,0.285395030580867,0.285356247003479,0.28535167842003395,0.2853934306062215,0.2853575032894379,0.2853499642248137,0.28538574801336947,0.28533692125308546,0.2853647985359934,0.28534853889564976,0.28531039400226926,0.28538488818910185,0.2853656953948214,0.285347698771723,0.2853378611044905,0.2853099008979584,0.2853316000185777,0.28531943761733947
0.2853751619893518,0.2853722639640536,0.2853591858707128,0.2853556738931464,0.2853522217980283,0.2853555427856952,0.28533619096320567,0.2853398376376607,0.285337271590287,0.28533436067312457,0.28532086733548323,0.2853178084201997,0.2853185083694937,0.2853205793198544,0.28530049542481045,0.28530352280027554,0.28530730209723026,0.2853037736528442,0.28529235921062296,0.28528865231338435,0.0,0.0,0.28537081210450893,0.2853432946204493,0.2853320525504059,0.28536673524761946,0.28534581352421295,0.28532763375393627,0.2853120657199026,0.28529672976835097,0.2853162657340854,0.2852944948165734,0.2853707979055542,0.2853307226941201,0.2853272783095293,0.28536911890269334,0.2853320420673385,0.28532547495292204,0.2853613592214596,0.28531290931226094,0.2853395715568483,0.2853230730159037,0.28528259480870605,0.28536043020932067,0.2853405450341842,0.2853221615002197,0.2853139259021648,0.2852820562605222,0.2853066947082173,0.2852913322614535
0.2853513636121056,0.28534845878976167,0.28533529478727393,0.2853317745544072,0.2853283052603721,0.28533163405719797,0.2853121977435817,0.28531585300617973,0.2853132758023574,0.2853103580284348,0.2852967032084565,0.28529363704962796,0.2852944446607164,0.2852965204936096,0.2852763893213223,0.28527942383344973,0.28528320012727426,0.28527966336072974,0.28526822206844626,0.28526450642895956,0.0,0.0,0.28534662290632806,0.2853193607730553,0.2853078779949253,0.2853425363333229,0.28532188559971233,0.28530344871622926,0.28528782565714794,0.2852737443098107,0.2852920356730321,0.28527150430555936,0.28534629420712104,0.28530690974561723,0.2853024832153906,0.2853445347421495,0.28530829314843453,0.28530058904293365,0.2853368202056768,0.2852874860694136,0.2853156386840061,0.2852992288366624,0.285260682678911,0.2853358212630895,0.2853166895927126,0.2852982451680781,0.285288580367965,0.2852600986359532,0.2852821069048847,0.28527001811365044
0.2853040575692119,0.2853011392386564,0.28528796972539366,0.285284433143328,0.285280763780192,0.2852841080968353,0.2852646205497595,0.285268292838542,0.28526555632492007,0.2852626249181303,0.28524903681797126,0.285245956373502,0.28524654965318375,0.2852486352019118,0.285228271575078,0.2852313203295132,0.28523520875506797,0.2852316554211513,0.2852201606779642,0.2852164276348213,0.0,0.0,0.2852996359779952,0.28527173269286676,0.2852602591811336,0.285295530537347,0.28527426930242045,0.2852558092609111,0.2852400054312746,0.28522450583819725,0.2852442351271013,0.2852222550614542,0.2852999871597386,0.2852589054287737,0.2852555410333494,0.28529814202579973,0.2852603573032782,0.2852535502995825,0.28529009144663103,0.2852408040817857,0.2852679550246861,0.285251204744746,0.2852101775858529,0.28528901966637027,0.28526908684314883,0.28525014561271655,0.2852419803322146,0.2852095459230778,0.2852344825736612,0.2852191124902122,0.2852351308349273,0.2852184334792635
0.28527078909554304,0.2852678612674674,0.2852545932500911,0.2852510451403512,0.2852473404528413,0.2852506956778399,0.2852311053002349,0.2852347895800472,0.28523202507671136,0.2852290840927676,0.2852153208978618,0.2852122303511566,0.2852129188452615,0.28521501121458076,0.2851947199236312,0.28519777860656725,0.2852015221291152,0.28519795716886986,0.2851860418524146,0.2851822964574169,0.0,0.0,0.28526596895774053,0.28523828325278183,0.28522654244284157,0.28526185000068605,0.28524082813586177,0.28522207791009535,0.28520618396829933,0.28519192791370823,0.28521042757974185,0.28518967001130313,0.2852657630150337,0.28522556348464745,0.285221195605518,0.28526383278092676,0.2852270830256531,0.28521910895677294,0.2852560624203726,0.2852057891893411,0.2852345025390984,0.2852178124035999,0.28517870392475797,0.2852549169868925,0.28523571466911707,0.28521667833825476,0.2852070484075453,0.2851780239665505,0.2852002775752367,0.28518822994808907,0.285200992211293,0.28518748174756675
0.2852422524226866,0.2852393164494246,0.2852260675061127,0.28522250954587086,0.28521865802130064,0.2852220226056451,0.2852024171464109,0.28520611168832777,0.28520324068980424,0.2852002914860222,0.2851866210788814,0.28518352193450053,0.285184043248111,0.2851861414725409,0.2851657934887288,0.28516886072989744,0.28517259574601606,0.28516902080418904,0.2851574563499822,0.28515370060825757,0.0,0.0,0.28523776129541983,0.2852095296515492,0.2851978686331841,0.28523363101548743,0.285212081645607,0.28519339167537616,0.2851774212164861,0.2851617897595789,0.28518167665671185,0.2851595252701754,0.28523799867047744,0.28519645127937415,0.2851932141122033,0.28523598260955874,0.2851980393906561,0.28519103052145184,0.28522813198880825,0.2851781708316603,0.2852056991649607,0.28518874664774413,0.28514735156634347,0.28522691239872017,0.2852069932971602,0.28518753599317487,0.28517951356251603,0.28514662255579143,0.28517172586654255,0.2851564703557056,0.2851725074257852,0.2851556518800251
0.2852149564698671,0.28521201270684865,0.285198672645614,0.28519510522695873,0.2851912168296665,0.2851945903668365,0.28517489323996603,0.2851785976258776,0.2851756974633791,0.28517274039550755,0.28515890210184147,0.28515579465500945,0.28515640958401545,0.28515851341078846,0.2851379715916546,0.2851410470628774,0.2851449118928355,0.28514132739941617,0.2851293469695111,0.28512558105511,0.0,0.0,0.2852100665362254,0.2851820667666864,0.28517014120420414,0.28520592514113013,0.28518462555141993,0.28516565223340806,0.2851495989299407,0.28513522626294685,0.2851538658079404,0.28513295597037897,0.2852099886204098,0.28516910079837077,0.2851648586365302,0.28520788533292873,0.2851707582199723,0.2851625764219188,0.285200078279112,0.2851491468781509,0.2851782345457346,0.28516135029574957,0.2851219882675532,0.285198783372186,0.28517961179813656,0.2851600620201202,0.2851505748720625,0.2851212097721615,0.2851435155114928,0.285131619245918,0.2851443685291174,0.28513072616675594
0.28518249819660935,0.28517954517224864,0.2851662194644402,0.28516264084291615,0.2851586001311931,0.2851619843078252,0.2851422648679035,0.28514598092135074,0.28514296999749633,0.2851400035870149,0.2851262536049531,0.28512313638092407,0.28512358141616584,0.28512569189719966,0.28510522523878773,0.28510831039503537,0.2851120274839862,0.28510843164669486,0.2850967997858168,0.28509302209470916,0.0,0.0,0.2851779367746008,0.28514937451733985,0.2851375222893649,0.285173782486932,0.28515194138414873,0.2851330191892325,0.2851168808020918,0.28510111848049724,0.28512116112540076,0.28509884074067166,0.28517830624816287,0.2851360402176632,0.28513293508919735,0.2851761134936113,0.28513776905029564,0.28513055178325264,0.2851682229923313,0.28511757842756963,0.28514549005003853,0.28512833345940175,0.2850865330706371,0.2851668510869085,0.2851469524653048,0.28512696559354145,0.2851190935576457,0.28508570350751034,0.285111000852276,0.28509588430242155,0.2851119273717083,0.28509491388521524
0.285149605696578,0.2851466432888001,0.28513321893454574,0.2851296289234251,0.28512554669241147,0.2851289416488645,0.28510911966238084,0.28511284756585925,0.285109804014869,0.28510682813845206,0.28509290202659937,0.2850897748167845,0.2850903131960826,0.2850924304192506,0.2850717580019094,0.2850748530544394,0.2850787021714538,0.2850750948404356,0.2850630382862974,0.2850592483813916,0.0,0.0,0.2851446399917033,0.2851162937974738,0.28510416745151534,0.2851404723458779,0.2851188688407861,0.2850996499061564,0.28508341868530535,0.28506891439644894,0.28508771275589306,0.28506662962709284,0.28514469397161835,0.28510306262722945,0.2850989468991389,0.28514240983433486,0.2851048640675682,0.28509646030260194,0.28513455921958497,0.28508290611777987,0.28511240475015653,0.28509530649221493,0.285055527882784,0.2851331091836914,0.28511395378759063,0.28509385769900375,0.2850845104292232,0.28505464672979886,0.2850771417473149,0.2850654031769987,0.28507814353482086,0.2850643541632328
0.2851165545259282,0.2851135826913153,0.28510017230160184,0.28509657088721146,0.2850923327137463,0.28509573850024666,0.28507589334448896,0.2850796331246573,0.2850764761442843,0.2850734907576057,0.285059653019703,0.28505651585678343,0.28505688206248364,0.28505900605945955,0.28503840853534157,0.28504151344737233,0.28504521341185457,0.285041594533022,0.2850298883449847,0.28502608644985145,0.0,0.0,0.2851119187160149,0.28508300278343557,0.28507094797818133,0.285107737945497,0.2850855860536089,0.2850664160490804,0.285050097435072,0.2850341934580331,0.28505440519181413,0.28503190111189614,0.28511242451772445,0.2850693973532031,0.28506642813230515,0.2851100478043696,0.28507127271828464,0.28506383688385534,0.2851021131889012,0.28505074061900654,0.28507906017671836,0.285061685714927,0.28501944899868353,0.2851005843773472,0.2850806973227812,0.285060154744896,0.2850524353528466,0.28501851492973185,0.2850440217483355,0.2850290468594604,0.28504510033726405,0.28502791696311885
0.2850852444231749,0.2850822636600253,0.28506875632341083,0.2850651440705156,0.2850608623881035,0.28506427843412413,0.2850443335124304,0.28504808457142977,0.2850448934594343,0.2850418990622347,0.2850278864781601,0.2850247398077545,0.2850251986114779,0.28502732902690187,0.28500652800389803,0.28500964233931964,0.2850134738890373,0.28500984406767355,0.28499771254942574,0.2849938990186495,0.0,0.0,0.2850802020744333,0.285051505999938,0.28503917563492104,0.2850760085845694,0.2850540970521132,0.2850346299513085,0.2850182194162066,0.28500358342771126,0.28502254026356605,0.28500128440325984,0.28508039199404994,0.28503800356529163,0.2850340203106415,0.28507792115969177,0.2850399536541769,0.2850313227718529,0.2850700283559884,0.2850176434337161,0.28504755871236326,0.28503024439781255,0.28499004647255094,0.2850684199763564,0.285049284606871,0.2850286307082531,0.2850194303798947,0.2849890591682321,0.2850117420799535,0.28500017357965046,0.28501289894931114,0.2849989619523716
0.28505229555856415,0.2850493054013541,0.2850358125274687,0.2850321889111457,0.2850277480456998,0.28503117488512925,0.2850112072559494,0.28501497015131305,0.28501166316905663,0.28500865929310076,0.28499473605353176,0.2849915794633694,0.2849918637432159,0.284994000910327,0.2849732758711678,0.28497640003350133,0.2849800807574135,0.2849764394256721,0.2849646608118478,0.2849608353309818,0.0,0.0,0.28504758471521174,0.2850183138518385,0.28500605401664547,0.28504337814729336,0.2850209131032802,0.2850014939972193,0.28498499468477456,0.2849689501318217,0.28498932917287567,0.2849666435530601,0.28504823103779164,0.2850044318746311,0.2850016050241033,0.28504566433953726,0.2850064584401227,0.28499879923263693,0.2850376876274697,0.28498558031096305,0.2850143121304329,0.28499671878943067,0.28495404574285366,0.28503599882305297,0.2850161280252093,0.28499502114705133,0.28498746096404975,0.2849530036523742,0.2849787168604654,0.2849638970022111,0.2849799536469251,0.284962601155416
0.28501524240457776,0.2850122416853351,0.28499870126463606,0.28499506485005655,0.2849905185178957,0.28499395748951173,0.2849739192835676,0.2849776954995271,0.28497431044619886,0.2849712959178271,0.2849573234183874,0.2849541556354219,0.28495439808650286,0.28495654284035754,0.2849357443464226,0.2849388795980062,0.2849425519174428,0.28493889765258684,0.28492707732143313,0.28492323825490395,0.0,0.0,0.28501011928356185,0.28498102722528046,0.2849686576251128,0.2850058976970649,0.2849836356853842,0.28496408142325697,0.2849474830799132,0.2849313602231681,0.2849518329651311,0.28492904544716074,0.28501044981244994,0.2849669973150951,0.2849642431588858,0.2850077841177191,0.2849691024808987,0.2849613257839026,0.28499984575000026,0.2849480390948829,0.2849769934851172,0.2849592811455587,0.28491636765460765,0.28499807471507105,0.2849789010821475,0.2849574979941175,0.2849500159677073,0.28491526969388437,0.2849410987527378,0.2849263530646891,0.28494241731235703,0.2849249714540014
0.08,0.08,0.08,0.08,0.08,0.08,0.08,0.08,0.08,0.08,0.08,0.08,0.08,0.08,0.08,0.08,0.08,0.08,0.08,0.08,0.0,0.0,0.08,0.08,0.08,0.08,0.08,0.08,0.08,0.08,0.08,0.08,0.08,0.08,0.08,0.08,0.08,0.08,0.08,0.08,0.08,0.08,0.08,0.08,0.08,0.08,0.08,0.08,0.08,0.08,0.08,0.08
0.08,0.08,0.08,0.08,0.08,0.08,0.08,0.08,0.08,0.08,0.08,0.08,0.08,0.08,0.08,0.08,0.08,0.08,0.08,0.08,0.0,0.0,0.08,0.08,0.08,0.08,0.08,0.08,0.08,0.08,0.08,0.08,0.08,0.08,0.08,0.08,0.08,0.08,0.08,0.08,0.08,0.08,0.08,0.08,0.08,0.08,0.08,0.08,0.08,0.08,0.08,0.08
0.08,0.08,0.08,0.08,0.08,0.08,0.08,0.08,0.08,0.08,0.08,0.08,0.08,0.08,0.08,0.08,0.08,0.08,0.08,0.08,0.0,0.0,0.08,0.08,0.08,0.08,0.08,0.08,0.08,0.08,0.08,0.08,0.08,0.08,0.08,0.08,0.08,0.08,0.08,0.08,0.08,0.08,0.08,0.08,0.08,0.08,0.08,0.08,0.08,0.08,0.08,0.08
0.08,0.08,0.08,0.08,0.08,0.08,0.08,0.08,0.08,0.08,0.08,0.08,0.08,0.08,0.08,0.08,0.08,0.08,0.08,0.08,0.0,0.0,0.08,0.08,0.08,0.08,0.08,0.08,0.08,0.08,0.08,0.08,0.08,0.08,0.08,0.08,0.08,0.08,0.08,0.08,0.08,0.08,0.08,0.08,0.08,0.08,0.08,0.08,0.08,0.08,0.08,0.08
0.08,0.08,0.08,0.08,0.08,0.08,0.08,0.08,0.08,0.08,0.08,0.08,0.08,0.08,0.08,0.08,0.08,0.08,0.08,0.08,0.0,0.0,0.08,0.08,0.08,0.08,0.08,0.08,0.08,0.08,0.08,0.08,0.08,0.08,0.08,0.08,0.08,0.08,0.08,0.08,0.08,0.08,0.08,0.08,0.08,0.08,0.08,0.08,0.08,0.08,0.08,0.08
0.08,0.08,0.08,0.08,0.08,0.08,0.08,0.08,0.08,0.08,0.08,0.08,0.08,0.08,0.08,0.08,0.08,0.08,0.08,0.08,0.0,0.0,0.08,0.08,0.08,0.08,0.08,0.08,0.08,0.08,0.08,0.08,0.08,0.08,0.08,0.08,0.08,0.08,0.08,0.08,0.08,0.08,0.08,0.08,0.08,0.08,0.08,0.08,0.08,0.08,0.08,0.08
0.08,0.08,0.08,0.08,0.08,0.08,0.08,0.08,0.08,0.08,0.08,0.08,0.08,0.08,0.08,0.08,0.08,0.08,0.08,0.08,0.0,0.0,0.08,0.08,0.08,0.08,0.08,0.08,0.08,0.08,0.08,0.08,0.08,0.08,0.08,0.08,0.08,0.08,0.08,0.08,0.08,0.08,0.08,0.08,0.08,0.08,0.08,0.08,0.08,0.08,0.08,0.08
0.08,0.08,0.08,0.08,0.08,0.08,0.08,0.08,0.08,0.08,0.08,0.08,0.08,0.08,0.08,0.08,0.08,0.08,0.08,0.08,0.0,0.0,0.08,0.08,0.08,0.08,0.08,0.08,0.08,0.08,0.08,0.08,0.08,0.08,0.08,0.08,0.08,0.08,0.08,0.08,0.08,0.08,0.08,0.08,0.08,0.08,0.08,0.08,0.08,0.08,0.08,0.08
0.28498203441674874,0.2849790242335212,0.2849654412097186,0.28496179332742105,0.2849571403196027,0.2849605901660653,0.2849404482199498,0.2849442363904504,0.2849408128456926,0.2849377887663419,0.28492377210106784,0.28492059428261834,0.2849207934364199,0.2849229449937285,0.2849020806294947,0.28490522582541794,0.2849088877171304,0.2849052218529224,0.2848929702042164,0.2848891188107621,0.0,0.0,0.2849768700252493,0.28494759465713076,0.28493511769149155,0.28497263511125914,0.2849502113728662,0.28493052697819066,0.28491367972550385,0.2848988339018518,0.28491804348343,0.2848965120339525,0.28497727385504623,0.2849334184253066,0.2849307212282718,0.28497450683970693,0.28493560377678584,0.28492768995097106,0.2849665464526767,0.28491332441695544,0.2849435297217678,0.2849257029834327,0.28488493341206306,0.2849646863004117,0.2849455306769093,0.28492383273838945,0.28491539987326175,0.28488377861151054,0.2849068833763481,0.28489558343509275,0.2849082857788342,0.2848941143922129
0.28495630982315984,0.2849532923099359,0.284939676289828,0.2849360195256184,0.28493126312614553,0.2849347214020884,0.2849145708983958,0.2849183683096197,0.28491482749197516,0.2849117960048827,0.28489774508501126,0.28489455948304293,0.28489471530898336,0.28489687214501935,0.2848759566731694,0.2848791095847948,0.284882758563457,0.28487908369822623,0.2848671969217197,0.28486333621552584,0.0,0.0,0.2849514824354383,0.2849216952496931,0.28490909365203754,0.28494723734773214,0.2849243183595059,0.28490449168066917,0.28488756207558213,0.28487265811524304,0.2848919365499753,0.2848703305412465,0.28495234802359676,0.2849071729202544,0.2849047567674173,0.28494948350830596,0.28490943596053886,0.284901614582324,0.2849414437055716,0.2848871731755851,0.28491762681215466,0.28489964685060304,0.2848586874488127,0.2849394979350327,0.2849197183799375,0.28489768744538035,0.28488934512603087,0.28485747710220055,0.2848806622138255,0.2848694651473021,0.28488214756951397,0.28486790910270227
0.2849217390876837,0.284918711725603,0.28490499373149597,0.28490132501336096,0.2848965150357856,0.2848999846288542,0.2848797275816598,0.2848835374330892,0.2848799551723053,0.284876913745834,0.2848626815961038,0.2848594855101202,0.28485973189781505,0.2848618958138959,0.2848407682182096,0.2848439315208348,0.28484771333857095,0.28484402640289647,0.2848317045250918,0.28482783099645054,0.0,0.0,0.28491687047058134,0.2848868904039057,0.28487417699265394,0.2849126115142876,0.2848895221057126,0.28486955991895835,0.2848525324066676,0.284837556978997,0.2848569212516152,0.28483522175468223,0.28491806283618276,0.28487267041429043,0.28486985851906055,0.28491509435432666,0.2848750158531912,0.2848665987975965,0.2849067807617394,0.284851784165052,0.2848827885890908,0.2848646897000808,0.2848236260589036,0.2849047444014267,0.2848849804360238,0.2848626365727716,0.2848540578365944,0.28482235669607187,0.2848455197761624,0.28483442119726765,0.2848470923795383,0.2848327736970162
0.2848818034367522,0.28487876469993095,0.2848650531429546,0.28486137066168865,0.2848563876446743,0.28485987030394067,0.28483957795965886,0.28484340214261555,0.28483969397193737,0.284836641072709,0.28482249114179803,0.2848192830415292,0.28481934861775876,0.28482152070488836,0.2848004575770979,0.284803632780603,0.284807261789947,0.2848035609249427,0.284791590289079,0.2847877022714975,0.0,0.0,0.2848768906777238,0.2848467009382831,0.2848338680742085,0.28487261570599354,0.28484934255877054,0.2848292335702342,0.28481209881742237,0.2847970439801717,0.284816504245821,0.28479469992815465,0.2848779099030933,0.28483186454146436,0.28482960599305185,0.2848748339384221,0.2848342951472225,0.2848262248922509,0.2848667443786776,0.28481163840219054,0.2848425631047441,0.2848243351341184,0.2847828982069786,0.28486461493959797,0.28484485801302817,0.2848221857001716,0.2848140166171194,0.2847815680318134,0.2848049677776487,0.28479396511763944,0.28480663019697683,0.28479222349356
0.2848471232425185,0.2848440746300491,0.28483026057536887,0.2848265661076012,0.2848215262377342,0.28482502024596196,0.28480462088803354,0.2848084575462267,0.2848047055148008,0.2848016426475644,0.2847873104023978,0.28478409178778247,0.2847842471706558,0.28478642635852347,0.2847651498949007,0.28476833551991493,0.28477209758209227,0.28476838461104337,0.2847559759637078,0.2847520750853433,0.0,0.0,0.28484216825316677,0.2848117817115789,0.28479883425472935,0.2848378793743959,0.28481443194854306,0.2847941846042155,0.28477695016309235,0.28476182292757735,0.2847813700044645,0.28475947120255063,0.284843518268592,0.28479724635248393,0.28479459188728024,0.2848403346845759,0.28479976200179896,0.2847910888971207,0.28483196982193687,0.28477612641468053,0.28480760930424653,0.28478925997311294,0.284747715818841,0.28482974685700946,0.2848100078544242,0.2847870137174103,0.2847786099738295,0.2847463244737947,0.28476970208586316,0.28475880360223316,0.28477145530202647,0.28475696713163734
0.28480620156113445,0.28480314129829803,0.2847893328463291,0.2847856242816011,0.2847804069462392,0.28478391433761924,0.2847634781270573,0.2847673294646608,0.28476344830816985,0.2847603736896698,0.28474612333076016,0.28474289240951217,0.28474286441468777,0.2847450519720404,0.2847238390700946,0.2847270368857333,0.2847306446752564,0.28472691743649625,0.28471486173885036,0.2847109460170634,0.0,0.0,0.2848012010105648,0.28477059847108277,0.28475752781440666,0.28479689572742334,0.28477325886777066,0.2847528603097033,0.2847355155914006,0.28472030685088967,0.28473995241909555,0.2847179460837266,0.2848023783099144,0.28475543793160657,0.2847533429715579,0.28479908345771965,0.2847580414071098,0.2847497140025873,0.28479094395455096,0.28473498016742244,0.28476638845158,0.2847479062195042,0.2847059808425364,0.28478862460618126,0.2847688938298211,0.2847455602031732,0.2847375721930961,0.2847045264361655,0.2847281446207551,0.2847173461801254,0.28472999099066876,0.28471541249626786
0.284764621789571,0.28476154969192424,0.2847476294781524,0.2847439065528491,0.2847386262649306,0.2847421472513634,0.2847215906469815,0.28472545692600165,0.28472152742328805,0.2847184408674551,0.284703998036651,0.2847007545315633,0.284700815947733,0.2847030120070907,0.2846815710855749,0.2846847813711797,0.284688524933096,0.28468478320066903,0.28467227870255013,0.2846683476108696,0.0,0.0,0.2847595748986312,0.2847287527581767,0.28471555685392264,0.284755252950603,0.2847314234759125,0.28471087121161937,0.2846934144547284,0.28467812292192807,0.2846978685377819,0.2846757529694525,0.28476108731917604,0.2847138834988462,0.2847113899831562,0.28475767975681315,0.2847165755621558,0.2847076329018819,0.28474925799739953,0.28469251104981136,0.2847245042093159,0.2847058869353693,0.28466382549293806,0.28474684039308856,0.2847271185505024,0.28470343923333075,0.2846952138468045,0.28466230687059496,0.2846859184524115,0.28467522166887094,0.2846878594687219,0.28467318925836776
0.2847222933935617,0.2847192092510433,0.2847052933132992,0.2847015558131759,0.28469609339549085,0.2846996282182487,0.2846790324436802,0.28468291389954015,0.2846788518359359,0.2846757531309326,0.28466139140198393,0.2846581351724904,0.284658010461813,0.2846602151740473,0.2846388361919255,0.28464205908204376,0.28464564689065947,0.28464189040726123,0.28462974039299,0.2846257939513741,0.0,0.0,0.2847171993976267,0.28468615372743106,0.2846728303275533,0.28471286048766975,0.2846888349501364,0.28466812622466103,0.28465055532725386,0.28463517953745066,0.2846550269720925,0.2846328002365989,0.2847185382352319,0.2846706511076897,0.28466872125365733,0.28471501677999955,0.2846734324072769,0.2846648343875545,0.2847068213206277,0.2846499407137758,0.28468186563216813,0.2846631109626392,0.2846206583116472,0.2847043034743297,0.28468459135141444,0.2846605594370317,0.2846527566096112,0.2846190740409339,0.28464293196898827,0.284632338503736,0.28464496924724736,0.28463020574488596
0.2846894969748037,0.28468640350190555,0.2846724455678973,0.2846686967620168,0.2846631136602565,0.28466665920919965,0.28464600104319765,0.2846498942758502,0.28464574307789386,0.28464263494940384,0.28462822964968026,0.2846249635187236,0.28462478909619543,0.2846270005224081,0.2846055565419115,0.2846087892455212,0.284612363333972,0.2846085954025142,0.28459640847021395,0.2845924500032404,0.0,0.0,0.2846843599969998,0.2846531161824706,0.28463967553155556,0.28468000794132253,0.2846558055527081,0.28463495710350845,0.284617286381256,0.28460183937456096,0.2846217716560934,0.2845994528171256,0.2846860339635861,0.28463745563974047,0.284635607406992,0.2846824023839248,0.28464032267176376,0.28463159385472936,0.28467392917827206,0.28461663107321195,0.2846487915050574,0.28462991477321004,0.28458723111747875,0.2846713112201583,0.28465162872176036,0.28462725957240914,0.2846195600015362,0.2845855812900168,0.2846095407148108,0.2845990618796503,0.28461167379634683,0.2845968293762204
0.2846464624995014,0.284643356786333,0.2846293437594952,0.2846255801219133,0.28461986951152507,0.28462342912180344,0.28460264739943264,0.284606556085572,0.2846023520626958,0.2845992315869857,0.2845847691991387,0.2845814900946985,0.28458126433373426,0.28458348455420507,0.28456180812481197,0.28456505372596835,0.28456876364729305,0.2845649807226562,0.28455274544203946,0.2845487712259133,0.0,0.0,0.28464089244523244,0.2846097789307387,0.2845960765521447,0.2846365229912968,0.2846124789872298,0.28459133928927793,0.2845738794730699,0.2845576991707844,0.2845783825272703,0.2845553030080195,0.28464198605820923,0.28459416620576183,0.2845913449186881,0.2846382433638413,0.2845971185999234,0.28458720238242746,0.28463006105442873,0.28457411405835004,0.28460538719659667,0.2845866467506005,0.2845425709030825,0.2846273364800399,0.284608342047692,0.28458388265142076,0.28457716095028057,0.28454085224788755,0.2845663331476536,0.2845544240013464,0.2845685649702721,0.2845520833452087
0.28460652688453136,0.28460340981531773,0.284589345676431,0.28458556827858583,0.28457972950336113,0.2845833021623759,0.28456244438763134,0.2845663674006296,0.284562067796014,0.2845589358599997,0.28454442048568956,0.28454112933967735,0.28454084997057405,0.2845430783547913,0.2845214702057665,0.2845247276960248,0.28452827710790896,0.2845244802630554,0.2845118001248492,0.28450781114282714,0.0,0.0,0.2846009091069169,0.28456957447074704,0.2845557415624343,0.284596523643008,0.2845722844446562,0.2845509868701863,0.284533411289771,0.284517145508377,0.2845379309184553,0.2845147405221929,0.2846020719585679,0.28455380656278634,0.284551040377872,0.28459822742994273,0.2845568366768463,0.28454677663558137,0.28459001437267634,0.2845336055651033,0.28456514042104036,0.2845462638663041,0.2845018178832439,0.28458717874334566,0.28456821885982847,0.2845433861269375,0.2845367732628079,0.2845000293034943,0.2845257283158409,0.2845139366721446,0.2845280663971096,0.28451148543967875
0.28456642020808937,0.28456329173691813,0.2845491167158451,0.28454532548163153,0.284539418133873,0.2845430038941773,0.2845221118346372,0.2845260492171971,0.2845216110038169,0.2845184675611987,0.28450375918135656,0.2845004559034268,0.28450026102533815,0.28450249760658086,0.2844806617069457,0.2844839312220827,0.28448761503244924,0.2844838042088925,0.28447107753474393,0.2844670738696444,0.0,0.0,0.2845607557093297,0.2845291994819127,0.2845152347936609,0.28455635415595315,0.28453191942186734,0.28451046258836454,0.2844927674308167,0.2844764153751178,0.2844973037046796,0.2844740015283316,0.28456172252857737,0.28451381043928475,0.28451059962694136,0.2845577928246588,0.2845169048432948,0.2845062303058647,0.2845497951946944,0.2844926040328162,0.28452472043091,0.2845057077708178,0.28446108360395683,0.28454683956233784,0.2845279327033347,0.28450270840650055,0.2844958969774701,0.2844592231089659,0.284484943655989,0.2844732748278652,0.28448739145457824,0.28447071009077834
0.28453623483711804,0.28453309778632985,0.2845188839874811,0.28451508235720063,0.2845090536688825,0.2845126492956236,0.2844916998482656,0.2844956480636228,0.28449111665984156,0.2844879645459524,0.2844732156903608,0.28446990330125965,0.28446965149718745,0.2844718942587733,0.28444999811962896,0.28445327666835113,0.28445694273453803,0.2844531213657331,0.2844403595996669,0.2844363448590247,0.0,0.0,0.28453053073569495,0.28449878240607995,0.28448469803863297,0.2845261170507533,0.28450150986610434,0.2844799126104414,0.2844621085386897,0.28444568411616167,0.28446665737188587,0.28444326358315225,0.2845315339903169,0.2844832995501686,0.2844800776823858,0.28452754727742996,0.2844864370441434,0.28447563337376625,0.28451951164015804,0.2844618998856226,0.2844942591169637,0.284475128577827,0.2844302614748486,0.28451642799807336,0.284497615057575,0.28447199966324577,0.2844653198522486,0.2844283281547401,0.28445414610310266,0.2844426170299315,0.28445670559126696,0.2844399377248954
0.2845026330787056,0.2844994864790811,0.28448528943194046,0.2844814762517768,0.28447526703552,0.2844788736385675,0.2844578180309994,0.28446177831279207,0.28445719506111294,0.2844540333032504,0.2844393800525637,0.2844360575721849,0.2844356060928153,0.2844378557271488,0.28441604186383274,0.28441933041423456,0.28442282976256344,0.2844189966675926,0.2844065996729889,0.2844025727621085,0.0,0.0,0.28449689023172564,0.28446494214345375,0.284450734478969,0.284492463053095,0.2844676779647684,0.28444593434911153,0.2844280102995031,0.2844115078164382,0.28443257309904035,0.28440907984879904,0.2844979142012648,0.28444886643668515,0.28444607172686637,0.28449389116781326,0.2844520317971964,0.2844415786254826,0.2844858078780901,0.2844280716111127,0.28446037094112697,0.2844411182638954,0.28439588820350087,0.2844825902207448,0.28446387998949796,0.2844378508573024,0.2844316243883852,0.2843938790259422,0.28441990177831866,0.2844085155560618,0.2844225779528782,0.28440571749634436
0.28446562855867297,0.2844624714454495,0.2844482177424669,0.284444391819672,0.2844380721661565,0.28444169085018023,0.28442056483368106,0.2844245383797428,0.2844198604251966,0.2844166880552945,0.2844018446507503,0.2843985109780561,0.2843981393006345,0.28440039649677074,0.2843783596668433,0.2843816593140031,0.28438529070741714,0.2843814447125157,0.2843686009965955,0.2843645603913512,0.0,0.0,0.28445984813244285,0.28442771888769347,0.28441351704881684,0.2844554061146804,0.2844304638949755,0.2844087008259836,0.2843903115611874,0.2843731276580894,0.2843948897967673,0.2843706913437494,0.28446113834203474,0.2844118304615141,0.28440953614799974,0.28445709100734673,0.2844150146146373,0.28440501161249426,0.28444870049515153,0.284389038649429,0.284423124207536,0.28440346242484393,0.2843566542751163,0.28444535345511796,0.28442678632334945,0.28440005554345105,0.284392730027136,0.2843545660955751,0.2843817142212545,0.28436899313645503,0.28438451173195783,0.28436607187754886
0.28443619776131185,0.2844330322879744,0.2844187502986237,0.2844149142490197,0.28440847313207795,0.2844121014280109,0.28439096196505426,0.2843949460493203,0.2843901348956977,0.2843869540782759,0.28437221271210744,0.2843688702055338,0.2843682947249009,0.2843705579432573,0.28434861258148936,0.2843519209868836,0.284355381815487,0.2843515255441444,0.28433905386354275,0.2843350026114397,0.0,0.0,0.2844307789945104,0.28439804860894347,0.28438375746996986,0.28442632533392576,0.2844008009352398,0.2843789283840919,0.2843600311273727,0.28434393165815425,0.28436462176129007,0.28434148899438855,0.28443248538680943,0.28438185876560157,0.2843797897553907,0.2844284230159356,0.284385054957153,0.28437524592972735,0.2844199201488963,0.284359039322651,0.2843933846097616,0.28437365954845945,0.28432811256784524,0.2844164584711054,0.2843971856191822,0.28437012495234876,0.28436286944521233,0.28432594535052697,0.2843509853612094,0.28434109515392314,0.2843539056449431,0.2843380509300204
0.08,0.08,0.08,0.08,0.08,0.08,0.08,0.08,0.08,0.08,0.08,0.08,0.08,0.08,0.08,0.08,0.08,0.08,0.08,0.08,0.0,0.0,0.08,0.08,0.08,0.08,0.08,0.08,0.08,0.08,0.08,0.08,0.08,0.08,0.08,0.08,0.08,0.08,0.08,0.08,0.08,0.08,0.08,0.08,0.08,0.08,0.08,0.08,0.08,0.08,0.08,0.08
0.08,0.08,0.08,0.08,0.08,0.08,0.08,0.08,0.08,0.08,0.08,0.08,0.08,0.08,0.08,0.08,0.08,0.08,0.08,0.08,0.0,0.0,0.08,0.08,0.08,0.08,0.08,0.08,0.08,0.08,0.08,0.08,0.08,0.08,0.08,0.08,0.08,0.08,0.08,0.08,0.08,0.08,0.08,0.08,0.08,0.08,0.08,0.08,0.08,0.08,0.08,0.08
0.08,0.08,0.08,0.08,0.08,0.08,0.08,0.08,0.08,0.08,0.08,0.08,0.08,0.08,0.08,0.08,0.08,0.08,0.08,0.08,0.0,0.0,0.08,0.08,0.08,0.08,0.08,0.08,0.08,0.08,0.08,0.08,0.08,0.08,0.08,0.08,0.08,0.08,0.08,0.08,0.08,0.08,0.08,0.08,0.08,0.08,0.08,0.08,0.08,0.08,0.08,0.08
0.08,0.08,0.08,0.08,0.08,0.08,0.08,0.08,0.08,0.08,0.08,0.08,0.08,0.08,0.08,0.08,0.08,0.08,0.08,0.08,0.0,0.0,0.08,0.08,0.08,0.08,0.08,0.08,0.08,0.08,0.08,0.08,0.08,0.08,0.08,0.08,0.08,0.08,0.08,0.08,0.08,0.08,0.08,0.08,0.08,0.08,0.08,0.08,0.08,0.08,0.08,0.08
0.08,0.08,0.08,0.08,0.08,0.08,0.08,0.08,0.08,0.08,0.08,0.08,0.08,0.08,0.08,0.08,0.08,0.08,0.08,0.08,0.0,0.0,0.08,0.08,0.08,0.08,0.08,0.08,0.08,0.08,0.08,0.08,0.08,0.08,0.08,0.08,0.08,0.08,0.08,0.08,0.08,0.08,0.08,0.08,0.08,0.08,0.08,0.08,0.08,0.08,0.08,0.08
0.08,0.08,0.08,0.08,0.08,0.08,0.08,0.08,0.08,0.08,0.08,0.08,0.08,0.08,0.08,0.08,0.08,0.08,0.08,0.08,0.0,0.0,0.08,0.08,0.08,0.08,0.08,0.08,0.08,0.08,0.08,0.08,0.08,0.08,0.08,0.08,0.08,0.08,0.08,0.08,0.08,0.08,0.08,0.08,0.08,0.08,0.08,0.08,0.08,0.08,0.08,0.08
0.08,0.08,0.08,0.08,0.08,0.08,0.08,0.08,0.08,0.08,0.08,0.08,0.08,0.08,0.08,0.08,0.08,0.08,0.08,0.08,0.0,0.0,0.08,0.08,0.08,0.08,0.08,0.08,0.08,0.08,0.08,0.08,0.08,0.08,0.08,0.08,0.08,0.08,0.08,0.08,0.08,0.08,0.08,0.08,0.08,0.08,0.08,0.08,0.08,0.08,0.08,0.08
0.08,0.08,0.08,0.08,0.08,0.08,0.08,0.08,0.08,0.08,0.08,0.08,0.08,0.08,0.08,0.08,0.08,0.08,0.08,0.08,0.0,0.0,0.08,0.08,0.08,0.08,0.08,0.08,0.08,0.08,0.08,0.08,0.08,0.08,0.08,0.08,0.08,0.08,0.08,0.08,0.08,0.08,0.08,0.08,0.08,0.08,0.08,0.08,0.08,0.08,0.08,0.08
