1,3,4,5,6,7,8,9,10,11,12,13,14,15,16,17,18,19,20,21,22,23,24,25,26,27,28,29,30,31,32,33,34,35,36,37,38,39,40,41,42,43,44,45,46,47,2,49,50,51,52,53,54,55,56,57,58,59,60,61,62,63,64,65,66,67,68,69,70,71,72,74,75,76,77,78,80,81,82
1,3,4,5,6,7,8,9,10,11,12,13,14,15,16,17,18,19,20,21,22,23,24,25,26,27,28,29,30,31,32,33,34,35,36,37,38,39,40,41,42,43,44,45,46,47,2,49,50,51,52,53,54,55,56,57,58,59,60,61,62,63,64,65,66,67,68,69,70,71,72,73,74,75,76,77,78,80,81,82
1,3,4,5,6,7,8,9,10,11,12,13,14,15,16,17,18,19,20,21,22,23,24,25,26,27,28,29,30,31,32,33,34,35,36,37,38,39,40,41,42,43,44,45,46,47,2,49,50,51,52,53,54,55,56,57,58,59,60,61,62,63,64,65,66,67,68,69,70,71,72,73,74,75,76,77,78,80,81,82
1,3,4,5,6,7,8,9,10,11,12,13,14,15,16,17,18,19,20,21,22,23,24,25,26,27,28,29,30,31,32,33,34,35,36,37,38,39,40,41,42,43,44,45,46,47,2,49,50,51,52,53,54,55,56,57,58,59,60,61,62,63,64,65,66,67,68,69,70,71,72,73,74,75,76,77,78,80,81,82
1,3,4,5,6,7,8,9,10,11,12,13,14,15,16,17,18,19,20,21,22,23,24,25,26,27,28,29,30,31,32,33,34,35,36,37,38,39,40,41,42,43,44,45,46,47,2,49,50,51,52,53,54,55,56,57,58,59,60,61,62,63,64,65,66,67,68,69,70,71,72,73,74,75,76,77,78,80,81,82
1,3,4,5,6,7,8,9,10,11,12,13,14,15,16,17,18,19,20,21,22,23,24,25,26,27,28,29,30,31,32,33,34,35,36,37,38,39,40,41,42,43,44,45,46,47,2,49,50,51,52,53,54,55,56,57,58,59,60,61,62,63,64,65,66,67,68,69,70,71,72,73,74,75,76,77,78,80,81,82
1,3,4,5,6,7,8,9,10,11,12,13,14,15,16,17,18,19,20,21,22,23,24,25,26,27,28,29,30,31,32,33,34,35,36,37,38,39,40,41,42,43,44,45,46,47,2,49,50,51,52,53,54,55,56,57,58,59,60,61,62,63,64,65,66,67,68,69,70,71,72,73,74,75,76,77,78,80,81,82
1,3,4,5,6,7,8,9,10,11,12,13,14,15,16,17,18,19,20,21,22,23,24,25,26,27,28,29,30,31,32,33,34,35,36,37,38,39,40,41,42,43,44,45,46,47,2,49,50,51,52,53,54,55,56,57,58,59,60,61,62,63,64,65,66,67,68,69,70,71,72,73,74,75,76,77,78,80,81,82
1,3,4,5,6,7,8,9,10,11,12,13,14,15,16,17,18,19,20,21,22,23,24,25,26,27,28,29,30,31,32,33,34,35,36,37,38,39,40,41,42,43,44,45,46,47,2,49,50,51,52,53,54,55,56,57,58,59,60,61,62,63,64,65,66,67,68,69,70,71,72,73,74,75,76,77,78,80,81,82
1,3,4,5,6,7,8,9,10,11,12,13,14,15,16,17,18,19,20,21,22,23,24,25,26,27,28,29,30,31,32,33,34,35,36,37,38,39,40,41,42,43,44,45,46,47,2,49,50,51,52,53,54,55,56,57,58,59,60,61,62,63,64,65,66,67,68,69,70,71,72,73,74,75,76,77,78,80,81,82
1,3,4,5,6,7,8,9,10,11,12,13,14,15,16,17,18,19,20,21,22,23,24,25,26,27,28,29,30,31,32,33,34,35,36,37,38,39,40,41,42,43,44,45,46,47,2,49,50,51,52,53,54,55,56,57,58,59,60,61,62,63,64,65,66,67,68,69,70,71,72,73,74,75,76,77,78,80,81,82
1,3,4,5,6,7,8,9,10,11,12,13,14,15,16,17,18,19,20,21,22,23,24,25,26,27,28,29,30,31,32,33,34,35,36,37,38,39,40,41,42,43,44,45,46,47,2,49,50,51,52,53,54,55,56,57,58,59,60,61,62,63,64,65,66,67,68,69,70,71,72,73,74,75,76,77,78,80,81,82
1,3,4,5,6,7,8,9,10,11,12,13,14,15,16,17,18,19,20,21,22,23,24,25,26,27,28,29,30,31,32,33,34,35,36,37,38,39,40,41,42,43,44,45,46,47,2,49,50,51,52,53,54,55,56,57,58,59,60,61,62,63,64,65,66,67,68,69,70,71,72,73,74,75,76,77,78,80,81,82
1,3,4,5,6,7,8,9,10,11,12,13,14,15,16,17,18,19,20,21,22,23,24,25,26,27,28,29,30,31,32,33,34,35,36,37,38,39,40,41,42,43,44,45,46,47,2,49,50,51,52,53,54,55,56,57,58,59,60,61,62,63,64,65,66,67,68,69,70,71,72,73,74,75,76,77,78,80,81,82
1,3,4,5,6,7,8,9,10,11,12,13,14,15,16,17,18,19,20,21,22,23,24,25,26,27,28,29,30,31,32,33,34,35,36,37,38,39,40,41,42,43,44,45,46,47,48,2,49,50,51,52,53,54,55,56,57,58,59,60,61,62,63,64,65,66,67,68,69,70,71,72,73,74,75,76,77,78,80,81,82
1,3,4,5,6,7,8,9,10,11,12,13,14,15,16,17,18,19,20,21,22,23,24,25,26,27,28,29,30,31,32,33,34,35,36,37,38,39,40,41,42,43,44,45,46,47,48,2,49,50,51,52,53,54,55,56,57,58,59,60,61,62,63,64,65,66,67,68,69,70,71,72,73,74,75,76,77,78,80,81,82
1,3,4,5,6,7,8,9,10,11,12,13,14,15,16,17,18,19,20,21,22,23,24,25,26,27,28,29,30,31,32,33,34,35,36,37,38,39,40,41,42,43,44,45,46,47,48,2,49,50,51,52,53,54,55,56,57,58,59,60,61,62,63,64,65,66,67,68,69,70,71,72,73,74,75,76,77,78,80,81,82
1,3,4,5,6,7,8,9,10,11,12,13,14,15,16,17,18,19,20,21,22,23,24,25,26,27,28,29,30,31,32,33,34,35,36,37,38,39,40,41,42,43,44,45,46,47,48,2,49,50,51,52,53,54,55,56,57,58,59,60,61,62,63,64,65,66,67,68,69,70,71,72,73,74,75,76,77,78,80,81,82
1,3,4,5,6,7,8,9,10,11,12,13,14,15,16,17,18,19,20,21,22,23,24,25,26,27,28,29,30,31,32,33,34,35,36,37,38,39,40,41,42,43,44,45,46,47,48,2,49,86,50,51,52,53,54,55,88,56,57,58,59,60,61,90,62,63,64,65,66,67,68,69,70,71,72,73,74,75,76,77,78,80,81,82
1,3,4,5,6,7,8,9,10,11,12,13,14,15,16,17,18,19,20,21,22,23,24,25,26,27,28,29,30,31,32,33,34,35,36,37,38,39,40,41,42,43,44,45,46,47,48,2,49,86,50,51,52,53,54,55,88,56,57,58,59,60,61,90,62,63,64,65,66,67,68,69,70,71,72,73,74,75,76,77,78,80,81,82
1,3,4,5,6,7,8,9,10,11,12,13,14,15,16,17,18,19,20,21,22,23,24,25,26,27,28,29,30,31,32,33,34,35,36,37,38,39,40,41,42,43,44,45,46,47,48,2,49,86,50,51,52,53,54,55,88,56,57,58,59,60,61,90,62,63,64,65,66,67,68,69,70,71,72,73,74,75,76,77,78,80,81,82
1,3,4,5,6,7,8,9,10,11,12,13,14,15,16,17,18,19,20,21,22,23,24,25,26,27,28,29,30,31,32,33,34,35,36,37,38,39,40,41,42,43,44,45,46,47,48,2,49,86,50,51,52,53,54,55,88,56,57,58,59,60,61,90,62,63,64,65,66,67,68,69,70,71,72,73,74,75,76,77,78,80,81,82
1,3,4,5,6,7,8,9,10,11,12,13,14,15,16,17,18,19,20,21,22,23,24,25,26,27,28,29,30,31,32,33,34,35,36,37,38,39,40,41,42,43,44,45,46,47,48,2,49,86,50,51,52,53,54,55,88,56,57,58,59,60,61,90,62,63,64,65,66,67,68,69,70,71,72,73,74,75,76,77,78,80,81,82
1,3,4,5,6,7,8,9,10,11,12,13,14,15,16,17,18,19,20,21,22,23,24,25,26,27,28,29,30,31,32,33,34,35,36,37,38,39,40,41,42,43,44,45,46,47,48,2,49,86,50,51,52,53,54,55,88,56,57,58,59,60,61,90,62,63,64,65,66,67,68,69,70,71,72,73,74,75,76,77,78,80,81,82
1,3,4,5,6,7,8,9,10,11,12,13,14,15,16,17,18,19,20,21,22,23,24,25,26,27,28,29,30,31,32,33,34,35,36,37,38,39,40,41,42,43,44,45,46,47,48,2,49,86,50,51,52,53,54,55,88,56,57,58,59,60,61,90,62,63,64,65,66,67,68,69,70,71,72,73,74,75,76,77,78,80,81,82
1,3,4,5,6,7,8,9,10,11,12,13,14,15,16,17,18,19,20,21,22,23,24,25,26,27,28,29,30,31,32,33,34,35,36,37,38,39,40,41,42,43,44,45,46,47,48,2,49,86,50,51,52,53,54,55,88,56,57,58,59,60,61,90,62,63,64,65,66,67,68,69,70,71,72,73,74,75,76,77,78,80,81,82
1,3,4,5,6,7,8,9,10,11,12,13,14,15,16,17,18,19,20,21,22,23,24,25,26,27,28,29,30,31,32,33,34,35,36,37,38,39,40,41,42,43,44,45,46,47,48,2,49,86,50,51,52,53,54,55,88,56,57,58,59,60,61,90,62,63,64,65,66,67,68,69,70,71,72,73,74,75,76,77,78,80,81,82
1,3,4,5,6,7,8,9,10,11,12,13,14,15,16,17,18,19,20,21,22,23,24,25,26,27,28,29,30,31,32,33,34,35,36,37,38,39,40,41,42,43,44,45,46,47,48,2,49,86,50,51,52,53,54,55,88,56,57,58,59,60,61,90,62,63,64,65,66,67,68,69,70,71,72,73,74,75,76,77,78,80,81,82
1,3,4,5,6,7,8,9,10,11,12,13,14,15,16,17,18,19,20,21,22,23,24,25,26,27,28,29,30,31,32,33,34,35,36,37,38,39,40,41,42,43,44,45,46,47,48,2,49,86,92,50,51,52,53,54,55,88,96,56,57,58,59,60,61,90,100,62,63,64,65,66,67,68,69,70,71,72,73,74,75,76,77,78,80,81,82
1,3,4,5,6,7,8,9,10,11,12,13,14,15,16,17,18,19,20,21,22,23,24,25,26,27,28,29,30,31,32,33,34,35,36,37,38,39,40,41,42,43,44,45,46,47,48,2,49,86,92,50,51,52,53,54,55,88,96,56,57,58,59,60,61,90,100,62,63,64,65,66,67,68,69,70,71,72,73,74,75,76,77,78,80,81,82
1,3,4,5,6,7,8,9,10,11,12,13,14,15,16,17,18,19,20,21,22,23,24,25,26,27,28,29,30,31,32,33,34,35,36,37,38,39,40,41,42,43,44,45,46,47,48,2,49,86,92,50,51,52,53,54,55,88,96,56,57,58,59,60,61,90,100,62,63,64,65,66,67,68,69,70,71,72,73,74,75,76,77,78,80,81,82
1,3,4,5,6,7,8,9,10,11,12,13,14,15,16,17,18,19,20,21,22,23,24,25,26,27,28,29,30,31,32,33,34,35,36,37,38,39,40,41,42,43,44,45,46,47,48,2,49,86,92,50,51,52,53,54,55,88,96,56,57,58,59,60,61,90,100,62,63,64,65,66,67,68,69,70,71,72,73,74,75,76,77,78,80,81,82
1,3,4,5,6,7,8,9,10,11,12,13,14,15,16,17,18,19,20,21,22,23,24,25,26,27,28,29,30,31,32,33,34,35,36,37,38,39,40,41,42,43,44,45,46,47,48,2,49,86,92,93,50,51,52,53,54,55,88,96,97,56,57,58,59,60,61,90,100,101,62,63,64,65,66,67,68,69,70,71,72,73,74,75,76,77,78,80,81,82
1,3,4,5,6,7,8,9,10,11,12,13,14,15,16,17,18,19,20,21,22,23,24,25,26,27,28,29,30,31,32,33,34,35,36,37,38,39,40,41,42,43,44,45,46,47,48,2,49,86,92,93,50,51,52,53,54,55,88,96,97,56,57,58,59,60,61,90,100,101,62,63,64,65,66,67,68,69,70,71,72,73,74,75,76,77,78,80,81,82
1,3,4,5,6,7,8,9,10,11,12,13,14,15,16,17,18,19,20,21,22,23,24,25,26,27,28,29,30,31,32,33,34,35,36,37,38,39,40,41,42,43,44,45,46,47,48,2,49,86,92,93,50,51,52,53,54,55,88,96,97,56,57,58,59,60,61,90,100,101,62,63,64,65,66,67,68,69,70,71,72,73,74,75,76,77,78,80,81,82
1,3,4,5,6,7,8,9,10,11,12,13,14,15,16,17,18,19,20,21,22,23,24,25,26,27,28,29,30,31,32,33,34,35,36,37,38,39,40,41,42,43,44,45,46,47,48,2,49,86,92,93,50,51,52,53,54,55,88,96,97,56,57,58,59,60,61,90,100,101,62,63,64,65,66,67,68,69,70,71,72,73,74,75,76,77,78,80,81,82
1,3,4,5,6,7,8,9,10,11,12,13,14,15,16,17,18,19,20,21,22,23,24,25,26,27,28,29,30,31,32,33,34,35,36,37,38,39,40,41,42,43,44,45,46,47,48,2,49,86,92,93,50,51,52,53,54,55,88,96,97,56,57,58,59,60,61,90,100,101,62,63,64,65,66,67,68,69,70,71,72,73,74,75,76,77,78,80,81,82
1,3,4,5,6,7,8,9,10,11,12,13,14,15,16,17,18,19,20,21,22,23,24,25,26,27,28,29,30,31,32,33,34,35,36,37,38,39,40,41,42,43,44,45,46,47,48,2,49,86,92,93,50,51,52,53,54,55,88,96,97,56,57,58,59,60,61,90,100,101,62,63,64,65,66,67,68,69,70,71,72,73,74,75,76,77,78,80,81,82
1,3,4,5,6,7,8,9,10,11,12,13,14,15,16,17,18,19,20,21,22,23,24,25,26,27,28,29,30,31,32,33,34,35,36,37,38,39,40,41,42,43,44,45,46,47,48,2,49,86,92,93,50,51,52,53,54,55,88,96,97,56,57,58,59,60,61,90,100,101,62,63,64,65,66,67,105,68,69,70,71,72,73,107,74,75,76,77,78,80,81,82
1,3,4,5,6,7,8,9,10,11,12,13,14,15,16,17,18,19,20,21,22,23,24,25,26,27,28,29,30,31,32,33,34,35,36,37,38,39,40,41,42,43,44,45,46,47,48,2,49,86,92,93,50,51,52,53,54,55,88,96,97,56,57,58,59,60,61,90,100,101,62,63,64,65,66,67,105,68,69,70,71,72,73,107,74,75,76,77,78,80,81,82
1,3,4,5,6,7,8,9,10,11,12,13,14,15,16,17,18,19,20,21,22,23,24,25,26,27,28,29,30,31,32,33,34,35,36,37,38,39,40,41,42,43,44,45,46,47,48,2,49,86,92,93,50,51,52,53,54,55,88,96,97,56,57,58,59,60,61,90,100,101,62,63,64,65,66,67,105,68,69,70,71,72,73,107,74,75,76,77,78,80,81,82
1,3,4,5,6,7,8,9,10,11,12,13,14,15,16,17,18,19,20,21,22,23,24,25,26,27,28,29,30,31,32,33,34,35,36,37,38,39,40,41,42,43,44,45,46,47,48,2,49,86,92,93,50,51,52,53,54,55,88,96,97,56,57,58,59,60,61,90,100,101,62,63,64,65,66,67,105,68,69,70,71,72,73,107,74,75,76,77,78,80,81,82
1,3,4,5,6,7,8,9,10,11,12,13,14,15,16,17,18,19,20,21,22,23,24,25,26,27,28,29,30,31,32,33,34,35,36,37,38,39,40,41,42,43,44,45,46,47,48,2,49,86,92,93,50,51,52,53,54,55,88,96,97,56,57,58,59,60,61,90,100,101,62,63,64,65,66,67,105,68,69,70,71,72,73,107,74,75,76,77,78,80,81,82
1,3,4,5,6,7,8,9,10,11,12,13,14,15,16,17,18,19,20,21,22,23,24,25,26,27,28,29,30,31,32,33,34,35,36,37,38,39,40,41,42,43,44,45,46,47,48,2,49,86,92,93,50,51,52,53,54,55,88,96,97,56,57,58,59,60,61,90,100,101,62,63,64,65,66,67,105,68,69,70,71,72,73,107,74,75,76,77,78,80,81,82
1,3,4,5,6,7,8,9,10,11,12,13,14,15,16,17,18,19,20,21,22,23,24,25,26,27,28,29,30,31,32,33,34,35,36,37,38,39,40,41,42,43,44,45,46,47,48,2,49,86,92,93,50,51,52,53,54,55,88,96,97,56,57,58,59,60,61,90,100,101,62,63,64,65,66,67,105,68,69,70,71,72,73,107,74,75,76,77,78,80,81,82
1,3,4,5,6,7,8,9,10,11,12,13,14,15,16,17,18,19,20,21,22,23,24,25,26,27,28,29,30,31,32,33,34,35,36,37,38,39,40,41,42,43,44,45,46,47,48,2,49,86,92,93,50,51,52,53,54,55,88,96,97,56,57,58,59,60,61,90,100,101,62,63,64,65,66,67,105,68,69,70,71,72,73,107,74,75,76,77,78,80,81,82
1,3,4,5,6,7,8,9,10,11,12,13,14,15,16,17,18,19,20,21,22,23,24,25,26,27,28,29,30,31,32,33,34,35,36,37,38,39,40,41,42,43,44,45,46,47,48,2,49,86,92,93,50,51,52,53,54,55,88,96,97,56,57,58,59,60,61,90,100,101,62,63,64,65,66,67,105,68,69,70,71,72,73,107,74,75,76,77,78,80,81,82
1,3,4,5,6,7,8,9,10,11,12,13,14,15,16,17,18,19,20,21,22,23,24,25,26,27,28,29,30,31,32,33,34,35,36,37,38,39,40,41,42,43,44,45,46,47,48,2,49,86,92,93,50,51,52,53,54,55,88,96,97,56,57,58,59,60,61,90,100,101,62,63,64,65,66,67,105,68,69,70,71,72,73,107,74,75,76,77,78,80,81,82
1,3,4,5,6,7,8,9,10,11,12,13,14,15,16,17,18,19,20,21,22,23,24,25,26,27,28,29,30,31,32,33,34,35,36,37,38,39,40,41,42,43,44,45,46,47,48,2,49,86,92,93,50,51,52,53,54,55,88,96,97,56,57,58,59,60,61,90,100,101,62,63,64,65,66,67,105,68,69,70,71,72,73,107,74,75,76,77,78,80,81,82
1,3,4,5,6,7,8,9,10,11,12,13,14,15,16,17,18,19,20,21,22,23,24,25,26,27,28,29,30,31,32,33,34,35,36,37,38,39,40,41,42,43,44,45,46,47,48,2,49,86,92,93,50,51,52,53,54,55,88,96,97,56,57,58,59,60,61,90,100,101,62,63,64,65,66,67,105,68,69,70,71,72,73,107,74,75,76,77,78,80,81,82
1,3,4,5,6,7,8,9,10,11,12,13,14,15,16,17,18,19,20,21,22,23,24,25,26,27,28,29,30,31,32,33,34,35,36,37,38,39,40,41,42,43,44,45,46,47,48,2,49,86,92,93,50,51,52,53,54,55,88,96,97,56,57,58,59,60,61,90,100,101,62,63,64,65,66,67,105,109,68,69,70,71,72,73,107,113,74,75,76,77,78,80,81,82
1,3,4,5,6,7,8,9,10,11,12,13,14,15,16,17,18,19,20,21,22,23,24,25,26,27,28,29,30,31,32,33,34,35,36,37,38,39,40,41,42,43,44,45,46,47,48,2,49,86,92,93,50,51,52,53,54,55,88,96,97,56,57,58,59,60,61,90,100,101,62,63,64,65,66,67,105,109,68,69,70,71,72,73,107,113,74,75,76,77,78,80,81,82
1,3,4,5,6,7,8,9,10,11,12,13,14,15,16,17,18,19,20,21,22,23,24,25,26,27,28,29,30,31,32,33,34,35,36,37,38,39,40,41,42,43,44,45,46,47,48,2,49,86,92,93,50,51,52,53,54,55,88,96,97,56,57,58,59,60,61,90,100,101,62,63,64,65,66,67,105,109,68,69,70,71,72,73,107,113,74,75,76,77,78,80,81,82
1,3,4,5,6,7,8,9,10,11,12,13,14,15,16,17,18,19,20,21,22,23,24,25,26,27,28,29,30,31,32,33,34,35,36,37,38,39,40,41,42,43,44,45,46,47,48,2,49,86,92,93,50,51,52,53,54,55,88,96,97,56,57,58,59,60,61,90,100,101,62,63,64,65,66,67,105,109,110,68,69,70,71,72,73,107,113,114,74,75,76,77,78,80,81,82
1,3,4,5,6,7,8,9,10,11,12,13,14,15,16,17,18,19,20,21,22,23,24,25,26,27,28,29,30,31,32,33,34,35,36,37,38,39,40,41,42,43,44,45,46,47,48,2,49,86,92,93,50,51,52,53,54,55,88,96,97,56,57,58,59,60,61,90,100,101,62,63,64,65,66,67,105,109,110,68,69,70,71,72,73,107,113,114,74,75,76,77,78,80,81,82
1,3,4,5,6,7,8,9,10,11,12,13,14,15,16,17,18,19,20,21,22,23,24,25,26,27,28,29,30,31,32,33,34,35,36,37,38,39,40,41,42,43,44,45,46,47,48,2,49,86,92,93,50,51,52,53,54,55,88,96,97,56,57,58,59,60,61,90,100,101,62,63,64,65,66,67,105,109,110,68,69,70,71,72,73,107,113,114,74,75,76,77,78,80,81,82
1,3,4,5,6,7,8,9,10,11,12,13,14,15,16,17,18,19,20,21,22,23,24,25,26,27,28,29,30,31,32,33,34,35,36,37,38,39,40,41,42,43,44,45,46,47,48,2,49,86,92,93,50,51,52,53,54,55,88,96,97,56,57,58,59,60,61,90,100,101,62,63,64,65,66,67,105,109,110,68,69,70,71,72,73,107,113,114,74,75,76,77,78,80,81,82
1,3,4,5,6,7,8,9,10,11,12,13,14,15,16,17,18,19,20,21,22,23,24,25,26,27,28,29,30,31,32,33,34,35,36,37,38,39,40,41,42,43,44,45,46,47,48,2,49,86,92,93,50,51,52,53,54,55,88,96,97,56,57,58,59,60,61,90,100,101,62,63,64,65,66,67,105,109,110,68,69,70,71,72,73,107,113,114,74,75,76,77,78,80,81,82
1,3,4,5,6,7,8,9,10,11,12,13,14,15,16,17,18,19,20,21,22,23,24,25,26,27,28,29,30,31,32,33,34,35,36,37,38,39,40,41,42,43,44,45,46,47,48,2,49,86,92,93,50,51,52,53,54,55,88,96,97,56,57,58,59,60,61,90,100,101,62,63,64,65,66,67,105,109,110,68,69,70,71,72,73,107,113,114,74,75,76,77,78,80,81,82
1,3,4,5,6,7,8,9,10,11,12,13,14,15,16,17,18,19,20,21,22,23,24,25,26,27,28,29,30,31,32,33,34,35,36,37,38,39,40,41,42,43,44,45,46,47,48,2,49,86,92,93,50,51,52,53,54,55,88,96,97,56,57,58,59,60,61,90,100,101,62,63,64,65,66,67,105,109,110,68,69,70,71,72,73,107,113,114,74,75,76,77,78,80,81,82
1,3,4,5,6,7,8,9,10,11,12,13,14,15,16,17,18,19,20,21,22,23,24,25,26,27,28,29,30,31,32,33,34,35,36,37,38,39,40,41,42,43,44,45,46,47,48,2,49,86,92,93,50,51,52,53,54,55,88,96,97,56,57,58,59,60,61,90,100,101,62,63,64,65,66,67,105,109,110,68,69,70,71,72,73,107,113,114,74,75,76,77,78,80,81,82
1,3,4,5,6,7,8,9,10,11,12,13,14,15,16,17,18,19,20,21,22,23,24,25,26,27,28,29,30,31,32,33,34,35,36,37,38,39,40,41,42,43,44,45,46,47,48,2,49,86,92,93,50,51,52,53,54,55,88,96,97,56,57,58,59,60,61,90,100,101,62,63,64,65,66,67,105,109,110,68,69,70,71,72,73,107,113,114,74,75,76,77,78,80,81,82
1,3,4,5,6,7,8,9,10,11,12,13,14,15,16,17,18,19,20,21,22,23,24,25,26,27,28,29,30,31,32,33,34,35,36,37,38,39,40,41,42,43,44,45,46,47,48,2,49,86,92,93,50,51,52,53,54,55,88,96,97,56,57,58,59,60,61,90,100,101,62,63,64,65,66,67,105,109,110,68,69,70,71,72,73,107,113,114,74,75,76,77,78,80,81,82
1,3,4,5,6,7,8,9,10,11,12,13,14,15,16,17,18,19,20,21,22,23,24,25,26,27,28,29,30,31,32,33,34,35,36,37,38,39,40,41,42,43,44,45,46,47,48,2,49,86,92,93,50,51,52,53,54,55,88,96,97,56,57,58,59,60,61,90,100,101,62,63,64,65,66,67,105,109,110,68,69,70,71,72,73,107,113,114,74,75,76,77,78,80,81,82
1,3,4,5,6,7,8,9,10,11,12,13,14,15,16,17,18,19,20,21,22,23,24,25,26,27,28,29,30,31,32,33,34,35,36,37,38,39,40,41,42,43,44,45,46,47,48,2,49,86,92,93,50,51,52,53,54,55,88,96,97,56,57,58,59,60,61,90,100,101,62,63,64,65,66,67,105,109,110,68,69,70,71,72,73,107,113,114,74,75,76,77,78,80,81,82
1,3,4,5,6,7,8,9,10,11,12,13,14,15,16,17,18,19,20,21,22,23,24,25,26,27,28,29,30,31,32,33,34,35,36,37,38,39,40,41,42,43,44,45,46,47,48,2,49,86,92,93,50,51,52,53,54,55,88,96,97,56,57,58,59,60,61,90,100,101,62,63,64,65,66,67,105,109,110,68,69,70,71,72,73,107,113,114,74,75,76,77,78,80,81,82
1,3,4,5,6,7,8,9,10,11,12,13,14,15,16,17,18,19,20,21,22,23,24,25,26,27,28,29,30,31,32,33,34,35,36,37,38,39,40,41,42,43,44,45,46,47,48,2,49,86,92,93,50,51,52,53,54,55,88,96,97,56,57,58,59,60,61,90,100,101,62,63,64,65,66,67,105,109,110,68,69,70,71,72,73,107,113,114,74,75,76,77,78,80,81,82
1,3,4,5,6,7,8,9,10,11,12,13,14,15,16,17,18,19,20,21,22,23,24,25,26,27,28,29,30,31,32,33,34,35,36,37,38,39,40,41,42,43,44,45,46,47,48,2,49,86,92,93,50,51,52,53,54,55,88,96,97,56,57,58,59,60,61,90,100,101,62,63,64,65,66,67,105,109,110,68,69,70,71,72,73,107,113,114,74,75,76,77,78,80,81,82
1,3,4,5,6,7,8,9,10,11,12,13,14,15,16,17,18,19,20,21,22,23,24,25,26,27,28,29,30,31,32,33,34,35,36,37,38,39,40,41,42,43,44,45,46,47,48,2,49,86,92,93,50,51,52,53,54,55,88,96,97,56,57,58,59,60,61,90,100,101,62,63,64,65,66,67,105,109,110,68,69,70,71,72,73,107,113,114,74,75,76,77,78,80,81,82
1,3,4,5,6,7,8,9,10,11,12,13,14,15,16,17,18,19,20,21,22,23,24,25,26,27,28,29,30,31,32,33,34,35,36,37,38,39,40,41,42,43,44,45,46,47,48,2,49,86,92,93,50,51,52,53,54,55,88,96,97,56,57,58,59,60,61,90,100,101,62,63,64,65,66,67,105,109,110,68,69,70,71,72,73,107,113,114,74,75,76,77,78,80,81,82
1,3,4,5,6,7,8,9,10,11,12,13,14,15,16,17,18,19,20,21,22,23,24,25,26,27,28,29,30,31,32,33,34,35,36,37,38,39,40,41,42,43,44,45,46,47,48,2,49,86,92,93,50,51,52,53,54,55,88,96,97,56,57,58,59,60,61,90,100,101,62,63,64,65,66,67,105,109,110,68,69,70,71,72,73,107,113,114,74,75,76,77,78,80,81,82
1,3,4,5,6,7,8,9,10,11,12,13,14,15,16,17,18,19,20,21,22,23,24,25,26,27,28,29,30,31,32,33,34,35,36,37,38,39,40,41,42,43,44,45,46,47,48,2,49,86,92,93,50,51,52,53,54,55,88,96,97,56,57,58,59,60,61,90,100,101,62,63,64,65,66,67,105,109,110,68,69,70,71,72,73,107,113,114,74,75,76,77,78,80,81,82
1,3,4,5,6,7,8,9,10,11,12,13,14,15,16,17,18,19,20,21,22,23,24,25,26,27,28,29,30,31,32,33,34,35,36,37,38,39,40,41,42,43,44,45,46,47,48,2,49,86,92,93,50,51,52,53,54,55,88,96,97,56,57,58,59,60,61,90,100,101,62,63,64,65,66,67,105,109,110,68,69,70,71,72,73,107,113,114,74,75,76,77,78,80,81,82
1,3,4,5,6,7,8,9,10,11,12,13,14,15,16,17,18,19,20,21,22,23,24,25,26,27,28,29,30,31,32,33,34,35,36,37,38,39,40,41,42,43,44,45,46,47,48,2,49,86,92,93,50,51,52,53,54,55,88,96,97,56,57,58,59,60,61,90,100,101,62,63,64,65,66,67,105,109,110,68,69,70,71,72,73,107,113,114,74,75,76,77,78,80,81,82
1,3,4,5,6,7,8,9,10,11,12,13,14,15,16,17,18,19,20,21,22,23,24,25,26,27,28,29,30,31,32,33,34,35,36,37,38,39,40,41,42,43,44,45,46,47,48,2,49,86,92,93,50,51,52,53,54,55,88,96,97,56,57,58,59,60,61,90,100,101,62,63,64,65,66,67,105,109,110,68,69,70,71,72,73,107,113,114,74,75,76,77,78,80,81,82
1,3,4,5,6,7,8,9,10,11,12,13,14,15,16,17,18,19,20,21,22,23,24,25,26,27,28,29,30,31,32,33,34,35,36,37,38,39,40,41,42,43,44,45,46,47,48,2,49,86,92,93,50,51,52,53,54,55,88,96,97,56,57,58,59,60,61,90,100,101,62,63,64,65,66,67,105,109,110,68,69,70,71,72,73,107,113,114,74,75,76,77,78,80,81,82
1,3,4,5,6,7,8,9,10,11,12,13,14,15,16,17,18,19,20,21,22,23,24,25,26,27,28,29,30,31,32,33,34,35,36,37,38,39,40,41,42,43,44,45,46,47,48,2,49,86,92,93,50,51,52,53,54,55,88,96,97,56,57,58,59,60,61,90,100,101,62,63,64,65,66,67,105,109,110,68,69,70,71,72,73,107,113,114,74,75,76,77,78,80,81,82
1,3,4,5,6,7,8,9,10,11,12,13,14,15,16,17,18,19,20,21,22,23,24,25,26,27,28,29,30,31,32,33,34,35,36,37,38,39,40,41,42,43,44,45,46,47,48,2,49,86,92,93,50,51,52,53,54,55,88,96,97,56,57,58,59,60,61,90,100,101,62,63,64,65,66,67,105,109,110,68,69,70,71,72,73,107,113,114,74,75,76,77,78,80,81,82
1,3,4,5,6,7,8,9,10,11,12,13,14,15,16,17,18,19,20,21,22,23,24,25,26,27,28,29,30,31,32,33,34,35,36,37,38,39,40,41,42,43,44,45,46,47,48,2,49,86,92,93,50,51,52,53,54,55,88,96,97,56,57,58,59,60,61,90,100,101,62,63,64,65,66,67,105,109,110,68,69,70,71,72,73,107,113,114,74,75,76,77,78,80,81,82
1,3,4,5,6,7,8,9,10,11,12,13,14,15,16,17,18,19,20,21,22,23,24,25,26,27,28,29,30,31,32,33,34,35,36,37,38,39,40,41,42,43,44,45,46,47,48,2,49,86,92,93,50,51,52,53,54,55,88,96,97,56,57,58,59,60,61,90,100,101,62,63,64,65,66,67,105,109,110,68,69,70,71,72,73,107,113,114,74,75,76,77,78,80,81,82
1,3,4,5,6,7,8,9,10,11,12,13,14,15,16,17,18,19,20,21,22,23,24,25,26,27,28,29,30,31,32,33,34,35,36,37,38,39,40,41,42,43,44,45,46,47,48,2,49,86,92,93,50,51,52,53,54,55,88,96,97,56,57,58,59,60,61,90,100,101,62,63,64,65,66,67,105,109,110,68,69,70,71,72,73,107,113,114,74,75,76,77,78,80,81,82
1,3,4,5,6,7,8,9,10,11,12,13,14,15,16,17,18,19,20,21,22,23,24,25,26,27,28,29,30,31,32,33,34,35,36,37,38,39,40,41,42,43,44,45,46,47,48,85,2,49,86,92,93,50,51,52,53,54,55,88,96,97,56,57,58,59,60,61,90,100,101,62,63,64,65,66,67,105,109,110,68,69,70,71,72,73,107,113,114,74,75,76,77,78,80,81,82
1,3,4,5,6,7,8,9,10,11,12,13,14,15,16,17,18,19,20,21,22,23,24,25,26,27,28,29,30,31,32,33,34,35,36,37,38,39,40,41,42,43,44,45,46,47,48,85,2,49,86,92,93,50,51,52,53,54,55,88,96,97,56,57,58,59,60,61,90,100,101,62,63,64,65,66,67,105,109,110,68,69,70,71,72,73,107,113,114,74,75,76,77,78,80,81,82
1,3,4,5,6,7,8,9,10,11,12,13,14,15,16,17,18,19,20,21,22,23,24,25,26,27,28,29,30,31,32,33,34,35,36,37,38,39,40,41,42,43,44,45,46,47,48,85,2,49,86,92,93,50,51,52,53,54,55,88,96,97,56,57,58,59,60,61,90,100,101,62,63,64,65,66,67,105,109,110,68,69,70,71,72,73,107,113,114,74,75,76,77,78,80,81,82
1,3,4,5,6,7,8,9,10,11,12,13,14,15,16,17,18,19,20,21,22,23,24,25,26,27,28,29,30,31,32,33,34,35,36,37,38,39,40,41,42,43,44,45,46,47,48,85,2,49,86,92,93,50,51,52,53,54,55,88,96,97,56,57,58,59,60,61,90,100,101,62,63,64,65,66,67,105,109,110,68,69,70,71,72,73,107,113,114,74,75,76,77,78,80,81,82
1,3,4,5,6,7,8,9,10,11,12,13,14,15,16,17,18,19,20,21,22,23,24,25,26,27,28,29,30,31,32,33,34,35,36,37,38,39,40,41,42,43,44,45,46,47,48,85,2,49,86,92,93,50,51,52,53,54,55,88,96,97,56,57,58,59,60,61,90,100,101,62,63,64,65,66,67,105,109,110,68,69,70,71,72,73,107,113,114,74,75,76,77,78,80,81,82
1,3,4,5,6,7,8,9,10,11,12,13,14,15,16,17,18,19,20,21,22,23,24,25,26,27,28,29,30,31,32,33,34,35,36,37,38,39,40,41,42,43,44,45,46,47,48,85,2,49,86,92,93,50,51,52,53,54,55,88,96,97,56,57,58,59,60,61,90,100,101,62,63,64,65,66,67,105,109,110,68,69,70,71,72,73,107,113,114,74,75,76,77,78,80,81,82
1,3,4,5,6,7,8,9,10,11,12,13,14,15,16,17,18,19,20,21,22,23,24,25,26,27,28,29,30,31,32,33,34,35,36,37,38,39,40,41,42,43,44,45,46,47,48,85,2,49,86,92,93,94,50,51,52,53,54,55,88,96,97,98,56,57,58,59,60,61,90,100,101,102,62,63,64,65,66,67,105,109,110,68,69,70,71,72,73,107,113,114,74,75,76,77,78,80,81,82
1,3,4,5,6,7,8,9,10,11,12,13,14,15,16,17,18,19,20,21,22,23,24,25,26,27,28,29,30,31,32,33,34,35,36,37,38,39,40,41,42,43,44,45,46,47,48,85,2,49,86,92,93,94,50,51,52,53,54,55,88,96,97,98,56,57,58,59,60,61,90,100,101,102,62,63,64,65,66,67,105,109,110,68,69,70,71,72,73,107,113,114,74,75,76,77,78,80,81,82
1,3,4,5,6,7,8,9,10,11,12,13,14,15,16,17,18,19,20,21,22,23,24,25,26,27,28,29,30,31,32,33,34,35,36,37,38,39,40,41,42,43,44,45,46,47,48,85,2,49,86,92,93,94,50,51,52,53,54,55,88,96,97,98,56,57,58,59,60,61,90,100,101,102,62,63,64,65,66,67,105,109,110,68,69,70,71,72,73,107,113,114,74,75,76,77,78,80,81,82
1,3,4,5,6,7,8,9,10,11,12,13,14,15,16,17,18,19,20,21,22,23,24,25,26,27,28,29,30,31,32,33,34,35,36,37,38,39,40,41,42,43,44,45,46,47,48,85,2,49,86,92,93,94,50,51,52,53,54,55,88,96,97,98,56,57,58,59,60,61,90,100,101,102,62,63,64,65,66,67,105,109,110,68,69,70,71,72,73,107,113,114,74,75,76,77,78,80,81,82
1,3,4,5,6,7,8,9,10,11,12,13,14,15,16,17,18,19,20,21,22,23,24,25,26,27,28,29,30,31,32,33,34,35,36,37,38,39,40,41,42,43,44,45,46,47,48,85,2,49,86,92,93,94,50,51,52,53,54,55,88,96,97,98,56,57,58,59,60,61,90,100,101,102,62,63,64,65,66,67,105,109,110,68,69,70,71,72,73,107,113,114,74,75,76,77,78,80,81,82
1,3,4,5,6,7,8,9,10,11,12,13,14,15,16,17,18,19,20,21,22,23,24,25,26,27,28,29,30,31,32,33,34,35,36,37,38,39,40,41,42,43,44,45,46,47,48,85,2,49,86,92,93,94,50,51,52,53,54,55,88,96,97,98,56,57,58,59,60,61,90,100,101,102,62,63,64,65,66,67,105,109,110,68,69,70,71,72,73,107,113,114,74,75,76,77,78,80,81,82
1,3,4,5,6,7,8,9,10,11,12,13,14,15,16,17,18,19,20,21,22,23,24,25,26,27,28,29,30,31,32,33,34,35,36,37,38,39,40,41,42,43,44,45,46,47,48,85,2,49,86,92,93,94,50,51,52,53,54,55,88,96,97,98,56,57,58,59,60,61,90,100,101,102,62,63,64,65,66,67,105,109,110,68,69,70,71,72,73,107,113,114,74,75,76,77,78,80,81,82
1,3,4,5,6,7,8,9,10,11,12,13,14,15,16,17,18,19,20,21,22,23,24,25,26,27,28,29,30,31,32,33,34,35,36,37,38,39,40,41,42,43,44,45,46,47,48,85,2,49,86,92,93,94,50,51,52,53,54,55,88,96,97,98,56,57,58,59,60,61,90,100,101,102,62,63,64,65,66,67,105,109,110,68,69,70,71,72,73,107,113,114,74,75,76,77,78,80,81,82
1,3,4,5,6,7,8,9,10,11,12,13,14,15,16,17,18,19,20,21,22,23,24,25,26,27,28,29,30,31,32,33,34,35,36,37,38,39,40,41,42,43,44,45,46,47,48,85,2,49,86,92,93,94,50,51,52,53,54,55,88,96,97,98,56,57,58,59,60,61,90,100,101,102,62,63,64,65,66,67,105,109,110,68,69,70,71,72,73,107,113,114,74,75,76,77,78,80,81,82
1,3,4,5,6,7,8,9,10,11,12,13,14,15,16,17,18,19,20,21,22,23,24,25,26,27,28,29,30,31,32,33,34,35,36,37,38,39,40,41,42,43,44,45,46,47,48,85,2,49,86,92,93,94,50,51,52,53,54,55,88,96,97,98,56,57,58,59,60,61,90,100,101,102,62,63,64,65,66,67,105,109,110,68,69,70,71,72,73,107,113,114,74,75,76,77,78,80,81,82
1,3,4,5,6,7,8,9,10,11,12,13,14,15,16,17,18,19,20,21,22,23,24,25,26,27,28,29,30,31,32,33,34,35,36,37,38,39,40,41,42,43,44,45,46,47,48,85,2,49,86,92,93,94,50,51,52,53,54,55,88,96,97,98,56,57,58,59,60,61,90,100,101,102,62,63,64,65,66,67,105,109,110,68,69,70,71,72,73,107,113,114,74,75,76,77,78,80,81,82
1,3,4,5,6,7,8,9,10,11,12,13,14,15,16,17,18,19,20,21,22,23,24,25,26,27,28,29,30,31,32,33,34,35,36,37,38,39,40,41,42,43,44,45,46,47,48,85,2,49,86,92,93,94,50,51,52,53,54,55,88,96,97,98,56,57,58,59,60,61,90,100,101,102,62,63,64,65,66,67,105,109,110,68,69,70,71,72,73,107,113,114,74,75,76,77,78,80,81,82
1,3,4,5,6,7,8,9,10,11,12,13,14,15,16,17,18,19,20,21,22,23,24,25,26,27,28,29,30,31,32,33,34,35,36,37,38,39,40,41,42,43,44,45,46,47,48,85,2,49,86,92,93,94,50,51,52,53,54,55,88,96,97,98,56,57,58,59,60,61,90,100,101,102,62,63,64,65,66,67,105,109,110,68,69,70,71,72,73,107,113,114,74,75,76,77,78,80,81,82
1,3,4,5,6,7,8,9,10,11,12,13,14,15,16,17,18,19,20,21,22,23,24,25,26,27,28,29,30,31,32,33,34,35,36,37,38,39,40,41,42,43,44,45,46,47,48,85,2,49,86,92,93,94,95,87,50,51,52,53,54,55,88,96,97,98,99,56,57,58,59,60,61,90,100,101,102,103,62,63,64,65,66,67,105,109,110,68,69,70,71,72,73,107,113,114,74,75,76,77,78,80,81,82
1,3,4,5,6,7,8,9,10,11,12,13,14,15,16,17,18,19,20,21,22,23,24,25,26,27,28,29,30,31,32,33,34,35,36,37,38,39,40,41,42,43,44,45,46,47,48,85,2,49,86,92,93,94,95,87,50,51,52,53,54,55,88,96,97,98,99,89,56,57,58,59,60,61,90,100,101,102,103,91,62,63,64,65,66,67,105,109,110,68,69,70,71,72,73,107,113,114,74,75,76,77,78,80,81,82
1,3,4,5,6,7,8,9,10,11,12,13,14,15,16,17,18,19,20,21,22,23,24,25,26,27,28,29,30,31,32,33,34,35,36,37,38,39,40,41,42,43,44,45,46,47,48,85,2,49,86,92,93,94,95,87,50,51,52,53,54,55,88,96,97,98,99,89,56,57,58,59,60,61,90,100,101,102,103,91,62,63,64,65,66,67,105,109,110,68,69,70,71,72,73,107,113,114,74,75,76,77,78,80,81,82
1,3,4,5,6,7,8,9,10,11,12,13,14,15,16,17,18,19,20,21,22,23,24,25,26,27,28,29,30,31,32,33,34,35,36,37,38,39,40,41,42,43,44,45,46,47,48,85,2,49,86,92,93,94,95,87,50,51,52,53,54,55,88,96,97,98,99,89,56,57,58,59,60,61,90,100,101,102,103,91,62,63,64,65,66,67,105,109,110,68,69,70,71,72,73,107,113,114,74,75,76,77,78,80,81,82
1,3,4,5,6,7,8,9,10,11,12,13,14,15,16,17,18,19,20,21,22,23,24,25,26,27,28,29,30,31,32,33,34,35,36,37,38,39,40,41,42,43,44,45,46,47,48,85,2,49,86,92,93,94,95,87,120,50,51,52,53,54,55,88,96,97,98,99,89,56,57,58,59,60,61,90,100,101,102,103,91,62,63,64,65,66,67,105,109,110,111,68,69,70,71,72,73,107,113,114,74,75,76,77,78,80,81,82
1,3,4,5,6,7,8,9,10,11,12,13,14,15,16,17,18,19,20,21,22,23,24,25,26,27,28,29,30,31,32,33,34,35,36,37,38,39,40,41,42,43,44,45,46,47,48,85,104,2,49,86,92,93,94,95,87,120,50,51,52,53,54,55,88,96,97,98,99,89,126,56,57,58,59,60,61,90,100,101,102,103,91,130,62,63,64,65,66,67,105,109,110,111,68,69,70,71,72,73,107,113,114,115,74,75,76,77,78,80,81,82
1,3,4,5,6,7,8,9,10,11,12,13,14,15,16,17,18,19,20,21,22,23,24,25,26,27,28,29,30,31,32,33,34,35,36,37,38,39,40,41,42,43,44,45,46,47,48,85,104,2,49,86,92,93,94,95,87,120,50,51,52,53,54,55,88,96,97,98,99,89,126,56,57,58,59,60,61,90,100,101,102,103,91,130,62,63,64,65,66,67,105,109,110,111,68,69,70,71,72,73,107,113,114,115,74,75,76,77,78,80,81,82
1,3,4,5,6,7,8,9,10,11,12,13,14,15,16,17,18,19,20,21,22,23,24,25,26,27,28,29,30,31,32,33,34,35,36,37,38,39,40,41,42,43,44,45,46,47,48,85,104,2,49,86,92,93,94,95,87,120,50,51,52,53,54,55,88,96,97,98,99,89,126,56,57,58,59,60,61,90,100,101,102,103,91,130,62,63,64,65,66,67,105,109,110,111,68,69,70,71,72,73,107,113,114,115,74,75,76,77,78,80,81,82
1,3,4,5,6,7,8,9,10,11,12,13,14,15,16,17,18,19,20,21,22,23,24,25,26,27,28,29,30,31,32,33,34,35,36,37,38,39,40,41,42,43,44,45,46,47,48,85,104,2,49,86,92,93,94,95,87,120,121,50,51,52,53,54,55,88,96,97,98,99,89,126,56,57,58,59,60,61,90,100,101,102,103,91,130,62,63,64,65,66,67,105,109,110,111,68,69,70,71,72,73,107,113,114,115,74,75,76,77,78,80,81,82
1,3,4,5,6,7,8,9,10,11,12,13,14,15,16,17,18,19,20,21,22,23,24,25,26,27,28,29,30,31,32,33,34,35,36,37,38,39,40,41,42,43,44,45,46,47,48,85,104,2,49,86,92,93,94,95,87,120,121,50,51,52,53,54,55,88,96,97,98,99,89,126,127,56,57,58,59,60,61,90,100,101,102,103,91,130,131,62,63,64,65,66,67,105,109,110,111,112,68,69,70,71,72,73,107,113,114,115,74,75,76,77,78,80,81,82
1,3,4,5,6,7,8,9,10,11,12,13,14,15,16,17,18,19,20,21,22,23,24,25,26,27,28,29,30,31,32,33,34,35,36,37,38,39,40,41,42,43,44,45,46,47,48,85,104,2,49,86,92,93,94,95,87,120,121,50,51,52,53,54,55,88,96,97,98,99,89,126,127,56,57,58,59,60,61,90,100,101,102,103,91,130,131,62,63,64,65,66,67,105,109,110,111,112,106,68,69,70,71,72,73,107,113,114,115,116,108,74,75,76,77,78,80,81,82
1,3,4,5,6,7,8,9,10,11,12,13,14,15,16,17,18,19,20,21,22,23,24,25,26,27,28,29,30,31,32,33,34,35,36,37,38,39,40,41,42,43,44,45,46,47,48,85,104,2,49,86,92,93,94,95,87,120,121,50,51,52,53,54,55,88,96,97,98,99,89,126,127,56,57,58,59,60,61,90,100,101,102,103,91,130,131,62,63,64,65,66,67,105,109,110,111,112,106,68,69,70,71,72,73,107,113,114,115,116,108,74,75,76,77,78,80,81,82
1,3,4,5,6,7,8,9,10,11,12,13,14,15,16,17,18,19,20,21,22,23,24,25,26,27,28,29,30,31,32,33,34,35,36,37,38,39,40,41,42,43,44,45,46,47,48,85,104,2,49,86,92,93,94,95,87,120,121,50,51,52,53,54,55,88,96,97,98,99,89,126,127,56,57,58,59,60,61,90,100,101,102,103,91,130,131,62,63,64,65,66,67,105,109,110,111,112,106,68,69,70,71,72,73,107,113,114,115,116,108,74,75,76,77,78,80,81,82
1,3,4,5,6,7,8,9,10,11,12,13,14,15,16,17,18,19,20,21,22,23,24,25,26,27,28,29,30,31,32,33,34,35,36,37,38,39,40,41,42,43,44,45,46,47,48,85,104,2,49,86,92,93,94,95,87,120,121,50,51,52,53,54,55,88,96,97,98,99,89,126,127,56,57,58,59,60,61,90,100,101,102,103,91,130,131,62,63,64,65,66,67,105,109,110,111,112,106,68,69,70,71,72,73,107,113,114,115,116,108,74,75,76,77,78,80,81,82
1,3,4,5,6,7,8,9,10,11,12,13,14,15,16,17,18,19,20,21,22,23,24,25,26,27,28,29,30,31,32,33,34,35,36,37,38,39,40,41,42,43,44,45,46,47,48,85,104,2,49,86,92,93,94,95,87,120,121,50,51,52,53,54,55,88,96,97,98,99,89,126,127,56,57,58,59,60,61,90,100,101,102,103,91,130,131,62,63,64,65,66,67,105,109,110,111,112,106,68,69,70,71,72,73,107,113,114,115,116,108,74,75,76,77,78,80,81,82
1,3,4,5,6,7,8,9,10,11,12,13,14,15,16,17,18,19,20,21,22,23,24,25,26,27,28,29,30,31,32,33,34,35,36,37,38,39,40,41,42,43,44,45,46,47,48,85,104,2,49,86,92,93,94,95,87,120,121,50,51,52,53,54,55,88,96,97,98,99,89,126,127,56,57,58,59,60,61,90,100,101,102,103,91,130,131,62,63,64,65,66,67,105,109,110,111,112,106,68,69,70,71,72,73,107,113,114,115,116,108,74,75,76,77,78,80,81,82
1,3,4,5,6,7,8,9,10,11,12,13,14,15,16,17,18,19,20,21,22,23,24,25,26,27,28,29,30,31,32,33,34,35,36,37,38,39,40,41,42,43,44,45,46,47,48,85,104,2,49,86,92,93,94,95,87,120,121,50,51,52,53,54,55,88,96,97,98,99,89,126,127,56,57,58,59,60,61,90,100,101,102,103,91,130,131,62,63,64,65,66,67,105,109,110,111,112,106,68,69,70,71,72,73,107,113,114,115,116,108,74,75,76,77,78,80,81,82
1,3,4,5,6,7,8,9,10,11,12,13,14,15,16,17,18,19,20,21,22,23,24,25,26,27,28,29,30,31,32,33,34,35,36,37,38,39,40,41,42,43,44,45,46,47,48,85,104,2,49,86,92,93,94,95,87,120,121,50,51,52,53,54,55,88,96,97,98,99,89,126,127,56,57,58,59,60,61,90,100,101,102,103,91,130,131,62,63,64,65,66,67,105,109,110,111,112,106,68,69,70,71,72,73,107,113,114,115,116,108,74,75,76,77,78,80,81,82
1,3,4,5,6,7,8,9,10,11,12,13,14,15,16,17,18,19,20,21,22,23,24,25,26,27,28,29,30,31,32,33,34,35,36,37,38,39,40,41,42,43,44,45,46,47,48,85,104,2,49,86,92,93,94,95,87,120,121,50,51,52,53,54,55,88,96,97,98,99,89,126,127,56,57,58,59,60,61,90,100,101,102,103,91,130,131,62,63,64,65,66,67,105,109,110,111,112,106,68,69,70,71,72,73,107,113,114,115,116,108,74,75,76,77,78,80,81,82
1,3,4,5,6,7,8,9,10,11,12,13,14,15,16,17,18,19,20,21,22,23,24,25,26,27,28,29,30,31,32,33,34,35,36,37,38,39,40,41,42,43,44,45,46,47,48,85,104,2,49,86,92,93,94,95,87,120,121,50,51,52,53,54,55,88,96,97,98,99,89,126,127,56,57,58,59,60,61,90,100,101,102,103,91,130,131,62,63,64,65,66,67,105,109,110,111,112,106,68,69,70,71,72,73,107,113,114,115,116,108,74,75,76,77,78,80,81,82
1,3,4,5,6,7,8,9,10,11,12,13,14,15,16,17,18,19,20,21,22,23,24,25,26,27,28,29,30,31,32,33,34,35,36,37,38,39,40,41,42,43,44,45,46,47,48,85,104,2,49,86,92,93,94,95,87,120,121,50,51,52,53,54,55,88,96,97,98,99,89,126,127,56,57,58,59,60,61,90,100,101,102,103,91,130,131,62,63,64,65,66,67,105,109,110,111,112,106,68,69,70,71,72,73,107,113,114,115,116,108,74,75,76,77,78,80,81,82
1,3,4,5,6,7,8,9,10,11,12,13,14,15,16,17,18,19,20,21,22,23,24,25,26,27,28,29,30,31,32,33,34,35,36,37,38,39,40,41,42,43,44,45,46,47,48,85,104,2,49,86,92,93,94,95,87,120,121,50,51,52,53,54,55,88,96,97,98,99,89,126,127,56,57,58,59,60,61,90,100,101,102,103,91,130,131,62,63,64,65,66,67,105,109,110,111,112,106,68,69,70,71,72,73,107,113,114,115,116,108,74,75,76,77,78,80,81,82
1,3,4,5,6,7,8,9,10,11,12,13,14,15,16,17,18,19,20,21,22,23,24,25,26,27,28,29,30,31,32,33,34,35,36,37,38,39,40,41,42,43,44,45,46,47,48,85,104,2,49,86,92,93,94,95,87,120,121,50,51,52,53,54,55,88,96,97,98,99,89,126,127,56,57,58,59,60,61,90,100,101,102,103,91,130,131,62,63,64,65,66,67,105,109,110,111,112,106,136,68,69,70,71,72,73,107,113,114,115,116,108,140,74,75,76,77,78,80,81,82
1,3,4,5,6,7,8,9,10,11,12,13,14,15,16,17,18,19,20,21,22,23,24,25,26,27,28,29,30,31,32,33,34,35,36,37,38,39,40,41,42,43,44,45,46,47,48,85,104,2,49,86,92,93,94,95,87,120,121,50,51,52,53,54,55,88,96,97,98,99,89,126,127,56,57,58,59,60,61,90,100,101,102,103,91,130,131,62,63,64,65,66,67,105,109,110,111,112,106,136,68,69,70,71,72,73,107,113,114,115,116,108,140,74,75,76,77,78,80,81,82
1,3,4,5,6,7,8,9,10,11,12,13,14,15,16,17,18,19,20,21,22,23,24,25,26,27,28,29,30,31,32,33,34,35,36,37,38,39,40,41,42,43,44,45,46,47,48,85,104,2,49,86,92,93,94,95,87,120,121,50,51,52,53,54,55,88,96,97,98,99,89,126,127,56,57,58,59,60,61,90,100,101,102,103,91,130,131,62,63,64,65,66,67,105,109,110,111,112,106,136,68,69,70,71,72,73,107,113,114,115,116,108,140,74,75,76,77,78,80,81,82
1,3,4,5,6,7,8,9,10,11,12,13,14,15,16,17,18,19,20,21,22,23,24,25,26,27,28,29,30,31,32,33,34,35,36,37,38,39,40,41,42,43,44,45,46,47,48,85,104,2,49,86,92,93,94,95,87,120,121,50,51,52,53,54,55,88,96,97,98,99,89,126,127,56,57,58,59,60,61,90,100,101,102,103,91,130,131,62,63,64,65,66,67,105,109,110,111,112,106,136,68,69,70,71,72,73,107,113,114,115,116,108,140,74,75,76,77,78,80,81,82
1,3,4,5,6,7,8,9,10,11,12,13,14,15,16,17,18,19,20,21,22,23,24,25,26,27,28,29,30,31,32,33,34,35,36,37,38,39,40,41,42,43,44,45,46,47,48,85,104,2,49,86,92,93,94,95,87,120,121,50,51,52,53,54,55,88,96,97,98,99,89,126,127,56,57,58,59,60,61,90,100,101,102,103,91,130,131,62,63,64,65,66,67,105,109,110,111,112,106,136,137,68,69,70,71,72,73,107,113,114,115,116,108,140,141,74,75,76,77,78,80,81,82
1,3,4,5,6,7,8,9,10,11,12,13,14,15,16,17,18,19,20,21,22,23,24,25,26,27,28,29,30,31,32,33,34,35,36,37,38,39,40,41,42,43,44,45,46,47,48,85,104,2,49,86,92,93,94,95,87,120,121,50,51,52,53,54,55,88,96,97,98,99,89,126,127,56,57,58,59,60,61,90,100,101,102,103,91,130,131,62,63,64,65,66,67,105,109,110,111,112,106,136,137,68,69,70,71,72,73,107,113,114,115,116,108,140,141,74,75,76,77,78,80,81,82
1,3,4,5,6,7,8,9,10,11,12,13,14,15,16,17,18,19,20,21,22,23,24,25,26,27,28,29,30,31,32,33,34,35,36,37,38,39,40,41,42,43,44,45,46,47,48,85,104,2,49,86,92,93,94,95,87,120,121,50,51,52,53,54,55,88,96,97,98,99,89,126,127,56,57,58,59,60,61,90,100,101,102,103,91,130,131,62,63,64,65,66,67,105,109,110,111,112,106,136,137,68,69,70,71,72,73,107,113,114,115,116,108,140,141,74,75,76,77,78,80,81,82
1,3,4,5,6,7,8,9,10,11,12,13,14,15,16,17,18,19,20,21,22,23,24,25,26,27,28,29,30,31,32,33,34,35,36,37,38,39,40,41,42,43,44,45,46,47,48,85,104,117,2,49,86,92,93,94,95,87,120,121,50,51,52,53,54,55,88,96,97,98,99,89,126,127,56,57,58,59,60,61,90,100,101,102,103,91,130,131,62,63,64,65,66,67,105,109,110,111,112,106,136,137,68,69,70,71,72,73,107,113,114,115,116,108,140,141,74,75,76,77,78,80,81,82
1,3,4,5,6,7,8,9,10,11,12,13,14,15,16,17,18,19,20,21,22,23,24,25,26,27,28,29,30,31,32,33,34,35,36,37,38,39,40,41,42,43,44,45,46,47,48,85,104,117,2,49,86,92,93,94,95,87,120,121,50,51,52,53,54,55,88,96,97,98,99,89,126,127,56,57,58,59,60,61,90,100,101,102,103,91,130,131,62,63,64,65,66,67,105,109,110,111,112,106,136,137,68,69,70,71,72,73,107,113,114,115,116,108,140,141,74,75,76,77,78,80,81,82
1,3,4,5,6,7,8,9,10,11,12,13,14,15,16,17,18,19,20,21,22,23,24,25,26,27,28,29,30,31,32,33,34,35,36,37,38,39,40,41,42,43,44,45,46,47,48,85,104,117,2,49,86,92,93,94,95,87,120,121,50,51,52,53,54,55,88,96,97,98,99,89,126,127,56,57,58,59,60,61,90,100,101,102,103,91,130,131,62,63,64,65,66,67,105,109,110,111,112,106,136,137,68,69,70,71,72,73,107,113,114,115,116,108,140,141,74,75,76,77,78,80,81,82
1,3,4,5,6,7,8,9,10,11,12,13,14,15,16,17,18,19,20,21,22,23,24,25,26,27,28,29,30,31,32,33,34,35,36,37,38,39,40,41,42,43,44,45,46,47,48,85,104,117,2,49,86,92,93,94,95,87,120,121,50,51,52,53,54,55,88,96,97,98,99,89,126,127,56,57,58,59,60,61,90,100,101,102,103,91,130,131,62,63,64,65,66,67,105,109,110,111,112,106,136,137,68,69,70,71,72,73,107,113,114,115,116,108,140,141,74,75,76,77,78,80,81,82
1,3,4,5,6,7,8,9,10,11,12,13,14,15,16,17,18,19,20,21,22,23,24,25,26,27,28,29,30,31,32,33,34,35,36,37,38,39,40,41,42,43,44,45,46,47,48,85,104,117,2,49,86,92,93,94,95,87,120,121,50,51,52,53,54,55,88,96,97,98,99,89,126,127,56,57,58,59,60,61,90,100,101,102,103,91,130,131,62,63,64,65,66,67,105,109,110,111,112,106,136,137,68,69,70,71,72,73,107,113,114,115,116,108,140,141,74,75,76,77,78,80,81,82
1,3,4,5,6,7,8,9,10,11,12,13,14,15,16,17,18,19,20,21,22,23,24,25,26,27,28,29,30,31,32,33,34,35,36,37,38,39,40,41,42,43,44,45,46,47,48,85,104,117,2,49,86,92,93,94,95,87,120,121,50,51,52,53,54,55,88,96,97,98,99,89,126,127,56,57,58,59,60,61,90,100,101,102,103,91,130,131,62,63,64,65,66,67,105,109,110,111,112,106,136,137,68,69,70,71,72,73,107,113,114,115,116,108,140,141,74,75,76,77,78,80,81,82
1,3,4,5,6,7,8,9,10,11,12,13,14,15,16,17,18,19,20,21,22,23,24,25,26,27,28,29,30,31,32,33,34,35,36,37,38,39,40,41,42,43,44,45,46,47,48,85,104,117,2,49,86,92,93,94,95,87,120,121,50,51,52,53,54,55,88,96,97,98,99,89,126,127,56,57,58,59,60,61,90,100,101,102,103,91,130,131,62,63,64,65,66,67,105,109,110,111,112,106,136,137,68,69,70,71,72,73,107,113,114,115,116,108,140,141,74,75,76,77,78,80,81,82
1,3,4,5,6,7,8,9,10,11,12,13,14,15,16,17,18,19,20,21,22,23,24,25,26,27,28,29,30,31,32,33,34,35,36,37,38,39,40,41,42,43,44,45,46,47,48,85,104,117,2,49,86,92,93,94,95,87,120,121,50,51,52,53,54,55,88,96,97,98,99,89,126,127,56,57,58,59,60,61,90,100,101,102,103,91,130,131,62,63,64,65,66,67,105,109,110,111,112,106,136,137,68,69,70,71,72,73,107,113,114,115,116,108,140,141,74,75,76,77,78,80,81,82
1,3,4,5,6,7,8,9,10,11,12,13,14,15,16,17,18,19,20,21,22,23,24,25,26,27,28,29,30,31,32,33,34,35,36,37,38,39,40,41,42,43,44,45,46,47,48,85,104,117,2,49,86,92,93,94,95,87,120,121,50,51,52,53,54,55,88,96,97,98,99,89,126,127,56,57,58,59,60,61,90,100,101,102,103,91,130,131,62,63,64,65,66,67,105,109,110,111,112,106,136,137,68,69,70,71,72,73,107,113,114,115,116,108,140,141,74,75,76,77,78,80,81,82
1,3,4,5,6,7,8,9,10,11,12,13,14,15,16,17,18,19,20,21,22,23,24,25,26,27,28,29,30,31,32,33,34,35,36,37,38,39,40,41,42,43,44,45,46,47,48,85,104,117,2,49,86,92,93,94,95,87,120,121,50,51,52,53,54,55,88,96,97,98,99,89,126,127,56,57,58,59,60,61,90,100,101,102,103,91,130,131,62,63,64,65,66,67,105,109,110,111,112,106,136,137,68,69,70,71,72,73,107,113,114,115,116,108,140,141,74,75,76,77,78,80,81,82
1,3,4,5,6,7,8,9,10,11,12,13,14,15,16,17,18,19,20,21,22,23,24,25,26,27,28,29,30,31,32,33,34,35,36,37,38,39,40,41,42,43,44,45,46,47,48,85,104,117,2,49,86,92,93,94,95,87,120,121,50,51,52,53,54,55,88,96,97,98,99,89,126,127,56,57,58,59,60,61,90,100,101,102,103,91,130,131,62,63,64,65,66,67,105,109,110,111,112,106,136,137,68,69,70,71,72,73,107,113,114,115,116,108,140,141,74,75,76,77,78,80,81,82
1,3,4,5,6,7,8,9,10,11,12,13,14,15,16,17,18,19,20,21,22,23,24,25,26,27,28,29,30,31,32,33,34,35,36,37,38,39,40,41,42,43,44,45,46,47,48,85,104,117,2,49,86,92,93,94,95,87,120,121,50,51,52,53,54,55,88,96,97,98,99,89,126,127,56,57,58,59,60,61,90,100,101,102,103,91,130,131,62,63,64,65,66,67,105,109,110,111,112,106,136,137,68,69,70,71,72,73,107,113,114,115,116,108,140,141,74,75,76,77,78,80,81,82
1,3,4,5,6,7,8,9,10,11,12,13,14,15,16,17,18,19,20,21,22,23,24,25,26,27,28,29,30,31,32,33,34,35,36,37,38,39,40,41,42,43,44,45,46,47,48,85,104,117,2,49,86,92,93,94,95,87,120,121,50,51,52,53,54,55,88,96,97,98,99,89,126,127,56,57,58,59,60,61,90,100,101,102,103,91,130,131,62,63,64,65,66,67,105,109,110,111,112,106,136,137,68,69,70,71,72,73,107,113,114,115,116,108,140,141,74,75,76,77,78,80,81,82
1,3,4,5,6,7,8,9,10,11,12,13,14,15,16,17,18,19,20,21,22,23,24,25,26,27,28,29,30,31,32,33,34,35,36,37,38,39,40,41,42,43,44,45,46,47,48,85,104,117,2,49,86,92,93,94,95,87,120,121,50,51,52,53,54,55,88,96,97,98,99,89,126,127,56,57,58,59,60,61,90,100,101,102,103,91,130,131,62,63,64,65,66,67,105,109,110,111,112,106,136,137,68,69,70,71,72,73,107,113,114,115,116,108,140,141,74,75,76,77,78,80,81,82
1,3,4,5,6,7,8,9,10,11,12,13,14,15,16,17,18,19,20,21,22,23,24,25,26,27,28,29,30,31,32,33,34,35,36,37,38,39,40,41,42,43,44,45,46,47,48,85,104,117,2,49,86,92,93,94,95,87,120,121,50,51,52,53,54,55,88,96,97,98,99,89,126,127,56,57,58,59,60,61,90,100,101,102,103,91,130,131,62,63,64,65,66,67,105,109,110,111,112,106,136,137,68,69,70,71,72,73,107,113,114,115,116,108,140,141,74,75,76,77,78,80,81,82
1,3,4,5,6,7,8,9,10,11,12,13,14,15,16,17,18,19,20,21,22,23,24,25,26,27,28,29,30,31,32,33,34,35,36,37,38,39,40,41,42,43,44,45,46,47,48,85,104,117,2,49,86,92,93,94,95,87,120,121,50,51,52,53,54,55,88,96,97,98,99,89,126,127,56,57,58,59,60,61,90,100,101,102,103,91,130,131,62,63,64,65,66,67,105,109,110,111,112,106,136,137,68,69,70,71,72,73,107,113,114,115,116,108,140,141,74,75,76,77,78,80,81,82
1,3,4,5,6,7,8,9,10,11,12,13,14,15,16,17,18,19,20,21,22,23,24,25,26,27,28,29,30,31,32,33,34,35,36,37,38,39,40,41,42,43,44,45,46,47,48,85,104,117,2,49,86,92,93,94,95,87,120,121,50,51,52,53,54,55,88,96,97,98,99,89,126,127,56,57,58,59,60,61,90,100,101,102,103,91,130,131,62,63,64,65,66,67,105,109,110,111,112,106,136,137,68,69,70,71,72,73,107,113,114,115,116,108,140,141,74,75,76,77,78,80,81,82
1,3,4,5,6,7,8,9,10,11,12,13,14,15,16,17,18,19,20,21,22,23,24,25,26,27,28,29,30,31,32,33,34,35,36,37,38,39,40,41,42,43,44,45,46,47,48,85,104,117,2,49,86,92,93,94,95,87,120,121,50,51,52,53,54,55,88,96,97,98,99,89,126,127,56,57,58,59,60,61,90,100,101,102,103,91,130,131,62,63,64,65,66,67,105,109,110,111,112,106,136,137,68,69,70,71,72,73,107,113,114,115,116,108,140,141,74,75,76,77,78,80,81,82
1,3,4,5,6,7,8,9,10,11,12,13,14,15,16,17,18,19,20,21,22,23,24,25,26,27,28,29,30,31,32,33,34,35,36,37,38,39,40,41,42,43,44,45,46,47,48,85,104,117,2,49,86,92,93,94,95,87,120,121,50,51,52,53,54,55,88,96,97,98,99,89,126,127,56,57,58,59,60,61,90,100,101,102,103,91,130,131,62,63,64,65,66,67,105,109,110,111,112,106,136,137,68,69,70,71,72,73,107,113,114,115,116,108,140,141,74,75,76,77,78,80,81,82
1,3,4,5,6,7,8,9,10,11,12,13,14,15,16,17,18,19,20,21,22,23,24,25,26,27,28,29,30,31,32,33,34,35,36,37,38,39,40,41,42,43,44,45,46,47,48,85,104,117,2,49,86,92,93,94,95,87,120,121,50,51,52,53,54,55,88,96,97,98,99,89,126,127,56,57,58,59,60,61,90,100,101,102,103,91,130,131,62,63,64,65,66,67,105,109,110,111,112,106,136,137,68,69,70,71,72,73,107,113,114,115,116,108,140,141,74,75,76,77,78,80,81,82
1,3,4,5,6,7,8,9,10,11,12,13,14,15,16,17,18,19,20,21,22,23,24,25,26,27,28,29,30,31,32,33,34,35,36,37,38,39,40,41,42,43,44,45,46,47,48,85,104,117,2,49,86,92,93,94,95,87,120,121,50,51,52,53,54,55,88,96,97,98,99,89,126,127,56,57,58,59,60,61,90,100,101,102,103,91,130,131,62,63,64,65,66,67,105,109,110,111,112,106,136,137,68,69,70,71,72,73,107,113,114,115,116,108,140,141,74,75,76,77,78,80,81,82
1,3,4,5,6,7,8,9,10,11,12,13,14,15,16,17,18,19,20,21,22,23,24,25,26,27,28,29,30,31,32,33,34,35,36,37,38,39,40,41,42,43,44,45,46,47,48,85,104,117,2,49,86,92,93,94,95,87,120,121,50,51,52,53,54,55,88,96,97,98,99,89,126,127,56,57,58,59,60,61,90,100,101,102,103,91,130,131,62,63,64,65,66,67,105,109,110,111,112,106,136,137,68,69,70,71,72,73,107,113,114,115,116,108,140,141,74,75,76,77,78,80,81,82
1,3,4,5,6,7,8,9,10,11,12,13,14,15,16,17,18,19,20,21,22,23,24,25,26,27,28,29,30,31,32,33,34,35,36,37,38,39,40,41,42,43,44,45,46,47,48,85,104,117,2,49,86,92,93,94,95,87,120,121,50,51,52,53,54,55,88,96,97,98,99,89,126,127,56,57,58,59,60,61,90,100,101,102,103,91,130,131,62,63,64,65,66,67,105,109,110,111,112,106,136,137,68,69,70,71,72,73,107,113,114,115,116,108,140,141,74,75,76,77,78,80,81,82
1,3,4,5,6,7,8,9,10,11,12,13,14,15,16,17,18,19,20,21,22,23,24,25,26,27,28,29,30,31,32,33,34,35,36,37,38,39,40,41,42,43,44,45,46,47,48,85,104,117,2,49,86,92,93,94,95,87,120,121,50,51,52,53,54,55,88,96,97,98,99,89,126,127,56,57,58,59,60,61,90,100,101,102,103,91,130,131,62,63,64,65,66,67,105,109,110,111,112,106,136,137,68,69,70,71,72,73,107,113,114,115,116,108,140,141,74,75,76,77,78,80,81,82
1,3,4,5,6,7,8,9,10,11,12,13,14,15,16,17,18,19,20,21,22,23,24,25,26,27,28,29,30,31,32,33,34,35,36,37,38,39,40,41,42,43,44,45,46,47,48,85,104,117,2,49,86,92,93,94,95,87,120,121,50,51,52,53,54,55,88,96,97,98,99,89,126,127,56,57,58,59,60,61,90,100,101,102,103,91,130,131,62,63,64,65,66,67,105,109,110,111,112,106,136,137,68,69,70,71,72,73,107,113,114,115,116,108,140,141,74,75,76,77,78,80,81,82
1,3,4,5,6,7,8,9,10,11,12,13,14,15,16,17,18,19,20,21,22,23,24,25,26,27,28,29,30,31,32,33,34,35,36,37,38,39,40,41,42,43,44,45,46,47,48,85,104,117,118,2,49,86,92,93,94,95,87,120,121,50,51,52,53,54,55,88,96,97,98,99,89,126,127,56,57,58,59,60,61,90,100,101,102,103,91,130,131,62,63,64,65,66,67,105,109,110,111,112,106,136,137,68,69,70,71,72,73,107,113,114,115,116,108,140,141,74,75,76,77,78,80,81,82
1,3,4,5,6,7,8,9,10,11,12,13,14,15,16,17,18,19,20,21,22,23,24,25,26,27,28,29,30,31,32,33,34,35,36,37,38,39,40,41,42,43,44,45,46,47,48,85,104,117,118,2,49,86,92,93,94,95,87,120,121,50,51,52,53,54,55,88,96,97,98,99,89,126,127,56,57,58,59,60,61,90,100,101,102,103,91,130,131,62,63,64,65,66,67,105,109,110,111,112,106,136,137,68,69,70,71,72,73,107,113,114,115,116,108,140,141,74,75,76,77,78,80,81,82
1,3,4,5,6,7,8,9,10,11,12,13,14,15,16,17,18,19,20,21,22,23,24,25,26,27,28,29,30,31,32,33,34,35,36,37,38,39,40,41,42,43,44,45,46,47,48,85,104,117,118,2,49,86,92,93,94,95,87,120,121,50,51,52,53,54,55,88,96,97,98,99,89,126,127,56,57,58,59,60,61,90,100,101,102,103,91,130,131,62,63,64,65,66,67,105,109,110,111,112,106,136,137,68,69,70,71,72,73,107,113,114,115,116,108,140,141,74,75,76,77,78,80,81,82
1,3,4,5,6,7,8,9,10,11,12,13,14,15,16,17,18,19,20,21,22,23,24,25,26,27,28,29,30,31,32,33,34,35,36,37,38,39,40,41,42,43,44,45,46,47,48,85,104,117,118,2,49,86,92,93,94,95,87,120,121,50,51,52,53,54,55,88,96,97,98,99,89,126,127,56,57,58,59,60,61,90,100,101,102,103,91,130,131,62,63,64,65,66,67,105,109,110,111,112,106,136,137,68,69,70,71,72,73,107,113,114,115,116,108,140,141,74,75,76,77,78,80,81,82
1,3,4,5,6,7,8,9,10,11,12,13,14,15,16,17,18,19,20,21,22,23,24,25,26,27,28,29,30,31,32,33,34,35,36,37,38,39,40,41,42,43,44,45,46,47,48,85,104,117,118,2,49,86,92,93,94,95,87,120,121,50,51,52,53,54,55,88,96,97,98,99,89,126,127,56,57,58,59,60,61,90,100,101,102,103,91,130,131,62,63,64,65,66,67,105,109,110,111,112,106,136,137,68,69,70,71,72,73,107,113,114,115,116,108,140,141,74,75,76,77,78,80,81,82
1,3,4,5,6,7,8,9,10,11,12,13,14,15,16,17,18,19,20,21,22,23,24,25,26,27,28,29,30,31,32,33,34,35,36,37,38,39,40,41,42,43,44,45,46,47,48,85,104,117,118,2,49,86,92,93,94,95,87,120,121,50,51,52,53,54,55,88,96,97,98,99,89,126,127,56,57,58,59,60,61,90,100,101,102,103,91,130,131,62,63,64,65,66,67,105,109,110,111,112,106,136,137,68,69,70,71,72,73,107,113,114,115,116,108,140,141,74,75,76,77,78,80,81,82
1,3,4,5,6,7,8,9,10,11,12,13,14,15,16,17,18,19,20,21,22,23,24,25,26,27,28,29,30,31,32,33,34,35,36,37,38,39,40,41,42,43,44,45,46,47,48,85,104,117,118,2,49,86,92,93,94,95,87,120,121,50,51,52,53,54,55,88,96,97,98,99,89,126,127,56,57,58,59,60,61,90,100,101,102,103,91,130,131,62,63,64,65,66,67,105,109,110,111,112,106,136,137,68,69,70,71,72,73,107,113,114,115,116,108,140,141,74,75,76,77,78,80,81,82
1,3,4,5,6,7,8,9,10,11,12,13,14,15,16,17,18,19,20,21,22,23,24,25,26,27,28,29,30,31,32,33,34,35,36,37,38,39,40,41,42,43,44,45,46,47,48,85,104,117,118,2,49,86,92,93,94,95,87,120,121,50,51,52,53,54,55,88,96,97,98,99,89,126,127,56,57,58,59,60,61,90,100,101,102,103,91,130,131,62,63,64,65,66,67,105,109,110,111,112,106,136,137,68,69,70,71,72,73,107,113,114,115,116,108,140,141,74,75,76,77,78,80,81,82
1,3,4,5,6,7,8,9,10,11,12,13,14,15,16,17,18,19,20,21,22,23,24,25,26,27,28,29,30,31,32,33,34,35,36,37,38,39,40,41,42,43,44,45,46,47,48,85,104,117,118,2,49,86,92,93,94,95,87,120,121,50,51,52,53,54,55,88,96,97,98,99,89,126,127,56,57,58,59,60,61,90,100,101,102,103,91,130,131,62,63,64,65,66,67,105,109,110,111,112,106,136,137,68,69,70,71,72,73,107,113,114,115,116,108,140,141,74,75,76,77,78,80,81,82
1,3,4,5,6,7,8,9,10,11,12,13,14,15,16,17,18,19,20,21,22,23,24,25,26,27,28,29,30,31,32,33,34,35,36,37,38,39,40,41,42,43,44,45,46,47,48,85,104,117,118,2,49,86,92,93,94,95,87,120,121,50,51,52,53,54,55,88,96,97,98,99,89,126,127,56,57,58,59,60,61,90,100,101,102,103,91,130,131,62,63,64,65,66,67,105,109,110,111,112,106,136,137,68,69,70,71,72,73,107,113,114,115,116,108,140,141,74,75,76,77,78,80,81,82
1,3,4,5,6,7,8,9,10,11,12,13,14,15,16,17,18,19,20,21,22,23,24,25,26,27,28,29,30,31,32,33,34,35,36,37,38,39,40,41,42,43,44,45,46,47,48,85,104,117,118,2,49,86,92,93,94,95,87,120,121,50,51,52,53,54,55,88,96,97,98,99,89,126,127,56,57,58,59,60,61,90,100,101,102,103,91,130,131,62,63,64,65,66,67,105,109,110,111,112,106,136,137,68,69,70,71,72,73,107,113,114,115,116,108,140,141,74,75,76,77,78,80,81,82
1,3,4,5,6,7,8,9,10,11,12,13,14,15,16,17,18,19,20,21,22,23,24,25,26,27,28,29,30,31,32,33,34,35,36,37,38,39,40,41,42,43,44,45,46,47,48,85,104,117,118,2,49,86,92,93,94,95,87,120,121,50,51,52,53,54,55,88,96,97,98,99,89,126,127,56,57,58,59,60,61,90,100,101,102,103,91,130,131,62,63,64,65,66,67,105,109,110,111,112,106,136,137,68,69,70,71,72,73,107,113,114,115,116,108,140,141,74,75,76,77,78,80,81,82
1,3,4,5,6,7,8,9,10,11,12,13,14,15,16,17,18,19,20,21,22,23,24,25,26,27,28,29,30,31,32,33,34,35,36,37,38,39,40,41,42,43,44,45,46,47,48,85,104,117,118,2,49,86,92,93,94,95,87,120,121,50,51,52,53,54,55,88,96,97,98,99,89,126,127,56,57,58,59,60,61,90,100,101,102,103,91,130,131,62,63,64,65,66,67,105,109,110,111,112,106,136,137,68,69,70,71,72,73,107,113,114,115,116,108,140,141,74,75,76,77,78,80,81,82
1,3,4,5,6,7,8,9,10,11,12,13,14,15,16,17,18,19,20,21,22,23,24,25,26,27,28,29,30,31,32,33,34,35,36,37,38,39,40,41,42,43,44,45,46,47,48,85,104,117,118,2,49,86,92,93,94,95,87,120,121,50,51,52,53,54,55,88,96,97,98,99,89,126,127,56,57,58,59,60,61,90,100,101,102,103,91,130,131,62,63,64,65,66,67,105,109,110,111,112,106,136,137,68,69,70,71,72,73,107,113,114,115,116,108,140,141,74,75,76,77,78,80,81,82
