0.2864438993983479,0.286441307602152,0.2864296085822742,0.2864264676762001,0.2864261459765259,0.286429115170211,0.28641177554627406,0.28641503597245854,0.28641477135518834,0.2864121693365236,0.28639998924707905,0.2863972548714747,0.28639922172935894,0.28640107268537024,0.28638526278191373,0.2863879679551314,0.2863898668254345,0.286386888237514,0.28638356005255206,0.28638076440545407,0.28638657782772386,0.28638688970966847
0.2864502303881959,0.2864476404117859,0.28643590027651444,0.28643276155843217,0.2864324793171373,0.28643544642955926,0.2864181537574624,0.2864214118858978,0.28642110256534764,0.28641850236751676,0.2864063307842728,0.2864035983219513,0.28640555372330384,0.28640740338622084,0.28639044674131464,0.2863931503698249,0.2863961892908726,0.2863931876093877,0.28638973472666995,0.2863869039139652,0.2863928988979306,0.2863932156472495
0.2864470903150675,0.2864444994360634,0.28643275521788575,0.28642961540607165,0.2864293233103821,0.2864322914599411,0.28641499275190074,0.28641825201909893,0.28641793281036254,0.28641533170091293,0.28640315585895054,0.2864004224387243,0.2864023687168714,0.28640421903022345,0.2863862718941266,0.28638897676665426,0.2863929854698156,0.28638995881924884,0.2863863522079251,0.2863834835550072,0.2863896899735949,0.2863900118998199
0.28644636749456676,0.2864437764077947,0.2864320312497765,0.2864288911861966,0.28642858953718936,0.28643155792788016,0.2864142578164974,0.28641751734845494,0.2864171885691196,0.286414587245629,0.2864024104037554,0.28639967675862094,0.2864016136330156,0.28640346410056755,0.2863853926893045,0.28638809782381314,0.28639221487583305,0.2863891664087683,0.28638533488671053,0.28638242898167765,0.28638891411794926,0.28638924139656324
0.28644355504396757,0.2864409631487915,0.2864292143339452,0.28642607329077063,0.28642576232408207,0.28642873164384064,0.2864114261254646,0.28641468667752557,0.2864143485495577,0.2864117464092982,0.2863995657518105,0.2863968312484377,0.28639875945867943,0.2864006105090917,0.28638253341354775,0.28638523940003846,0.28638934388706583,0.2863862753913233,0.2863822399809729,0.2863792960963436,0.28638603594665973,0.2863863689519936
0.2864407718172227,0.28643817912205644,0.286426426688445,0.28642328467587036,0.28642296469529205,0.28642593493438073,0.2864086240656845,0.28641188562715786,0.28641153845491896,0.28640893550650953,0.28639675107367973,0.2863940157211249,0.28639593556469234,0.28639778719177167,0.28637970447235,0.28638241130176995,0.28638650411900685,0.2863834181665212,0.28637914974168954,0.2863761679554494,0.2863831877825249,0.28638352683725293
0.28644084705523554,0.2864382543816949,0.28642650204590686,0.28642336005953767,0.2864230314382052,0.2864260016553618,0.2864086909143077,0.2864119524516995,0.28641159662788945,0.2864089936962099,0.28639680934153555,0.2863940740065596,0.2863959851689207,0.2863978367858702,0.2863798770230717,0.28638258380107806,0.28638654172785816,0.2863834417907314,0.28637890838161173,0.2863758898889573,0.2863832167461353,0.28638356211316085
0.2864432587095981,0.2864406667292455,0.2864289175291011,0.28642577638271227,0.28642543951155475,0.28642840893739324,0.28641110280165144,0.2864143634701869,0.28641399940184126,0.2864113971611699,0.28639921603460233,0.28639648142571955,0.2863983837359509,0.2864002348630901,0.2863822798446152,0.2863849859066617,0.2863889316418517,0.28638582090767783,0.2863809871156612,0.28637793324822824,0.28638559761209087,0.28638594956509816
0.2864437269370928,0.2864411350913252,0.28642938649997796,0.28642624551667456,0.28642590069796287,0.28642886997224976,0.2864115647185093,0.286414825220643,0.28641445319743436,0.28641185108727,0.28639967057037763,0.28639693609862815,0.28639883032791913,0.2864006813638591,0.28638272722874314,0.2863854331574827,0.2863893684241363,0.2863862483885411,0.28638138580928174,0.2863782969099246,0.28638602341829383,0.286386382392768
0.28644160712075833,0.2864390146656842,0.2864273126779081,0.2864241709734336,0.28642376905402517,0.2864267390287951,0.28640939484993577,0.28641265613374345,0.2864123111982899,0.2864097084721109,0.2863976408368122,0.2863949057526951,0.2863966769547124,0.28639852843039343,0.28638044718746497,0.2863831537955823,0.2863872032648586,0.2863840748461128,0.28637903499327705,0.2863759112971453,0.28638384483693685,0.2863842114837601
0.28643967061066167,0.28643707759897574,0.2864253237335878,0.28642218133746644,0.28642182144320605,0.2864247920579756,0.28640747900289587,0.2864107409768607,0.28641035383116437,0.286407750542075,0.2863955645177339,0.28639282880720207,0.28639470889895263,0.2863965607765262,0.28637859848931707,0.286381305648279,0.2863852243716706,0.28638208924045233,0.2863762737433898,0.28637311685891037,0.2863809940344813,0.2863813688274296
0.28644028405409744,0.2864376912187333,0.28642593815093637,0.28642279596847525,0.28642242929357814,0.2864253997086039,0.2864080878159899,0.2864113495706391,0.2864109556394662,0.2864083525234478,0.2863961673076188,0.2863934317789447,0.2863953049246514,0.2863971566805124,0.28637919557221564,0.2863819025532692,0.2863858130158555,0.2863826732250367,0.28637612878930796,0.28637294159836096,0.2863814383117194,0.28638182087589026
0.286438752267323,0.2864361589916797,0.28642445330767635,0.28642131060887127,0.28642088816199385,0.28642385908344387,0.28640650938398987,0.2864097717072435,0.2864094062249346,0.28640680266332996,0.28639473116242664,0.286391995200478,0.28639374648784965,0.28639559856195385,0.2863775114829805,0.2863802189658277,0.2863842456842871,0.2863811016049366,0.28637418690544836,0.28637097170582143,0.2863797122169539,0.2863801030701553
0.2864398381857234,0.28643724522220404,0.28642549157469427,0.28642234923693866,0.2864219703672596,0.2864249409330914,0.28640762816281745,0.2864108900830498,0.2864104839380109,0.2864078806863382,0.2863956948367913,0.2863929591655763,0.2863948201921348,0.28639667204698155,0.2863787099799045,0.28638141710564663,0.28638531394574024,0.28638216737768707,0.286374351279636,0.28637111230957935,0.28638060740974625,0.28638100694228286
0.2864410735311594,0.28643848092271496,0.28642677824408624,0.2864236363537639,0.28642320282409256,0.2864261729849304,0.28640882772100873,0.28641208920911754,0.28641171262323173,0.28640910972491046,0.2863970412930915,0.2863943060280945,0.2863960456613672,0.2863978972659642,0.2863798147658006,0.28638252156235705,0.2863865348353239,0.2863833865414326,0.2863750757651746,0.2863718171717253,0.28638164091101725,0.2863820495917247
0.28644790877034404,0.28644531812659796,0.28643362429790753,0.2864304847883245,0.28643004674248634,0.2864330146543104,0.2864156825055982,0.28641894152431213,0.2864185603980802,0.28641595946912285,0.28640390014978306,0.28640116695411505,0.28640290046287886,0.2864047506676401,0.28638668181921856,0.2863893865695988,0.28639339163589594,0.28639024413308317,0.2863811344224988,0.2863778622122662,0.2863883027876281,0.28638872072331484
0.2864473605502518,0.2864447697489243,0.2864330752104103,0.2864299355098767,0.28642949322181693,0.28643246131553945,0.2864151281060769,0.2864183873245133,0.2864180019519205,0.2864154008623558,0.28640334079986424,0.28640060743543616,0.28640233681883076,0.2864041871386969,0.286386117167723,0.2863888220863553,0.28639282288293655,0.28638967402857457,0.2863796940249786,0.2863764093405866,0.2863875289798974,0.2863879567314268
0.08,0.08,0.08,0.08,0.08,0.08,0.08,0.08,0.08,0.08,0.08,0.08,0.08,0.08,0.08,0.08,0.08,0.08,0.08,0.08,0.08,0.08
0.08,0.08,0.08,0.08,0.08,0.08,0.08,0.08,0.08,0.08,0.08,0.08,0.08,0.08,0.08,0.08,0.08,0.08,0.08,0.08,0.08,0.08
0.08,0.08,0.08,0.08,0.08,0.08,0.08,0.08,0.08,0.08,0.08,0.08,0.08,0.08,0.08,0.08,0.08,0.08,0.08,0.08,0.08,0.08
0.08,0.08,0.08,0.08,0.08,0.08,0.08,0.08,0.08,0.08,0.08,0.08,0.08,0.08,0.08,0.08,0.08,0.08,0.08,0.08,0.08,0.08
0.08,0.08,0.08,0.08,0.08,0.08,0.08,0.08,0.08,0.08,0.08,0.08,0.08,0.08,0.08,0.08,0.08,0.08,0.08,0.08,0.08,0.08
0.08,0.08,0.08,0.08,0.08,0.08,0.08,0.08,0.08,0.08,0.08,0.08,0.08,0.08,0.08,0.08,0.08,0.08,0.08,0.08,0.08,0.08
0.08,0.08,0.08,0.08,0.08,0.08,0.08,0.08,0.08,0.08,0.08,0.08,0.08,0.08,0.08,0.08,0.08,0.08,0.08,0.08,0.08,0.08
0.08,0.08,0.08,0.08,0.08,0.08,0.08,0.08,0.08,0.08,0.08,0.08,0.08,0.08,0.08,0.08,0.08,0.08,0.08,0.08,0.08,0.08
0.28644721744538915,0.2864446266029274,0.2864329318791246,0.28642979212874625,0.2864293459776026,0.2864323141197129,0.28641498062807724,0.28641823989964244,0.2864178506592426,0.2864152495261668,0.28640318926234426,0.28640045585219615,0.28640218139573,0.28640403174733603,0.2863859614668224,0.28638866643184974,0.2863926632172598,0.28638951345668734,0.2863793154752701,0.2863760218846086,0.2863871495577429,0.28638758758490557
0.2864498706075767,0.28644728052774926,0.28643558923922147,0.2864324504129714,0.2864320007299795,0.2864349679996779,0.28641763959555144,0.286420897909217,0.28642050512521705,0.2864179047555614,0.28640584802418184,0.28640311541620583,0.28640483679885714,0.286406686608184,0.28638862161619355,0.2863913257885575,0.28639531760305215,0.28639216814087554,0.28638197178135344,0.28637867302751385,0.28638956649605657,0.2863900153510302
0.2864495656195946,0.2864469754520995,0.28643528376867516,0.2864321448361934,0.2864316916776784,0.28643465904893894,0.28641733005254827,0.28642058847772817,0.28642019221441917,0.2864175917547704,0.2864055346069808,0.28640280190444356,0.2864045198736176,0.2864063697476666,0.2863883041244802,0.28639100839144976,0.2863949967576137,0.2863918467301347,0.2863816491125289,0.2863783460372974,0.2863889917987291,0.28638945213083766
0.28643772307256743,0.286435129501107,0.2864234224846054,0.2864202794273409,0.2864198225029766,0.2864227937746052,0.2864054768967386,0.2864087395919256,0.28640830473830203,0.2864057008599305,0.2863935120827104,0.286390775752977,0.28639260855764437,0.28639446086411907,0.28637649442256097,0.28637920220845114,0.2863830695574349,0.28637991506448873,0.28636936440156147,0.2863660540815185,0.28637679500883595,0.28637726770358807,0.2864318832937268
0.28643638266496785,0.2864337887082417,0.286422079956326,0.2864189364322129,0.28641847620406596,0.286421447918089,0.28640412846557867,0.2864073916465091,0.28640695348310113,0.286404349216137,0.28639215862357725,0.2863894218855213,0.2863912517079804,0.2863931042915287,0.28637513516623164,0.2863778433571219,0.286381707964479,0.28637855276819646,0.28636800018714614,0.2863646875710547,0.2863751617509833,0.28637564659998577,0.2864305756929471
0.2864395802707664,0.2864369872331144,0.28642528262113465,0.28642214021071694,0.28642167694661264,0.28642464760886416,0.286407334277446,0.28641059630354565,0.2864101551039856,0.2864075517577456,0.28639548125335723,0.28639274551770527,0.28639445568678407,0.2863963076160655,0.2863782219494562,0.2863809292206126,0.28638491209014394,0.286381757847415,0.28637154781328766,0.28636823534803324,0.2863780975697655,0.28637859435415136,0.286433807865645
0.2864407388010879,0.28643814609643165,0.2864263936198936,0.28642325159581966,0.28642283463818724,0.28642580492001396,0.2864084589505422,0.2864117205714956,0.28641131113344476,0.2864087081196611,0.2863965233814307,0.28639378796018233,0.2863956105821216,0.2863974622755648,0.2863795017718468,0.2863822086616642,0.28638606503576663,0.28638291108098013,0.2863723632426854,0.28636905035888555,0.28637914006919224,0.286379649002154,0.2864349998618511
0.2864203530765672,0.286417754512785,0.2864059755325655,0.286402826408614,0.2864023728500581,0.28640534985538135,0.28638796467775063,0.2863912336810359,0.2863908203472326,0.28638821144095344,0.2863759991755617,0.28637325756264154,0.28637508125961664,0.28637693714505624,0.286358936037654,0.2863616490549409,0.28636551100903757,0.28636234983327985,0.2863517781126641,0.28634845727806263,0.2863585454811768,0.2863590680580288,0.28641428207540165,0.28641366065934126,0.28639796644679755
0.28641869842625056,0.2864160993869303,0.28640431825563295,0.28640116855544256,0.28640070905811654,0.2864036866101061,0.286386298244594,0.28638956784811304,0.2863891512379338,0.28638654185170315,0.2863743273441997,0.28637158522695993,0.2863734060471445,0.2863752622746327,0.28635725785415744,0.2863599713714194,0.28636383080123773,0.28636066898363977,0.2863500952879954,0.28634677355346644,0.2863568383801006,0.28635737390086363,0.2864129946784749,0.28641231105283815,0.28639624830923277
0.28640906129389426,0.2864064594850057,0.286394715363552,0.2863915623245228,0.2863910160882993,0.2863939968249696,0.2863766248627563,0.28637989795042484,0.28637941182810356,0.28637679964140555,0.286364688231532,0.2863619432066835,0.2863636464540134,0.2863655046741702,0.28634735765687214,0.2863500741235616,0.2863540575920942,0.2863508923321339,0.28634064748078836,0.2863373221010859,0.2863460645291858,0.2863466141629541,0.2864033984908407,0.28640265092998746,0.2863865184939151,0.2863736040050065
0.28639461859815196,0.2863920126389409,0.2863802002059382,0.2863770421204777,0.2863765126866429,0.2863794981881504,0.28636206346525656,0.2863653417972619,0.2863648841894722,0.28636226782579804,0.2863500207230661,0.2863472712741244,0.2863490904401904,0.2863509516321154,0.2863327756333497,0.2863354964439457,0.286339483007657,0.28633631263689335,0.2863260514462251,0.2863227205988766,0.2863311783231282,0.2863317420357886,0.28638899684530755,0.2863881808847141,0.28637195219711004,0.28635910115346197,0.28637218143141413
0.28639093361074075,0.28638832659264996,0.28637650936990017,0.28637335000132874,0.28637280512606017,0.286375791845556,0.28635835002002713,0.2863616296893711,0.2863611658580277,0.2863585484253189,0.2863462963286049,0.2863435457563519,0.2863453622182047,0.28634722417124625,0.28632904074989485,0.28633176267303295,0.2863357473905401,0.2863325756755157,0.28632231031572164,0.286318977997628,0.286327117443331,0.2863276953600279,0.2863850378479725,0.28638415241189796,0.28636821123373607,0.2863552839126407,0.2863684361261623
0.2863851157237524,0.28638250703394164,0.28637068224932827,0.28636752085502787,0.28636696063899647,0.28636994927843945,0.28635253132428795,0.28635581308908425,0.2863553079248457,0.28635268880800563,0.28634054533220493,0.286337793025447,0.28633949067685244,0.2863413538285344,0.28632328234087084,0.28632600597926855,0.28632986618607015,0.2863266923937324,0.2863160793693648,0.2863127447093006,0.2863209067372192,0.28632149910846794,0.2863795921523038,0.2863786358497408,0.28636228852704537,0.28634958682375616,0.28636251155466225
0.2863653432322977,0.286362728861455,0.28635092815640945,0.28634775989535016,0.2863471028727983,0.28635009803513833,0.28633260697583574,0.2863358959153276,0.28633538840577033,0.2863327635625851,0.286320476848146,0.2863177184891772,0.28631953317958614,0.2863214004051655,0.2863031655649837,0.2863058951951176,0.2863098841622206,0.2863067034006952,0.286296409073964,0.2862930671990901,0.28630057325654434,0.28630118130825055,0.286359537020964,0.28635850677755276,0.28634238457406513,0.2863295265624447,0.2863426076967445,0.2863288835229562
0.28634694794308196,0.2863443282874973,0.28633245390075995,0.2863292792185489,0.2863286219988684,0.28633162323113975,0.28631413199092337,0.2863174275824505,0.2863168446067819,0.2863142144333374,0.2863019028190532,0.28629913885920316,0.28630092654856976,0.28630279757186694,0.28628452569583906,0.28628726087718454,0.2862912543632205,0.2862880671077159,0.28627775191067106,0.2862744032072263,0.2862815865900092,0.2862822105088053,0.2863415095103866,0.28634040389067944,0.2863238131048035,0.28631115031533644,0.28632403773079934,0.28631044066325956,0.2862960049463099
0.08,0.08,0.08,0.08,0.08,0.08,0.08,0.08,0.08,0.08,0.08,0.08,0.08,0.08,0.08,0.08,0.08,0.08,0.08,0.08,0.08,0.08,0.08,0.08,0.08,0.08,0.08,0.08,0.08
0.08,0.08,0.08,0.08,0.08,0.08,0.08,0.08,0.08,0.08,0.08,0.08,0.08,0.08,0.08,0.08,0.08,0.08,0.08,0.08,0.08,0.08,0.08,0.08,0.08,0.08,0.08,0.08,0.08
0.08,0.08,0.08,0.08,0.08,0.08,0.08,0.08,0.08,0.08,0.08,0.08,0.08,0.08,0.08,0.08,0.08,0.08,0.08,0.08,0.08,0.08,0.08,0.08,0.08,0.08,0.08,0.08,0.08
0.08,0.08,0.08,0.08,0.08,0.08,0.08,0.08,0.08,0.08,0.08,0.08,0.08,0.08,0.08,0.08,0.08,0.08,0.08,0.08,0.08,0.08,0.08,0.08,0.08,0.08,0.08,0.08,0.08
0.08,0.08,0.08,0.08,0.08,0.08,0.08,0.08,0.08,0.08,0.08,0.08,0.08,0.08,0.08,0.08,0.08,0.08,0.08,0.08,0.08,0.08,0.08,0.08,0.08,0.08,0.08,0.08,0.08
0.08,0.08,0.08,0.08,0.08,0.08,0.08,0.08,0.08,0.08,0.08,0.08,0.08,0.08,0.08,0.08,0.08,0.08,0.08,0.08,0.08,0.08,0.08,0.08,0.08,0.08,0.08,0.08,0.08
0.08,0.08,0.08,0.08,0.08,0.08,0.08,0.08,0.08,0.08,0.08,0.08,0.08,0.08,0.08,0.08,0.08,0.08,0.08,0.08,0.08,0.08,0.08,0.08,0.08,0.08,0.08,0.08,0.08
0.08,0.08,0.08,0.08,0.08,0.08,0.08,0.08,0.08,0.08,0.08,0.08,0.08,0.08,0.08,0.08,0.08,0.08,0.08,0.08,0.08,0.08,0.08,0.08,0.08,0.08,0.08,0.08,0.08
0.2863383155066458,0.28633569337126386,0.2863238077676335,0.2863206300804989,0.28631994721438575,0.28632295129561125,0.2863054434755526,0.2863087421951851,0.28630814349391853,0.28630551081961203,0.28629318752283567,0.2862904209351534,0.2862922043267862,0.28629407713019484,0.28627578789435265,0.28627852567772727,0.28628251929029075,0.2862793289810551,0.28626900400839267,0.2862656520971675,0.28627249503411184,0.2862731344427323,0.28633260342073863,0.2863314206427937,0.28631509392825427,0.28630236364425077,0.28631532095097983,0.2863015831779114,0.28628756408497585
0.2863288777277232,0.28632625288134156,0.2863143550150615,0.2863111740428416,0.2863104660127536,0.2863134732076086,0.2862959472674408,0.2862992494057889,0.28629863519972,0.2862959997926987,0.2862836637304069,0.2862808942712691,0.28628267360155757,0.28628454834998046,0.28626624014622715,0.2862689807726733,0.286272974885772,0.28626978124672614,0.28625944558858807,0.28625609018279113,0.286262600822521,0.2862632557036226,0.2863235401882535,0.286322282346095,0.28630552532219256,0.2862930322339366,0.28630575572301653,0.28629218170976545,0.28627768022942013
0.28631899127821786,0.2863163635921169,0.2863045029115181,0.28630131851562207,0.28630053458786403,0.2863035450440167,0.28628596480103524,0.2862892705329499,0.28628867573032707,0.28628603746108544,0.2862738053684107,0.28627103293711287,0.28627269081057727,0.28627456759615455,0.2862563640536282,0.28625910762075013,0.2862629778754987,0.2862597807515927,0.2862490903172188,0.28624573113038704,0.2862522927410623,0.2862529633969196,0.2863133788853746,0.2863120432258095,0.2862955475227887,0.28628298758751536,0.2862957820984546,0.286282064425329,0.28626797886426386
0.28630118813390926,0.2862985553345648,0.28628662149499146,0.2862834308856812,0.28628264330248987,0.2862856596333321,0.2862680805255879,0.2862713926950979,0.28627071893093137,0.2862680755015646,0.2862557019642434,0.2862529240754665,0.2862546696271117,0.286256550089908,0.2862381861594985,0.28624093513876964,0.28624493398991085,0.28624173059027663,0.2862313635240397,0.2862279978745851,0.28623419640825043,0.2862348835311197,0.2862959498576241,0.28629453265433946,0.2862775608073182,0.28626520570801134,0.28627780042746925,0.2862642078309056,0.28624957136765716,0.2862497663176482
0.2862868393054383,0.28628420238535346,0.28627230011309657,0.28626910452787957,0.2862682344289493,0.2862712554905661,0.28625364885189253,0.2862569662157123,0.2862562702899999,0.28625362270901955,0.28624122977831373,0.28623844752714783,0.28624018414449065,0.2862420675627655,0.28622367481066774,0.28622642811002375,0.28623042947014044,0.28622722102736,0.2862168377122782,0.28621346676893233,0.28621964304643105,0.28622034660861656,0.2862813252800067,0.2862798255116294,0.2862631011845383,0.2862506707162487,0.28626334632391304,0.28624959703236813,0.28623534375082194,0.28623554426585684
0.28627222150176374,0.28626958038405065,0.2862576592050556,0.2862544585333463,0.2862535554669289,0.28625658134758525,0.2862389466644429,0.2862422693194845,0.28624155092487014,0.2862388991148497,0.2862264864291981,0.2862236997342877,0.2862254273194046,0.28622731374826077,0.2862090168046469,0.28621177446737467,0.2862156532086973,0.2862124396273061,0.28620169441375026,0.2861983179518472,0.2862038008274064,0.28620452139905017,0.2862667589757591,0.28626517521053546,0.2862483472277702,0.28623599804878297,0.2862485984587044,0.2862348471706126,0.28622052500950823,0.28622073222075956
0.286257280146886,0.286254634739007,0.2862426438686926,0.2862394379808628,0.28623855162048184,0.28624158242640674,0.28622388351857975,0.28622721159427567,0.2862265056987125,0.28622384956640656,0.28621153482482564,0.28620874362379406,0.2862103436620372,0.2862122331678837,0.28619378105044596,0.28619654324813076,0.28620054985752374,0.2861973310183848,0.2861869142449909,0.2861835323948424,0.2861883301518292,0.2861890673409225,0.2862518698498883,0.28625020060909556,0.28623326699473844,0.2862210003257161,0.28623352479067854,0.2862197707777783,0.2862053753161476,0.28620559047064487
0.28624461154624237,0.28624196250107603,0.28623000561599293,0.2862267953381657,0.28622582477956365,0.2862288597629515,0.28621117210667807,0.2862145047563562,0.2862137401603106,0.2862110803609412,0.2861987486528481,0.286195953598628,0.2861975434852579,0.2861994356020625,0.2861809580230063,0.2861837240371796,0.2861877323595261,0.2861845090592968,0.2861740779374671,0.28617069140888884,0.2861751470926494,0.28617590085838035,0.28623925522834337,0.28623750017699695,0.286220464240118,0.2862082842319043,0.2862207289305826,0.2862069754295163,0.28619250882295416,0.2861927327365877
0.28623441637292174,0.2862317644008122,0.2862197943325745,0.28621658050801474,0.2862155757443599,0.2862186140916669,0.28620090685925265,0.28620424320245313,0.28620345509423545,0.2862007923405499,0.2861884469637019,0.2861856488052179,0.2861872278555793,0.286189122076405,0.2861706239793591,0.2861733930690214,0.2861774019545467,0.28617417505623494,0.28616373237415355,0.2861603420741023,0.28616472499259393,0.2861654953989726,0.28622944470479605,0.28622760363834177,0.2862101178716691,0.2861981850199614,0.28621038973724044,0.2861967948309381,0.2861818055525873,0.2861820389442182
0.2862190676521464,0.28621641127388625,0.28620442136015656,0.2862012021964324,0.28620016210649407,0.28620320551245615,0.2861854688416009,0.28618881073911084,0.28618799815624874,0.28618533096299775,0.2861729650456959,0.28617016222231484,0.28617173088747694,0.2861736282688925,0.2861550993505269,0.286157873060084,0.28616188434499107,0.28615865205670243,0.2861478514545814,0.28614445537189853,0.28614914913667583,0.28614993829242685,0.2862138202922552,0.2862118914763441,0.2861946471624514,0.28618264521821457,0.2861949266631792,0.2861811717406622,0.2861665593660935,0.28616680291029534
0.28620582198475153,0.2862031618043827,0.28619115476590207,0.2861879309949643,0.28618685565327184,0.2861899034259564,0.286172141343414,0.28617548803550297,0.2861746510847846,0.2861719800582919,0.2861595964059126,0.2861567895547334,0.28615834748979885,0.2861602476005125,0.2861416920667955,0.2861444697658181,0.2861484826608225,0.2861452457188967,0.28613442961756635,0.28613102864835227,0.28613569315905657,0.28613650036869254,0.28620095869713047,0.2861989425053572,0.2861812620733811,0.2861694837747952,0.28618154943304397,0.2861679266095294,0.2861527838170331,0.2861530380023563
0.28619205306413836,0.2861893889317772,0.28617736409357186,0.2861741355338002,0.28617302420972174,0.2861760765210508,0.2861582880264509,0.2861616397018846,0.2861607783259748,0.28615810331558333,0.28614570123119487,0.28614289019391564,0.28614443752887,0.28614634047603743,0.2861277572821291,0.2861305391272474,0.2861345539078678,0.2861313121328302,0.286120479920457,0.286117073873658,0.28612170976798706,0.28612253488396794,0.28618691805841706,0.28618480816561903,0.28616732490799296,0.28615552941441486,0.2861676207124767,0.2861538878668657,0.28613912505534683,0.2861393902457719
0.2861760603718259,0.28617339164960154,0.28616134613884325,0.2861581120172976,0.2861569641119519,0.28616002169277205,0.28614216665690406,0.28614552413104094,0.28614467376987024,0.28614199413507296,0.2861294514757572,0.2861266355434634,0.28612829171649956,0.28613019795575406,0.2861117091403269,0.28611449575991843,0.286118386894163,0.2861151395098629,0.2861046307300211,0.286101218914743,0.2861054845585379,0.2861063279915572,0.28617131382003186,0.2861691087148756,0.28615120090366974,0.28613961007832167,0.2861515053249409,0.2861378830553254,0.286122583026326,0.28612285972375706
0.28616352964076064,0.28616085732254853,0.28614874473548946,0.2861455062388369,0.28614437258021874,0.28614743429210837,0.2861295910925007,0.28613295308956654,0.28613204209682863,0.2861293588351663,0.2861169185755869,0.2861140988682499,0.28611562472705737,0.28611753354885716,0.2860988930677633,0.2861016834999339,0.2861057023219394,0.28610245053700806,0.28609158495726583,0.2860881683942447,0.2860927461023551,0.28609360775401615,0.2861585122288697,0.28615621148499243,0.2861385018018254,0.28612689790639967,0.28613881442127914,0.28612508523117286,0.28611016713459053,0.28611045556317183
0.2861362848452418,0.2861336047094096,0.2861215077928772,0.2861182598408835,0.2861170072078215,0.28612007789677546,0.2861021464270062,0.28610551829366226,0.28610458758989477,0.28610189644629574,0.2860893000292299,0.2860864720038742,0.2860880793724649,0.28608999380954714,0.2860712985707999,0.28607409721092175,0.28607809412132096,0.2860748327594721,0.28606393525610513,0.28606050863174487,0.2860650582279646,0.2860659418903903,0.2861313201631632,0.2861289191074722,0.2861110405752385,0.286099489313021,0.28611136189321423,0.2860975872310837,0.2860822157419905,0.28608251672009705,0.2860699210379668
0.2861248470326608,0.28612216361523674,0.28611005191890054,0.2861067999904374,0.28610550680620317,0.2861085812673713,0.28609062780188466,0.286094003810369,0.28609304472315705,0.2860903502660874,0.28607773837192996,0.28607490686489234,0.286076500115331,0.28607841691264124,0.2860596986581644,0.28606250074826933,0.28606649583035737,0.28606323044568,0.28605231953277505,0.2860488886821046,0.28605340074599034,0.28605430570057466,0.2861202767519923,0.286117778459281,0.2860994754474559,0.28608813959388596,0.28609980511399846,0.2860861458461402,0.28607088637391875,0.286071199921667,0.28605891952578116
0.08,0.08,0.08,0.08,0.08,0.08,0.08,0.08,0.08,0.08,0.08,0.08,0.08,0.08,0.08,0.08,0.08,0.08,0.08,0.08,0.08,0.08,0.08,0.08,0.08,0.08,0.08,0.08,0.08,0.08,0.08
0.08,0.08,0.08,0.08,0.08,0.08,0.08,0.08,0.08,0.08,0.08,0.08,0.08,0.08,0.08,0.08,0.08,0.08,0.08,0.08,0.08,0.08,0.08,0.08,0.08,0.08,0.08,0.08,0.08,0.08,0.08
0.08,0.08,0.08,0.08,0.08,0.08,0.08,0.08,0.08,0.08,0.08,0.08,0.08,0.08,0.08,0.08,0.08,0.08,0.08,0.08,0.08,0.08,0.08,0.08,0.08,0.08,0.08,0.08,0.08,0.08,0.08
0.08,0.08,0.08,0.08,0.08,0.08,0.08,0.08,0.08,0.08,0.08,0.08,0.08,0.08,0.08,0.08,0.08,0.08,0.08,0.08,0.08,0.08,0.08,0.08,0.08,0.08,0.08,0.08,0.08,0.08,0.08
0.08,0.08,0.08,0.08,0.08,0.08,0.08,0.08,0.08,0.08,0.08,0.08,0.08,0.08,0.08,0.08,0.08,0.08,0.08,0.08,0.08,0.08,0.08,0.08,0.08,0.08,0.08,0.08,0.08,0.08,0.08
0.08,0.08,0.08,0.08,0.08,0.08,0.08,0.08,0.08,0.08,0.08,0.08,0.08,0.08,0.08,0.08,0.08,0.08,0.08,0.08,0.08,0.08,0.08,0.08,0.08,0.08,0.08,0.08,0.08,0.08,0.08
0.08,0.08,0.08,0.08,0.08,0.08,0.08,0.08,0.08,0.08,0.08,0.08,0.08,0.08,0.08,0.08,0.08,0.08,0.08,0.08,0.08,0.08,0.08,0.08,0.08,0.08,0.08,0.08,0.08,0.08,0.08
0.08,0.08,0.08,0.08,0.08,0.08,0.08,0.08,0.08,0.08,0.08,0.08,0.08,0.08,0.08,0.08,0.08,0.08,0.08,0.08,0.08,0.08,0.08,0.08,0.08,0.08,0.08,0.08,0.08,0.08,0.08
0.28611230189294806,0.2861096148764865,0.28609748697070286,0.2860942306811058,0.28609289576579927,0.2860959743631855,0.28607799677956613,0.28608137732954836,0.2860803889945528,0.28607769090481566,0.2860651820430983,0.28606234675511133,0.28606380554889826,0.286065724933588,0.2860471088022542,0.2860499146364984,0.286053780810081,0.286050511015183,0.2860399298946646,0.28603649453600566,0.28604062312699513,0.2860415503328215,0.28610746147400207,0.2861048631081337,0.2860867522583742,0.2860754079132324,0.2860870905457347,0.2860733203053344,0.28605778918331065,0.2860581158468248,0.28604554489864265
0.28609444851635846,0.2860917563784527,0.2860795541491649,0.2860762916358712,0.2860749660563387,0.28607805053385327,0.2860600748554261,0.2860634618486768,0.2860624077893882,0.28605970453883744,0.2860470515710416,0.2860442108241184,0.2860457762766162,0.28604769933566176,0.2860289200203453,0.2860317312633232,0.28603572539303257,0.28603244933668814,0.28602150285321004,0.28601806079106484,0.28602249693517473,0.28602344723738765,0.28608999949506847,0.28608730259446025,0.2860687530203697,0.2860576173271835,0.2860691000377014,0.28605543535082517,0.2860400055071463,0.2860403454426407,0.2860280827196238
0.28607936377008636,0.28607666730536835,0.28606444550676297,0.28606117775043244,0.28605980961218375,0.28606289905983756,0.2860448944593026,0.2860482869096589,0.28604720275294304,0.2860444951387973,0.28603182178920356,0.28602897645716757,0.286030527589612,0.2860324537560275,0.2860136441396321,0.2860164599246978,0.28602045327408476,0.2860171719220349,0.2860062077864477,0.28600276016073517,0.28600715614164,0.2860081300811086,0.28607464134884225,0.28607184425700305,0.28605348194155433,0.2860423354850345,0.2860538377455633,0.28604005728007204,0.28602435051370145,0.2860247040666438,0.2860121467008146
0.2860534593503379,0.2860507554562587,0.28603850005641895,0.2860352232975238,0.28603378333768203,0.28603688131890403,0.2860188270603604,0.28602222888038675,0.28602108569679074,0.28601837058839213,0.2860056622344011,0.2860028090276712,0.28600431998461706,0.2860062514909534,0.2859873898033858,0.28599021339388697,0.2859941829574187,0.2859908924970819,0.2859798980012649,0.2859764408065639,0.28598080031755346,0.2859817996641446,0.2860491276640734,0.2860462262782389,0.28602737763449837,0.2860164076373827,0.28602774265120184,0.28601402951740573,0.28599838180673864,0.2859987496188228,0.2859864371138988,0.285986485291259
0.28603549129864236,0.2860327822520096,0.2860205551280841,0.28601727214345374,0.2860157321147514,0.2860188360138919,0.2860007473183962,0.28600415563616344,0.28600297667096597,0.28600025636688475,0.28598752374495967,0.2859846650787936,0.2859861570777604,0.2859880922843897,0.2859691945143867,0.28597202351365486,0.2859759886021968,0.2859726918331985,0.2859616763149612,0.2859582124938196,0.2859625299716004,0.28596355472789003,0.28603088371839175,0.2860278800007766,0.28600920822370535,0.28599822087794435,0.28600958209638033,0.28599574365093133,0.28597980727698263,0.28598018934120906,0.2859675569687825,0.2859675922894241
0.2860172157562981,0.2860145014694947,0.2860022507457023,0.2859989614113077,0.28599737217936866,0.2860004820969905,0.28598235837954505,0.2859857733054667,0.285984558068829,0.2859818324808125,0.2859690751789375,0.28596621096060443,0.28596768371280057,0.2859696226825658,0.28595068821752645,0.28595352271741714,0.28595748322237047,0.2859541800374936,0.28594314313998465,0.2859396725796516,0.2859439468453232,0.28594499763673076,0.2860130035094331,0.2860098977519787,0.28599077381493776,0.28597999700011584,0.28599115645656453,0.285977419697887,0.2859615771137093,0.2859619736586232,0.28594963168833115,0.285949654784212
0.28599925765875606,0.2859965382233522,0.28598426431228136,0.28598096873908496,0.2859793299469666,0.28598244577829185,0.2859642876487997,0.2859677090678296,0.2859664572382785,0.28596372645804796,0.2859509449048167,0.28594807523069615,0.28594952842962584,0.2859514710973334,0.2859325005731685,0.28593534047838554,0.28593929609992685,0.2859359866101751,0.28592492870350916,0.28592145152045406,0.2859256811518885,0.28592675851527555,0.2859947670515649,0.28599155985855645,0.2859726118305913,0.2859618187711973,0.2859730030077118,0.2859591405524825,0.2859430071170383,0.2859434183767908,0.28593130961084046,0.2859313211325434
0.28597875131627193,0.2859760260023502,0.28596372561696043,0.2859604229204898,0.2859587332276755,0.28596185580922,0.28594365840019326,0.28594708723080364,0.2859457975735323,0.2859430608677642,0.2859302516382613,0.2859273757378066,0.2859288089465857,0.2859307558340383,0.28591187334129764,0.28591471937617885,0.2859185418535475,0.285915225169719,0.2859041363005156,0.28590065155811106,0.28590484336340083,0.28590594817596515,0.28597431637554477,0.28597100841684214,0.28595191592609426,0.2859412170575806,0.2859523153944275,0.2859384365445447,0.2859221949800111,0.2859226216264203,0.285910498719779,0.28591049916096156
0.2859605595070117,0.28595782897867045,0.28594550510997446,0.28594219609495,0.28594045507213395,0.28594358364334294,0.28592535138065567,0.28592878678777284,0.2859274587514471,0.2859247167864023,0.2859120049443503,0.2859091235543338,0.28591041364266895,0.2859123642760912,0.2858934455048393,0.28589629701517466,0.2859001137342135,0.28589679066292256,0.2858856804985393,0.28588218904685514,0.28588633372004046,0.28588746629802025,0.2859561791880357,0.2859527738499232,0.2859335405089688,0.28592293739689023,0.2859339476537854,0.28592005478503085,0.28590370676609556,0.28590414887997917,0.2858920132475818,0.2858920023370457
0.2859400152438064,0.28593727882742026,0.2859248763414204,0.2859215601735186,0.2859198190919589,0.2859229544247048,0.2859046460285969,0.2859080888729288,0.2859067583659566,0.28590401046506064,0.2858911489473933,0.2858882612835226,0.28588965217347717,0.2858916070342207,0.2858725176154882,0.28587537534339535,0.285879316669762,0.2858759863909602,0.2858652100786851,0.28586171118626524,0.28586545046275313,0.2858666116490748,0.28593568500360594,0.28593218595730496,0.28591280642388467,0.2859022956106951,0.28591322060748436,0.28589930903071925,0.28588284925704643,0.285883307227122,0.28587115586056144,0.28587113384918356
0.28591977116625683,0.28591702894855725,0.28590465243714935,0.2859013292575985,0.28589948402671395,0.2859026260215958,0.2858843156476934,0.2858877657936706,0.28588635917779437,0.285883605428124,0.28587083906913147,0.28586794529643017,0.28586919234753494,0.2858711513736746,0.28585215132236136,0.2858550151002567,0.28585882133301554,0.28585548395224825,0.2858443260796354,0.2858408195971514,0.28584486813446053,0.2858460584392492,0.28591548639668235,0.28591190013214884,0.2858923752468913,0.28588195503688546,0.2858927954361501,0.28587886437002885,0.28586229446659944,0.28586276816177525,0.2858505995301001,0.28585056662515146
0.28591219767985815,0.2859094532920146,0.2858970147552323,0.28589368892790645,0.28589184623272323,0.28589499072967833,0.2858766657965302,0.2858801186897202,0.2858786740788778,0.2858759181259491,0.285863141574554,0.28586024548678257,0.2858614688233851,0.28586342942181914,0.28584441414358464,0.2858472802196872,0.28585107571744095,0.28584773565173477,0.2858365688327126,0.2858330595307131,0.28583705280790617,0.2858382711733415,0.2859079577018304,0.28590429771898157,0.28588467696489434,0.2858744717288619,0.28588510124809186,0.2858712813805781,0.2858548161705198,0.28585530515591234,0.28584224295289123,0.28584219935450716
0.2858956376621746,0.2858928885294803,0.2858804285343954,0.2858770969574927,0.285875203314772,0.28587835326340916,0.285859996607735,0.28586345548673187,0.2858619713281389,0.28585921058700464,0.2858464118852073,0.2858435107662372,0.2858447112188667,0.28584667522843565,0.2858276269150989,0.285830497977223,0.28583428608223066,0.2858309401988879,0.2858197539867637,0.28581623857424826,0.28582017915098473,0.2858214272311838,0.28589177278188577,0.2858880449588067,0.28586792605360545,0.2858576902211556,0.2858683531469788,0.2858543977944348,0.2858376313472155,0.2858381363140472,0.28582595352530565,0.28582589930985125
0.2858777275837642,0.2858749733199145,0.28586249011966697,0.2858591523250853,0.28585720815578247,0.28586036399844983,0.2858419730464683,0.2858454383969577,0.2858439142479264,0.2858411483308701,0.2858283256852569,0.285825419127698,0.2858265964611481,0.2858285641577317,0.2858094801377271,0.28581235658912074,0.2858161375776904,0.28581278540647626,0.28580157823404373,0.2857980562171202,0.2858019434222673,0.2858032219286381,0.2858735465736003,0.2858697630775749,0.28584987441028015,0.28583969025930356,0.2858503024839701,0.2858362968123,0.2858194193460853,0.28581994054129484,0.2858077431094702,0.28580767833120796
0.2858631228137418,0.2858603643660939,0.28584786224515274,0.28584451938085337,0.2858425261862412,0.28584568683729283,0.285827267906323,0.2858307385362915,0.2858291747842554,0.28582640464265474,0.285813439249739,0.28581052821620767,0.28581180480425716,0.2858137755111903,0.2857945315790077,0.28579741246942353,0.28580131547967225,0.2857979581728211,0.28578709466969093,0.28578356739013794,0.28578703774592307,0.28578834677847126,0.28585895909463516,0.28585513435410215,0.28583512310148906,0.28582500693012475,0.2858355500397075,0.28582151661145117,0.285804531502988,0.28580506892906105,0.28579286091548334,0.2857927856203627
0.28584146390032034,0.285838699248752,0.28582622170966787,0.2858228713460114,0.2858207768997962,0.28582394467303196,0.28580544713069034,0.2858089255939686,0.2858073584999089,0.28580458210611887,0.28579171099570444,0.28578879342974595,0.2857899232678319,0.28579189842754205,0.28577274213190995,0.28577562949207025,0.28577939558941073,0.2857760306894759,0.2857647810908988,0.2857612457050217,0.28576502259513065,0.2857663636540178,0.28583728268160585,0.2858334251405824,0.28581331024621265,0.28580324000287266,0.28581373509332914,0.2857996551271966,0.2857825471946659,0.2857831013785657,0.28577087363025405,0.2857707877579075,0.2858359350422415
0.08,0.08,0.08,0.08,0.08,0.08,0.08,0.08,0.08,0.08,0.08,0.08,0.08,0.08,0.08,0.08,0.08,0.08,0.08,0.08,0.08,0.08,0.08,0.08,0.08,0.08,0.08,0.08,0.08,0.08,0.08,0.08,0.08
0.08,0.08,0.08,0.08,0.08,0.08,0.08,0.08,0.08,0.08,0.08,0.08,0.08,0.08,0.08,0.08,0.08,0.08,0.08,0.08,0.08,0.08,0.08,0.08,0.08,0.08,0.08,0.08,0.08,0.08,0.08,0.08,0.08
0.08,0.08,0.08,0.08,0.08,0.08,0.08,0.08,0.08,0.08,0.08,0.08,0.08,0.08,0.08,0.08,0.08,0.08,0.08,0.08,0.08,0.08,0.08,0.08,0.08,0.08,0.08,0.08,0.08,0.08,0.08,0.08,0.08
0.08,0.08,0.08,0.08,0.08,0.08,0.08,0.08,0.08,0.08,0.08,0.08,0.08,0.08,0.08,0.08,0.08,0.08,0.08,0.08,0.08,0.08,0.08,0.08,0.08,0.08,0.08,0.08,0.08,0.08,0.08,0.08,0.08
0.08,0.08,0.08,0.08,0.08,0.08,0.08,0.08,0.08,0.08,0.08,0.08,0.08,0.08,0.08,0.08,0.08,0.08,0.08,0.08,0.08,0.08,0.08,0.08,0.08,0.08,0.08,0.08,0.08,0.08,0.08,0.08,0.08
0.08,0.08,0.08,0.08,0.08,0.08,0.08,0.08,0.08,0.08,0.08,0.08,0.08,0.08,0.08,0.08,0.08,0.08,0.08,0.08,0.08,0.08,0.08,0.08,0.08,0.08,0.08,0.08,0.08,0.08,0.08,0.08,0.08
0.08,0.08,0.08,0.08,0.08,0.08,0.08,0.08,0.08,0.08,0.08,0.08,0.08,0.08,0.08,0.08,0.08,0.08,0.08,0.08,0.08,0.08,0.08,0.08,0.08,0.08,0.08,0.08,0.08,0.08,0.08,0.08,0.08
0.08,0.08,0.08,0.08,0.08,0.08,0.08,0.08,0.08,0.08,0.08,0.08,0.08,0.08,0.08,0.08,0.08,0.08,0.08,0.08,0.08,0.08,0.08,0.08,0.08,0.08,0.08,0.08,0.08,0.08,0.08,0.08,0.08
0.28583177765983614,0.285829010234024,0.2858164675108863,0.2858131137673026,0.28581102734400243,0.2858141983096041,0.2857957193608282,0.28579920131589553,0.2857975584137337,0.2857947792116618,0.2857817715027831,0.285778850948874,0.2857800787385115,0.285782055901344,0.285762880206882,0.2857657704949811,0.28576952527741356,0.28576615695652535,0.2857548959644605,0.28575135698657517,0.28575507312615356,0.2857564453064563,0.2858276011356281,0.2858237236787587,0.2858035174504771,0.285793489894286,0.2858039392281008,0.28578982085551136,0.2857729419949584,0.2857735124862761,0.28576038018176175,0.2857602836766318,0.28582603946167995
0.28582716511980993,0.2858243963729728,0.2858118476757725,0.28580849233143724,0.28580636555480404,0.285809538046784,0.2857910502164442,0.2857945338474327,0.28579285453059095,0.28579007398064693,0.2857770599767224,0.2857741380065245,0.2857753397334181,0.28577731786048155,0.28575813282814383,0.2857610245256472,0.28576476609134294,0.2857613961194958,0.2857504917809418,0.2857469512023223,0.28575024236281377,0.2857516449151303,0.2858233342764602,0.2858194457464435,0.2857988052872634,0.28578896982995894,0.28579922431676147,0.28578522888619656,0.28576777663657943,0.2857683629034731,0.2857561320491898,0.2857560252968661,0.2858223700829597
0.285806618374269,0.2858038437433069,0.28579132126459106,0.2857879588084783,0.2857857080331445,0.2857888872883703,0.28577032280094833,0.28577381387118206,0.2857721335371955,0.28576934705020834,0.2857564292499336,0.28575350107858344,0.28575455409799033,0.28575653645392357,0.2857371789365879,0.2857400768544206,0.28574394238410566,0.28574056519925156,0.2857294466390461,0.28572589841608786,0.28572932152603026,0.2857307574733178,0.28580243733261446,0.2857985346687819,0.28577810937079684,0.2857681398063794,0.28577852707058155,0.28576433228275694,0.2857472212919895,0.28574782438862717,0.28573467179735484,0.2857345542160237,0.2858011330768269,0.2857642452128085
0.2857943169172498,0.28579153876376967,0.28577894752733923,0.2857755807845192,0.28577334350142714,0.28577652680438936,0.2857579760683255,0.2857614715694741,0.2857597184127017,0.28575692836884303,0.28574387002530366,0.2857409380792916,0.2857420889250902,0.28574407381683403,0.2857248232738261,0.2857277248591745,0.2857314478871517,0.2857280663732268,0.28571712481678435,0.285713572117871,0.2857167415204768,0.28571820999979886,0.2857904753264521,0.28578656447922424,0.2857657235565697,0.2857557487509889,0.2857661402962948,0.28575189176375987,0.28573465682691357,0.2857352760721014,0.28572211232869593,0.28572198392687737,0.2857895520065345,0.28575179919073285
0.2857730492102871,0.28577026496740954,0.2857576461935021,0.28575427207186865,0.2857519954479974,0.28575518573890835,0.2857365943424925,0.2857400975162108,0.2857383087104017,0.28573551253338203,0.28572242554635424,0.2857194871558728,0.2857206127000677,0.28572260196031746,0.2857033091120743,0.2857062170828059,0.28570993226827046,0.2857065433030127,0.28569557771591547,0.2856920171917714,0.28569512572038486,0.2856966285674053,0.2857691715434829,0.28576525011093107,0.2857443278549966,0.2857344907111149,0.285744744569164,0.2857305937100358,0.28571273722928536,0.2857133728577683,0.28570108990588705,0.28570095045346516,0.28576823392888734,0.2857303570678422,0.28576775549397454
0.28574960689141665,0.28574681593744555,0.28573421995631526,0.28573083772093716,0.2857284412200796,0.2857316392200105,0.285712965446756,0.2857164770982167,0.285714662472804,0.28571185952288936,0.28569886557127006,0.28569592010157374,0.28569689576567425,0.28569888984953046,0.28567941798199614,0.28568233304258317,0.28568617325618495,0.2856827760643584,0.28567159185791774,0.2856680226243469,0.2856712622962629,0.2856728002165683,0.2857453663088254,0.2857414341178781,0.28572077289302517,0.28571082029355593,0.2857211900448991,0.28570689283706735,0.2856889123551171,0.28568956389066297,0.28567725384735343,0.2856771031946803,0.28574388618595664,0.2857067850452793,0.28574335187078465,0.2857098386978804
0.2857387042823982,0.2857359102075073,0.2857232469743887,0.2857198609388429,0.28571748154454485,0.28572068313111043,0.2857020260124973,0.2857055415885166,0.28570365616895,0.2857008500668416,0.2856877167301565,0.2856847679108138,0.28568584162643346,0.2856878379582946,0.28566847663070016,0.28567139493790017,0.28567509061616725,0.2856716895853426,0.2856606850950216,0.2856571119006795,0.2856600939514722,0.28566166517769437,0.28573445093860017,0.2857305136945518,0.28570980054444456,0.28569981659864696,0.2857102178261797,0.28569587139006786,0.28567776267235684,0.28567842833097296,0.2856661046113844,0.28566594289402003,0.2857332422860984,0.285695744915325,0.28573265133916514,0.2856993410715302
0.28571798771825924,0.28571518771371446,0.28570255097730857,0.28569915777498545,0.2856966591966415,0.285699867596836,0.28568113318712585,0.28568465625781236,0.28568277442371437,0.28567996234166,0.28566692614759615,0.28566397108235436,0.28566489459848826,0.2856668951898006,0.2856474926137655,0.2856504171469382,0.285654104179422,0.285650695883577,0.28563966796141815,0.2856360871371429,0.2856390064124247,0.2856406126426307,0.2857137175520627,0.28570977160049577,0.2856889299179892,0.28567878956556186,0.28568934789408285,0.28567482772434233,0.28565705527790974,0.28565773432522834,0.2856444701831674,0.2856442971902177,0.2857123263213427,0.28567481518404547,0.28571168016370563,0.28567703776599535,0.28567488867277707
0.2857090376031827,0.2857062350370918,0.28569358676599466,0.2856901904597446,0.28568765170783317,0.2856908630552593,0.2856721491427827,0.28567567543593797,0.2856737247157216,0.2856709100423144,0.2856577366764465,0.2856547788507522,0.2856558012770352,0.28565780371725513,0.2856382503724474,0.28564117764755453,0.2856449839172012,0.2856415724619989,0.285630341465538,0.2856267572546996,0.2856298004134121,0.2856314409925344,0.28570510293500817,0.2857011533113231,0.28567988298886177,0.28566987832519886,0.2856803012387089,0.2856659080101229,0.28564787839966727,0.2856485683064366,0.28563585447154166,0.2856356703335064,0.2857043463014805,0.28566569806399106,0.2857036444133956,0.2856694405750846,0.28566576200215055
0.28568690799622015,0.28568409909716047,0.2856713688283166,0.2856679648296429,0.2856654368035125,0.2856686554189383,0.28564986145213117,0.28565339573887527,0.2856514496847465,0.2856486286335505,0.2856355509515803,0.28563258646206835,0.28563345912205795,0.285635466104595,0.2856160016365452,0.2856189355116635,0.2856226001463868,0.28561918094276467,0.28560811785533685,0.28560452557743987,0.2856073100806387,0.2856089873977439,0.2856825782334719,0.2856786194157376,0.2856576649965846,0.2856474535141095,0.28565808412958943,0.28564347122130607,0.2856251072094841,0.2856258070535477,0.2856128170017125,0.28561262131242254,0.2856815046033577,0.28564337635509723,0.28568074471656,0.2856457413854457,0.28564343176237766,0.28567323574003267
0.28566497479178093,0.28566215961677505,0.2856494545681512,0.2856460429831847,0.2856433931808327,0.2856466190072772,0.2856278208491286,0.28563136303980646,0.28562932023097903,0.28562649284450786,0.2856132601077659,0.28561028892374235,0.28561126395526326,0.2856132754496389,0.2855936338249608,0.28559657433453856,0.28560036337254285,0.28559693647270584,0.2855856547990368,0.2855820543684543,0.28558496686718954,0.2855866809434874,0.28566097355920184,0.285657005967981,0.2856355722862482,0.2856254284884277,0.28563599232390446,0.2856214355932446,0.28560331822531776,0.2856040256686334,0.285590497395049,0.2855902900585632,0.28566031059651287,0.2856212270424334,0.2856594917323198,0.2856249994773319,0.2856212750988973,0.2856519124123023,0.28562444907440304
0.28565303033663203,0.2856502117441938,0.28563743764217414,0.28563402189759807,0.2856313818941215,0.2856346116493624,0.2856157527355647,0.28561929925352675,0.28561725933939924,0.2856144285004549,0.28560117964062387,0.28559820482889564,0.28559915656039087,0.2856011705157109,0.2855815048965173,0.2855844490032592,0.28558822480821844,0.28558479370467627,0.28557349825039985,0.2855698934068578,0.28557273761582247,0.2855744866794448,0.28564866383342324,0.2856446912431379,0.28562356651085197,0.2856132139286459,0.28562398703928765,0.28560921509664067,0.28559100762688555,0.28559171990168053,0.28557885715923925,0.2855786372848028,0.2856476850274218,0.28560913218829154,0.285646806873618,0.2856115265171929,0.2856091733027242,0.28563928277969547,0.2856109240854412
0.28562893653905197,0.28562611105386293,0.285613359579642,0.28560993550143304,0.285607166012409,0.28561040368762347,0.28559153658865205,0.28559509178890835,0.28559297783546433,0.28559014004660055,0.28557698494391165,0.28557400286741486,0.2855748075971803,0.2855768265011279,0.285557246588782,0.28556019788921083,0.2855638308825464,0.28556039133692485,0.2855492626687861,0.2855456490305091,0.2855482323710257,0.28555001931741963,0.28562454831573547,0.28562056598472535,0.2855992930820585,0.2855889148162709,0.2855997146319527,0.2855849055945348,0.2855666021188844,0.28556731845072414,0.28555437397438543,0.2855541407134631,0.28562361734166564,0.28558480639284284,0.2856226779595881,0.2855877644898833,0.2855848410044566,0.2856151411233294,0.28558710776615237,0.28559513919948404
0.28560209172754325,0.2855992585637506,0.2855864185717125,0.28558298517038655,0.2855802221254719,0.2855834686115411,0.2855645121554592,0.2855680770434059,0.28556596623938174,0.2855631207203571,0.2855498033052998,0.2855468130684074,0.2855477250229811,0.2855497494302916,0.28552998190383033,0.28553294128824097,0.28553670031265466,0.2855332513807865,0.2855220924436192,0.28551846894792465,0.2855209872280381,0.2855228121217115,0.285597651257448,0.2855936580755005,0.2855723167646466,0.2855618846252329,0.285572739455808,0.2855578641700204,0.2855394715445845,0.2855401911126496,0.2855271502329439,0.285526903344911,0.285596540524722,0.2855577067247809,0.2855955379498932,0.28556027914976573,0.2855577351424983,0.2855881861369172,0.2855595690130045,0.28556814035708844,0.2855877922546971
0.2855742196172918,0.28557137848234093,0.28555850244624886,0.28555505938592896,0.2855522226567154,0.2855554782973336,0.2855364684700087,0.2855400434093888,0.28553787163462935,0.2855350180768209,0.28552166312168437,0.2855186644380087,0.2855195316318364,0.28552156176729865,0.2855017383918084,0.28550470614904794,0.2855084576073756,0.2855049989061934,0.28549380846470346,0.28549017470920274,0.28549262991905894,0.28549449224557805,0.28556974924564876,0.2855657448123497,0.28554428389247216,0.28553377074269465,0.28554470777248153,0.28552973874738713,0.2855112107309497,0.28551193304450695,0.2854988110542231,0.2854985501055226,0.28556868818654196,0.2855295807299237,0.28556762045447465,0.28553220686175473,0.2855296032106491,0.28556024785333245,0.2855314416538211,0.2855400843858847,0.2855597909019414,0.28549750679150887
0.28555125150401695,0.2855484038013924,0.28553555228706556,0.28553210128717355,0.28552913538874974,0.28553239857671164,0.2855133447485344,0.28551692797467737,0.2855146938123085,0.2855118336235744,0.2854984477032137,0.285495442052071,0.2854962903004479,0.2854983251572156,0.2854784557497136,0.2854814304080721,0.2854851725387385,0.285481705783635,0.28547048937306924,0.2854668471597155,0.28546924085719894,0.28547113851397443,0.28554675323719575,0.2855427395340354,0.2855211670035917,0.2855105469310645,0.2855215918647861,0.2855065054481893,0.28548793750501056,0.28548866189242206,0.2854754327190318,0.28547515757442254,0.28554574335782784,0.2855064101053983,0.2855446097109773,0.2855090266886315,0.2855064268549294,0.28553722014368627,0.2855082053078512,0.2855169463946626,0.28553670098189377,0.28547419234470073,0.2855011640913491
0.08,0.08,0.08,0.08,0.08,0.08,0.08,0.08,0.08,0.08,0.08,0.08,0.08,0.08,0.08,0.08,0.08,0.08,0.08,0.08,0.08,0.08,0.08,0.08,0.08,0.08,0.08,0.08,0.08,0.08,0.08,0.08,0.08,0.08,0.08,0.08,0.08,0.08,0.08,0.08,0.08,0.08,0.08,0.08
0.08,0.08,0.08,0.08,0.08,0.08,0.08,0.08,0.08,0.08,0.08,0.08,0.08,0.08,0.08,0.08,0.08,0.08,0.08,0.08,0.08,0.08,0.08,0.08,0.08,0.08,0.08,0.08,0.08,0.08,0.08,0.08,0.08,0.08,0.08,0.08,0.08,0.08,0.08,0.08,0.08,0.08,0.08,0.08
0.08,0.08,0.08,0.08,0.08,0.08,0.08,0.08,0.08,0.08,0.08,0.08,0.08,0.08,0.08,0.08,0.08,0.08,0.08,0.08,0.08,0.08,0.08,0.08,0.08,0.08,0.08,0.08,0.08,0.08,0.08,0.08,0.08,0.08,0.08,0.08,0.08,0.08,0.08,0.08,0.08,0.08,0.08,0.08
0.08,0.08,0.08,0.08,0.08,0.08,0.08,0.08,0.08,0.08,0.08,0.08,0.08,0.08,0.08,0.08,0.08,0.08,0.08,0.08,0.08,0.08,0.08,0.08,0.08,0.08,0.08,0.08,0.08,0.08,0.08,0.08,0.08,0.08,0.08,0.08,0.08,0.08,0.08,0.08,0.08,0.08,0.08,0.08
0.08,0.08,0.08,0.08,0.08,0.08,0.08,0.08,0.08,0.08,0.08,0.08,0.08,0.08,0.08,0.08,0.08,0.08,0.08,0.08,0.08,0.08,0.08,0.08,0.08,0.08,0.08,0.08,0.08,0.08,0.08,0.08,0.08,0.08,0.08,0.08,0.08,0.08,0.08,0.08,0.08,0.08,0.08,0.08
0.08,0.08,0.08,0.08,0.08,0.08,0.08,0.08,0.08,0.08,0.08,0.08,0.08,0.08,0.08,0.08,0.08,0.08,0.08,0.08,0.08,0.08,0.08,0.08,0.08,0.08,0.08,0.08,0.08,0.08,0.08,0.08,0.08,0.08,0.08,0.08,0.08,0.08,0.08,0.08,0.08,0.08,0.08,0.08
0.08,0.08,0.08,0.08,0.08,0.08,0.08,0.08,0.08,0.08,0.08,0.08,0.08,0.08,0.08,0.08,0.08,0.08,0.08,0.08,0.08,0.08,0.08,0.08,0.08,0.08,0.08,0.08,0.08,0.08,0.08,0.08,0.08,0.08,0.08,0.08,0.08,0.08,0.08,0.08,0.08,0.08,0.08,0.08
0.08,0.08,0.08,0.08,0.08,0.08,0.08,0.08,0.08,0.08,0.08,0.08,0.08,0.08,0.08,0.08,0.08,0.08,0.08,0.08,0.08,0.08,0.08,0.08,0.08,0.08,0.08,0.08,0.08,0.08,0.08,0.08,0.08,0.08,0.08,0.08,0.08,0.08,0.08,0.08,0.08,0.08,0.08,0.08
0.2855299215617037,0.28552706776063586,0.2855141344516926,0.28551067604330677,0.28550768627509715,0.28551095647395774,0.285491900143434,0.2854954910535873,0.2854931826693945,0.2854903163273684,0.2854770291554249,0.28547401707694614,0.285474719212176,0.2854767584503699,0.28545698163026867,0.2854599626528454,0.28546355959478714,0.28546008536438294,0.2854484715130034,0.2854448213142463,0.2854475296871276,0.28544946104680363,0.2855253951421465,0.2855213728312298,0.28549965979071207,0.2854890161377659,0.28550008556546824,0.2854849658939667,0.2854663398162913,0.2854670659861903,0.2854537257652111,0.2854534360162852,0.28552466899523155,0.2854847826020625,0.28552346707355775,0.28548804238662656,0.2854847935747731,0.2855158310732399,0.28548716249832073,0.2854953890331431,0.2855152457437671,0.2854525030702525,0.2854796076269006,0.2854959055892222
0.2855086122030762,0.28550575231022,0.2854928459074791,0.2854893801362533,0.28548628289074657,0.28548956008467147,0.2854704246028353,0.2854740232071063,0.2854717188182274,0.2854688463372189,0.2854554030149623,0.2854523844476802,0.28545319678576914,0.28545524039494796,0.2854352856535876,0.2854382731053122,0.2854419962197354,0.28543851453344804,0.28542724998014746,0.2854235920867194,0.28542587471807646,0.2854278369056088,0.2855040581471995,0.2855000272407332,0.285478221970232,0.28546753285109444,0.28547864865607697,0.28546347389484755,0.2854447937543485,0.28544552160677855,0.28543148517713574,0.2854311809532517,0.28550315373947727,0.2854632913803089,0.28550188494755047,0.28546610412286755,0.28546329691682215,0.2854944633334957,0.28546516624205875,0.2854739201338487,0.2854938143973238,0.2854309595663637,0.2854580988523978,0.2854745087379222
0.28549209416032695,0.28548922954592265,0.28547624734279425,0.28547277583144565,0.2854696808964196,0.2854729635156052,0.28545379640520724,0.285457400966249,0.28545506329249165,0.28545218604829153,0.28543872048338353,0.2854356969111687,0.28543649189896225,0.28543853890034854,0.28541855108608694,0.28542154349618504,0.2854252560539458,0.28542176857787316,0.2854104853643458,0.285406821391803,0.2854090568850302,0.28541104623257213,0.28548786902492784,0.28548383159615537,0.2854615650473398,0.28545100342893825,0.28546199244122267,0.2854469377736547,0.2854282177401712,0.28542894686860104,0.2854152374613182,0.28541491838409105,0.2854878584332067,0.2854465179021602,0.28548652076247794,0.2854504393870735,0.28544651795584897,0.2854785582490666,0.28544944186135307,0.2854572099642019,0.2854778437887365,0.2854141068416089,0.2854411960202159,0.28545787149470414
0.2854653695428538,0.2854624972904139,0.285449480551206,0.2854459997845427,0.2854428218463569,0.28544611324151326,0.2854268949686918,0.28543050916547624,0.2854281086179648,0.2854252236661913,0.28541185042011724,0.2854088187876447,0.2854094697995891,0.2854115222875549,0.28539161716568856,0.2853946175551483,0.2853981879508587,0.2853946911175942,0.28538300196387545,0.2853793280283034,0.2853819023948909,0.2853839173953647,0.2854607580687306,0.2854567097215394,0.28543468981652725,0.2854238545699099,0.2854351183528164,0.2854197779362634,0.28540102270156087,0.2854017538414385,0.28538862068572446,0.28538828610979233,0.2854601950395105,0.2854195454355873,0.285458785554102,0.2854225213499055,0.2854195400795535,0.28545109975646527,0.28542146185985834,0.2854303225127435,0.28545031827368267,0.2853870400287196,0.28541434046927816,0.28543106080191893,0.28541401355366974
0.2854375549007081,0.28543467469998307,0.2854216768601946,0.28541818648123696,0.2854148628256447,0.2854181633546944,0.285398930559868,0.2854025547715101,0.2854000451921456,0.2853971522170643,0.2853836131948665,0.285380573093411,0.28538130780041265,0.28538336600546954,0.2853632689602632,0.2853662777467005,0.28536997939790165,0.28536647281506367,0.2853551279911638,0.28535144395266887,0.2853536137061155,0.2853556508631652,0.28543291140145455,0.28542885184171063,0.28540668959549925,0.28539576227628755,0.2854071193218887,0.28539167428814555,0.2853728046076538,0.28537353781407865,0.28536030831455983,0.28535995782313356,0.2854321723391399,0.28539147712682084,0.28543068958531664,0.28539498352941794,0.2853914664108447,0.2854232149336532,0.2853938596459814,0.2854022854971493,0.28542236555374245,0.2853587671950108,0.28538620866504694,0.2854031016088655,0.2853858265721998,0.2853589601961307
0.28541496056903254,0.28541207391273665,0.2853989920462739,0.2853954938258942,0.2853921602205081,0.28539546816512684,0.28537615341285905,0.28537978578042517,0.28537727064020757,0.2853743711548848,0.2853609306896553,0.2853578837862294,0.2853584695365364,0.28536053237722564,0.2853405270083445,0.2853435425301191,0.28534710119802453,0.28534358670845994,0.2853318387278131,0.28532814624916086,0.28533067161527503,0.2853327262789507,0.28541028709930333,0.2854062184310283,0.2853839497022949,0.2853729608434546,0.2853843803951045,0.2853688636423146,0.2853499394802596,0.2853506743551772,0.28533733035572295,0.2853369637937576,0.285409838159803,0.2853686086664293,0.28540828163352033,0.2853717281622569,0.2853685926389883,0.2854005571881572,0.28537053896030923,0.28537951048014853,0.2853996395254023,0.28533577405003496,0.28536337246862986,0.285380404916471,0.28536293575565524,0.28533597737187044
0.2853830612408331,0.28538016547185024,0.28536709753725376,0.2853635882937359,0.28536010456079697,0.28536342297436346,0.2853440861278026,0.2853477299759912,0.28534510244261224,0.2853421937633161,0.2853287107757724,0.28532565421189754,0.2853261934653981,0.2853282628563031,0.28530819406144386,0.28531121915749563,0.28531477534012084,0.28531124968289445,0.2852998433502945,0.28529613927924113,0.28529827332213925,0.28530034424253786,0.28537835319816157,0.28537427167639895,0.2853518488736886,0.2853407615973458,0.28535228093046106,0.28533665139312775,0.28531760130052136,0.28531833852116467,0.28530489492963346,0.2853045116097024,0.28537772874976797,0.2853364310149978,0.28537609565009364,0.2853400878513692,0.2853364096899286,0.2853685805609553,0.28533883097288404,0.2853473698085802,0.2853675928715087,0.28530334180728384,0.2853311293868494,0.28534834439413925,0.2853306380370197,0.28530355636206145,0.285314553467254
0.28536099726947134,0.28535809519847777,0.2853449988900727,0.2853414820102113,0.2853379304297816,0.2853412560839573,0.28532187711217716,0.2853255289102845,0.2853228547081732,0.28531993967129143,0.28530642728013156,0.28530336403610945,0.2853038814554836,0.2853059553737313,0.28528584274080115,0.28528887445434536,0.2852924250657322,0.28528889168729016,0.28527746045853825,0.28527374827864405,0.28527587218991746,0.2852779547418551,0.28535625889750355,0.2853521684837114,0.2853296372303361,0.2853184863128923,0.2853300702307879,0.2853143671141086,0.2852952605531267,0.28529599939333056,0.28528244363203803,0.28528204339998303,0.285355857423963,0.2853141225363012,0.2853541481674498,0.28531786709510554,0.2853140959501102,0.28534645273105785,0.2853165422204543,0.2853251220575977,0.28534539528816244,0.2852809193626853,0.2853088186926174,0.2853261769165726,0.28530827033974226,0.2852811456314798,0.2852922037373448
0.2853374177248126,0.2853345089198356,0.28532138229303516,0.2853178572533992,0.28531423706291575,0.28531757045273065,0.28529814647599994,0.28530180676754596,0.28529908557861133,0.2852961637503133,0.2852826199493894,0.2852795495693811,0.285280045607708,0.2852821243618386,0.28526196490356887,0.28526500368558716,0.28526854969517845,0.28526500807054533,0.2852535502499679,0.2852498294094677,0.28525194774092805,0.28525404020819045,0.285332648054198,0.2853285481395558,0.2853059047956746,0.2852946886800891,0.2853063388042641,0.2852905598744409,0.2852713946811445,0.2852721352484207,0.28525846557286866,0.2852580479378605,0.28533230664980874,0.2852902896172359,0.2853305197824381,0.28529412493224365,0.2852902577773032,0.28532280662334303,0.28529273052674214,0.28530135224492775,0.2853216786577496,0.28525696843871007,0.28528498384543116,0.2853024885721994,0.2852843779562748,0.28525720701505247,0.28526832837036653
0.2853109944886428,0.28530807813868375,0.2852949175425056,0.2852913833603877,0.2852876932561139,0.2852910353109156,0.2852715609227896,0.2852752307281586,0.2852724618040878,0.2852695323698699,0.28525595339255,0.2852528750207313,0.28525335012460007,0.2852554342939722,0.28523522240088195,0.285238269098202,0.28524181187537345,0.28523826101801497,0.28522677342154895,0.2852230428838952,0.28522515935099835,0.2852272608163093,0.2853061916001231,0.28530208104112353,0.285279319280469,0.2852680348662325,0.2852797544182032,0.28526389530314494,0.2852446667172617,0.28524540921659863,0.28523162249269673,0.28523118685177007,0.28530591167437924,0.28526359796132883,0.28530404469527415,0.28526752748912737,0.2852635608669438,0.2852963116100893,0.28526606179141967,0.2852747274642654,0.2852951106979831,0.2852301502044191,0.28525828973658734,0.28527594670509226,0.2852576255861146,0.2852304016670196,0.285241590020082
0.2852712591344239,0.28526833144052294,0.28525511977185214,0.2852515718439472,0.28524775323712154,0.2852511083274124,0.2852315581018283,0.2852352422196533,0.2852323682976666,0.2852294274117452,0.2852157954725305,0.2852127050680083,0.2852131063806787,0.2852151987119672,0.28519476896154966,0.2851978276299751,0.2852014831931878,0.285197918413427,0.2851860028492702,0.28518225754976834,0.2851847324674219,0.28518684467914385,0.28526641642575257,0.2852622898678618,0.28523932632506427,0.2852279051901312,0.2852397631609623,0.2852237494353497,0.28520435291742774,0.28520509832841767,0.2851911754891559,0.2851907206004277,0.2852661984778848,0.2852234769411808,0.28526424768900926,0.28522745470481164,0.285223434540211,0.28525648461467173,0.28522591426605143,0.28523468865326157,0.28525520798364934,0.28518972562270256,0.2852181065569208,0.28523599345504064,0.28521738252356277,0.28518999081528534,0.2852012356685567,0.2852016157476554,0.28517098303350585
0.2852420570356838,0.2852391210066583,0.2852258159115661,0.2852222578644521,0.28521841689355654,0.28522178155657535,0.2852021361606138,0.2852058308030326,0.2852029410843371,0.2851999917950057,0.28518618982053995,0.2851830905469775,0.2851835961770576,0.2851856944921316,0.2851653456306646,0.2851684130043248,0.2851719272098529,0.28516835222787096,0.28515678683025864,0.28515303095422145,0.2851551242070198,0.28515724417110616,0.2852371790437583,0.2852330407275518,0.2852099453772301,0.28519844602027866,0.28521038346047767,0.2851942783811087,0.2851748020963315,0.2851755496414321,0.2851615133199896,0.28516103899036216,0.2852370953398487,0.2851939486652628,0.2852350612918838,0.2851975391825157,0.2851939009889635,0.2852272052091137,0.2851959239542435,0.28520526606852187,0.2852258529149122,0.2851601270390419,0.285188603614228,0.2852066561051941,0.28518781961445266,0.2851604062738261,0.2851716679394185,0.2851721093390721,0.2851412713422459
0.28521794841214276,0.2852150055029084,0.28520172533343635,0.28519815896868383,0.28519418498734056,0.28519755755620363,0.28517790564576007,0.2851816089543546,0.2851786258660492,0.2851756696342289,0.2851619667246581,0.28515886019568254,0.28515920782978416,0.28516131108929277,0.2851407748003543,0.28514384944241455,0.285147499298403,0.2851439158852482,0.28513193823469773,0.28512817336448304,0.2851306534448444,0.2851327795634472,0.28521303716442276,0.2852088891403421,0.2851856724396027,0.2851741007050678,0.2851861115532355,0.28516992324585205,0.2851503773595585,0.2851511266681298,0.28513698721851943,0.28513649309597244,0.2852129466925147,0.2851696028746755,0.28521082901396305,0.28517376862913996,0.28516954944896156,0.285203025851459,0.2851720781248665,0.28518095272061317,0.28520159739949763,0.28513556156909275,0.2851642189956607,0.2851824298522474,0.2851633746428451,0.2851358551235911,0.2851472277721823,0.2851477294303291,0.2851168071494096
0.2851886333374296,0.28518568206347705,0.2851723080450021,0.2851687315250983,0.28516473449838825,0.2851681166741656,0.28514836918989744,0.2851520830606792,0.28514908440630526,0.2851461197411483,0.28513224597503206,0.2851291305453878,0.2851295839461271,0.2851316932105461,0.2851112383319342,0.2851143217098964,0.28511783056892304,0.28511423691709764,0.2851022251545881,0.28509844953090707,0.28510093407189907,0.28510306705700755,0.28518405198254065,0.2851798923052506,0.28515615175765,0.2851446748182188,0.2851565921241938,0.2851404854919235,0.2851208640791513,0.2851216155178782,0.2851060470510572,0.28510553229365004,0.2851847242149031,0.2851399298855136,0.2851825207558311,0.28514472735679564,0.28513987054087225,0.2851743179826661,0.28514295927874883,0.28515136440454164,0.28517281202344996,0.28510575660970017,0.28513438541612207,0.2851529308119679,0.2851334794598629,0.2851060650448132,0.2851179962693262,0.2851185579389518,0.2850870334067628
0.28515497661882727,0.28515201574311555,0.2851385983152482,0.2851350101605817,0.28513090462067053,0.2851342978298695,0.2851144860285791,0.2851182120136395,0.2851151295446295,0.2851121551880511,0.2850982361723241,0.28509511055947173,0.28509551120191406,0.2850976273717424,0.2850769652230646,0.28508005873594566,0.28508368100966114,0.28508007557578874,0.28506841198887295,0.2850646241305254,0.28506669925929995,0.28506883977245895,0.2851499909469857,0.28514581757865876,0.28512229672333406,0.28511053673044284,0.2851227385264472,0.28510633363971155,0.28508659469806247,0.2850873486095168,0.28507297176178714,0.28507243605229227,0.2851501033295254,0.2851059512749277,0.28514781123919314,0.2851098078517373,0.28510588592102304,0.28513988939464724,0.28510795980238374,0.28511748725137753,0.2851383042627233,0.2850716216078145,0.285100561039331,0.28511914510370856,0.28509959245947414,0.28507194545874504,0.28508340927871645,0.2850840319076241,0.2850526446092348,0.2850529892264168
0.28512934877687834,0.2851263805912151,0.28511298662853884,0.285109389635672,0.2851051463246981,0.28510854793333035,0.2850887270822256,0.2850924622752737,0.2850892830819385,0.28508630134955615,0.2850724805108496,0.2850693471876129,0.28506958714732755,0.2850717085701608,0.2850511359695461,0.28505423711904376,0.2850577150021075,0.2850541006084906,0.2850420197489438,0.2850382223413387,0.2850406864517079,0.2850428326380344,0.2851243281591348,0.2851201444768181,0.285096495010987,0.2850846585341915,0.2850969379088073,0.2850804450106436,0.285060632010975,0.28506138779563855,0.28504692275572996,0.28504636625152285,0.28512443613593114,0.2850800703497956,0.28512205578614036,0.28508451186935124,0.28507999895937447,0.28511418667766886,0.2850825841116143,0.2850916422597865,0.2851125228350862,0.28504551091409697,0.285074640934564,0.2850933918335809,0.2850736097199767,0.28504585056815646,0.28505743004830847,0.28505811442329543,0.2850266146345949,0.2850269790424588
0.08,0.08,0.08,0.08,0.08,0.08,0.08,0.08,0.08,0.08,0.08,0.08,0.08,0.08,0.08,0.08,0.08,0.08,0.08,0.08,0.08,0.08,0.08,0.08,0.08,0.08,0.08,0.08,0.08,0.08,0.08,0.08,0.08,0.08,0.08,0.08,0.08,0.08,0.08,0.08,0.08,0.08,0.08,0.08,0.08,0.08,0.08,0.08,0.08,0.08
0.08,0.08,0.08,0.08,0.08,0.08,0.08,0.08,0.08,0.08,0.08,0.08,0.08,0.08,0.08,0.08,0.08,0.08,0.08,0.08,0.08,0.08,0.08,0.08,0.08,0.08,0.08,0.08,0.08,0.08,0.08,0.08,0.08,0.08,0.08,0.08,0.08,0.08,0.08,0.08,0.08,0.08,0.08,0.08,0.08,0.08,0.08,0.08,0.08,0.08
0.08,0.08,0.08,0.08,0.08,0.08,0.08,0.08,0.08,0.08,0.08,0.08,0.08,0.08,0.08,0.08,0.08,0.08,0.08,0.08,0.08,0.08,0.08,0.08,0.08,0.08,0.08,0.08,0.08,0.08,0.08,0.08,0.08,0.08,0.08,0.08,0.08,0.08,0.08,0.08,0.08,0.08,0.08,0.08,0.08,0.08,0.08,0.08,0.08,0.08
0.08,0.08,0.08,0.08,0.08,0.08,0.08,0.08,0.08,0.08,0.08,0.08,0.08,0.08,0.08,0.08,0.08,0.08,0.08,0.08,0.08,0.08,0.08,0.08,0.08,0.08,0.08,0.08,0.08,0.08,0.08,0.08,0.08,0.08,0.08,0.08,0.08,0.08,0.08,0.08,0.08,0.08,0.08,0.08,0.08,0.08,0.08,0.08,0.08,0.08
0.08,0.08,0.08,0.08,0.08,0.08,0.08,0.08,0.08,0.08,0.08,0.08,0.08,0.08,0.08,0.08,0.08,0.08,0.08,0.08,0.08,0.08,0.08,0.08,0.08,0.08,0.08,0.08,0.08,0.08,0.08,0.08,0.08,0.08,0.08,0.08,0.08,0.08,0.08,0.08,0.08,0.08,0.08,0.08,0.08,0.08,0.08,0.08,0.08,0.08
0.08,0.08,0.08,0.08,0.08,0.08,0.08,0.08,0.08,0.08,0.08,0.08,0.08,0.08,0.08,0.08,0.08,0.08,0.08,0.08,0.08,0.08,0.08,0.08,0.08,0.08,0.08,0.08,0.08,0.08,0.08,0.08,0.08,0.08,0.08,0.08,0.08,0.08,0.08,0.08,0.08,0.08,0.08,0.08,0.08,0.08,0.08,0.08,0.08,0.08
0.08,0.08,0.08,0.08,0.08,0.08,0.08,0.08,0.08,0.08,0.08,0.08,0.08,0.08,0.08,0.08,0.08,0.08,0.08,0.08,0.08,0.08,0.08,0.08,0.08,0.08,0.08,0.08,0.08,0.08,0.08,0.08,0.08,0.08,0.08,0.08,0.08,0.08,0.08,0.08,0.08,0.08,0.08,0.08,0.08,0.08,0.08,0.08,0.08,0.08
0.08,0.08,0.08,0.08,0.08,0.08,0.08,0.08,0.08,0.08,0.08,0.08,0.08,0.08,0.08,0.08,0.08,0.08,0.08,0.08,0.08,0.08,0.08,0.08,0.08,0.08,0.08,0.08,0.08,0.08,0.08,0.08,0.08,0.08,0.08,0.08,0.08,0.08,0.08,0.08,0.08,0.08,0.08,0.08,0.08,0.08,0.08,0.08,0.08,0.08
0.28510251907653916,0.28509954323930625,0.28508605817192134,0.2850824518879097,0.285078182227412,0.2850815926272949,0.28506168061780623,0.2850654254775703,0.2850622285045211,0.28505923905279007,0.2850452495585262,0.2850421080845372,0.2850424531484472,0.28504458006858874,0.28502381311936115,0.28502692234579224,0.2850305387612327,0.28502691499115923,0.28501480290619585,0.2850109956519475,0.28501346146760587,0.28501561345750004,0.2850974622161377,0.28509326773745763,0.28506948582141006,0.28505757075915944,0.285069929865038,0.28505334631610113,0.2850334577043424,0.2850342154493775,0.28501967113587195,0.28501909486999355,0.28509771153315616,0.2850529084195661,0.2850952397824767,0.2850569673123913,0.28505283079533555,0.2850872790422241,0.28505495657655794,0.2850645880932338,0.28508553420913596,0.2850182846754067,0.2850475090670103,0.28506643221379185,0.2850464120869491,0.2850186408268971,0.2850302383828937,0.2850309867636347,0.28499931574714815,0.2849997011828594
0.2850726433692043,0.28506965901314735,0.2850561922545021,0.2850525756675729,0.285048167781088,0.28505158796508545,0.2850316590530113,0.28503541464100524,0.2850321212582424,0.28502912321762147,0.285015226962691,0.28501207650388916,0.28501226277069935,0.2850143958063238,0.28499371076854074,0.28499682889203476,0.2850003045445636,0.28499667034765586,0.28498491404783693,0.28498109598405075,0.2849831736882967,0.28498533202241827,0.2850675493666587,0.2850633428707825,0.28503939938060796,0.28502757918623406,0.28503984470020893,0.28502334265670753,0.2850033778674825,0.2850041377817893,0.2849881853221534,0.28498759231250553,0.2850678668458814,0.2850227239988969,0.285065304530079,0.2850284172107722,0.2850226402340299,0.2850573218416879,0.28502632417017615,0.2850344313726944,0.2850554976366243,0.2849877136820286,0.2850171034878871,0.2850363685061127,0.2850159414102173,0.2849880864383871,0.285000442509317,0.28500125420268757,0.28496889614402077,0.28496930305487894
0.2850419268070836,0.2850389336940182,0.285025427513783,0.28502180031578195,0.2850173094671346,0.2850207397085094,0.28500075228907734,0.28500451891962486,0.2850011685844545,0.28499816171536824,0.284984224634633,0.28498106489950065,0.2849812258551489,0.28498336517658895,0.28496261927917804,0.284965746590412,0.2849692239946573,0.28496557908001985,0.284953788231308,0.2849499589120173,0.2849520380719453,0.28495420287438233,0.2850371647407767,0.2850329460383028,0.2850085171592018,0.2849964411464333,0.2850089637883853,0.2849921920700155,0.2849721434926307,0.28497290565915717,0.28495823200244963,0.2849576252819753,0.2850381089218623,0.2849917258326484,0.28503545249247675,0.28499649021096274,0.284991635643852,0.2850272150302565,0.28499431143303267,0.28500352606554186,0.2850253036165948,0.284956703898971,0.28498628397392634,0.28500555919591564,0.2849850544999108,0.28495709396961305,0.2849688868274547,0.284969764324061,0.2849376781933094,0.28493810785963414
0.2850225271749019,0.2850195285320057,0.28500599745830063,0.2850023635596771,0.28499779421823446,0.2850012308190883,0.2849812064045721,0.2849849800175422,0.2849815764157822,0.2849785639593677,0.2849646010412198,0.28496143543531927,0.28496157146934226,0.2849637147707268,0.2849429303395496,0.28494606346811513,0.28494953991240307,0.2849458882088756,0.28493407548532945,0.2849302390376304,0.28493231732846586,0.28493448623121514,0.28501735987196497,0.2850131332133322,0.28498893738743764,0.28497696889471813,0.2849893848468779,0.2849727119723177,0.2849526083411755,0.2849533719163339,0.28493731837734904,0.2849367016636904,0.285017747371403,0.28497202548020745,0.28501499735811625,0.28497794473956073,0.2849719288033603,0.28500704917548303,0.2849756815451237,0.2849838790844711,0.28500505108140317,0.28493673743492604,0.28496640474815277,0.28498600704390603,0.28496510804922975,0.28493714484562455,0.2849496395630187,0.2849505830607365,0.28491788894012265,0.28491834178598235
0.28499730162209697,0.28499429578965774,0.28498073235132104,0.2849770897409678,0.2849724123943493,0.28497585726533115,0.2849557443211658,0.2849595270287977,0.28495608189682364,0.28495306217081456,0.2849389313321807,0.2849357580477389,0.28493597702452517,0.284938125507997,0.2849171483512598,0.28492028909638856,0.28492388277624947,0.2849202222274482,0.28490798764256176,0.28490414176375206,0.28490661375846305,0.2849087879595655,0.28499246961871344,0.28498823296311016,0.28496353566867383,0.28495144102685344,0.2849639842050298,0.2849471738207231,0.28492697400956285,0.2849277394326772,0.2849115925075258,0.28491096823698236,0.2849935607800938,0.2849465134289793,0.2849907146401316,0.28495195563822723,0.2849464100348462,0.28498244256784977,0.2849496050815643,0.2849584559903432,0.2849803557370534,0.2849111387457855,0.28494083176138546,0.2849606808317761,0.2849394663728522,0.2849115641251581,0.2849239879848685,0.2849249992121102,0.28489216088722796,0.28489263791572683,0.28489629157804464
0.28496602727157255,0.28496301252711964,0.28494935157142565,0.28494569814240683,0.2849409919763564,0.28494444708328337,0.2849242744742432,0.28492806842051094,0.2849245650014396,0.2849215362901219,0.2849073635021591,0.28490418077649066,0.28490437465959845,0.2849065295404865,0.2848854900205663,0.28488864011665815,0.28489223710232364,0.28488856564744874,0.2848762947299523,0.2848724373966021,0.2848749118365895,0.28487709254491494,0.2849611556063414,0.2849569063763709,0.28493206432423024,0.2849198878258622,0.2849325141946482,0.28491560791145254,0.2848953263246054,0.2848960940286188,0.28487990104199445,0.28487927090130516,0.28496240252585525,0.2849148744774186,0.28495945676944096,0.284920472947936,0.28491476405641036,0.28495108066668834,0.28491803232136964,0.2849269332372879,0.2849489024182653,0.2848793748016844,0.2849092269940688,0.28492926313643796,0.2849077913559771,0.2848798188226265,0.2848923210693626,0.28489340166181226,0.28486037155692745,0.2848608737933815,0.284864545893611
0.28493992724165157,0.28493690506094216,0.2849232104892811,0.2849195480495503,0.2849147568109861,0.28491822046317083,0.28489799804462296,0.2849018013732189,0.28489824061435365,0.28489520439937976,0.28488099657984156,0.28487780596978235,0.28487797432524353,0.2848801345495521,0.2848591862733364,0.28486234413745964,0.28486579945688906,0.284862118891314,0.2848502131272741,0.2848463463684175,0.2848484261219684,0.284850612264818,0.284935017838007,0.2849307581130991,0.28490578207935413,0.2848935290138091,0.2849062330637446,0.2848892384845312,0.28486888470118554,0.28486965431066125,0.284853426392158,0.28485279211303843,0.28493634128351,0.28488846601945256,0.28493329579971677,0.2848941855595337,0.28488834831386817,0.2849248994346306,0.28489165437039426,0.2849006012437766,0.28492262943769114,0.28485282304199117,0.28488282138609977,0.2849030367766703,0.28488131535638783,0.2848532859284744,0.2848658613828622,0.28486701191557606,0.28483374891590063,0.2848342776252029,0.28483807112461274
0.28490798652495714,0.28490495524547454,0.2848912772569712,0.28488760381190703,0.2848826661602346,0.28488614026309717,0.2848658976920593,0.28486971248049464,0.28486605109857244,0.28486300570971185,0.28484889050686796,0.28484569029793827,0.2848456974680609,0.2848478642240543,0.28482670894494505,0.28482987639860247,0.2848334787868296,0.2848297870876151,0.2848174487288251,0.2848135701329331,0.28481604771673097,0.2848182404884518,0.28490303629446767,0.28489876373075335,0.28487363898960394,0.2848613021431978,0.2848740913360738,0.28485699863884484,0.284836561088287,0.2848373330265201,0.28482106375882493,0.2848204259489804,0.28490435753637167,0.28485622077185535,0.2849012092999525,0.284862567820996,0.2848560953680457,0.2848928683508084,0.28485994316725066,0.2848684047206523,0.28489050391215676,0.2848202359368185,0.2848505414146298,0.2848709489124882,0.284848963413945,0.28482071837235734,0.28483351759076425,0.2848347407306608,0.28480133177130823,0.2848018880204011,0.28480559875233036
0.28487559622063824,0.2848725557160805,0.28485877831218004,0.28485509366896894,0.28485012374220536,0.284853608440827,0.2848332633462478,0.2848370897829105,0.2848334084535397,0.28483035376345134,0.28481619555166443,0.2848129855696938,0.28481296630520647,0.2848151396835363,0.28479391985038427,0.28479709698374633,0.28480070335297886,0.2847970003667862,0.2847846243979432,0.28478073394627196,0.2847832137008625,0.2847854131877272,0.284870604554339,0.2848663189728079,0.2848410432937419,0.2848286215979073,0.2848414970212306,0.2848243049384099,0.2848036262102635,0.28480440052075984,0.28478945481395757,0.2847888141298261,0.28487208461535524,0.2848234498501185,0.2848688325304527,0.2848294252043298,0.2848233163017317,0.2848603860925605,0.2848267050944867,0.28483575449485676,0.28485792550303385,0.2847875188105203,0.28481780694708636,0.2848384092394233,0.28481615597882437,0.28478802120647484,0.28480025406805726,0.28480155123243206,0.2847684032567014,0.28476898779260273,0.2847742587157309
0.28484227573605975,0.28483922574336235,0.2848254054496138,0.28482170930939044,0.2848166466972104,0.2848201422937592,0.2847997336779864,0.28480357208008417,0.2847998279635758,0.28479676370692014,0.2847824249754393,0.2847792049009093,0.28477929488740666,0.28478147507696033,0.2847603335055868,0.2847635205520481,0.2847669864024396,0.2847632718055757,0.2847512563117081,0.2847473538090787,0.2847494364614935,0.2847516428525463,0.284837241864052,0.2848329428922819,0.28480751169992524,0.284795001651692,0.2848079668478792,0.284790671460246,0.28476990554130327,0.284770682280288,0.2847556998122646,0.2847550564939155,0.28483880056520205,0.2847897751424517,0.28483544398318533,0.28479588086624635,0.2847896328665946,0.2848269714101647,0.2847930631911736,0.2848021669585798,0.28482441269110426,0.2847537242569095,0.28478413035803474,0.2848049344762043,0.2847824008458565,0.2847542471124919,0.28476651111805557,0.284767883964617,0.28473447401056623,0.2847350879136276,0.28474040185001426
0.2848087025112328,0.2848056429603339,0.2847917794606678,0.28478807173854537,0.28478288673947033,0.28478639332384015,0.28476592066355155,0.28476977112977647,0.28476593496789526,0.2847628610575882,0.28474847725952396,0.28474524704154647,0.2847452816974989,0.2847474687660227,0.28472611548381604,0.28472931262777335,0.28473289900232274,0.28472917266994685,0.2847167189236314,0.284712803950564,0.2847152879233298,0.28471750129280393,0.28480324677300656,0.2847989341575775,0.2847736710713881,0.28476091477689947,0.28477412765271026,0.28475657086820655,0.2847360127598835,0.2847367919392572,0.28472033086827453,0.2847196850640095,0.2848041598136885,0.2847557881008763,0.2848006993788411,0.2847609987253067,0.2847556363525196,0.2847925914945899,0.2847580810449877,0.28476824421400265,0.2847899322862783,0.28471946149116123,0.28475036227155054,0.2847711267297371,0.28474855278177486,0.28472000525837654,0.284732920776935,0.28473437079444,0.284700279126946,0.2847009237531375,0.2847046319932114,0.28470465378141285
0.2847730217028501,0.2847699519958275,0.2847561010338158,0.284752381025409,0.28474703528029566,0.28475055353078216,0.284730054154053,0.284733917414409,0.2847299687985184,0.284726884646201,0.2847125902048216,0.2847093492661659,0.2847092135418686,0.2847114079034411,0.2846901291278882,0.28469333688893916,0.2846967769878406,0.28469303822308256,0.28468094480566364,0.2846770169188587,0.2846791013296525,0.2846813220894591,0.2847675211305956,0.28476319417545176,0.2847377620342946,0.28472490651318383,0.28473822013642797,0.2847205481168731,0.28469989290052855,0.28470067468007687,0.2846841596552149,0.2846835114672328,0.2847685803840804,0.2847197560932571,0.284765019638933,0.2847256045912184,0.2847195938623566,0.28475680875939385,0.28472258484961743,0.2847322757970019,0.28475404477074384,0.28468306265763277,0.2847142949017981,0.2847352763964821,0.2847124035521506,0.28468362787455254,0.2846967781769718,0.2846983072659394,0.2846639328259414,0.28466460913864894,0.2846684200644512,0.2846684302889094
0.28473701353059433,0.2847339335764606,0.284719977850215,0.28471624540503443,0.2847108539786161,0.28471438400001964,0.28469377473487845,0.2846976509338701,0.2846936709928161,0.28469057650627966,0.2846760966534193,0.28467284481526145,0.28467281241654124,0.28467501413689683,0.28465351803470224,0.2846567365948215,0.2846603213812966,0.2846565700728482,0.28464403310820385,0.284640091900399,0.28464258047017066,0.2846448086851369,0.28473146854158404,0.28472712710969655,0.28470152244709046,0.28468856588488956,0.28470198208403913,0.28468419286948504,0.2846634393254225,0.2846642237286215,0.2846476545105833,0.28464700401109605,0.284732517796399,0.2846833402489188,0.2847288661192899,0.28468880262997076,0.284683166253959,0.2847206973492619,0.2846856784250902,0.2846959752431405,0.28471782307790344,0.2846466184265503,0.2846778941094154,0.2846990972567004,0.28467591914662926,0.28464720543096234,0.28466030134456316,0.2846619111931184,0.2846273596807929,0.28462806849696765,0.28463177156363506,0.2846317706899796
0.28470686187102323,0.2847037733381051,0.28468983763902245,0.2846860948189872,0.28468054128405934,0.2846840811651793,0.28466341443267873,0.2846673014571668,0.2846632493629319,0.28466014621688834,0.28464562594024306,0.284642365003242,0.28464229774271194,0.2846445056306235,0.2846229494105474,0.2846261769855957,0.2846297585411438,0.28462599671779626,0.284613424721726,0.2846094724693691,0.28461196171618214,0.2846141961820515,0.2847016598880295,0.2846973064716848,0.28467118184941037,0.2846582587114826,0.284671642771893,0.2846538735037391,0.28463270472878904,0.2846334913438314,0.28461827591285016,0.2846176235814592,0.2847034885642098,0.28465289926780685,0.28469976642534184,0.28465945450800706,0.28465271215730753,0.284691168717332,0.2846562258354858,0.28466559999907926,0.2846881776123905,0.2846159997047858,0.28464715171865856,0.284668846335292,0.2846450921324164,0.2846166086805025,0.2846292164024377,0.2846309080872579,0.28459663986816086,0.28459738205416013,0.2846026433662391,0.2846026317134571
0.28467043586292207,0.28466733696809615,0.2846533546301738,0.28464959925446826,0.28464390249619337,0.2846474542923156,0.2846267181139206,0.2846306182205015,0.2846264548575628,0.28462334124007976,0.2846087720819924,0.28460550014229485,0.28460536183356067,0.2846075771853691,0.2845859482121206,0.28458918669691147,0.28459273143620517,0.2845889568775875,0.2845763424488884,0.2845723768192738,0.2845748681427161,0.28457711017571385,0.28466519427970716,0.28466082620404043,0.284634484238491,0.28462142025481135,0.28463494671619416,0.28461702022922863,0.2845957142513303,0.28459650352788335,0.2845811670697121,0.2845805124791332,0.28466705795281966,0.28461606062629957,0.2846632856262758,0.2846226990443107,0.2846158594541584,0.28465464076722097,0.28461936154179845,0.2846288360468345,0.2846515219852991,0.28457886891776213,0.28461024948105246,0.2846322167484895,0.28460810166491424,0.2845795007459987,0.28459220042721894,0.2845939768847784,0.2845593801958746,0.2845601566211168,0.2845654393222957,0.28456541714482764,0.28457863003862993
0.2846406755946114,0.28463756823571895,0.28462353861033757,0.2846197729754476,0.28461397804079863,0.2846175395664738,0.28459678846915065,0.28460069924340703,0.28459641665696717,0.2845932944925465,0.2845788242969591,0.28457554341815566,0.2845752274317274,0.2845774488717832,0.2845559079479486,0.2845591552882869,0.2845625465414923,0.28455876160184745,0.28454651930170494,0.28454254291495096,0.28454462775728945,0.2845468759585334,0.2846353998394367,0.28463101978172656,0.28460450793009523,0.28459134037794603,0.2846049716796726,0.28458692825068876,0.28456553064191437,0.2845663220901574,0.2845509407735525,0.2845502843533331,0.284637283402712,0.28458593461010456,0.2846334814289451,0.2845932521507333,0.2845857209044832,0.28462478937487434,0.28458980618962165,0.28459879267130267,0.2846215404377627,0.28454850051473574,0.28458011157502816,0.2846023162561523,0.28457787395618556,0.28454915537379616,0.28456199297133145,0.28456385520136257,0.28452909226027645,0.2845299032285514,0.2845350877427018,0.28453505514972965,0.28454842741794634
0.08,0.08,0.08,0.08,0.08,0.08,0.08,0.08,0.08,0.08,0.08,0.08,0.08,0.08,0.08,0.08,0.08,0.08,0.08,0.08,0.08,0.08,0.08,0.08,0.08,0.08,0.08,0.08,0.08,0.08,0.08,0.08,0.08,0.08,0.08,0.08,0.08,0.08,0.08,0.08,0.08,0.08,0.08,0.08,0.08,0.08,0.08,0.08,0.08,0.08,0.08,0.08,0.08
0.08,0.08,0.08,0.08,0.08,0.08,0.08,0.08,0.08,0.08,0.08,0.08,0.08,0.08,0.08,0.08,0.08,0.08,0.08,0.08,0.08,0.08,0.08,0.08,0.08,0.08,0.08,0.08,0.08,0.08,0.08,0.08,0.08,0.08,0.08,0.08,0.08,0.08,0.08,0.08,0.08,0.08,0.08,0.08,0.08,0.08,0.08,0.08,0.08,0.08,0.08,0.08,0.08
0.08,0.08,0.08,0.08,0.08,0.08,0.08,0.08,0.08,0.08,0.08,0.08,0.08,0.08,0.08,0.08,0.08,0.08,0.08,0.08,0.08,0.08,0.08,0.08,0.08,0.08,0.08,0.08,0.08,0.08,0.08,0.08,0.08,0.08,0.08,0.08,0.08,0.08,0.08,0.08,0.08,0.08,0.08,0.08,0.08,0.08,0.08,0.08,0.08,0.08,0.08,0.08,0.08
0.08,0.08,0.08,0.08,0.08,0.08,0.08,0.08,0.08,0.08,0.08,0.08,0.08,0.08,0.08,0.08,0.08,0.08,0.08,0.08,0.08,0.08,0.08,0.08,0.08,0.08,0.08,0.08,0.08,0.08,0.08,0.08,0.08,0.08,0.08,0.08,0.08,0.08,0.08,0.08,0.08,0.08,0.08,0.08,0.08,0.08,0.08,0.08,0.08,0.08,0.08,0.08,0.08
0.08,0.08,0.08,0.08,0.08,0.08,0.08,0.08,0.08,0.08,0.08,0.08,0.08,0.08,0.08,0.08,0.08,0.08,0.08,0.08,0.08,0.08,0.08,0.08,0.08,0.08,0.08,0.08,0.08,0.08,0.08,0.08,0.08,0.08,0.08,0.08,0.08,0.08,0.08,0.08,0.08,0.08,0.08,0.08,0.08,0.08,0.08,0.08,0.08,0.08,0.08,0.08,0.08
0.08,0.08,0.08,0.08,0.08,0.08,0.08,0.08,0.08,0.08,0.08,0.08,0.08,0.08,0.08,0.08,0.08,0.08,0.08,0.08,0.08,0.08,0.08,0.08,0.08,0.08,0.08,0.08,0.08,0.08,0.08,0.08,0.08,0.08,0.08,0.08,0.08,0.08,0.08,0.08,0.08,0.08,0.08,0.08,0.08,0.08,0.08,0.08,0.08,0.08,0.08,0.08,0.08
0.08,0.08,0.08,0.08,0.08,0.08,0.08,0.08,0.08,0.08,0.08,0.08,0.08,0.08,0.08,0.08,0.08,0.08,0.08,0.08,0.08,0.08,0.08,0.08,0.08,0.08,0.08,0.08,0.08,0.08,0.08,0.08,0.08,0.08,0.08,0.08,0.08,0.08,0.08,0.08,0.08,0.08,0.08,0.08,0.08,0.08,0.08,0.08,0.08,0.08,0.08,0.08,0.08
0.08,0.08,0.08,0.08,0.08,0.08,0.08,0.08,0.08,0.08,0.08,0.08,0.08,0.08,0.08,0.08,0.08,0.08,0.08,0.08,0.08,0.08,0.08,0.08,0.08,0.08,0.08,0.08,0.08,0.08,0.08,0.08,0.08,0.08,0.08,0.08,0.08,0.08,0.08,0.08,0.08,0.08,0.08,0.08,0.08,0.08,0.08,0.08,0.08,0.08,0.08,0.08,0.08
