1,3,4,5,6,7,8,9,10,11,12,13,14,15,16,17,18,19,20,21,22,23,24,25,26,27,28,29,30,31,32,33,34,35,36,37,38,39,40,41,42,43,44,45,46,47,2,49,50,51,52,53,54,55,56,57,58,59,60,61,62,63,64,65,66,67,68,69,70,71,72,74,75,76,77,78,80,81,82
1,3,4,5,6,7,8,9,10,11,12,13,14,15,16,17,18,19,20,21,22,23,24,25,26,27,28,29,30,31,32,33,34,35,36,37,38,39,40,41,42,43,44,45,46,47,2,49,50,51,52,53,54,55,56,57,58,59,60,61,62,63,64,65,66,67,68,69,70,71,72,73,74,75,76,77,78,80,81,82
1,3,4,5,6,7,8,9,10,11,12,13,14,15,16,17,18,19,20,21,22,23,24,25,26,27,28,29,30,31,32,33,34,35,36,37,38,39,40,41,42,43,44,45,46,47,2,49,50,51,52,53,54,55,56,57,58,59,60,61,62,63,64,65,66,67,68,69,70,71,72,73,74,75,76,77,78,80,81,82
1,3,4,5,6,7,8,9,10,11,12,13,14,15,16,17,18,19,20,21,22,23,24,25,26,27,28,29,30,31,32,33,34,35,36,37,38,39,40,41,42,43,44,45,46,47,2,49,50,51,52,53,54,55,56,57,58,59,60,61,62,63,64,65,66,67,68,69,70,71,72,73,74,75,76,77,78,80,81,82
1,3,4,5,6,7,8,9,10,11,12,13,14,15,16,17,18,19,20,21,22,23,24,25,26,27,28,29,30,31,32,33,34,35,36,37,38,39,40,41,42,43,44,45,46,47,2,49,50,51,52,53,54,55,56,57,58,59,60,61,62,63,64,65,66,67,68,69,70,71,72,73,74,75,76,77,78,80,81,82
1,3,4,5,6,7,8,9,10,11,12,13,14,15,16,17,18,19,20,21,22,23,24,25,26,27,28,29,30,31,32,33,34,35,36,37,38,39,40,41,42,43,44,45,46,47,2,49,50,51,52,53,54,55,56,57,58,59,60,61,62,63,64,65,66,67,68,69,70,71,72,73,74,75,76,77,78,80,81,82
1,3,4,5,6,7,8,9,10,11,12,13,14,15,16,17,18,19,20,21,22,23,24,25,26,27,28,29,30,31,32,33,34,35,36,37,38,39,40,41,42,43,44,45,46,47,2,49,50,51,52,53,54,55,56,57,58,59,60,61,62,63,64,65,66,67,68,69,70,71,72,73,74,75,76,77,78,80,81,82
1,3,4,5,6,7,8,9,10,11,12,13,14,15,16,17,18,19,20,21,22,23,24,25,26,27,28,29,30,31,32,33,34,35,36,37,38,39,40,41,42,43,44,45,46,47,2,49,50,51,52,53,54,55,56,57,58,59,60,61,62,63,64,65,66,67,68,69,70,71,72,73,74,75,76,77,78,80,81,82
1,3,4,5,6,7,8,9,10,11,12,13,14,15,16,17,18,19,20,21,22,23,24,25,26,27,28,29,30,31,32,33,34,35,36,37,38,39,40,41,42,43,44,45,46,47,2,49,50,51,52,53,54,55,56,57,58,59,60,61,62,63,64,65,66,67,68,69,70,71,72,73,74,75,76,77,78,80,81,82
1,3,4,5,6,7,8,9,10,11,12,13,14,15,16,17,18,19,20,21,22,23,24,25,26,27,28,29,30,31,32,33,34,35,36,37,38,39,40,41,42,43,44,45,46,47,2,49,50,51,52,53,54,55,56,57,58,59,60,61,62,63,64,65,66,67,68,69,70,71,72,73,74,75,76,77,78,80,81,82
1,3,4,5,6,7,8,9,10,11,12,13,14,15,16,17,18,19,20,21,22,23,24,25,26,27,28,29,30,31,32,33,34,35,36,37,38,39,40,41,42,43,44,45,46,47,2,49,50,51,52,53,54,55,56,57,58,59,60,61,62,63,64,65,66,67,68,69,70,71,72,73,74,75,76,77,78,80,81,82
1,3,4,5,6,7,8,9,10,11,12,13,14,15,16,17,18,19,20,21,22,23,24,25,26,27,28,29,30,31,32,33,34,35,36,37,38,39,40,41,42,43,44,45,46,47,2,49,50,51,52,53,54,55,56,57,58,59,60,61,62,63,64,65,66,67,68,69,70,71,72,73,74,75,76,77,78,80,81,82
1,3,4,5,6,7,8,9,10,11,12,13,14,15,16,17,18,19,20,21,22,23,24,25,26,27,28,29,30,31,32,33,34,35,36,37,38,39,40,41,42,43,44,45,46,47,2,49,50,51,52,53,54,55,56,57,58,59,60,61,62,63,64,65,66,67,68,69,70,71,72,73,74,75,76,77,78,80,81,82
1,3,4,5,6,7,8,9,10,11,12,13,14,15,16,17,18,19,20,21,22,23,24,25,26,27,28,29,30,31,32,33,34,35,36,37,38,39,40,41,42,43,44,45,46,47,2,49,50,51,52,53,54,55,56,57,58,59,60,61,62,63,64,65,66,67,68,69,70,71,72,73,74,75,76,77,78,80,81,82
1,3,4,5,6,7,8,9,10,11,12,13,14,15,16,17,18,19,20,21,22,23,24,25,26,27,28,29,30,31,32,33,34,35,36,37,38,39,40,41,42,43,44,45,46,47,2,49,50,51,52,53,54,55,56,57,58,59,60,61,62,63,64,65,66,67,68,69,70,71,72,73,74,75,76,77,78,80,81,82
1,3,4,5,6,7,8,9,10,11,12,13,14,15,16,17,18,19,20,21,22,23,24,25,26,27,28,29,30,31,32,33,34,35,36,37,38,39,40,41,42,43,44,45,46,47,48,2,49,50,51,52,53,54,55,56,57,58,59,60,61,62,63,64,65,66,67,68,69,70,71,72,73,74,75,76,77,78,80,81,82
1,3,4,5,6,7,8,9,10,11,12,13,14,15,16,17,18,19,20,21,22,23,24,25,26,27,28,29,30,31,32,33,34,35,36,37,38,39,40,41,42,43,44,45,46,47,48,2,49,50,51,52,53,54,55,56,57,58,59,60,61,62,63,64,65,66,67,68,69,70,71,72,73,74,75,76,77,78,80,81,82
1,3,4,5,6,7,8,9,10,11,12,13,14,15,16,17,18,19,20,21,22,23,24,25,26,27,28,29,30,31,32,33,34,35,36,37,38,39,40,41,42,43,44,45,46,47,48,2,49,50,51,52,53,54,55,56,57,58,59,60,61,62,63,64,65,66,67,68,69,70,71,72,73,74,75,76,77,78,80,81,82
1,3,4,5,6,7,8,9,10,11,12,13,14,15,16,17,18,19,20,21,22,23,24,25,26,27,28,29,30,31,32,33,34,35,36,37,38,39,40,41,42,43,44,45,46,47,48,2,49,86,50,51,52,53,54,55,56,57,58,59,60,61,62,63,64,65,66,67,68,69,70,71,72,73,74,75,76,77,78,80,81,82
1,3,4,5,6,7,8,9,10,11,12,13,14,15,16,17,18,19,20,21,22,23,24,25,26,27,28,29,30,31,32,33,34,35,36,37,38,39,40,41,42,43,44,45,46,47,48,2,49,86,50,51,52,53,54,55,56,57,58,59,60,61,62,63,64,65,66,67,68,69,70,71,72,73,74,75,76,77,78,80,81,82
1,3,4,5,6,7,8,9,10,11,12,13,14,15,16,17,18,19,20,21,22,23,24,25,26,27,28,29,30,31,32,33,34,35,36,37,38,39,40,41,42,43,44,45,46,47,48,2,49,86,50,51,52,53,54,55,56,57,58,59,60,61,62,63,64,65,66,67,68,69,70,71,72,73,74,75,76,77,78,80,81,82
1,3,4,5,6,7,8,9,10,11,12,13,14,15,16,17,18,19,20,21,22,23,24,25,26,27,28,29,30,31,32,33,34,35,36,37,38,39,40,41,42,43,44,45,46,47,48,2,49,86,50,51,52,53,54,55,56,57,58,59,60,61,62,63,64,65,66,67,68,69,70,71,72,73,74,75,76,77,78,80,81,82
1,3,4,5,6,7,8,9,10,11,12,13,14,15,16,17,18,19,20,21,22,23,24,25,26,27,28,29,30,31,32,33,34,35,36,37,38,39,40,41,42,43,44,45,46,47,48,2,49,86,50,51,52,53,54,55,56,57,58,59,60,61,62,63,64,65,66,67,68,69,70,71,72,73,74,75,76,77,78,80,81,82
1,3,4,5,6,7,8,9,10,11,12,13,14,15,16,17,18,19,20,21,22,23,24,25,26,27,28,29,30,31,32,33,34,35,36,37,38,39,40,41,42,43,44,45,46,47,48,2,49,86,50,51,52,53,54,55,56,57,58,59,60,61,62,63,64,65,66,67,68,69,70,71,72,73,74,75,76,77,78,80,81,82
1,3,4,5,6,7,8,9,10,11,12,13,14,15,16,17,18,19,20,21,22,23,24,25,26,27,28,29,30,31,32,33,34,35,36,37,38,39,40,41,42,43,44,45,46,47,48,2,49,86,50,51,52,53,54,55,56,57,58,59,60,61,62,63,64,65,66,67,68,69,70,71,72,73,74,75,76,77,78,80,81,82
1,3,4,5,6,7,8,9,10,11,12,13,14,15,16,17,18,19,20,21,22,23,24,25,26,27,28,29,30,31,32,33,34,35,36,37,38,39,40,41,42,43,44,45,46,47,48,2,49,86,50,51,52,53,54,55,56,57,58,59,60,61,62,63,64,65,66,67,68,69,70,71,72,73,74,75,76,77,78,80,81,82
1,3,4,5,6,7,8,9,10,11,12,13,14,15,16,17,18,19,20,21,22,23,24,25,26,27,28,29,30,31,32,33,34,35,36,37,38,39,40,41,42,43,44,45,46,47,48,2,49,86,50,51,52,53,54,55,56,57,58,59,60,61,62,63,64,65,66,67,68,69,70,71,72,73,74,75,76,77,78,80,81,82
1,3,4,5,6,7,8,9,10,11,12,13,14,15,16,17,18,19,20,21,22,23,24,25,26,27,28,29,30,31,32,33,34,35,36,37,38,39,40,41,42,43,44,45,46,47,48,2,49,86,50,51,52,53,54,55,56,57,58,59,60,61,62,63,64,65,66,67,68,69,70,71,72,73,74,75,76,77,78,80,81,82
1,3,4,5,6,7,8,9,10,11,12,13,14,15,16,17,18,19,20,21,22,23,24,25,26,27,28,29,30,31,32,33,34,35,36,37,38,39,40,41,42,43,44,45,46,47,48,2,49,86,88,50,51,52,53,54,55,92,56,57,58,59,60,61,62,63,64,65,66,67,68,69,70,71,72,73,74,75,76,77,78,80,81,82
1,3,4,5,6,7,8,9,10,11,12,13,14,15,16,17,18,19,20,21,22,23,24,25,26,27,28,29,30,31,32,33,34,35,36,37,38,39,40,41,42,43,44,45,46,47,48,2,49,86,88,50,51,52,53,54,55,92,56,57,58,59,60,61,62,63,64,65,66,67,68,69,70,71,72,73,74,75,76,77,78,80,81,82
1,3,4,5,6,7,8,9,10,11,12,13,14,15,16,17,18,19,20,21,22,23,24,25,26,27,28,29,30,31,32,33,34,35,36,37,38,39,40,41,42,43,44,45,46,47,48,2,49,86,88,50,51,52,53,54,55,92,56,57,58,59,60,61,98,62,63,64,65,66,67,68,69,70,71,72,73,74,75,76,77,78,80,81,82
1,3,4,5,6,7,8,9,10,11,12,13,14,15,16,17,18,19,20,21,22,23,24,25,26,27,28,29,30,31,32,33,34,35,36,37,38,39,40,41,42,43,44,45,46,47,48,2,49,86,88,50,51,52,53,54,55,92,56,57,58,59,60,61,98,62,63,64,65,66,67,68,69,70,71,72,73,74,75,76,77,78,80,81,82
1,3,4,5,6,7,8,9,10,11,12,13,14,15,16,17,18,19,20,21,22,23,24,25,26,27,28,29,30,31,32,33,34,35,36,37,38,39,40,41,42,43,44,45,46,47,48,2,49,86,88,89,50,51,52,53,54,55,92,94,56,57,58,59,60,61,98,62,63,64,65,66,67,68,69,70,71,72,73,74,75,76,77,78,80,81,82
1,3,4,5,6,7,8,9,10,11,12,13,14,15,16,17,18,19,20,21,22,23,24,25,26,27,28,29,30,31,32,33,34,35,36,37,38,39,40,41,42,43,44,45,46,47,48,2,49,86,88,89,50,51,52,53,54,55,92,94,56,57,58,59,60,61,98,62,63,64,65,66,67,68,69,70,71,72,73,74,75,76,77,78,80,81,82
1,3,4,5,6,7,8,9,10,11,12,13,14,15,16,17,18,19,20,21,22,23,24,25,26,27,28,29,30,31,32,33,34,35,36,37,38,39,40,41,42,43,44,45,46,47,48,2,49,86,88,89,50,51,52,53,54,55,92,94,56,57,58,59,60,61,98,100,62,63,64,65,66,67,68,69,70,71,72,73,74,75,76,77,78,80,81,82
1,3,4,5,6,7,8,9,10,11,12,13,14,15,16,17,18,19,20,21,22,23,24,25,26,27,28,29,30,31,32,33,34,35,36,37,38,39,40,41,42,43,44,45,46,47,48,2,49,86,88,89,50,51,52,53,54,55,92,94,95,56,57,58,59,60,61,98,100,62,63,64,65,66,67,104,68,69,70,71,72,73,74,75,76,77,78,80,81,82
1,3,4,5,6,7,8,9,10,11,12,13,14,15,16,17,18,19,20,21,22,23,24,25,26,27,28,29,30,31,32,33,34,35,36,37,38,39,40,41,42,43,44,45,46,47,48,2,49,86,88,89,50,51,52,53,54,55,92,94,95,56,57,58,59,60,61,98,100,62,63,64,65,66,67,104,68,69,70,71,72,73,74,75,76,77,78,80,81,82
1,3,4,5,6,7,8,9,10,11,12,13,14,15,16,17,18,19,20,21,22,23,24,25,26,27,28,29,30,31,32,33,34,35,36,37,38,39,40,41,42,43,44,45,46,47,48,2,49,86,88,89,50,51,52,53,54,55,92,94,95,56,57,58,59,60,61,98,100,62,63,64,65,66,67,104,68,69,70,71,72,73,74,75,76,77,78,80,81,82
1,3,4,5,6,7,8,9,10,11,12,13,14,15,16,17,18,19,20,21,22,23,24,25,26,27,28,29,30,31,32,33,34,35,36,37,38,39,40,41,42,43,44,45,46,47,48,2,49,86,88,89,50,51,52,53,54,55,92,94,95,56,57,58,59,60,61,98,100,101,62,63,64,65,66,67,104,68,69,70,71,72,73,74,75,76,77,78,80,81,82
1,3,4,5,6,7,8,9,10,11,12,13,14,15,16,17,18,19,20,21,22,23,24,25,26,27,28,29,30,31,32,33,34,35,36,37,38,39,40,41,42,43,44,45,46,47,48,2,49,86,88,89,50,51,52,53,54,55,92,94,95,56,57,58,59,60,61,98,100,101,62,63,64,65,66,67,104,107,68,69,70,71,72,73,74,75,76,77,78,80,81,82
1,3,4,5,6,7,8,9,10,11,12,13,14,15,16,17,18,19,20,21,22,23,24,25,26,27,28,29,30,31,32,33,34,35,36,37,38,39,40,41,42,43,44,45,46,47,48,2,49,86,88,89,50,51,52,53,54,55,92,94,95,56,57,58,59,60,61,98,100,101,62,63,64,65,66,67,104,107,68,69,70,71,72,73,74,75,76,77,78,80,81,82
1,3,4,5,6,7,8,9,10,11,12,13,14,15,16,17,18,19,20,21,22,23,24,25,26,27,28,29,30,31,32,33,34,35,36,37,38,39,40,41,42,43,44,45,46,47,48,2,49,86,88,89,50,51,52,53,54,55,92,94,95,56,57,58,59,60,61,98,100,101,62,63,64,65,66,67,104,107,68,69,70,71,72,73,74,75,76,77,78,80,81,82
1,3,4,5,6,7,8,9,10,11,12,13,14,15,16,17,18,19,20,21,22,23,24,25,26,27,28,29,30,31,32,33,34,35,36,37,38,39,40,41,42,43,44,45,46,47,48,2,49,86,88,89,50,51,52,53,54,55,92,94,95,56,57,58,59,60,61,98,100,101,62,63,64,65,66,67,104,107,68,69,70,71,72,73,74,75,76,77,78,80,81,82
1,3,4,5,6,7,8,9,10,11,12,13,14,15,16,17,18,19,20,21,22,23,24,25,26,27,28,29,30,31,32,33,34,35,36,37,38,39,40,41,42,43,44,45,46,47,48,2,49,86,88,89,50,51,52,53,54,55,92,94,95,56,57,58,59,60,61,98,100,101,62,63,64,65,66,67,104,107,68,69,70,71,72,73,74,75,76,77,78,80,81,82
1,3,4,5,6,7,8,9,10,11,12,13,14,15,16,17,18,19,20,21,22,23,24,25,26,27,28,29,30,31,32,33,34,35,36,37,38,39,40,41,42,43,44,45,46,47,48,2,49,86,88,89,50,51,52,53,54,55,92,94,95,56,57,58,59,60,61,98,100,101,62,63,64,65,66,67,104,107,68,69,70,71,72,73,74,75,76,77,78,80,81,82
1,3,4,5,6,7,8,9,10,11,12,13,14,15,16,17,18,19,20,21,22,23,24,25,26,27,28,29,30,31,32,33,34,35,36,37,38,39,40,41,42,43,44,45,46,47,48,2,49,86,88,89,50,51,52,53,54,55,92,94,95,56,57,58,59,60,61,98,100,101,62,63,64,65,66,67,104,107,68,69,70,71,72,73,74,75,76,77,78,80,81,82
1,3,4,5,6,7,8,9,10,11,12,13,14,15,16,17,18,19,20,21,22,23,24,25,26,27,28,29,30,31,32,33,34,35,36,37,38,39,40,41,42,43,44,45,46,47,48,2,49,86,88,89,50,51,52,53,54,55,92,94,95,56,57,58,59,60,61,98,100,101,62,63,64,65,66,67,104,107,68,69,70,71,72,73,74,75,76,77,78,80,81,82
1,3,4,5,6,7,8,9,10,11,12,13,14,15,16,17,18,19,20,21,22,23,24,25,26,27,28,29,30,31,32,33,34,35,36,37,38,39,40,41,42,43,44,45,46,47,48,2,49,86,88,89,50,51,52,53,54,55,92,94,95,56,57,58,59,60,61,98,100,101,62,63,64,65,66,67,104,107,68,69,70,71,72,73,74,75,76,77,78,80,81,82
1,3,4,5,6,7,8,9,10,11,12,13,14,15,16,17,18,19,20,21,22,23,24,25,26,27,28,29,30,31,32,33,34,35,36,37,38,39,40,41,42,43,44,45,46,47,48,2,49,86,88,89,50,51,52,53,54,55,92,94,95,56,57,58,59,60,61,98,100,101,62,63,64,65,66,67,104,107,68,69,70,71,72,73,74,75,76,77,78,80,81,82
1,3,4,5,6,7,8,9,10,11,12,13,14,15,16,17,18,19,20,21,22,23,24,25,26,27,28,29,30,31,32,33,34,35,36,37,38,39,40,41,42,43,44,45,46,47,48,2,49,86,88,89,50,51,52,53,54,55,92,94,95,56,57,58,59,60,61,98,100,101,62,63,64,65,66,67,104,107,68,69,70,71,72,73,74,75,76,77,78,80,81,82
1,3,4,5,6,7,8,9,10,11,12,13,14,15,16,17,18,19,20,21,22,23,24,25,26,27,28,29,30,31,32,33,34,35,36,37,38,39,40,41,42,43,44,45,46,47,48,2,49,86,88,89,50,51,52,53,54,55,92,94,95,56,57,58,59,60,61,98,100,101,62,63,64,65,66,67,104,107,68,69,70,71,72,73,74,75,76,77,78,80,81,82
1,3,4,5,6,7,8,9,10,11,12,13,14,15,16,17,18,19,20,21,22,23,24,25,26,27,28,29,30,31,32,33,34,35,36,37,38,39,40,41,42,43,44,45,46,47,48,2,49,86,88,89,50,51,52,53,54,55,92,94,95,56,57,58,59,60,61,98,100,101,62,63,64,65,66,67,104,107,108,68,69,70,71,72,73,74,75,76,77,78,80,81,82
1,3,4,5,6,7,8,9,10,11,12,13,14,15,16,17,18,19,20,21,22,23,24,25,26,27,28,29,30,31,32,33,34,35,36,37,38,39,40,41,42,43,44,45,46,47,48,2,49,86,88,89,50,51,52,53,54,55,92,94,95,56,57,58,59,60,61,98,100,101,62,63,64,65,66,67,104,107,108,68,69,70,71,72,73,74,75,76,77,78,80,81,82
1,3,4,5,6,7,8,9,10,11,12,13,14,15,16,17,18,19,20,21,22,23,24,25,26,27,28,29,30,31,32,33,34,35,36,37,38,39,40,41,42,43,44,45,46,47,48,2,49,86,88,89,50,51,52,53,54,55,92,94,95,56,57,58,59,60,61,98,100,101,62,63,64,65,66,67,104,107,108,68,69,70,71,72,73,74,75,76,77,78,80,81,82
1,3,4,5,6,7,8,9,10,11,12,13,14,15,16,17,18,19,20,21,22,23,24,25,26,27,28,29,30,31,32,33,34,35,36,37,38,39,40,41,42,43,44,45,46,47,48,2,49,86,88,89,50,51,52,53,54,55,92,94,95,56,57,58,59,60,61,98,100,101,62,63,64,65,66,67,104,107,108,68,69,70,71,72,73,74,75,76,77,78,80,81,82
1,3,4,5,6,7,8,9,10,11,12,13,14,15,16,17,18,19,20,21,22,23,24,25,26,27,28,29,30,31,32,33,34,35,36,37,38,39,40,41,42,43,44,45,46,47,48,2,49,86,88,89,50,51,52,53,54,55,92,94,95,56,57,58,59,60,61,98,100,101,62,63,64,65,66,67,104,107,108,68,69,70,71,72,73,74,75,76,77,78,80,81,82
1,3,4,5,6,7,8,9,10,11,12,13,14,15,16,17,18,19,20,21,22,23,24,25,26,27,28,29,30,31,32,33,34,35,36,37,38,39,40,41,42,43,44,45,46,47,48,2,49,86,88,89,50,51,52,53,54,55,92,94,95,56,57,58,59,60,61,98,100,101,62,63,64,65,66,67,104,107,108,68,69,70,71,72,73,74,75,76,77,78,80,81,82
1,3,4,5,6,7,8,9,10,11,12,13,14,15,16,17,18,19,20,21,22,23,24,25,26,27,28,29,30,31,32,33,34,35,36,37,38,39,40,41,42,43,44,45,46,47,48,2,49,86,88,89,50,51,52,53,54,55,92,94,95,56,57,58,59,60,61,98,100,101,62,63,64,65,66,67,104,107,108,68,69,70,71,72,73,111,74,75,76,77,78,80,81,82
1,3,4,5,6,7,8,9,10,11,12,13,14,15,16,17,18,19,20,21,22,23,24,25,26,27,28,29,30,31,32,33,34,35,36,37,38,39,40,41,42,43,44,45,46,47,48,2,49,86,88,89,50,51,52,53,54,55,92,94,95,56,57,58,59,60,61,98,100,101,62,63,64,65,66,67,104,107,108,68,69,70,71,72,73,111,74,75,76,77,78,80,81,82
1,3,4,5,6,7,8,9,10,11,12,13,14,15,16,17,18,19,20,21,22,23,24,25,26,27,28,29,30,31,32,33,34,35,36,37,38,39,40,41,42,43,44,45,46,47,48,2,49,86,88,89,50,51,52,53,54,55,92,94,95,56,57,58,59,60,61,98,100,101,62,63,64,65,66,67,104,107,108,68,69,70,71,72,73,111,74,75,76,77,78,80,81,82
1,3,4,5,6,7,8,9,10,11,12,13,14,15,16,17,18,19,20,21,22,23,24,25,26,27,28,29,30,31,32,33,34,35,36,37,38,39,40,41,42,43,44,45,46,47,48,2,49,86,88,89,50,51,52,53,54,55,92,94,95,56,57,58,59,60,61,98,100,101,62,63,64,65,66,67,104,107,108,68,69,70,71,72,73,111,74,75,76,77,78,80,81,82
1,3,4,5,6,7,8,9,10,11,12,13,14,15,16,17,18,19,20,21,22,23,24,25,26,27,28,29,30,31,32,33,34,35,36,37,38,39,40,41,42,43,44,45,46,47,48,2,49,86,88,89,50,51,52,53,54,55,92,94,95,56,57,58,59,60,61,98,100,101,62,63,64,65,66,67,104,107,108,68,69,70,71,72,73,111,74,75,76,77,78,79,80,81,82
1,3,4,5,6,7,8,9,10,11,12,13,14,15,16,17,18,19,20,21,22,23,24,25,26,27,28,29,30,31,32,33,34,35,36,37,38,39,40,41,42,43,44,45,46,47,48,2,49,86,88,89,50,51,52,53,54,55,92,94,95,56,57,58,59,60,61,98,100,101,62,63,64,65,66,67,104,107,108,68,69,70,71,72,73,111,115,74,75,76,77,78,79,80,81,82
1,3,4,5,6,7,8,9,10,11,12,13,14,15,16,17,18,19,20,21,22,23,24,25,26,27,28,29,30,31,32,33,34,35,36,37,38,39,40,41,42,43,44,45,46,47,48,2,49,86,88,89,50,51,52,53,54,55,92,94,95,56,57,58,59,60,61,98,100,101,62,63,64,65,66,67,104,107,108,68,69,70,71,72,73,111,115,74,75,76,77,78,79,80,81,82
1,3,4,5,6,7,8,9,10,11,12,13,14,15,16,17,18,19,20,21,22,23,24,25,26,27,28,29,30,31,32,33,34,35,36,37,38,39,40,41,42,43,44,45,46,47,48,2,49,86,88,89,50,51,52,53,54,55,92,94,95,56,57,58,59,60,61,98,100,101,62,63,64,65,66,67,104,107,108,68,69,70,71,72,73,111,115,74,75,76,77,78,79,80,81,82
1,3,4,5,6,7,8,9,10,11,12,13,14,15,16,17,18,19,20,21,22,23,24,25,26,27,28,29,30,31,32,33,34,35,36,37,38,39,40,41,42,43,44,45,46,47,48,2,49,86,88,89,50,51,52,53,54,55,92,94,95,56,57,58,59,60,61,98,100,101,62,63,64,65,66,67,104,107,108,68,69,70,71,72,73,111,115,74,75,76,77,78,79,80,81,82
1,3,4,5,6,7,8,9,10,11,12,13,14,15,16,17,18,19,20,21,22,23,24,25,26,27,28,29,30,31,32,33,34,35,36,37,38,39,40,41,42,43,44,45,46,47,48,2,49,86,88,89,50,51,52,53,54,55,92,94,95,56,57,58,59,60,61,98,100,101,62,63,64,65,66,67,104,107,108,68,69,70,71,72,73,111,115,74,75,76,77,78,79,80,81,82
1,3,4,5,6,7,8,9,10,11,12,13,14,15,16,17,18,19,20,21,22,23,24,25,26,27,28,29,30,31,32,33,34,35,36,37,38,39,40,41,42,43,44,45,46,47,48,2,49,86,88,89,50,51,52,53,54,55,92,94,95,56,57,58,59,60,61,98,100,101,62,63,64,65,66,67,104,107,108,68,69,70,71,72,73,111,115,74,75,76,77,78,79,80,81,82
1,3,4,5,6,7,8,9,10,11,12,13,14,15,16,17,18,19,20,21,22,23,24,25,26,27,28,29,30,31,32,33,34,35,36,37,38,39,40,41,42,43,44,45,46,47,48,2,49,86,88,89,50,51,52,53,54,55,92,94,95,56,57,58,59,60,61,98,100,101,62,63,64,65,66,67,104,107,108,68,69,70,71,72,73,111,115,74,75,76,77,78,79,80,81,82
1,3,4,5,6,7,8,9,10,11,12,13,14,15,16,17,18,19,20,21,22,23,24,25,26,27,28,29,30,31,32,33,34,35,36,37,38,39,40,41,42,43,44,45,46,47,48,2,49,86,88,89,50,51,52,53,54,55,92,94,95,56,57,58,59,60,61,98,100,101,62,63,64,65,66,67,104,107,108,68,69,70,71,72,73,111,115,74,75,76,77,78,79,80,81,82
1,3,4,5,6,7,8,9,10,11,12,13,14,15,16,17,18,19,20,21,22,23,24,25,26,27,28,29,30,31,32,33,34,35,36,37,38,39,40,41,42,43,44,45,46,47,48,2,49,86,88,89,50,51,52,53,54,55,92,94,95,56,57,58,59,60,61,98,100,101,62,63,64,65,66,67,104,107,108,68,69,70,71,72,73,111,115,74,75,76,77,78,79,80,81,82
1,3,4,5,6,7,8,9,10,11,12,13,14,15,16,17,18,19,20,21,22,23,24,25,26,27,28,29,30,31,32,33,34,35,36,37,38,39,40,41,42,43,44,45,46,47,48,2,49,86,88,89,50,51,52,53,54,55,92,94,95,56,57,58,59,60,61,98,100,101,62,63,64,65,66,67,104,107,108,68,69,70,71,72,73,111,115,74,75,76,77,78,79,80,81,82
1,3,4,5,6,7,8,9,10,11,12,13,14,15,16,17,18,19,20,21,22,23,24,25,26,27,28,29,30,31,32,33,34,35,36,37,38,39,40,41,42,43,44,45,46,47,48,2,49,86,88,89,50,51,52,53,54,55,92,94,95,56,57,58,59,60,61,98,100,101,62,63,64,65,66,67,104,107,108,68,69,70,71,72,73,111,115,74,75,76,77,78,79,80,81,82
1,3,4,5,6,7,8,9,10,11,12,13,14,15,16,17,18,19,20,21,22,23,24,25,26,27,28,29,30,31,32,33,34,35,36,37,38,39,40,41,42,43,44,45,46,47,48,2,49,86,88,89,50,51,52,53,54,55,92,94,95,56,57,58,59,60,61,98,100,101,62,63,64,65,66,67,104,107,108,68,69,70,71,72,73,111,115,74,75,76,77,78,79,80,81,82
1,3,4,5,6,7,8,9,10,11,12,13,14,15,16,17,18,19,20,21,22,23,24,25,26,27,28,29,30,31,32,33,34,35,36,37,38,39,40,41,42,43,44,45,46,47,48,2,49,86,88,89,50,51,52,53,54,55,92,94,95,56,57,58,59,60,61,98,100,101,62,63,64,65,66,67,104,107,108,68,69,70,71,72,73,111,115,74,75,76,77,78,79,80,81,82
1,3,4,5,6,7,8,9,10,11,12,13,14,15,16,17,18,19,20,21,22,23,24,25,26,27,28,29,30,31,32,33,34,35,36,37,38,39,40,41,42,43,44,45,46,47,48,2,49,86,88,89,50,51,52,53,54,55,92,94,95,56,57,58,59,60,61,98,100,101,62,63,64,65,66,67,104,107,108,68,69,70,71,72,73,111,115,116,74,75,76,77,78,79,80,81,82
1,3,4,5,6,7,8,9,10,11,12,13,14,15,16,17,18,19,20,21,22,23,24,25,26,27,28,29,30,31,32,33,34,35,36,37,38,39,40,41,42,43,44,45,46,47,48,2,49,86,88,89,50,51,52,53,54,55,92,94,95,56,57,58,59,60,61,98,100,101,62,63,64,65,66,67,104,107,108,68,69,70,71,72,73,111,115,116,74,75,76,77,78,79,80,81,82
1,3,4,5,6,7,8,9,10,11,12,13,14,15,16,17,18,19,20,21,22,23,24,25,26,27,28,29,30,31,32,33,34,35,36,37,38,39,40,41,42,43,44,45,46,47,48,2,49,86,88,89,50,51,52,53,54,55,92,94,95,56,57,58,59,60,61,98,100,101,62,63,64,65,66,67,104,107,108,68,69,70,71,72,73,111,115,116,74,75,76,77,78,79,80,81,82
1,3,4,5,6,7,8,9,10,11,12,13,14,15,16,17,18,19,20,21,22,23,24,25,26,27,28,29,30,31,32,33,34,35,36,37,38,39,40,41,42,43,44,45,46,47,48,2,49,86,88,89,50,51,52,53,54,55,92,94,95,56,57,58,59,60,61,98,100,101,62,63,64,65,66,67,104,107,108,68,69,70,71,72,73,111,115,116,74,75,76,77,78,79,80,81,82
1,3,4,5,6,7,8,9,10,11,12,13,14,15,16,17,18,19,20,21,22,23,24,25,26,27,28,29,30,31,32,33,34,35,36,37,38,39,40,41,42,43,44,45,46,47,48,2,49,86,88,89,50,51,52,53,54,55,92,94,95,56,57,58,59,60,61,98,100,101,62,63,64,65,66,67,104,107,108,68,69,70,71,72,73,111,115,116,74,75,76,77,78,79,80,81,82
1,3,4,5,6,7,8,9,10,11,12,13,14,15,16,17,18,19,20,21,22,23,24,25,26,27,28,29,30,31,32,33,34,35,36,37,38,39,40,41,42,43,44,45,46,47,48,2,49,86,88,89,50,51,52,53,54,55,92,94,95,56,57,58,59,60,61,98,100,101,62,63,64,65,66,67,104,107,108,105,68,69,70,71,72,73,111,115,116,74,75,76,77,78,79,80,81,82
1,3,4,5,6,7,8,9,10,11,12,13,14,15,16,17,18,19,20,21,22,23,24,25,26,27,28,29,30,31,32,33,34,35,36,37,38,39,40,41,42,43,44,45,46,47,48,2,49,86,88,89,50,51,52,53,54,55,92,94,95,56,57,58,59,60,61,98,100,101,62,63,64,65,66,67,104,107,108,105,68,69,70,71,72,73,111,115,116,74,75,76,77,78,79,80,81,82
1,3,4,5,6,7,8,9,10,11,12,13,14,15,16,17,18,19,20,21,22,23,24,25,26,27,28,29,30,31,32,33,34,35,36,37,38,39,40,41,42,43,44,45,46,47,48,2,49,86,88,89,50,51,52,53,54,55,92,94,95,56,57,58,59,60,61,98,100,101,62,63,64,65,66,67,104,107,108,105,68,69,70,71,72,73,111,115,116,74,75,76,77,78,79,80,81,82
1,3,4,5,6,7,8,9,10,11,12,13,14,15,16,17,18,19,20,21,22,23,24,25,26,27,28,29,30,31,32,33,34,35,36,37,38,39,40,41,42,43,44,45,46,47,48,85,2,49,86,88,89,50,51,52,53,54,55,92,94,95,56,57,58,59,60,61,98,100,101,62,63,64,65,66,67,104,107,108,105,68,69,70,71,72,73,111,115,116,74,75,76,77,78,79,80,81,82
1,3,4,5,6,7,8,9,10,11,12,13,14,15,16,17,18,19,20,21,22,23,24,25,26,27,28,29,30,31,32,33,34,35,36,37,38,39,40,41,42,43,44,45,46,47,48,85,2,49,86,88,89,50,51,52,53,54,55,92,94,95,56,57,58,59,60,61,98,100,101,62,63,64,65,66,67,104,107,108,105,68,69,70,71,72,73,111,115,116,74,75,76,77,78,79,80,81,82
1,3,4,5,6,7,8,9,10,11,12,13,14,15,16,17,18,19,20,21,22,23,24,25,26,27,28,29,30,31,32,33,34,35,36,37,38,39,40,41,42,43,44,45,46,47,48,85,2,49,86,88,89,50,51,52,53,54,55,92,94,95,56,57,58,59,60,61,98,100,101,62,63,64,65,66,67,104,107,108,105,68,69,70,71,72,73,111,115,116,74,75,76,77,78,79,80,81,82
1,3,4,5,6,7,8,9,10,11,12,13,14,15,16,17,18,19,20,21,22,23,24,25,26,27,28,29,30,31,32,33,34,35,36,37,38,39,40,41,42,43,44,45,46,47,48,85,2,49,86,88,89,50,51,52,53,54,55,92,94,95,56,57,58,59,60,61,98,100,101,62,63,64,65,66,67,104,107,108,105,68,69,70,71,72,73,111,115,116,74,75,76,77,78,79,80,81,82
1,3,4,5,6,7,8,9,10,11,12,13,14,15,16,17,18,19,20,21,22,23,24,25,26,27,28,29,30,31,32,33,34,35,36,37,38,39,40,41,42,43,44,45,46,47,48,85,2,49,86,88,89,90,50,51,52,53,54,55,92,94,95,56,57,58,59,60,61,98,100,101,62,63,64,65,66,67,104,107,108,105,68,69,70,71,72,73,111,115,116,74,75,76,77,78,79,80,81,82
1,3,4,5,6,7,8,9,10,11,12,13,14,15,16,17,18,19,20,21,22,23,24,25,26,27,28,29,30,31,32,33,34,35,36,37,38,39,40,41,42,43,44,45,46,47,48,85,2,49,86,88,89,90,50,51,52,53,54,55,92,94,95,56,57,58,59,60,61,98,100,101,62,63,64,65,66,67,104,107,108,105,68,69,70,71,72,73,111,115,116,74,75,76,77,78,79,80,81,82
1,3,4,5,6,7,8,9,10,11,12,13,14,15,16,17,18,19,20,21,22,23,24,25,26,27,28,29,30,31,32,33,34,35,36,37,38,39,40,41,42,43,44,45,46,47,48,85,2,49,86,88,89,90,50,51,52,53,54,55,92,94,95,56,57,58,59,60,61,98,100,101,62,63,64,65,66,67,104,107,108,105,68,69,70,71,72,73,111,115,116,74,75,76,77,78,79,80,81,82
1,3,4,5,6,7,8,9,10,11,12,13,14,15,16,17,18,19,20,21,22,23,24,25,26,27,28,29,30,31,32,33,34,35,36,37,38,39,40,41,42,43,44,45,46,47,48,85,2,49,86,88,89,90,50,51,52,53,54,55,92,94,95,56,57,58,59,60,61,98,100,101,62,63,64,65,66,67,104,107,108,105,68,69,70,71,72,73,111,115,116,74,75,76,77,78,79,80,81,82
1,3,4,5,6,7,8,9,10,11,12,13,14,15,16,17,18,19,20,21,22,23,24,25,26,27,28,29,30,31,32,33,34,35,36,37,38,39,40,41,42,43,44,45,46,47,48,85,2,49,86,88,89,90,50,51,52,53,54,55,92,94,95,56,57,58,59,60,61,98,100,101,62,63,64,65,66,67,104,107,108,105,68,69,70,71,72,73,111,115,116,74,75,76,77,78,79,80,81,82
1,3,4,5,6,7,8,9,10,11,12,13,14,15,16,17,18,19,20,21,22,23,24,25,26,27,28,29,30,31,32,33,34,35,36,37,38,39,40,41,42,43,44,45,46,47,48,85,2,49,86,88,89,90,50,51,52,53,54,55,92,94,95,56,57,58,59,60,61,98,100,101,62,63,64,65,66,67,104,107,108,105,68,69,70,71,72,73,111,115,116,74,75,76,77,78,79,80,81,82
1,3,4,5,6,7,8,9,10,11,12,13,14,15,16,17,18,19,20,21,22,23,24,25,26,27,28,29,30,31,32,33,34,35,36,37,38,39,40,41,42,43,44,45,46,47,48,85,2,49,86,88,89,90,50,51,52,53,54,55,92,94,95,56,57,58,59,60,61,98,100,101,62,63,64,65,66,67,104,107,108,105,68,69,70,71,72,73,111,115,116,74,75,76,77,78,79,80,81,82
1,3,4,5,6,7,8,9,10,11,12,13,14,15,16,17,18,19,20,21,22,23,24,25,26,27,28,29,30,31,32,33,34,35,36,37,38,39,40,41,42,43,44,45,46,47,48,85,2,49,86,88,89,90,50,51,52,53,54,55,92,94,95,56,57,58,59,60,61,98,100,101,62,63,64,65,66,67,104,107,108,105,68,69,70,71,72,73,111,115,116,74,75,76,77,78,79,80,81,82
1,3,4,5,6,7,8,9,10,11,12,13,14,15,16,17,18,19,20,21,22,23,24,25,26,27,28,29,30,31,32,33,34,35,36,37,38,39,40,41,42,43,44,45,46,47,48,85,2,49,86,88,89,90,50,51,52,53,54,55,92,94,95,56,57,58,59,60,61,98,100,101,62,63,64,65,66,67,104,107,108,105,68,69,70,71,72,73,111,115,116,74,75,76,77,78,79,80,81,82
1,3,4,5,6,7,8,9,10,11,12,13,14,15,16,17,18,19,20,21,22,23,24,25,26,27,28,29,30,31,32,33,34,35,36,37,38,39,40,41,42,43,44,45,46,47,48,85,2,49,86,88,89,90,50,51,52,53,54,55,92,94,95,56,57,58,59,60,61,98,100,101,62,63,64,65,66,67,104,107,108,105,68,69,70,71,72,73,111,115,116,74,75,76,77,78,79,80,81,82
1,3,4,5,6,7,8,9,10,11,12,13,14,15,16,17,18,19,20,21,22,23,24,25,26,27,28,29,30,31,32,33,34,35,36,37,38,39,40,41,42,43,44,45,46,47,48,85,2,49,86,88,89,90,50,51,52,53,54,55,92,94,95,56,57,58,59,60,61,98,100,101,62,63,64,65,66,67,104,107,108,105,68,69,70,71,72,73,111,115,116,74,75,76,77,78,79,80,81,82
1,3,4,5,6,7,8,9,10,11,12,13,14,15,16,17,18,19,20,21,22,23,24,25,26,27,28,29,30,31,32,33,34,35,36,37,38,39,40,41,42,43,44,45,46,47,48,85,2,49,86,88,89,90,50,51,52,53,54,55,92,94,95,96,56,57,58,59,60,61,98,100,101,62,63,64,65,66,67,104,107,108,105,68,69,70,71,72,73,111,115,116,74,75,76,77,78,79,80,81,82
1,3,4,5,6,7,8,9,10,11,12,13,14,15,16,17,18,19,20,21,22,23,24,25,26,27,28,29,30,31,32,33,34,35,36,37,38,39,40,41,42,43,44,45,46,47,48,85,2,49,86,88,89,90,50,51,52,53,54,55,92,94,95,96,56,57,58,59,60,61,98,100,101,62,63,64,65,66,67,104,107,108,105,68,69,70,71,72,73,111,115,116,74,75,76,77,78,79,80,81,82
1,3,4,5,6,7,8,9,10,11,12,13,14,15,16,17,18,19,20,21,22,23,24,25,26,27,28,29,30,31,32,33,34,35,36,37,38,39,40,41,42,43,44,45,46,47,48,85,2,49,86,88,89,90,91,50,51,52,53,54,55,92,94,95,96,56,57,58,59,60,61,98,100,101,62,63,64,65,66,67,104,107,108,105,68,69,70,71,72,73,111,115,116,74,75,76,77,78,79,80,81,82
1,3,4,5,6,7,8,9,10,11,12,13,14,15,16,17,18,19,20,21,22,23,24,25,26,27,28,29,30,31,32,33,34,35,36,37,38,39,40,41,42,43,44,45,46,47,48,85,2,49,86,88,89,90,91,87,50,51,52,53,54,55,92,94,95,96,56,57,58,59,60,61,98,100,101,102,62,63,64,65,66,67,104,107,108,105,68,69,70,71,72,73,111,115,116,74,75,76,77,78,79,80,81,82
1,3,4,5,6,7,8,9,10,11,12,13,14,15,16,17,18,19,20,21,22,23,24,25,26,27,28,29,30,31,32,33,34,35,36,37,38,39,40,41,42,43,44,45,46,47,48,85,2,49,86,88,89,90,91,87,50,51,52,53,54,55,92,94,95,96,56,57,58,59,60,61,98,100,101,102,62,63,64,65,66,67,104,107,108,105,68,69,70,71,72,73,111,115,116,74,75,76,77,78,79,80,81,82
1,3,4,5,6,7,8,9,10,11,12,13,14,15,16,17,18,19,20,21,22,23,24,25,26,27,28,29,30,31,32,33,34,35,36,37,38,39,40,41,42,43,44,45,46,47,48,85,2,49,86,88,89,90,91,87,50,51,52,53,54,55,92,94,95,96,97,56,57,58,59,60,61,98,100,101,102,62,63,64,65,66,67,104,107,108,105,68,69,70,71,72,73,111,115,116,74,75,76,77,78,79,80,81,82
1,3,4,5,6,7,8,9,10,11,12,13,14,15,16,17,18,19,20,21,22,23,24,25,26,27,28,29,30,31,32,33,34,35,36,37,38,39,40,41,42,43,44,45,46,47,48,85,2,49,86,88,89,90,91,87,50,51,52,53,54,55,92,94,95,96,97,93,56,57,58,59,60,61,98,100,101,102,62,63,64,65,66,67,104,107,108,105,68,69,70,71,72,73,111,115,116,74,75,76,77,78,79,80,81,82
1,3,4,5,6,7,8,9,10,11,12,13,14,15,16,17,18,19,20,21,22,23,24,25,26,27,28,29,30,31,32,33,34,35,36,37,38,39,40,41,42,43,44,45,46,47,48,85,2,49,86,88,89,90,91,87,126,50,51,52,53,54,55,92,94,95,96,97,93,56,57,58,59,60,61,98,100,101,102,62,63,64,65,66,67,104,107,108,105,68,69,70,71,72,73,111,115,116,74,75,76,77,78,79,80,81,82
1,3,4,5,6,7,8,9,10,11,12,13,14,15,16,17,18,19,20,21,22,23,24,25,26,27,28,29,30,31,32,33,34,35,36,37,38,39,40,41,42,43,44,45,46,47,48,85,2,49,86,88,89,90,91,87,126,50,51,52,53,54,55,92,94,95,96,97,93,56,57,58,59,60,61,98,100,101,102,103,62,63,64,65,66,67,104,107,108,105,68,69,70,71,72,73,111,115,116,74,75,76,77,78,79,80,81,82
1,3,4,5,6,7,8,9,10,11,12,13,14,15,16,17,18,19,20,21,22,23,24,25,26,27,28,29,30,31,32,33,34,35,36,37,38,39,40,41,42,43,44,45,46,47,48,85,2,49,86,88,89,90,91,87,126,50,51,52,53,54,55,92,94,95,96,97,93,56,57,58,59,60,61,98,100,101,102,103,99,62,63,64,65,66,67,104,107,108,105,68,69,70,71,72,73,111,115,116,74,75,76,77,78,79,80,81,82
1,3,4,5,6,7,8,9,10,11,12,13,14,15,16,17,18,19,20,21,22,23,24,25,26,27,28,29,30,31,32,33,34,35,36,37,38,39,40,41,42,43,44,45,46,47,48,85,106,2,49,86,88,89,90,91,87,126,50,51,52,53,54,55,92,94,95,96,97,93,131,56,57,58,59,60,61,98,100,101,102,103,99,62,63,64,65,66,67,104,107,108,105,68,69,70,71,72,73,111,115,116,74,75,76,77,78,79,80,81,82
1,3,4,5,6,7,8,9,10,11,12,13,14,15,16,17,18,19,20,21,22,23,24,25,26,27,28,29,30,31,32,33,34,35,36,37,38,39,40,41,42,43,44,45,46,47,48,85,106,2,49,86,88,89,90,91,87,126,127,50,51,52,53,54,55,92,94,95,96,97,93,131,56,57,58,59,60,61,98,100,101,102,103,99,62,63,64,65,66,67,104,107,108,105,68,69,70,71,72,73,111,115,116,74,75,76,77,78,79,80,81,82
1,3,4,5,6,7,8,9,10,11,12,13,14,15,16,17,18,19,20,21,22,23,24,25,26,27,28,29,30,31,32,33,34,35,36,37,38,39,40,41,42,43,44,45,46,47,48,85,106,2,49,86,88,89,90,91,87,126,127,50,51,52,53,54,55,92,94,95,96,97,93,131,56,57,58,59,60,61,98,100,101,102,103,99,62,63,64,65,66,67,104,107,108,109,105,68,69,70,71,72,73,111,115,116,74,75,76,77,78,79,80,81,82
1,3,4,5,6,7,8,9,10,11,12,13,14,15,16,17,18,19,20,21,22,23,24,25,26,27,28,29,30,31,32,33,34,35,36,37,38,39,40,41,42,43,44,45,46,47,48,85,106,2,49,86,88,89,90,91,87,126,127,50,51,52,53,54,55,92,94,95,96,97,93,131,56,57,58,59,60,61,98,100,101,102,103,99,136,62,63,64,65,66,67,104,107,108,109,105,68,69,70,71,72,73,111,115,116,74,75,76,77,78,79,80,81,82
1,3,4,5,6,7,8,9,10,11,12,13,14,15,16,17,18,19,20,21,22,23,24,25,26,27,28,29,30,31,32,33,34,35,36,37,38,39,40,41,42,43,44,45,46,47,48,85,106,2,49,86,88,89,90,91,87,126,127,50,51,52,53,54,55,92,94,95,96,97,93,131,132,56,57,58,59,60,61,98,100,101,102,103,99,136,62,63,64,65,66,67,104,107,108,109,105,68,69,70,71,72,73,111,115,116,74,75,76,77,78,79,80,81,82
1,3,4,5,6,7,8,9,10,11,12,13,14,15,16,17,18,19,20,21,22,23,24,25,26,27,28,29,30,31,32,33,34,35,36,37,38,39,40,41,42,43,44,45,46,47,48,85,106,2,49,86,88,89,90,91,87,126,127,50,51,52,53,54,55,92,94,95,96,97,93,131,132,56,57,58,59,60,61,98,100,101,102,103,99,136,62,63,64,65,66,67,104,107,108,109,105,68,69,70,71,72,73,111,115,116,74,75,76,77,78,79,80,81,82
1,3,4,5,6,7,8,9,10,11,12,13,14,15,16,17,18,19,20,21,22,23,24,25,26,27,28,29,30,31,32,33,34,35,36,37,38,39,40,41,42,43,44,45,46,47,48,85,106,2,49,86,88,89,90,91,87,126,127,50,51,52,53,54,55,92,94,95,96,97,93,131,132,56,57,58,59,60,61,98,100,101,102,103,99,136,62,63,64,65,66,67,104,107,108,109,105,68,69,70,71,72,73,111,115,116,74,75,76,77,78,79,80,81,82
1,3,4,5,6,7,8,9,10,11,12,13,14,15,16,17,18,19,20,21,22,23,24,25,26,27,28,29,30,31,32,33,34,35,36,37,38,39,40,41,42,43,44,45,46,47,48,85,106,2,49,86,88,89,90,91,87,126,127,50,51,52,53,54,55,92,94,95,96,97,93,131,132,56,57,58,59,60,61,98,100,101,102,103,99,136,62,63,64,65,66,67,104,107,108,109,105,68,69,70,71,72,73,111,115,116,74,75,76,77,78,79,80,81,82
1,3,4,5,6,7,8,9,10,11,12,13,14,15,16,17,18,19,20,21,22,23,24,25,26,27,28,29,30,31,32,33,34,35,36,37,38,39,40,41,42,43,44,45,46,47,48,85,106,2,49,86,88,89,90,91,87,126,127,50,51,52,53,54,55,92,94,95,96,97,93,131,132,56,57,58,59,60,61,98,100,101,102,103,99,136,62,63,64,65,66,67,104,107,108,109,105,68,69,70,71,72,73,111,115,116,74,75,76,77,78,79,80,81,82
1,3,4,5,6,7,8,9,10,11,12,13,14,15,16,17,18,19,20,21,22,23,24,25,26,27,28,29,30,31,32,33,34,35,36,37,38,39,40,41,42,43,44,45,46,47,48,85,106,2,49,86,88,89,90,91,87,126,127,50,51,52,53,54,55,92,94,95,96,97,93,131,132,56,57,58,59,60,61,98,100,101,102,103,99,136,62,63,64,65,66,67,104,107,108,109,105,68,69,70,71,72,73,111,115,116,74,75,76,77,78,79,80,81,82
1,3,4,5,6,7,8,9,10,11,12,13,14,15,16,17,18,19,20,21,22,23,24,25,26,27,28,29,30,31,32,33,34,35,36,37,38,39,40,41,42,43,44,45,46,47,48,85,106,2,49,86,88,89,90,91,87,126,127,50,51,52,53,54,55,92,94,95,96,97,93,131,132,56,57,58,59,60,61,98,100,101,102,103,99,136,62,63,64,65,66,67,104,107,108,109,105,68,69,70,71,72,73,111,115,116,74,75,76,77,78,79,80,81,82
1,3,4,5,6,7,8,9,10,11,12,13,14,15,16,17,18,19,20,21,22,23,24,25,26,27,28,29,30,31,32,33,34,35,36,37,38,39,40,41,42,43,44,45,46,47,48,85,106,2,49,86,88,89,90,91,87,126,127,50,51,52,53,54,55,92,94,95,96,97,93,131,132,56,57,58,59,60,61,98,100,101,102,103,99,136,62,63,64,65,66,67,104,107,108,109,105,68,69,70,71,72,73,111,115,116,74,75,76,77,78,79,80,81,82
1,3,4,5,6,7,8,9,10,11,12,13,14,15,16,17,18,19,20,21,22,23,24,25,26,27,28,29,30,31,32,33,34,35,36,37,38,39,40,41,42,43,44,45,46,47,48,85,106,2,49,86,88,89,90,91,87,126,127,50,51,52,53,54,55,92,94,95,96,97,93,131,132,56,57,58,59,60,61,98,100,101,102,103,99,136,62,63,64,65,66,67,104,107,108,109,105,68,69,70,71,72,73,111,115,116,74,75,76,77,78,79,80,81,82
1,3,4,5,6,7,8,9,10,11,12,13,14,15,16,17,18,19,20,21,22,23,24,25,26,27,28,29,30,31,32,33,34,35,36,37,38,39,40,41,42,43,44,45,46,47,48,85,106,2,49,86,88,89,90,91,87,126,127,50,51,52,53,54,55,92,94,95,96,97,93,131,132,56,57,58,59,60,61,98,100,101,102,103,99,136,62,63,64,65,66,67,104,107,108,109,105,68,69,70,71,72,73,111,115,116,74,75,76,77,78,79,80,81,82
1,3,4,5,6,7,8,9,10,11,12,13,14,15,16,17,18,19,20,21,22,23,24,25,26,27,28,29,30,31,32,33,34,35,36,37,38,39,40,41,42,43,44,45,46,47,48,85,106,2,49,86,88,89,90,91,87,126,127,50,51,52,53,54,55,92,94,95,96,97,93,131,132,56,57,58,59,60,61,98,100,101,102,103,99,136,62,63,64,65,66,67,104,107,108,109,105,68,69,70,71,72,73,111,115,116,74,75,76,77,78,79,80,81,82
1,3,4,5,6,7,8,9,10,11,12,13,14,15,16,17,18,19,20,21,22,23,24,25,26,27,28,29,30,31,32,33,34,35,36,37,38,39,40,41,42,43,44,45,46,47,48,85,106,2,49,86,88,89,90,91,87,126,127,50,51,52,53,54,55,92,94,95,96,97,93,131,132,56,57,58,59,60,61,98,100,101,102,103,99,136,137,62,63,64,65,66,67,104,107,108,109,105,68,69,70,71,72,73,111,115,116,74,75,76,77,78,79,80,81,82
1,3,4,5,6,7,8,9,10,11,12,13,14,15,16,17,18,19,20,21,22,23,24,25,26,27,28,29,30,31,32,33,34,35,36,37,38,39,40,41,42,43,44,45,46,47,48,85,106,2,49,86,88,89,90,91,87,126,127,50,51,52,53,54,55,92,94,95,96,97,93,131,132,56,57,58,59,60,61,98,100,101,102,103,99,136,137,62,63,64,65,66,67,104,107,108,109,110,105,68,69,70,71,72,73,111,115,116,74,75,76,77,78,79,80,81,82
1,3,4,5,6,7,8,9,10,11,12,13,14,15,16,17,18,19,20,21,22,23,24,25,26,27,28,29,30,31,32,33,34,35,36,37,38,39,40,41,42,43,44,45,46,47,48,85,106,2,49,86,88,89,90,91,87,126,127,50,51,52,53,54,55,92,94,95,96,97,93,131,132,56,57,58,59,60,61,98,100,101,102,103,99,136,137,62,63,64,65,66,67,104,107,108,109,110,105,68,69,70,71,72,73,111,115,116,74,75,76,77,78,79,80,81,82
1,3,4,5,6,7,8,9,10,11,12,13,14,15,16,17,18,19,20,21,22,23,24,25,26,27,28,29,30,31,32,33,34,35,36,37,38,39,40,41,42,43,44,45,46,47,48,85,106,2,49,86,88,89,90,91,87,126,127,50,51,52,53,54,55,92,94,95,96,97,93,131,132,56,57,58,59,60,61,98,100,101,102,103,99,136,137,62,63,64,65,66,67,104,107,108,109,110,105,120,68,69,70,71,72,73,111,115,116,74,75,76,77,78,79,80,81,82
1,3,4,5,6,7,8,9,10,11,12,13,14,15,16,17,18,19,20,21,22,23,24,25,26,27,28,29,30,31,32,33,34,35,36,37,38,39,40,41,42,43,44,45,46,47,48,85,106,2,49,86,88,89,90,91,87,126,127,50,51,52,53,54,55,92,94,95,96,97,93,131,132,56,57,58,59,60,61,98,100,101,102,103,99,136,137,62,63,64,65,66,67,104,107,108,109,110,105,120,68,69,70,71,72,73,111,115,116,74,75,76,77,78,79,80,81,82
1,3,4,5,6,7,8,9,10,11,12,13,14,15,16,17,18,19,20,21,22,23,24,25,26,27,28,29,30,31,32,33,34,35,36,37,38,39,40,41,42,43,44,45,46,47,48,85,106,2,49,86,88,89,90,91,87,126,127,50,51,52,53,54,55,92,94,95,96,97,93,131,132,56,57,58,59,60,61,98,100,101,102,103,99,136,137,62,63,64,65,66,67,104,107,108,109,110,105,120,68,69,70,71,72,73,111,115,116,74,75,76,77,78,79,80,81,82
1,3,4,5,6,7,8,9,10,11,12,13,14,15,16,17,18,19,20,21,22,23,24,25,26,27,28,29,30,31,32,33,34,35,36,37,38,39,40,41,42,43,44,45,46,47,48,85,106,2,49,86,88,89,90,91,87,126,127,50,51,52,53,54,55,92,94,95,96,97,93,131,132,56,57,58,59,60,61,98,100,101,102,103,99,136,137,62,63,64,65,66,67,104,107,108,109,110,105,120,68,69,70,71,72,73,111,115,116,74,75,76,77,78,79,80,81,82
1,3,4,5,6,7,8,9,10,11,12,13,14,15,16,17,18,19,20,21,22,23,24,25,26,27,28,29,30,31,32,33,34,35,36,37,38,39,40,41,42,43,44,45,46,47,48,85,106,2,49,86,88,89,90,91,87,126,127,50,51,52,53,54,55,92,94,95,96,97,93,131,132,56,57,58,59,60,61,98,100,101,102,103,99,136,137,62,63,64,65,66,67,104,107,108,109,110,105,120,121,68,69,70,71,72,73,111,115,116,74,75,76,77,78,79,80,81,82,83
1,3,4,5,6,7,8,9,10,11,12,13,14,15,16,17,18,19,20,21,22,23,24,25,26,27,28,29,30,31,32,33,34,35,36,37,38,39,40,41,42,43,44,45,46,47,48,85,106,2,49,86,88,89,90,91,87,126,127,50,51,52,53,54,55,92,94,95,96,97,93,131,132,56,57,58,59,60,61,98,100,101,102,103,99,136,137,62,63,64,65,66,67,104,107,108,109,110,105,120,121,68,69,70,71,72,73,111,115,116,74,75,76,77,78,79,80,81,82,83
1,3,4,5,6,7,8,9,10,11,12,13,14,15,16,17,18,19,20,21,22,23,24,25,26,27,28,29,30,31,32,33,34,35,36,37,38,39,40,41,42,43,44,45,46,47,48,85,106,119,2,49,86,88,89,90,91,87,126,127,50,51,52,53,54,55,92,94,95,96,97,93,131,132,56,57,58,59,60,61,98,100,101,102,103,99,136,137,62,63,64,65,66,67,104,107,108,109,110,105,120,121,68,69,70,71,72,73,111,115,116,74,75,76,77,78,79,80,81,82,83
1,3,4,5,6,7,8,9,10,11,12,13,14,15,16,17,18,19,20,21,22,23,24,25,26,27,28,29,30,31,32,33,34,35,36,37,38,39,40,41,42,43,44,45,46,47,48,85,106,119,2,49,86,88,89,90,91,87,126,127,50,51,52,53,54,55,92,94,95,96,97,93,131,132,56,57,58,59,60,61,98,100,101,102,103,99,136,137,62,63,64,65,66,67,104,107,108,109,110,105,120,121,68,69,70,71,72,73,111,115,116,74,75,76,77,78,79,80,81,82,83
1,3,4,5,6,7,8,9,10,11,12,13,14,15,16,17,18,19,20,21,22,23,24,25,26,27,28,29,30,31,32,33,34,35,36,37,38,39,40,41,42,43,44,45,46,47,48,85,106,119,2,49,86,88,89,90,91,87,126,127,50,51,52,53,54,55,92,94,95,96,97,93,131,132,56,57,58,59,60,61,98,100,101,102,103,99,136,137,62,63,64,65,66,67,104,107,108,109,110,105,120,121,68,69,70,71,72,73,111,115,116,74,75,76,77,78,79,80,81,82,83,84
1,3,4,5,6,7,8,9,10,11,12,13,14,15,16,17,18,19,20,21,22,23,24,25,26,27,28,29,30,31,32,33,34,35,36,37,38,39,40,41,42,43,44,45,46,47,48,85,106,119,2,49,86,88,89,90,91,87,126,127,50,51,52,53,54,55,92,94,95,96,97,93,131,132,56,57,58,59,60,61,98,100,101,102,103,99,136,137,62,63,64,65,66,67,104,107,108,109,110,105,120,121,68,69,70,71,72,73,111,115,116,74,75,76,77,78,79,80,81,82,83,84
1,3,4,5,6,7,8,9,10,11,12,13,14,15,16,17,18,19,20,21,22,23,24,25,26,27,28,29,30,31,32,33,34,35,36,37,38,39,40,41,42,43,44,45,46,47,48,85,106,119,2,49,86,88,89,90,91,87,126,127,50,51,52,53,54,55,92,94,95,96,97,93,131,132,56,57,58,59,60,61,98,100,101,102,103,99,136,137,62,63,64,65,66,67,104,107,108,109,110,105,120,121,68,69,70,71,72,73,111,115,116,112,74,75,76,77,78,79,80,81,82,83,84
1,3,4,5,6,7,8,9,10,11,12,13,14,15,16,17,18,19,20,21,22,23,24,25,26,27,28,29,30,31,32,33,34,35,36,37,38,39,40,41,42,43,44,45,46,47,48,85,106,119,2,49,86,88,89,90,91,87,126,127,50,51,52,53,54,55,92,94,95,96,97,93,131,132,56,57,58,59,60,61,98,100,101,102,103,99,136,137,62,63,64,65,66,67,104,107,108,109,110,105,120,121,68,69,70,71,72,73,111,115,116,112,74,75,76,77,78,79,80,81,82,83,84
1,3,4,5,6,7,8,9,10,11,12,13,14,15,16,17,18,19,20,21,22,23,24,25,26,27,28,29,30,31,32,33,34,35,36,37,38,39,40,41,42,43,44,45,46,47,48,85,106,119,2,49,86,88,89,90,91,87,126,127,50,51,52,53,54,55,92,94,95,96,97,93,131,132,56,57,58,59,60,61,98,100,101,102,103,99,136,137,62,63,64,65,66,67,104,107,108,109,110,105,120,121,68,69,70,71,72,73,111,115,116,112,74,75,76,77,78,79,80,81,82,83,84
1,3,4,5,6,7,8,9,10,11,12,13,14,15,16,17,18,19,20,21,22,23,24,25,26,27,28,29,30,31,32,33,34,35,36,37,38,39,40,41,42,43,44,45,46,47,48,85,106,119,2,49,86,88,89,90,91,87,126,127,50,51,52,53,54,55,92,94,95,96,97,93,131,132,56,57,58,59,60,61,98,100,101,102,103,99,136,137,62,63,64,65,66,67,104,107,108,109,110,105,120,121,68,69,70,71,72,73,111,115,116,112,74,75,76,77,78,79,80,81,82,83,84
1,3,4,5,6,7,8,9,10,11,12,13,14,15,16,17,18,19,20,21,22,23,24,25,26,27,28,29,30,31,32,33,34,35,36,37,38,39,40,41,42,43,44,45,46,47,48,85,106,119,2,49,86,88,89,90,91,87,126,127,50,51,52,53,54,55,92,94,95,96,97,93,131,132,56,57,58,59,60,61,98,100,101,102,103,99,136,137,62,63,64,65,66,67,104,107,108,109,110,105,120,121,68,69,70,71,72,73,111,115,116,112,74,75,76,77,78,79,80,81,82,83,84
1,3,4,5,6,7,8,9,10,11,12,13,14,15,16,17,18,19,20,21,22,23,24,25,26,27,28,29,30,31,32,33,34,35,36,37,38,39,40,41,42,43,44,45,46,47,48,85,106,119,2,49,86,88,89,90,91,87,126,127,50,51,52,53,54,55,92,94,95,96,97,93,131,132,56,57,58,59,60,61,98,100,101,102,103,99,136,137,62,63,64,65,66,67,104,107,108,109,110,105,120,121,68,69,70,71,72,73,111,115,116,112,74,75,76,77,78,79,80,81,82,83,84
1,3,4,5,6,7,8,9,10,11,12,13,14,15,16,17,18,19,20,21,22,23,24,25,26,27,28,29,30,31,32,33,34,35,36,37,38,39,40,41,42,43,44,45,46,47,48,85,106,119,2,49,86,88,89,90,91,87,126,127,50,51,52,53,54,55,92,94,95,96,97,93,131,132,56,57,58,59,60,61,98,100,101,102,103,99,136,137,62,63,64,65,66,67,104,107,108,109,110,105,120,121,68,69,70,71,72,73,111,115,116,112,74,75,76,77,78,79,80,81,82,83,84
1,3,4,5,6,7,8,9,10,11,12,13,14,15,16,17,18,19,20,21,22,23,24,25,26,27,28,29,30,31,32,33,34,35,36,37,38,39,40,41,42,43,44,45,46,47,48,85,106,119,2,49,86,88,89,90,91,87,126,127,50,51,52,53,54,55,92,94,95,96,97,93,131,132,56,57,58,59,60,61,98,100,101,102,103,99,136,137,62,63,64,65,66,67,104,107,108,109,110,105,120,121,68,69,70,71,72,73,111,115,116,112,74,75,76,77,78,79,80,81,82,83,84
1,3,4,5,6,7,8,9,10,11,12,13,14,15,16,17,18,19,20,21,22,23,24,25,26,27,28,29,30,31,32,33,34,35,36,37,38,39,40,41,42,43,44,45,46,47,48,85,106,119,2,49,86,88,89,90,91,87,126,127,50,51,52,53,54,55,92,94,95,96,97,93,131,132,56,57,58,59,60,61,98,100,101,102,103,99,136,137,62,63,64,65,66,67,104,107,108,109,110,105,120,121,68,69,70,71,72,73,111,115,116,112,74,75,76,77,78,79,80,81,82,83,84
1,3,4,5,6,7,8,9,10,11,12,13,14,15,16,17,18,19,20,21,22,23,24,25,26,27,28,29,30,31,32,33,34,35,36,37,38,39,40,41,42,43,44,45,46,47,48,85,106,119,2,49,86,88,89,90,91,87,126,127,50,51,52,53,54,55,92,94,95,96,97,93,131,132,56,57,58,59,60,61,98,100,101,102,103,99,136,137,62,63,64,65,66,67,104,107,108,109,110,105,120,121,68,69,70,71,72,73,111,115,116,112,74,75,76,77,78,79,80,81,82,83,84
1,3,4,5,6,7,8,9,10,11,12,13,14,15,16,17,18,19,20,21,22,23,24,25,26,27,28,29,30,31,32,33,34,35,36,37,38,39,40,41,42,43,44,45,46,47,48,85,106,119,2,49,86,88,89,90,91,87,126,127,50,51,52,53,54,55,92,94,95,96,97,93,131,132,56,57,58,59,60,61,98,100,101,102,103,99,136,137,62,63,64,65,66,67,104,107,108,109,110,105,120,121,68,69,70,71,72,73,111,115,116,112,74,75,76,77,78,79,80,81,82,83,84
1,3,4,5,6,7,8,9,10,11,12,13,14,15,16,17,18,19,20,21,22,23,24,25,26,27,28,29,30,31,32,33,34,35,36,37,38,39,40,41,42,43,44,45,46,47,48,85,106,119,2,49,86,88,89,90,91,87,126,127,50,51,52,53,54,55,92,94,95,96,97,93,131,132,56,57,58,59,60,61,98,100,101,102,103,99,136,137,62,63,64,65,66,67,104,107,108,109,110,105,120,121,68,69,70,71,72,73,111,115,116,112,74,75,76,77,78,79,80,81,82,83,84
1,3,4,5,6,7,8,9,10,11,12,13,14,15,16,17,18,19,20,21,22,23,24,25,26,27,28,29,30,31,32,33,34,35,36,37,38,39,40,41,42,43,44,45,46,47,48,85,106,119,2,49,86,88,89,90,91,87,126,127,50,51,52,53,54,55,92,94,95,96,97,93,131,132,56,57,58,59,60,61,98,100,101,102,103,99,136,137,62,63,64,65,66,67,104,107,108,109,110,105,120,121,68,69,70,71,72,73,111,115,116,117,112,74,75,76,77,78,79,80,81,82,83,84
1,3,4,5,6,7,8,9,10,11,12,13,14,15,16,17,18,19,20,21,22,23,24,25,26,27,28,29,30,31,32,33,34,35,36,37,38,39,40,41,42,43,44,45,46,47,48,85,106,119,2,49,86,88,89,90,91,87,126,127,50,51,52,53,54,55,92,94,95,96,97,93,131,132,56,57,58,59,60,61,98,100,101,102,103,99,136,137,62,63,64,65,66,67,104,107,108,109,110,105,120,121,68,69,70,71,72,73,111,115,116,117,112,74,75,76,77,78,79,80,81,82,83,84
1,3,4,5,6,7,8,9,10,11,12,13,14,15,16,17,18,19,20,21,22,23,24,25,26,27,28,29,30,31,32,33,34,35,36,37,38,39,40,41,42,43,44,45,46,47,48,85,106,119,2,49,86,88,89,90,91,87,126,127,50,51,52,53,54,55,92,94,95,96,97,93,131,132,56,57,58,59,60,61,98,100,101,102,103,99,136,137,62,63,64,65,66,67,104,107,108,109,110,105,120,121,68,69,70,71,72,73,111,115,116,117,112,74,75,76,77,78,79,80,81,82,83,84
1,3,4,5,6,7,8,9,10,11,12,13,14,15,16,17,18,19,20,21,22,23,24,25,26,27,28,29,30,31,32,33,34,35,36,37,38,39,40,41,42,43,44,45,46,47,48,85,106,119,2,49,86,88,89,90,91,87,126,127,50,51,52,53,54,55,92,94,95,96,97,93,131,132,56,57,58,59,60,61,98,100,101,102,103,99,136,137,62,63,64,65,66,67,104,107,108,109,110,105,120,121,68,69,70,71,72,73,111,115,116,117,112,74,75,76,77,78,79,80,81,82,83,84
1,3,4,5,6,7,8,9,10,11,12,13,14,15,16,17,18,19,20,21,22,23,24,25,26,27,28,29,30,31,32,33,34,35,36,37,38,39,40,41,42,43,44,45,46,47,48,85,106,119,2,49,86,88,89,90,91,87,126,127,50,51,52,53,54,55,92,94,95,96,97,93,131,132,56,57,58,59,60,61,98,100,101,102,103,99,136,137,62,63,64,65,66,67,104,107,108,109,110,105,120,121,68,69,70,71,72,73,111,115,116,117,112,74,75,76,77,78,79,80,81,82,83,84
1,3,4,5,6,7,8,9,10,11,12,13,14,15,16,17,18,19,20,21,22,23,24,25,26,27,28,29,30,31,32,33,34,35,36,37,38,39,40,41,42,43,44,45,46,47,48,85,106,119,2,49,86,88,89,90,91,87,126,127,50,51,52,53,54,55,92,94,95,96,97,93,131,132,56,57,58,59,60,61,98,100,101,102,103,99,136,137,62,63,64,65,66,67,104,107,108,109,110,105,120,121,68,69,70,71,72,73,111,115,116,117,112,74,75,76,77,78,79,80,81,82,83,84
1,3,4,5,6,7,8,9,10,11,12,13,14,15,16,17,18,19,20,21,22,23,24,25,26,27,28,29,30,31,32,33,34,35,36,37,38,39,40,41,42,43,44,45,46,47,48,85,106,119,2,49,86,88,89,90,91,87,126,127,50,51,52,53,54,55,92,94,95,96,97,93,131,132,56,57,58,59,60,61,98,100,101,102,103,99,136,137,62,63,64,65,66,67,104,107,108,109,110,105,120,121,68,69,70,71,72,73,111,115,116,117,118,112,74,75,76,77,78,79,80,81,82,83,84
1,3,4,5,6,7,8,9,10,11,12,13,14,15,16,17,18,19,20,21,22,23,24,25,26,27,28,29,30,31,32,33,34,35,36,37,38,39,40,41,42,43,44,45,46,47,48,85,106,119,2,49,86,88,89,90,91,87,126,127,50,51,52,53,54,55,92,94,95,96,97,93,131,132,56,57,58,59,60,61,98,100,101,102,103,99,136,137,62,63,64,65,66,67,104,107,108,109,110,105,120,121,68,69,70,71,72,73,111,115,116,117,118,112,74,75,76,77,78,79,80,81,82,83,84
1,3,4,5,6,7,8,9,10,11,12,13,14,15,16,17,18,19,20,21,22,23,24,25,26,27,28,29,30,31,32,33,34,35,36,37,38,39,40,41,42,43,44,45,46,47,48,85,106,119,2,49,86,88,89,90,91,87,126,127,50,51,52,53,54,55,92,94,95,96,97,93,131,132,56,57,58,59,60,61,98,100,101,102,103,99,136,137,62,63,64,65,66,67,104,107,108,109,110,105,120,121,68,69,70,71,72,73,111,115,116,117,118,112,74,75,76,77,78,79,80,81,82,83,84
1,3,4,5,6,7,8,9,10,11,12,13,14,15,16,17,18,19,20,21,22,23,24,25,26,27,28,29,30,31,32,33,34,35,36,37,38,39,40,41,42,43,44,45,46,47,48,85,106,119,124,2,49,86,88,89,90,91,87,126,127,50,51,52,53,54,55,92,94,95,96,97,93,131,132,56,57,58,59,60,61,98,100,101,102,103,99,136,137,62,63,64,65,66,67,104,107,108,109,110,105,120,121,68,69,70,71,72,73,111,115,116,117,118,112,74,75,76,77,78,79,80,81,82,83,84,113
1,3,4,5,6,7,8,9,10,11,12,13,14,15,16,17,18,19,20,21,22,23,24,25,26,27,28,29,30,31,32,33,34,35,36,37,38,39,40,41,42,43,44,45,46,47,48,85,106,119,124,2,49,86,88,89,90,91,87,126,127,50,51,52,53,54,55,92,94,95,96,97,93,131,132,56,57,58,59,60,61,98,100,101,102,103,99,136,137,62,63,64,65,66,67,104,107,108,109,110,105,120,121,68,69,70,71,72,73,111,115,116,117,118,112,142,74,75,76,77,78,79,150,80,81,82,83,84,113,114
1,3,4,5,6,7,8,9,10,11,12,13,14,15,16,17,18,19,20,21,22,23,24,25,26,27,28,29,30,31,32,33,34,35,36,37,38,39,40,41,42,43,44,45,46,47,48,85,106,119,124,2,49,86,88,89,90,91,87,126,127,50,51,52,53,54,55,92,94,95,96,97,93,131,132,56,57,58,59,60,61,98,100,101,102,103,99,136,137,62,63,64,65,66,67,104,107,108,109,110,105,120,121,68,69,70,71,72,73,111,115,116,117,118,112,142,74,75,76,77,78,79,150,80,81,82,83,84,113,114
1,3,4,5,6,7,8,9,10,11,12,13,14,15,16,17,18,19,20,21,22,23,24,25,26,27,28,29,30,31,32,33,34,35,36,37,38,39,40,41,42,43,44,45,46,47,48,85,106,119,124,2,49,86,88,89,90,91,87,126,127,50,51,52,53,54,55,92,94,95,96,97,93,131,132,56,57,58,59,60,61,98,100,101,102,103,99,136,137,62,63,64,65,66,67,104,107,108,109,110,105,120,121,68,69,70,71,72,73,111,115,116,117,118,112,142,74,75,76,77,78,79,150,80,81,82,83,84,113,114
1,3,4,5,6,7,8,9,10,11,12,13,14,15,16,17,18,19,20,21,22,23,24,25,26,27,28,29,30,31,32,33,34,35,36,37,38,39,40,41,42,43,44,45,46,47,48,85,106,119,124,2,49,86,88,89,90,91,87,126,127,50,51,52,53,54,55,92,94,95,96,97,93,131,132,56,57,58,59,60,61,98,100,101,102,103,99,136,137,62,63,64,65,66,67,104,107,108,109,110,105,120,121,68,69,70,71,72,73,111,115,116,117,118,112,142,74,75,76,77,78,79,150,80,81,82,83,84,113,114
1,3,4,5,6,7,8,9,10,11,12,13,14,15,16,17,18,19,20,21,22,23,24,25,26,27,28,29,30,31,32,33,34,35,36,37,38,39,40,41,42,43,44,45,46,47,48,85,106,119,124,2,49,86,88,89,90,91,87,126,127,50,51,52,53,54,55,92,94,95,96,97,93,131,132,56,57,58,59,60,61,98,100,101,102,103,99,136,137,62,63,64,65,66,67,104,107,108,109,110,105,120,121,68,69,70,71,72,73,111,115,116,117,118,112,142,74,75,76,77,78,79,150,80,81,82,83,84,113,114
1,3,4,5,6,7,8,9,10,11,12,13,14,15,16,17,18,19,20,21,22,23,24,25,26,27,28,29,30,31,32,33,34,35,36,37,38,39,40,41,42,43,44,45,46,47,48,85,106,119,124,2,49,86,88,89,90,91,87,126,127,50,51,52,53,54,55,92,94,95,96,97,93,131,132,56,57,58,59,60,61,98,100,101,102,103,99,136,137,62,63,64,65,66,67,104,107,108,109,110,105,120,121,68,69,70,71,72,73,111,115,116,117,118,112,142,74,75,76,77,78,79,150,80,81,82,83,84,113,114
1,3,4,5,6,7,8,9,10,11,12,13,14,15,16,17,18,19,20,21,22,23,24,25,26,27,28,29,30,31,32,33,34,35,36,37,38,39,40,41,42,43,44,45,46,47,48,85,106,119,124,2,49,86,88,89,90,91,87,126,127,50,51,52,53,54,55,92,94,95,96,97,93,131,132,56,57,58,59,60,61,98,100,101,102,103,99,136,137,62,63,64,65,66,67,104,107,108,109,110,105,120,121,68,69,70,71,72,73,111,115,116,117,118,112,142,74,75,76,77,78,79,150,80,81,82,83,84,113,114
1,3,4,5,6,7,8,9,10,11,12,13,14,15,16,17,18,19,20,21,22,23,24,25,26,27,28,29,30,31,32,33,34,35,36,37,38,39,40,41,42,43,44,45,46,47,48,85,106,119,124,2,49,86,88,89,90,91,87,126,127,50,51,52,53,54,55,92,94,95,96,97,93,131,132,56,57,58,59,60,61,98,100,101,102,103,99,136,137,62,63,64,65,66,67,104,107,108,109,110,105,120,121,68,69,70,71,72,73,111,115,116,117,118,112,142,74,75,76,77,78,79,150,80,81,82,83,84,113,114
1,3,4,5,6,7,8,9,10,11,12,13,14,15,16,17,18,19,20,21,22,23,24,25,26,27,28,29,30,31,32,33,34,35,36,37,38,39,40,41,42,43,44,45,46,47,48,85,106,119,124,2,49,86,88,89,90,91,87,126,127,50,51,52,53,54,55,92,94,95,96,97,93,131,132,56,57,58,59,60,61,98,100,101,102,103,99,136,137,62,63,64,65,66,67,104,107,108,109,110,105,120,121,68,69,70,71,72,73,111,115,116,117,118,112,142,74,75,76,77,78,79,150,80,81,82,83,84,113,114
1,3,4,5,6,7,8,9,10,11,12,13,14,15,16,17,18,19,20,21,22,23,24,25,26,27,28,29,30,31,32,33,34,35,36,37,38,39,40,41,42,43,44,45,46,47,48,85,106,119,124,2,49,86,88,89,90,91,87,126,127,50,51,52,53,54,55,92,94,95,96,97,93,131,132,56,57,58,59,60,61,98,100,101,102,103,99,136,137,62,63,64,65,66,67,104,107,108,109,110,105,120,121,68,69,70,71,72,73,111,115,116,117,118,112,142,74,75,76,77,78,79,150,80,81,82,83,84,113,114
