0.23948030857861838,5.098390993330641,11.66347173022285
0.2398756164327156,5.240282992148066,11.68835563678996
0.2402993562707089,5.383160695204973,11.712590054723307
0.24077737946988131,5.526990074755878,11.736109110386058
0.24130038939538923,5.671868680376895,11.758850026524978
0.2418551129890576,5.8178045728305205,11.780809488765929
0.24244470381880423,5.964829639836353,11.801929788460765
0.2430563185290257,6.11299132490296,11.82216772197027
0.24368057091080828,6.262159122737611,11.84166685569982
0.24433352832346636,6.412488584065026,11.860229360013747
0.24501256040834762,6.5642954573734915,11.877515954302941
0.24570850803128774,6.717507836990475,11.893625554543316
0.24642212118597473,6.872126383564723,11.908492254721025
0.24715055172658584,7.028272581030955,11.92200863805794
0.24788531326429972,7.186023416351439,11.934113708433223
0.24864059282267353,7.345262219875162,11.944851040184187
0.2494272394036724,7.505542562652984,11.954602652406649
0.24961371323264622,7.508440526794044,11.954654264086349
0.24961422184004406,7.508441100362804,11.954654264086349
0.24961422184004406,7.50844117875566,11.95465426410128
0.24961422184004406,7.508441226783106,11.95465426410128
0.24961422184004406,7.508441252220888,11.95465426410128
0.24961422184004406,7.508441256249581,11.95465426410128
0.24961422184004406,7.508441256249581,11.95465426410128
0.24961422184004406,7.508441256249581,11.95465426410128
0.2502729555984315,7.641895626521777,11.988455202661441
0.25101691079558813,7.777717127144934,12.023051263437612
0.2517569203196179,7.913710712317414,12.057646318159911
0.2525027717361694,8.052638595573908,12.090444096566557
0.25323508194402333,8.165075772538675,12.150072284177115
0.2539660173847593,8.276505320380556,12.210823416116463
0.25469408646460956,8.362857670043287,12.296887117417345
0.25542764878465474,8.45647571038472,12.378082975906512
0.2561630073402046,8.548930861396718,12.460951632428308
0.2568989535130114,8.64347448526095,12.543372142096484
0.25763805871275014,8.741687166433563,12.623617660062218
0.2583899212274419,8.818874701954172,12.725793098656395
0.25914306131975434,8.89407838432124,12.830786946094667
0.2598978622983551,8.974225944377412,12.932828510600846
0.2606535970861188,9.05616919742933,13.035173496102411
0.26084181163137565,9.05761029588789,13.036893029984716
0.26084253960825243,9.057610310448242,13.036893029984716
0.26084253960825243,9.05761031307529,13.036893029984716
0.26084253960825243,9.05761031393358,13.036893029984716
0.26084253960825243,9.057610315635333,13.036893029984716
0.26084253960825243,9.057610316192738,13.036893029984716
0.26084253960825243,9.057610316607658,13.036893029984716
0.26084253960825243,9.05761031671094,13.036893029984716
0.2615154646516214,9.137929664419204,13.138620126907277
0.26227285912409587,9.219967225687212,13.243334801235267
0.26303140443788864,9.301711903823206,13.349588565054724
0.26379064151841436,9.38851132529888,13.453034815692822
0.26455113280661025,9.475263906279165,13.558018748595865
0.2653126861831158,9.561720749813626,13.664798019736727
0.2660747917306339,9.648995472764145,13.772297027713988
0.26683730423248314,9.736323874360355,13.881271062875713
0.26759988615100333,9.823770297026636,13.99169334671205
0.2683629336557289,9.912699894150572,14.102217873174947
0.26912876245726275,9.982815722136323,14.233172191904
0.2698956976584934,10.053265602698465,14.365410633937945
0.2706638912983752,10.124015633164039,14.498988770585475
0.2714332101867768,10.19395989648554,14.635026945805809
0.27220384629455585,10.264381316353216,14.773297502265239
0.2729749248343862,10.335083687887455,14.913082203981224
0.2731789914083772,10.33642684365334,14.915097231719905
0.27318009298618967,10.336426863921702,14.915097231719905
0.27318009298618967,10.336426871439276,14.915097231719905
0.27318009298618967,10.336426872930039,14.915097231719905
0.27318009298618967,10.336426874045484,14.915097231719905
0.27318009298618967,10.336426875513132,14.915097231719905
0.27318009298618967,10.33642687646735,14.915097231719905
0.27318009298618967,10.336426876730238,14.915097231719905
0.27387578445247235,10.405756369993792,15.054281916794253
0.27466275414526437,10.477360405276377,15.196783658545698
0.275451768163431,10.549586847844084,15.340495962693877
0.276242640697431,10.626716938955074,15.48211997545112
0.27703589426378283,10.705000343084452,15.624613058016521
0.2778319497534048,10.785045072064866,15.767373906220483
0.27863145427046426,10.865788893559472,15.911478090014105
0.27943533947199256,10.947947637270588,16.05621772590715
0.28024397093891074,11.032918965558544,16.200197189600132
0.2810588480296265,11.116441394837258,16.34766728920513
0.28188135635481754,11.204327196121934,16.492769012200508
0.2827178849298478,11.290250871622813,16.641756927777166
0.28356809537235605,11.381689111554428,16.787129220416528
0.284434014036501,11.478133873395121,16.92928991353479
0.2853139260315845,11.575517862765281,17.07222329583595
0.28620659070332594,11.679517864849691,17.210959096543462
0.286452247046511,11.681402601710225,17.21313255745739
0.2864545800254014,11.681402708753051,17.213132560816092
0.2864545800254015,11.681402723958792,17.213132560816092
0.2864545800254015,11.681402735699205,17.213132560816092
0.2864545800254015,11.681402744232392,17.213132560816092
0.2864545800254015,11.681402749926576,17.213132560816092
0.2864545800254015,11.681402755040107,17.213132560816092
0.2864545800254015,11.681402761913937,17.213132560816092
0.28726427190602327,11.787374295937438,17.346804828194593
0.2881756916542135,11.900775838207334,17.47914420367166
0.2890930423005984,12.019527412998615,17.608488714674287
0.290020769412889,12.1408684808697,17.736533919193644
0.2909741552425922,12.26632958507242,17.862607435676725
0.291930651053996,12.394726888358923,17.988144278298925
0.2928816661232567,12.504641196189954,18.133639899769502
0.29383413048199075,12.611779118360937,18.284200467078175
0.29478749864606973,12.71931052138392,18.435962229181147
0.2957389678958386,12.811114406188095,18.60602012445898
0.2966909728098851,12.904828607660464,18.776598269100695
0.29764281390077146,13.000964268004715,18.94653726357148
0.2985937891992671,13.082493412398774,19.13379763548831
0.2995459158690344,13.170179067235967,19.317573088153313
0.30049799012212686,13.26038425706091,19.50162001847085
0.30144983557762,13.353819317838779,19.68529616420446
0.30172881289649706,13.355629000708092,19.68841108744992
0.30173273685658253,13.355629027141735,19.68841108744992
0.30173273685658253,13.355629055678282,19.68841108744992
0.30173273685658253,13.355629073845465,19.68841108744992
0.30173273685658253,13.355629075304082,19.68841108744992
0.30173273685658253,13.355629076648398,19.68841108744992
0.30173273685658253,13.355629076946324,19.68841108744992
0.30173273685658253,13.355629077025462,19.68841108744992
0.3025824624278589,13.453645329027927,19.864937697193167
0.3035347919780008,13.555172805640233,20.04568924477505
0.3044867947770628,13.658140894922528,20.227183158323335
0.30543839050402155,13.746862724880236,20.426017165754267
0.30640573681645095,13.839436892716263,20.624333181923376
0.3073725809412851,13.934545627078762,20.8226551312532
0.3083389525645166,14.02732323720153,21.026727498019643
0.3093049546076815,14.1218808435501,21.231658775084245
0.3102705250037761,14.217377883534247,21.438287679123718
0.31123590366830306,14.31377782592207,21.646677635189075
0.3122005967085108,14.415592266281386,21.854061395093634
0.3131651406224969,14.518980598644829,22.062765921120057
0.31412913807910287,14.624464037084174,22.27228234959116
0.3150930899394209,14.727153522893161,22.4874999563144
0.3160564093867855,14.831697851903016,22.704649176766907
0.3170197990230048,14.938139849356626,22.922909392414212
0.31731468474797436,14.940198503530446,22.92623109612879
0.3173196628748396,14.940198538715771,22.92623109612879
0.3173196628748396,14.940198550040893,22.92623109612879
0.3173196628748396,14.940198554715076,22.92623109612879
0.3173196628748396,14.940198557453288,22.92623109612879
0.3173196628748396,14.94019855791015,22.92623109612879
0.3173196628748396,14.940198558081413,22.92623109612879
0.3173196628748396,14.940198558253256,22.92623109612879
0.3181736861895252,15.04804621453596,23.139938607079024
0.3191372283040182,15.158965217589614,23.359709182761833
0.32010094051314253,15.271809450292931,23.580555296327145
0.3210640933843639,15.38647047898408,23.80258602010381
0.322050507622156,15.501292565431129,24.028305264710433
0.323037939083368,15.61638362223403,24.256857638282856
0.3240257857614111,15.732021671458364,24.487993563217884
0.32501504414864124,15.848534580105065,24.721408346922072
0.3260065306414859,15.962944465419518,24.96009472478965
0.3270014486553042,16.07759383397629,25.201795416262065
0.32800202464041417,16.175491331066702,25.464351182861332
0.32901444636294286,16.275843583542983,25.727863460493985
0.33004674210578594,16.380010308936175,25.990922408981323
0.3311045816247525,16.490464658052694,26.251040353179434
0.332187768319418,16.61144795663958,26.505080744293874
0.3332923523363223,16.708835015441526,26.786116403597404
0.3336536564044779,16.71091968872183,26.79121369701169
0.3336620883070784,16.710920114166505,26.791213715770446
0.3336620883070784,16.71092014135637,26.791213715770446
0.3336620883070784,16.710920153947733,26.791213715770446
0.3336620883070784,16.710920166054997,26.791213715770446
0.3336620883070784,16.710920176931566,26.791213715770446
0.3336620883070784,16.71092018771174,26.791213715770446
0.3336620883070784,16.710920196302745,26.791213715770446
