0.13390193133852799,0.13390068275661812,0.13389659699206213,0.13389510111863406,0.017852845603648426,0.01785287769210421,0.017852788708807313,0.01785282152683714
0.13389680279958838,0.1338955530672069,0.1338914379940049,0.13388994073523208,0.01954103995889426,0.019540953998046576,0.019518859607553028,0.019518994012119806
0.13389284560311857,0.1338915949829473,0.13388745395393103,0.13388595562522526,0.020842148295096986,0.02084194428066222,0.020799960673967135,0.0208001945147169
0.13388885317746807,0.13388760166153113,0.13388343674155806,0.13388193733392328,0.022154027884608875,0.022153697054981086,0.02209144744680418,0.022091787999972273
0.13388482885561823,0.13388357643668544,0.1338793849885931,0.13387788449266358,0.023475561760231498,0.023475095282164495,0.02339221543998436,0.023392670039118012
0.13388077339694762,0.13387952006795817,0.13387530460963495,0.13387380301763174,0.024806474608386007,0.024805863513732956,0.0247019949123207,0.024702571001627944
0.1338766992114858,0.133875444968162,0.1338712025158293,0.1338696998218288,0.026142676409976254,0.026141912015991708,0.026016764250079587,0.026017469030342095
0.13387258091747417,0.133871325749841,0.13386705917100608,0.13386555536383424,0.027492480824070287,0.027491553385523237,0.02734468630531831,0.027345527869372138
0.1338684300398591,0.1338671739405263,0.13386287971799798,0.13386137478786012,0.028852084440314372,0.02885098439481637,0.02868202463004115,0.028683010910651695
0.1338642490889665,0.13386299205110483,0.13385867358331538,0.13385716752294757,0.030220634353486934,0.030219352104420588,0.030027940529646448,0.030029079487184033
0.1338600365231732,0.13385877853960682,0.13385443186839466,0.1338529246681399,0.03159862293232504,0.03159714861026128,0.0313829139800727,0.03138421379866036
0.13385579339692255,0.13385453446071016,0.1338501634281183,0.1338486550806979,0.032985675092800607,0.03298399871566522,0.032746579414999186,0.032748048370662336
0.133851519817467,0.13385025992169,0.1338458601239627,0.13384435061990804,0.03438174270786702,0.034379854119051624,0.03411888182638493,0.034120528338193436
0.13384721658560206,0.1338459557235203,0.13384153145990185,0.13384002079229768,0.03578653413131239,0.03578442305701647,0.035499538891972666,0.035501371474678564
0.133842882406784,0.13384162057136484,0.13383716697780304,0.13383565513692047,0.037200459812127475,0.03719811569049756,0.036888949554136546,0.036890976957737374
0.13383851805703864,0.13383725524142207,0.13383277707239413,0.1338312640512969,0.03862323543647268,0.03862064758257806,0.03828683991403273,0.0382890709888492
0.13383412241480822,0.1338328586118812,0.13382835053723377,0.1338268363259712,0.04005521626957148,0.040052373748074924,0.03969354783956712,0.039695991641906334
0.020260494113120447,0.020260467154274552,0.020260376563794102,0.020260344297249638,0.006282337280911085,0.006281843828954152,0.006223724600909159,0.006224105218595839
0.020260479570130836,0.020260452611292668,0.02026036144618421,0.02026032917964937,0.006500695472782665,0.006500151825143568,0.006437549294955634,0.00643796815815651
0.02026046495130532,0.02026043799247494,0.020260346375611787,0.02026031410908655,0.0067202384834292896,0.006719642673466985,0.006652490337623083,0.0066529489235443995
0.02026045027194223,0.020260423313119655,0.02026033111281077,0.02026029884629526,0.006940731649029223,0.006940081741280674,0.006868319044356764,0.006868818805844367
0.020260435532021635,0.02026040857320689,0.0202603159232514,0.020260283656745554,0.007162175751977402,0.0071614697895791566,0.007085036257620541,0.007085578663046557
0.020260420736619943,0.020260393777813083,0.02026030053614318,0.020260268269647136,0.007384495641241705,0.007383731678809768,0.0073025669545748705,0.007303153462688238
0.02026041335780068,0.020260386398997743,0.020260292709995374,0.02026026044350432,0.007607707949492573,0.007606884016146599,0.007520927759043797,0.007521559847258894
0.02026039853884922,0.020260371580054164,0.020260277291645187,0.020260245025163933,0.007831533362714334,0.00783064755002406,0.0077398465565849065,0.007740525654433149
0.13379626310451534,0.13379499079445084,0.13379022571814317,0.13378870125198694,0.05319701423522351,0.05319099387333608,0.05255857076768229,0.052563624667010214
0.13379165596299833,0.133790382617265,0.13378558502470408,0.13378405930976917,0.05469462446754154,0.05468824024834492,0.05402728791739466,0.05403264483359338
0.13378702368844844,0.13378574930130424,0.13378092693441954,0.13377939996591295,0.05619922457495122,0.05619246416704891,0.055502682769805516,0.05550835288166989
0.13378236177866296,0.1337810863433522,0.13377623089836213,0.1337747026659596,0.0577123088708908,0.05770515940670649,0.05698619189845631,0.056992185828137844
0.13377766960689172,0.13377639311651615,0.13377151279823463,0.13376998329588405,0.05923403988172715,0.05922648819324644,0.058477995492437436,0.058484324104557756
0.1337729472880825,0.1337716697357684,0.13376675574070215,0.13376522495780255,0.06076437365918062,0.060756406375710476,0.059978034112795654,0.059984708437774224
0.13376819709583626,0.1337669184752191,0.1337619795183928,0.1337604474496692,0.06230253529686164,0.06229413922662923,0.061485551640312316,0.06149258256732813
0.13376341283576615,0.13376213313908755,0.1337571598955831,0.13375562652923412,0.06385051722333136,0.06384167790794411,0.06300252478793722,0.06300992422426777
0.13375859759007075,0.1337573168102632,0.13375231848567928,0.1337507838157206,0.06540728020340443,0.06539798348579728,0.06452793452658798,0.06453571414072444
0.13375375376606913,0.13375247189660538,0.1337474386821366,0.1337459026981107,0.06697204567292028,0.06696227759419829,0.06606098257008802,0.0660691538756706
0.13374887684739772,0.1337475938807326,0.13374253547210294,0.1337409981675856,0.06854505256076654,0.06853503397758406,0.06760417173377122,0.06761274739034451
0.13374399484114272,0.1337427107760313,0.13373761667597997,0.13373607804665266,0.07010868746497904,0.0700984316553742,0.06915765439641346,0.06916645745898324
0.13373911901517369,0.13373783385290697,0.13373271407825948,0.13373117412836416,0.07166844352023828,0.07165796385499018,0.07070875998488209,0.07071778164776106
0.13373425076853643,0.1337329645107202,0.1337278079672046,0.133726266695675,0.07322391254591148,0.07321322318331851,0.07225706679605656,0.07226629761226824
0.13372939124753638,0.13372810389603543,0.13372292111078596,0.13372137852268967,0.07477472365341012,0.0747638394970593,0.07380223898455374,0.07381166889191249
0.13372454346961118,0.13372325502697074,0.1337180343442118,0.13371649043945455,0.07631996150939643,0.07630889838488465,0.07534333454809926,0.075352952713297
0.02026013340729259,0.020260106448638585,0.020260003402418444,0.020259971136111582,0.011797060805653459,0.01179527737775772,0.0116487565245479,0.011650158273207888
0.020260117962006486,0.0202600910033607,0.020259987234090504,0.020259954967793942,0.012028769842220554,0.012026949319963212,0.01187960087390249,0.011881033215598434
0.020260102614643605,0.020260075656005978,0.020259971407934247,0.020259939141647764,0.012258980205025968,0.012257125927287376,0.012109188915762344,0.01211064938037768
0.020260087383168573,0.02026006042453905,0.02025995556429923,0.02025992329802283,0.012487416776201358,0.012485532175071822,0.012337249081941212,0.012338735116909853
0.020260072277318308,0.020260045318696813,0.02025994059008003,0.020259908323813167,0.012713936803765674,0.012712025401685194,0.012563637002899872,0.01256514597545237
0.020260057300490724,0.020260030341877202,0.02025992548169964,0.020259893215442387,0.012938495182063756,0.012936560572478781,0.012788301694552431,0.012789830906674083
0.020260042465012465,0.020260015506406846,0.02025991077785167,0.02025987851160379,0.01316090906255468,0.013158954892575066,0.01301106059355849,0.013012607294017407
0.020260027776870443,0.020260000818272624,0.020259895958156138,0.02025986369191769,0.013381093325349576,0.013379123276806322,0.013231824706897596,0.013233386105965708
0.1336826354859465,0.1336813376066013,0.13367597106369974,0.1336744158208082,0.08972644319859066,0.08971409405012966,0.08874629740996585,0.08875740816026681
0.13367811990513406,0.13367682100855682,0.13367144392558342,0.1336698874618907,0.09115030650790933,0.09113799259144822,0.0901807528304793,0.09019189516167546
0.13367364128388,0.13367234137831532,0.13366696648299303,0.13366540881180275,0.0925610043062929,0.09254874525990361,0.09160347619552861,0.09161463531489093
0.13366919885665818,0.13366789795017986,0.1336625125722712,0.13366095369983405,0.09395894538761886,0.09394676123845075,0.09301478203180792,0.09302594278759296
0.13366480277056395,0.13366350087353507,0.1336581177691374,0.1336565577113016,0.09534091595814537,0.09532882638342954,0.09441151282367871,0.0944226601131928
0.13366043759544208,0.13365913471475077,0.13365374118926746,0.1336521799508566,0.09671197998372615,0.09670000552930186,0.09579858890190084,0.09580970708755553
0.13365612717520808,0.13365482332311845,0.13364943215977754,0.1336478697589236,0.09806457018405644,0.09805273056015099,0.09716848254977442,0.09717955622525756
0.1336518483917822,0.13365054357535022,0.13364514206113876,0.13364357850286107,0.09940616901574587,0.09939448456952918,0.09852862002846006,0.09853963354446801
0.13364762023374263,0.13364631446430666,0.13364047561812034,0.13363891080078638,0.10073102945082592,0.10071952004322483,0.09987320854341743,0.0998841462833134
0.13364346178688516,0.13364215508008828,0.1336362749298382,0.13363470897902482,0.10203277285694982,0.10202145737888632,0.10119575202386606,0.101206598744066
0.13363935325046294,0.13363804561748793,0.13363212339477987,0.13363055632366838,0.10331798816741224,0.10330688569093777,0.10250288239902675,0.10251362293427235
0.13363529338883,0.1336339848405843,0.1336280197140319,0.13362645153545571,0.10458721286678045,0.10457634267657438,0.10379502827654653,0.10380564723574467
0.13363129660104428,0.13362998715168375,0.13362397837607204,0.13362240910677847,0.1058359740911524,0.10582535429858626,0.1050676427293393,0.10507812534367564
0.1336273673361949,0.13362605700088181,0.13362000381897346,0.13361843347691088,0.10706297736757459,0.10705262537253032,0.10631936423814548,0.10632969614851019
0.13362350459556854,0.13362219338924355,0.13361609502384825,0.13361452362669474,0.10826705492481628,0.10825698734500847,0.10754907224630256,0.10755923957313775
0.13361971541265213,0.13361840335184486,0.13361225900014698,0.13361068656747596,0.10944758355454985,0.10943781605482501,0.10875602379955862,0.10876601328693568
0.02025980827745814,0.020259781318977096,0.020259661698875147,0.020259629432785874,0.016771493582867704,0.016769889666191296,0.01667089323808797,0.01667220669915408
0.020259811289070145,0.020259784330587508,0.02025966397057647,0.020259631704485744,0.016859630555939125,0.016858043368419316,0.016762574836785577,0.016763875883069934
0.020259805555002817,0.020259778596523226,0.02025965782425084,0.020259625558164046,0.016946245918222014,0.016944676233029525,0.01685268089945167,0.016853968874472245
0.020259799929042147,0.020259772970565547,0.020259651450584042,0.0202596191845013,0.01703131412098778,0.017029762674373273,0.016941174944225985,0.016942449224327787
0.020259794399013903,0.02025976744054026,0.020259645504723815,0.020259613238644864,0.017115008971523717,0.017113476490179063,0.01702823652380523,0.017029496494731646
0.020259788980598593,0.02025976202212782,0.02025963933012856,0.02025960706405351,0.017197091797330637,0.017195578919492,0.0171136218948756,0.01711486701067152
0.020259783661340968,0.020259756702873024,0.02025963342106259,0.02025960115499132,0.01727775034896791,0.017276257724302038,0.017197515613933262,0.01719874532405558
0.02025977842850751,0.020259751470042338,0.020259627593493108,0.020259595327425547,0.017357187585790072,0.017355715874404827,0.01728012908449293,0.01728134283243251
0.13360811837156641,0.13360680369521225,0.1336003555591551,0.1335987799127671,0.11497500885608461,0.11496666302775646,0.11448636181039848,0.11449549241132458
0.1336065393137807,0.13360522428125193,0.1335987541000393,0.13359717802123539,0.11546183183365274,0.11545365489729813,0.11499262919544145,0.11500164907720448
0.1335930094607964,0.13359169137605928,0.1335851684946102,0.1335835887470329,0.11593076457353467,0.11592276203732381,0.11548075930124015,0.11548966903401219,0.015072610573689046
0.13359043504080886,0.1335891163752267,0.1335825699899954,0.13358098954059885,0.11640162663250063,0.11639379627575379,0.11597046141368163,0.11597925755018372,0.016380225519252598
0.13358786332610856,0.13358654408026632,0.13357996521371826,0.1335783840607775,0.11686664239174914,0.11685898612246381,0.11645406431532462,0.11646274504731965,0.017707255077839264
0.13358529896589064,0.13358397914142212,0.13357736751133184,0.13357578565672656,0.11732492081217183,0.11731744009603717,0.116930629409473,0.11693919323981776,0.019051525878104592
0.1335827440362093,0.13358142363521774,0.13357477897515888,0.1335731964213342,0.11777604044577444,0.1177687365276542,0.11739970720742139,0.11740815279589242,0.02041219173077829
0.133580198089028,0.13357887711351524,0.13357219913278823,0.13357061588206257,0.11822025702812897,0.11821313115340232,0.11786156344835111,0.11786988946655827,0.021788741484130666
0.13357767045370098,0.1335763489077746,0.13356962841412828,0.13356804446893575,0.11865555951268814,0.11864861198193276,0.11831378404994383,0.11832198990321159,0.023178523652479122
0.13357515275940238,0.13357383064528197,0.1335670763659216,0.13356549173127624,0.11908297552474936,0.11907620696933269,0.11875975849451463,0.1187678426855307,0.024583136044687866
0.13357263672230751,0.13357131404034236,0.13356452557721313,0.1335629402534257,0.1195045878385129,0.11949799957510428,0.11919965914248107,0.11920762031867342,0.02600849532239955
0.13357014639148945,0.13356882314745774,0.13356200960778472,0.1335604236042332,0.11991634404973021,0.11990993549397065,0.11962927411399156,0.11963711223374264,0.027440963878165255
0.13355652700291298,0.13355520068457538,0.13354833026908897,0.13354674056915627,0.12031143400549123,0.12030520952361937,0.12004194564062204,0.12004966225075503,0.028889187724009845,0.01393285169740814
0.1335528816396276,0.13355155449830294,0.13354465721379105,0.13354306652119544,0.12070609243017842,0.12070004810685382,0.1204537215185445,0.1204613145103491,0.03034919463190056,0.01540538778437398
0.1335492316418717,0.1335479036764635,0.1335409604211493,0.13353936872941427,0.12109304251055163,0.12108717828212107,0.12085745288751772,0.12086492192947874,0.031826625818047176,0.01689529637317887
0.13354558706724035,0.13354425827892302,0.13353728776412782,0.13353569507971613,0.12147122856344071,0.12146554370764732,0.12125197239574821,0.12125931764772188,0.03331740264014755,0.018398465469116946
0.020259527605282497,0.020259500646950777,0.020259366611573803,0.02025933434567242,0.01848532478122276,0.018484278958013484,0.018454711029218585,0.01845559213034386,0.0052831404426011384,0.0030214960486218082,0.0021204743172589208
0.020259513437826997,0.02025948647950281,0.02025935196425969,0.02025931969836763,0.018542840734747743,0.01854181952727777,0.018514738824198084,0.018515600448084875,0.005509469029133341,0.003249745143617248,0.0022929630992687767
0.02025949932885393,0.02025947237053725,0.020259336980575436,0.020259304714692915,0.0185987648418052,0.018597768178420446,0.018573087080563575,0.018573929267876894,0.005736969679608169,0.0034791609676427062,0.002466391576509311
0.020259485290112265,0.020259458331803065,0.02025932245980735,0.020259290193934062,0.01865307962901935,0.01865210738735101,0.018629733309455238,0.01863055614414422,0.005965403558267564,0.00370950273939242,0.0026405797349289776
0.020259471291380702,0.02025944433307894,0.020259307577427686,0.020259275311563886,0.01870593043044369,0.018704982510703017,0.018684833736655842,0.018685637285195573,0.006195212676745097,0.00394121621750141,0.0028158631640370522
0.020259457364558947,0.02025943040626459,0.020259293166204815,0.02025926090035018,0.01875721627667755,0.018756292487832966,0.0187382828349472,0.018739067237481994,0.006425843571418,0.004173743231865693,0.002991820540252246
0.02025944350749951,0.02025941654921252,0.020259278598507444,0.020259246332662094,0.018806972959966542,0.018806073086320062,0.01879011950068244,0.018790884918829503,0.006657288737228099,0.004407076119091218,0.0031684459540599658
0.020259429723803065,0.020259402765523408,0.020259265018121843,0.02025923275228514,0.018855216917711946,0.0188543407182948,0.018840358170627045,0.018841104788136984,0.006889444269357074,0.004641111384711168,0.0033456619873824646
0.1334952986629464,0.13349395851496432,0.13348668124573945,0.13348507487689454,0.12454398650629094,0.12453983107232112,0.12445698194119197,0.12446327408128212,0.04692730698450081,0.032125814896074474,0.023214229395348753
0.1334908336129875,0.13348949245594482,0.13348221984961547,0.1334806122738334,0.12482438779032808,0.12482039516967222,0.124748470589427,0.12475464836710401,0.048488588722083836,0.03369901697718768,0.024448855478304415
0.13348638532256965,0.13348504316018167,0.13347775498511275,0.13347614620136944,0.12510089772470454,0.12509706785777147,0.12503569400178738,0.12504175737143317,0.0500468773921397,0.03526892067006474,0.025682040752674353
0.13348191634752027,0.13348057317504033,0.13347328967254918,0.13347167968063717,0.12537110943413984,0.12536744075462014,0.12531617976372456,0.12532212976403798,0.05162194310131317,0.03685550199211369,0.026929492877054914
0.13346576580323571,0.13346441897975758,0.1334571055702618,0.1334554911987405,0.12562340780855882,0.12561990210585353,0.12557840142180404,0.12558424252403763,0.053205727609916854,0.03845196177053433,0.028186064608437672,0.014402397393584955
0.1334602206390832,0.13345887256184746,0.1334515625429321,0.13344994667114493,0.1258787904603186,0.12587544199496487,0.12584328738096698,0.12584901832200748,0.05480763600857868,0.04006518273966655,0.029458780568810468,0.01568615167968031
0.13345463251689083,0.13345328317607374,0.13344595613830898,0.13344433874896958,0.12612816917686773,0.12612497624508798,0.12610181973060916,0.12610744168107355,0.05642848273311557,0.04169722422445817,0.030748336461005478,0.0169867378913981
0.13344901340919252,0.13344766279767575,0.1334403390779851,0.13343872016807565,0.12637100519214167,0.1263679656345238,0.12635337112429285,0.1263588856035796,0.05806471317932179,0.04334449794404822,0.03205204594308284,0.01830141789873578
0.13344336507868068,0.13344201318974297,0.13343467235722123,0.13343305191316357,0.12660728235929164,0.12660439390529094,0.12659802205739992,0.12660343064657056,0.05971573247063318,0.04500640748841354,0.033369337564226796,0.019629638794629343
0.13343768821553684,0.1334363350426122,0.13342899747564974,0.1334273754950994,0.1268370331485716,0.1268342934428809,0.1268357079217053,0.12684101230121772,0.06138125499819323,0.0466826644959807,0.03470003446048356,0.020971197873029104
0.13343197976036397,0.13343062529619207,0.1334232705222857,0.13342164699100706,0.12706041006488683,0.12705781673848948,0.127066662307904,0.1270718641585264,0.06306204713355525,0.048374027356396475,0.036044861699815606,0.022326830573425542
0.1334262599494949,0.13342490419139275,0.13341754241267664,0.13341591733021957,0.12727672859485928,0.12727427872332192,0.1272901807294361,0.1272952821260309,0.06475208485526021,0.050074447877008606,0.03739878408278887,0.023691473115596624
0.13342049085792848,0.13341913379463197,0.13341176495016843,0.13341013830302959,0.12748747201856886,0.12748516355311565,0.12750774713171972,0.12751274957057213,0.06646233883815951,0.05179493440465981,0.03877105725716847,0.025074414338420496
0.1334146903200765,0.133413331944354,0.13340595599503627,0.13340432777454736,0.12769202638109614,0.12768985677136807,0.12771875403684047,0.12772365936340996,0.06818749306233086,0.053530147135809204,0.04015725148100223,0.026471202582698344
0.13340886796395524,0.13340750827075318,0.13340012518926342,0.13339849538936588,0.12789098715185293,0.12788895413956117,0.1279237946636489,0.12792860452632862,0.06989618880497282,0.05528671108578001,0.04156272277999753,0.027887218118464095
0.13340303083370894,0.13340166981956622,0.13339427958721162,0.13339264820375682,0.1280840474520427,0.1280821484866611,0.12812256646681583,0.12812728272308213,0.07158159332905727,0.05706453450789988,0.042987160350071316,0.02932216307822815
0.020259110249228787,0.020259083291119098,0.02025894534132125,0.020258913075688095,0.01948179370074618,0.019481284599068813,0.01948878014341411,0.0194892360712941,0.011124961309149164,0.008940993931021858,0.006749112520283154,0.004675112266434017
0.020259092673632843,0.0202590657155325,0.020258927765782482,0.020258895500160523,0.01951214143845438,0.019511651040591837,0.01952000666297606,0.019520447800490812,0.011371637427876467,0.00921498423993687,0.006962496315424371,0.0048900451672491616
0.02025907517954946,0.02025904822145842,0.020258910271756053,0.020258878006145224,0.01954140690553868,0.0195409347849039,0.01955008299850902,0.01955050969691511,0.011613520567041461,0.009490797824594827,0.007177339316671229,0.005106438266375958
0.020259057823126803,0.020259030865045,0.020258893118654354,0.020258860853054443,0.019569530736931236,0.019569076401353788,0.019578956062166267,0.019579368721641698,0.011849815863710537,0.00976745459736522,0.0073928972169172375,0.0053235405271362885
0.020259040519472568,0.020259013561399978,0.020258875611791943,0.020258843346203183,0.019596661237398724,0.019596224272535948,0.019606771584489847,0.019607170547334477,0.012081727579785323,0.01004627817866694,0.007610186158814772,0.005542376080960736
0.02025902330715019,0.020258996349086747,0.02025885860278992,0.020258826337211995,0.019622772343918123,0.01962235229593278,0.01963351023992436,0.01963389587775163,0.012308722301654215,0.010326587120269924,0.007828687396761621,0.005762422065840855
0.020259006226998447,0.020258979268944093,0.02025884131942943,0.0202588090538625,0.019647937221745352,0.019647533669112573,0.01965924339496216,0.019659616055524503,0.012531467361353282,0.010603839276392819,0.008048981065653554,0.005984263985222126
0.02025898932232824,0.020258962364282873,0.02025882461807843,0.02025879235252215,0.019672154590230872,0.019671767089858953,0.019683976123815613,0.01968433617042604,0.012749874622783373,0.010875650461490574,0.008270982045491865,0.006207815243007182
0.133352532585685,0.1333511601389441,0.13334370801837592,0.1333420629294194,0.12963594056837432,0.12963512658188753,0.12971443363128082,0.1297183962040176,0.08532816258599266,0.0733368617206662,0.05590957769937108,0.042341012080035385
0.13334690603243488,0.13334553231133195,0.1333380836642198,0.13333643705036047,0.12976804890051016,0.12976733955529732,0.12984866755725055,0.12985255790021463,0.08672615397621462,0.07508039338087935,0.057464349609613746,0.04390622264286288
0.1333412634475774,0.1333398884483754,0.13333242251097144,0.13333077436210547,0.12989626054178435,0.12989565359149366,0.12997870085328833,0.12998252068389904,0.08810925313438304,0.07680517885047324,0.05905083757434953,0.045503085013670765
0.13333561341252825,0.13333423713343398,0.13332677465894197,0.1333251249785496,0.1300205495014363,0.13002004264229747,0.1301046269391858,0.1301083779773135,0.08947507919131906,0.07850834023376399,0.060666570708239914,0.04712917497897471
0.13332994780643798,0.13332857024381767,0.1333210904304208,0.1333194392085109,0.13014110380367716,0.13014069482064736,0.130226520750089,0.13023020469615226,0.09082492689320054,0.08019153905206448,0.06231483298560299,0.04878774358622114
0.13332428577843797,0.1333229069329963,0.1333154305861161,0.133313777829175,0.1302575731928461,0.13025725955762507,0.13034416377278737,0.1303477824980799,0.09215376882041187,0.08184856993167623,0.06399018737296523,0.050473359095815754
0.13331859767078338,0.13331721753650566,0.13330972380267725,0.13330806949784743,0.13037068237000135,0.13037046206347877,0.1304581608551507,0.13046171592990677,0.093467980332814,0.08348742959213358,0.06570209894530518,0.05219550052709132
0.13331290212087982,0.13331152069597352,0.1333040304059571,0.13330237455674307,0.13048007830889793,0.13047994899818907,0.13056829518105634,0.13057178834459346,0.09476266691608819,0.08510206505486377,0.06744534287645808,0.053948943325345444
0.13330720635861507,0.13330582364292556,0.13329831593602554,0.13329665853658373,0.13058592383997555,0.13058588326173431,0.13067463508114638,0.13067806805243684,0.09603884616873229,0.08669378441398805,0.06920390400843156,0.0557384802562689
0.13330151559086215,0.13330013158541631,0.1332926273466151,0.13329096840384116,0.1306884663767481,0.1306885124009801,0.13077748952895352,0.13078086392166238,0.09729870068763462,0.08826534322035415,0.07095840137708095,0.057571411330978206
0.13329583406994427,0.13329444877673274,0.13328692711797457,0.13328526662858517,0.13078770157893171,0.13078783203136182,0.13087673540215614,0.1308800528977475,0.09854096644510871,0.0898151993841534,0.07270689590000856,0.059447883456861396
0.13329015907001718,0.1332887724904138,0.13328125433748372,0.13327959230880215,0.1308837285751204,0.13088394131751194,0.13097261240160568,0.13097587461351273,0.09976577999288097,0.09134355120958225,0.0744494465054665,0.061370241796661944
0.13328450338952458,0.13328311552780528,0.13327557996614245,0.1332739163976133,0.13097643962670447,0.1309767323997057,0.13106489945727298,0.13106810811241054,0.10097021352328772,0.09284677511820569,0.07618109938388881,0.06333532442764417
0.13327885441252657,0.13327746527010878,0.1332699332645207,0.13326826816353057,0.13106606862652198,0.13106643931257542,0.1311539696500563,0.13115712633879498,0.1021563805494163,0.09432752540566502,0.07790520043220826,0.0653492124284864
0.13327322126247595,0.13327183084284558,0.1332642814357939,0.1332626148008296,0.13115256083354815,0.13115300723725554,0.1312396538352064,0.13124276023316367,0.10332212302793081,0.09578312868891123,0.07961800200911016,0.06741009112192374
0.13326762096348477,0.13326622927399023,0.1332586835009692,0.1332570153465386,0.13123599205083117,0.13123651198538472,0.13132216565870436,0.13132522338165445,0.1044671676396048,0.09721325383465601,0.08132015283110874,0.06949714863621528
0.020258703970156815,0.020258677012263263,0.02025853926683451,0.0202585070014599,0.019959211473882077,0.01995903835491883,0.01997279604869017,0.01997299025781649,0.015974819197357045,0.014895156721976372,0.012506713364213584,0.010741316649367396
0.020258695059312274,0.020258668101423453,0.020258530356018902,0.020258498090649984,0.01996855424653893,0.01996838799654363,0.019982258410839632,0.01998244727247283,0.016066913520679182,0.015009786317771875,0.012645904688273766,0.010911379604192549
0.020258686306691618,0.02025865934880747,0.02025852160342671,0.020258489338063363,0.019977522064211196,0.019977362453142952,0.019991317276649885,0.019991500983029275,0.01615722388166432,0.01512222517788939,0.012783328715647095,0.011079284175670836
0.02025867760063071,0.020258650642751185,0.020258512694131123,0.020258480428773453,0.01998625784580759,0.01998610474405315,0.02000011716917211,0.02000029583446934,0.016246936759176718,0.015233950534730168,0.012920709687239865,0.011247140649333968
0.02025868366548362,0.020258656707600863,0.020258518758964287,0.020258486493602762,0.019994720052287203,0.01999457328604506,0.020008619085295654,0.020008792857245102,0.016335515143178908,0.015344289274872108,0.013057242879001923,0.011413963134018355
0.020258675176040894,0.020258648218162655,0.0202585102695492,0.020258478004193062,0.020002903586631583,0.020002762996969965,0.020016812707363472,0.0200169817211957,0.016423036521693527,0.015453344585252675,0.013193042878459875,0.0115798996821935
0.020258666809206405,0.020258639851332614,0.02025850210600486,0.020258469840653926,0.02001079002267216,0.020010655423372183,0.0200247637876712,0.020024928163065548,0.01650912618333532,0.015560644955570252,0.013327524794617802,0.011744232596483571
0.020258658539176327,0.02025863158130694,0.02025849383600166,0.020258461570655993,0.020018426034189074,0.02001829727034735,0.02003244437309246,0.020032604240273786,0.016594069474524374,0.0156665455560681,0.013461082488652134,0.011907445762447599
0.13324707333123026,0.1332456769817213,0.13323810602084246,0.13323643227998086,0.13170744816817948,0.13170836150846488,0.131796841368929,0.1317996296358675,0.10968337918981567,0.10371833267425296,0.08939471780628272,0.07937027612873292
0.13323102357103306,0.13322962358066273,0.13322203294091609,0.13322035483538877,0.13172970788456617,0.13173066251756077,0.13181887296431746,0.13182164064684182,0.1102081705745924,0.1043792323797422,0.09026528361640884,0.08044022087506583,0.01589179365452818
0.1332271067477884,0.13322570586877147,0.1332181104259345,0.13321643125509744,0.13176292676328605,0.13176391772141793,0.13185181099388285,0.1318545549134935,0.11073714038263469,0.10504244267351902,0.09114187025650715,0.0815147764485081,0.017271386403199963
0.13322317888508017,0.1332217771148639,0.13321416627158406,0.13321248602950306,0.1317952385014643,0.13179626494315314,0.13188371970119958,0.1318864405520089,0.11126204655065726,0.10570070834293553,0.09201886819527988,0.0825898580264337,0.018673111118431642
0.13321923765025617,0.1332178349857589,0.13321022989255096,0.13320854858128073,0.1318267360056856,0.13182779717979826,0.1319148322441299,0.13191753060243835,0.11178315360099823,0.10635436250752384,0.0928964703733973,0.08366570978727995,0.02009796353868225
0.1332152890093532,0.13321388544884608,0.133206264915714,0.13320458252742917,0.13185739088143977,0.13185848599040795,0.1319449423752291,0.13194761890334658,0.11229965656538014,0.10700239631678217,0.09377334796270553,0.08474073059321606,0.021544140176120354
0.13321134346439606,0.13320993900853373,0.13320231362936938,0.1332006301677317,0.13188707711011133,0.13188820524929593,0.13197411617258623,0.13197677153177778,0.11281006423580928,0.10764293864585145,0.09464657411486249,0.08581133678096607,0.023009108923572545
0.13320739784514277,0.13320599249386084,0.13319837287895056,0.133196688346765,0.1319158669800214,0.1319170273062974,0.1320022440247305,0.13200487889874302,0.11331481125106604,0.10827653185027049,0.09551682497143699,0.08687838446829961,0.024494202508415264
0.13320344319581504,0.13320203694701604,0.1331944018637941,0.13319271625278162,0.1319439235937752,0.13194511539840054,0.13202966958951545,0.13203228451744609,0.11381500072846898,0.10890455341680477,0.09638567442187612,0.08794380310915643,0.026003089064479637
0.13319950177547452,0.13319809463211343,0.1331904547072088,0.13318876802379437,0.13197104627073092,0.13197226867567405,0.13205607145150416,0.1320586671091621,0.11430780221464165,0.10952345667058289,0.09724833369754539,0.08900174114198543,0.027527423273261815
0.1331843667466352,0.13318295616772133,0.13317529764858774,0.13317360684663127,0.13198630632620162,0.13198756227729816,0.1320705406562397,0.1320731212772689,0.11478592766058329,0.11012694933079904,0.09810040964944924,0.09004937878580782,0.029072766915564742,0.013294989106620352
0.1331790980319838,0.13317768625694323,0.13317002126408448,0.13316832902821132,0.13201046659979665,0.13201175201145401,0.1320938839251341,0.13209644692657102,0.11526488745371062,0.11072911749989162,0.09895236139174378,0.09109474533662258,0.030636017361431556,0.014872762635083137
0.13317382726021407,0.1331724142884965,0.13316474281896762,0.13316304914851856,0.1320341601574978,0.1320354744557639,0.13211668377468483,0.1321192296320149,0.11574377608517519,0.11133129639731361,0.09980914003405915,0.09214617433787849,0.03219359644851251,0.0164445815082765
0.13316852847384247,0.1331671142990032,0.1331594363179595,0.13315774120520854,0.13205718842631925,0.13205853096803902,0.13213877066962856,0.13214129990367823,0.11621785492334616,0.11192757090020884,0.1006632592904445,0.09319450291013298,0.033774659392454845,0.0180398771820759
0.133150652253059,0.13314923401869658,0.1331415340670287,0.13313983408772576,0.13206691030651188,0.1320682844596313,0.13214749881660856,0.13215001613885127,0.11667385539484727,0.1125045100350674,0.10150089918457221,0.09422566639170103,0.03536946751699618,0.01965034767085634,0.014866618146199455
0.1331442628021045,0.13314284311652744,0.13313513531080928,0.1331334335917923,0.13208723482955856,0.13208863603717083,0.13216681445420347,0.13216931668774787,0.11713211838404373,0.1130814757978969,0.10233867870146139,0.09525455144277993,0.036982283135371295,0.021277368206486954,0.016140809568139704
0.020258322497231345,0.020258295539540727,0.02025815759188737,0.020258125326755798,0.020102732395158224,0.02010268000979228,0.02011520034380916,0.020115302628695146,0.0178935129793802,0.01729512100060668,0.015700941792992047,0.014651897358500972,0.00587658626559372,0.003488768935821521,0.002653015648043705
0.020258303977797397,0.02025827702011664,0.020258139072513684,0.020258106807393903,0.020107751419446818,0.02010770262050205,0.020120083425388263,0.020120183067448106,0.017963175177911975,0.017382311377161216,0.015826729715478032,0.014805868269366598,0.006123394927451973,0.003737757179729987,0.002841635311444338
0.020258285558195616,0.020258258600524662,0.020258120652971855,0.0202580883878638,0.020112575646320314,0.02011253031217354,0.02012476303640465,0.020124860132980427,0.018031302797282423,0.017467605761254133,0.01595041103262203,0.01495729972057776,0.006371386501512187,0.003987921687369781,0.003031205393940084
0.020258267263049218,0.02025824030538799,0.020258102357884993,0.020258070092788592,0.02011720158347053,0.020117159589717562,0.020129237454274404,0.020129332103927568,0.018097811785377872,0.017550897815096958,0.016071806186286508,0.015105970972298632,0.006620185622467514,0.004238883975239332,0.0032214366355590865
0.020258249127519175,0.020258222169867588,0.020258084222413958,0.020258051957329104,0.02012162758653507,0.020121588807148615,0.020133506724764418,0.020133599026443978,0.01816259479913019,0.017632052512164004,0.016190661183145418,0.015251570092762904,0.0068693062692336895,0.004490153949039643,0.003411958756785076
0.020258231119353893,0.020258204161711892,0.020258066417568464,0.020258034152494952,0.0201258711944524,0.020125835512762,0.02013758709617757,0.02013767714186618,0.018225795004286924,0.017711246351517492,0.016307183239559982,0.01539435160504796,0.007119155346823451,0.004742142485612248,0.0036030831463080702
0.020258213194570603,0.020258186236938144,0.020258048289582317,0.020258016024520348,0.020129946631496386,0.02012991393826192,0.0201414959949211,0.020141583870980556,0.0182875771289684,0.017788684424041835,0.01642169739499959,0.015534709151358303,0.007370288567060527,0.0049954101241002375,0.0037952309923550568
0.020258212037378223,0.02025818507974638,0.020258047335654818,0.020258015070593445,0.02013386749654957,0.020133837680507582,0.02014524435023059,0.020145330143737237,0.018347824280533866,0.017864215246550325,0.0165338978605588,0.01567226531802144,0.007622115253450637,0.005249359322149592,0.003987951552625045
0.13309493741232964,0.13309350651962545,0.133085738062055,0.1330840229079676,0.1322940444087497,0.13229565876489155,0.13236400406413754,0.13236639063793668,0.12091675622010303,0.11783650307275874,0.10933065611313757,0.1038329054469783,0.0517282048839027,0.036155421028046614,0.02746480731817349
0.13307677705012502,0.13307534202947705,0.1330675620672958,0.13306584196759594,0.13229218406985369,0.13229382181291197,0.13236077223646953,0.13236315309149385,0.12126820390659052,0.11828386214124541,0.11001976051342062,0.10468450836954127,0.053419006364265414,0.03786120842347579,0.028805985413276527,0.014136229059653725
0.13306944839712284,0.13306801171036955,0.1330602118971699,0.1330584897972031,0.13230064544028788,0.13230230241864385,0.13236800476612173,0.13237037671550272,0.12162237658428272,0.11873191715184761,0.11070788063055573,0.105532579035843,0.055130835343672156,0.03958659378424326,0.030165653393691608,0.015508837682334275
0.13306205995063106,0.13306062158402612,0.13305282354004558,0.1330510994292373,0.13230870344477927,0.13231037916789426,0.13237471203547008,0.13237707552776717,0.12197089440420093,0.1191729303683955,0.11138848721404243,0.10637161674896581,0.056866853883204824,0.041336084974648864,0.031546542306994586,0.01690266896187928
0.13305462237758978,0.13305318231980903,0.1330453642640097,0.13304363812287393,0.13231633894790473,0.1323180329119972,0.13238112214066974,0.1323834775427928,0.12231309552675852,0.11960606376928729,0.11206020236128855,0.10719990825711866,0.05862469403554477,0.04310728205683583,0.032946864665939476,0.018315930834612297
0.1330471381311768,0.13304569637145208,0.13303787999107777,0.13303615181262535,0.13232355603983287,0.13232526774802955,0.13238699551646402,0.13238934326827392,0.1226488191188035,0.12003110938698558,0.1127223989777696,0.10801669465585288,0.06040408586564739,0.0448999108070361,0.03436646271354009,0.019748437437062623
0.13303960774751258,0.1330381642751955,0.1330303277416224,0.13302859750716198,0.1323303603086508,0.13233208927350393,0.13239258702800627,0.13239492747796444,0.1229779619102812,0.12044793198612118,0.11337469799258412,0.10882148864402055,0.06220500270229864,0.04671393974336394,0.03580529738542162,0.02120016796726398
0.13303203265400612,0.13303058745877008,0.13302275251320153,0.1330210202162888,0.13233675788782678,0.1323385036309146,0.1323976528167194,0.1323999863876706,0.12330042484891439,0.12085640147708612,0.11401660724187117,0.10961369568758184,0.06402737262975988,0.04854929245123565,0.037263399538657475,0.02267112517560361
0.1330244129885247,0.13302296606007352,0.1330151108239092,0.1330133764462594,0.13234275505019055,0.1323445171033124,0.1324024544229224,0.1324047814440204,0.12361613666238107,0.12125642302222335,0.11464781973725555,0.11039291559250657,0.06587122749078937,0.05040599596163271,0.03874078256970826,0.024161340833920922
0.1330167510753835,0.13301530240394688,0.13300744867359038,0.13300571220944157,0.13234835659751074,0.13235013450025798,0.132406740476479,0.13240906135373037,0.12392498625848711,0.12164785137853705,0.11526780872620432,0.1111585094941158,0.06773626473947626,0.05228374515644378,0.04023725565111985,0.025670597354955357
0.13300905656824258,0.13300760614624516,0.13299973200532933,0.13299799343964355,0.13235362175681392,0.13235541507636983,0.1324108272948987,0.13241314232409163,0.12422758584234883,0.1220314430534301,0.11587751883304095,0.11191161149748025,0.0695933769937333,0.054187779384056056,0.0417570314479403,0.02720315169399339
0.13300134171879685,0.1329998895414498,0.1329920168660551,0.13299027619905684,0.13235857692105474,0.13236038523392155,0.13241447703910844,0.13241678658949324,0.1245239870712006,0.12240725307716231,0.11647667701317062,0.11265189079693393,0.07142548554232342,0.05611955941138265,0.04330122742379631,0.0287601101121156
0.13299360581550435,0.13299215187785599,0.13298425871287056,0.13298251593265206,0.13236322428322295,0.13236504717419958,0.1324179602511074,0.13242026459565118,0.12481413059135057,0.12277520269413936,0.11706508338607267,0.11337907754509316,0.07323220433251892,0.05807951320674666,0.04487026910961937,0.030341913445187413
0.13298583532544242,0.1329843796194613,0.13297648787653663,0.13297474297945058,0.1323675902773049,0.1323694273601085,0.1324210483270388,0.13242334781113177,0.12509840665142877,0.12313577876635257,0.11764337940816096,0.11409397300774796,0.07501612986273981,0.06007137887697869,0.04646775034713129,0.031952122356528695
0.132978044123836,0.1329765866446467,0.13296867431579706,0.13296692729001167,0.13237166011430512,0.13237351099208694,0.1324239966990076,0.13242629157441124,0.12537629297529013,0.12348831922951567,0.11821028875578755,0.11479497772142673,0.07677358758732053,0.06209214838786195,0.04809081175817732,0.033587898249094125
0.13297024492701448,0.1329687856726366,0.13296086373805827,0.1329591145841937,0.13237542041841568,0.13237728468619236,0.13242656864384927,0.13242885923230088,0.1256473039407604,0.123832211315751,0.11876434613556427,0.11548029373747029,0.07850153109022869,0.06413908289341166,0.04973753541539667,0.03524728832682525
0.020257805758903957,0.02025777880148825,0.02025764085524159,0.020257608590439048,0.020170290436704038,0.020170295894347615,0.020178522986524602,0.020178583976512694,0.019185848252269818,0.018920373774419994,0.0181805521453652,0.017699997567991267,0.012221906864793087,0.010090714699773172,0.007835086770414466,0.005628854991520753
0.020257810787168214,0.02025778382974983,0.020257645883489484,0.020257613618683733,0.020173043067003783,0.020173050049527873,0.0201811079344779,0.020181167890767106,0.01922771747815493,0.018972924097293876,0.018264193420489676,0.017802941189875625,0.012473522501767413,0.010406815550434195,0.00808244228084227,0.005878071968562151
0.020257789501497928,0.020257762544090865,0.02025762459788846,0.02025759233309627,0.020175663356383773,0.020175671807584266,0.020183555806122917,0.02018361477115374,0.019268422277999016,0.019024026000013884,0.018345619068458892,0.017903191845279092,0.012720611158679248,0.010718333213149155,0.00833291358481263,0.006130420337441205
0.020257768482364196,0.02025774152496831,0.020257603578823148,0.020257571314044345,0.02017817018809787,0.020178180048680043,0.02018588732567305,0.020185945343295382,0.01930788130168433,0.01907357094718587,0.018424648779382678,0.018000519957080772,0.01296253764501381,0.011023292853496647,0.008585899968602758,0.006385291429881562
0.020257747669979138,0.020257720712594327,0.020257582766505817,0.020257550501740253,0.020180573977314938,0.02018058519187819,0.02018811298399937,0.02018817009522734,0.01934621658144374,0.01912171033018225,0.018501486543650268,0.01809517401384382,0.013199919419547115,0.011322489144344347,0.0088420532892129,0.006643341968446499
0.020257727091627,0.020257700134253136,0.02025756218822064,0.020257529923468187,0.02018286856080134,0.02018288107193545,0.02019022837939938,0.02019028462608668,0.019383303482593595,0.01916828837326128,0.018575894357986053,0.01818685961164053,0.013432519715307786,0.011615638158028234,0.009101161582374976,0.006904358928417146
0.02025770677483159,0.020257679817468534,0.02025754187149135,0.020257509606751833,0.020185052299816326,0.02018506604982039,0.020192231894234684,0.02019228731799796,0.019419111723891706,0.019213266901892283,0.018647806432977247,0.018275493940870097,0.013659978086691116,0.011902297282830885,0.009362842635403495,0.007167956971384906
0.020257707178778166,0.020257680221414897,0.020257542478695684,0.02025751021395578,0.02018715522911719,0.02018717016394915,0.020194157382115187,0.0201942120219495,0.01945372677323955,0.019256746800752827,0.018717351864093023,0.01836122869483812,0.013882543144884097,0.012182785813785284,0.009627372746372015,0.007434411697785283
0.13292206374195473,0.13292059351744148,0.13291261222403677,0.13291084991929503,0.13246309240557883,0.132465056101098,0.1325032737479131,0.13250553071564147,0.12785178217173193,0.12661417882285475,0.12323534809697197,0.1210003612568784,0.09250678276132948,0.08172816646473673,0.06491338101561064,0.05054011399950615
0.13291489092789208,0.13291341906972373,0.1329054289369452,0.1329036646737978,0.13246175768572227,0.13246373083145585,0.13250080307235004,0.132503058004419,0.1280479822082783,0.1268641428261691,0.12364325711725672,0.12150680346287732,0.09391586804324031,0.08350916062904128,0.06676860524755344,0.052408298820071
0.1329077051389842,0.13290623164407397,0.13289823265528558,0.13289646643003283,0.13246042131240454,0.1324624036602432,0.13249835291102777,0.13250060599725386,0.12823923862814296,0.12710781972000218,0.12404115738687277,0.12200092172111086,0.09530683740803676,0.08526737652803024,0.06865989051734003,0.054321646551859934
0.13290052731184557,0.13289905218187634,0.13289104434624718,0.1328892761609069,0.13245912809294036,0.13246111939224495,0.1324959654867262,0.13249821691050262,0.1284257836550924,0.1273454895525624,0.12442933478876608,0.12248305263507356,0.09668116745806236,0.08700473348712141,0.07055067006940566,0.056289113767903604
0.13289336773512403,0.13289189097412374,0.13288387431351228,0.13288210417291332,0.13245787137360332,0.13245987137225385,0.13249363461615155,0.13249588455373806,0.12860743548111184,0.1275769210414634,0.12480731974216362,0.12295260701931757,0.09803625980684437,0.08871815244780272,0.07243716633791479,0.05830992108653303
0.13288629526113843,0.1328848168888234,0.13287680267196347,0.13287503060278688,0.13245686709684779,0.13245887554747202,0.13249165528895415,0.1324939038552477,0.12878569879274815,0.12780395555694612,0.12517731574015836,0.12341227474276902,0.09935542679158692,0.09038630557635045,0.07429520778267355,0.06036032552272842
0.13287923055098783,0.13287775056900197,0.13286971648086815,0.13286794247899653,0.13245592792540248,0.1324579446169866,0.13248956697335484,0.1324918143847811,0.1289595601215849,0.12802535978444052,0.12553826886315428,0.12386073942246364,0.10065681356116898,0.09203229237359134,0.07614992432353099,0.062469872956055536
0.1328721853611909,0.1328707037738582,0.13286267218616787,0.13286089626288058,0.1324550458496761,0.13245707057157405,0.13248773982678078,0.13248998616201227,0.12912877399950368,0.12824082247372656,0.12588913231432958,0.12429675373108955,0.10193785578297636,0.09365290532266105,0.07799717599003414,0.06463734329379756
0.13286517337067724,0.13286369018544064,0.1328556387659898,0.13285386092410725,0.13245420655584222,0.13245623907582751,0.13248577867463546,0.13248802414783722,0.12929299762955349,0.12844991356655439,0.1262294508115088,0.12471969448337493,0.10319572694393282,0.09524459681622226,0.07983260418586514,0.06686102804113035
0.13285820676140414,0.132856721988485,0.13284867318922677,0.13284689344711284,0.13245341753528778,0.13245545762268504,0.13248408189101493,0.13248632657595352,0.12945221817347888,0.12865261290313673,0.12655889407927462,0.12512919929517388,0.10442978320504126,0.09680657156723974,0.08165596162354789,0.06912908453221087
0.13285131027047556,0.1328498239257363,0.13284175541191323,0.13283997378246698,0.1324527506259472,0.13245479806121166,0.1324823176144581,0.13248456169919107,0.1296069167006357,0.1288495074917935,0.12687849911476634,0.12552647334924424,0.10564368444301474,0.0983434647068814,0.08347713744318642,0.07139383085074412
0.132844518663001,0.1328430307702328,0.13283496511482282,0.1328331816326889,0.13245219880329392,0.13245425331287441,0.13248089164887622,0.13248313520050728,0.1297563511675528,0.12903967273103398,0.12718667189832927,0.12590960224002343,0.10683157108636952,0.09984787344520998,0.08528701444661005,0.07364399295605578
0.1328377826314444,0.1328362932032039,0.13282820800644374,0.1328264226805449,0.13245180924556718,0.13245387068053033,0.13247941935542715,0.1324816625247115,0.12990201427951376,0.12922495883995017,0.12748620775655503,0.12628195922699323,0.10800271672314879,0.10133153783440743,0.08709766039224748,0.07589478452044145
0.13283113971524418,0.13282964877264936,0.1328215666396363,0.13281977950142593,0.13245154072220544,0.13245360886706023,0.13247829150699925,0.1324805343235473,0.13004300623233161,0.12940424810552895,0.12777530570712836,0.126641378882918,0.10915047402718768,0.10278604995749517,0.08889917611939999,0.07813392828609203
0.13282458317337617,0.1328230907360132,0.13281498925895463,0.13281320032576904,0.1324514206959828,0.13245349535151746,0.1324771048934929,0.132479347524407,0.13017959188807418,0.12957786796739915,0.12805471071500965,0.12698871679976087,0.11027636007209411,0.10421333078813025,0.09069349697179391,0.08036397382584937
0.1328181331077043,0.132816639199747,0.13280852976639082,0.1328067390702816,0.13245142768897447,0.1324535086451356,0.13247616413633254,0.13247840663281868,0.1303114989766751,0.1297454789220505,0.12832369572376867,0.1273231124648895,0.111377260344069,0.10560942935239012,0.09247440796853933,0.08257727147802785
0.020257381752412103,0.020257354795221956,0.02025721685012958,0.020257184585597006,0.020202913135772854,0.020202941472118194,0.020207474003557456,0.020207519996388333,0.01988578852379308,0.019802245562873643,0.019594960958869208,0.0194475706235995,0.01705350530683345,0.016190596634016192,0.014216211039856038,0.012732541882383675
0.020257374917573078,0.020257347960386578,0.0202572100153128,0.020257177750784592,0.02020297963109793,0.020203008188564322,0.02020760339889945,0.02020764924332828,0.019895290686369745,0.019814329740652628,0.019616010526359164,0.019473695765523567,0.017116356459994268,0.016270078538456426,0.014322347215250168,0.012863956081824656
0.020257368088680547,0.020257341131497675,0.02025720318644248,0.020257170921918612,0.020203052346256186,0.020203081118530412,0.020207735894286434,0.02020778159545072,0.019904541011774874,0.01982609222593718,0.019636411159968194,0.019499017467883933,0.01717828042787707,0.016348409144901793,0.01442737838331266,0.012994021608327098
0.02025736135213751,0.020257334394958217,0.02025719665317905,0.020257164388659342,0.02020313052565075,0.02020315950628266,0.020207873141124863,0.020207918703764396,0.019913570263637888,0.019837571399068405,0.019656224929866087,0.019523611812100983,0.017239427525856717,0.016425777691265218,0.014531552005524289,0.013123044846415797
0.020257319350187545,0.020257292393030604,0.020257154651365607,0.020257122386872654,0.02020317959614929,0.020203208778056855,0.020207975919946827,0.020208021349235265,0.019922316000142846,0.019848697772819727,0.019675359307986254,0.019547372610108315,0.017299579053622154,0.0165019165274461,0.014634507253815045,0.013250587660310606,0.002168803426295648
0.020257309203226867,0.020257282246075325,0.020257144504437916,0.020257112239951417,0.020203266307411785,0.02020329568487943,0.02020811353368803,0.02020815883416119,0.01993088647304905,0.01985959109511663,0.01969399208564084,0.019570503756284018,0.017359020465820652,0.01657716811773333,0.014736668581969157,0.013377159677300604,0.0023902283202328475
0.020257299134262195,0.020257272177116,0.020257134232248526,0.02025710196776857,0.0202033563396566,0.020203385906813073,0.02020824987301887,0.020208295048906606,0.019939242437687472,0.01987020991692016,0.019712068967292606,0.019592945154571773,0.017417637636857757,0.016651395983394598,0.014837848181504184,0.013502536013107297,0.0026128659832743203
0.132782997735212,0.13278149581476667,0.1327733430326868,0.13277154273134945,0.13242044078559465,0.1324225426935754,0.13244741673961916,0.1324496651682104,0.13073604920593462,0.1302964085155744,0.12930117718391146,0.12854647242571424,0.11452877211117071,0.10960923710245708,0.09789388171312274,0.08930123303641496,0.018598861395993014
0.1327677254032194,0.13276621999907448,0.13275804837015848,0.1327562438926283,0.13240516088689186,0.13240726782159304,0.13243209234330744,0.1324343459179914,0.13076494561861618,0.13033894970041301,0.12938675020323323,0.12865797374730248,0.11488824147357829,0.110070978097864,0.09854692540259508,0.09011682586160019,0.020070338926777058,0.013248568494641458
0.13276288699979555,0.13276138049187236,0.13275321426601008,0.13275140846839853,0.13240032157300352,0.13240243009988448,0.1324273442180951,0.13242959938741056,0.13080346292705958,0.13039079321248156,0.12948023528672223,0.12877671409648853,0.11525432213987603,0.110538352889745,0.09920766625975973,0.09093949548674946,0.02155378254439958,0.014611059792587925
0.1327580214079971,0.13275651379003878,0.1327483301845335,0.13274652305312787,0.13239545507442002,0.1323975652025028,0.1324223212097211,0.1324245780660686,0.13084135205440534,0.1304417634404309,0.12957187522605773,0.12889306370422163,0.11561828294351645,0.11100312452250649,0.09986902679432742,0.09176298753175192,0.023053689056618594,0.01599335275368954
0.13275312840994735,0.13275161967564708,0.13274351536118514,0.13274170691483558,0.13239056117442824,0.13239267291280743,0.13241752025909234,0.1324197787279703,0.1308785808384328,0.13049180079860337,0.1296612426035537,0.12900655183016524,0.11598007391444987,0.11146521667138093,0.10053035415343663,0.09258655357669175,0.024570716958998894,0.01739625508583773
0.13274820677148877,0.1327466969142567,0.13273850119454264,0.13273669137874047,0.13238563863717756,0.13238775199535488,0.13241243820739965,0.13241469838330783,0.1309151980204263,0.13054098571031106,0.1297488044283612,0.12911770118551924,0.11633979739891213,0.11192476398153436,0.10119185212986528,0.09341040548692742,0.026104804687754335,0.018820926210521567
0.13273128634930625,0.1327297726310533,0.13272164163619454,0.13271982721526723,0.13236872964675594,0.1323708485695683,0.13239560987380145,0.13239787570285627,0.13093934355672882,0.130577478051011,0.12982248691606538,0.12921447018049712,0.11668646062074256,0.11237105109798126,0.1018435000310037,0.09422508262490985,0.02765304070948192,0.020264467418941307,0.013558038746196977
0.1327249280547352,0.1327234128854347,0.1327151884285379,0.13271337224473895,0.13236237190097552,0.1323644929163184,0.13238908770543648,0.13239135572573643,0.13097310626472874,0.13062325148380782,0.12990425131056405,0.12931863183206654,0.11703854545407905,0.11282142387314928,0.1024997777342188,0.09504300378522026,0.029216198819538637,0.021725689986601085,0.015134567794444987
0.13271852075895957,0.1327170041273373,0.13270878321058402,0.13270696527691359,0.13235596517049555,0.13235808829462345,0.13238277607733734,0.13238504621827968,0.1310062845420175,0.13066821428138917,0.1299840599989318,0.12942032643739027,0.11738860974940671,0.11326930891147648,0.10315601280947927,0.09586102025116681,0.030796183374694332,0.023211084774141105,0.016727834289903334
0.132712084824182,0.13271056672360934,0.13270232640943277,0.13270050671168818,0.13234952982392775,0.13235165506639163,0.1323761730667206,0.13237844542634639,0.13103873424028786,0.13071217842194735,0.1300618293247182,0.12951939870409643,0.11773504128295469,0.11371265028139067,0.10380893352480126,0.09667501853310657,0.03239077542844861,0.02471492735929768,0.018335730866032462
0.13270563980213368,0.132704120230444,0.1326958719580575,0.13269405049677055,0.13234308541004736,0.13234521277396452,0.13236969196912102,0.13237196650660393,0.13107031751992185,0.13075497415065848,0.13013720513795754,0.129615457751938,0.11807674286747046,0.11415005048017367,0.10445671634231164,0.09748277030147295,0.033994753558018495,0.026232614058616804,0.019952852489198314
0.1326861386829358,0.1326846146594345,0.132676353811371,0.1326745270164982,0.1323235764219856,0.13232571020891842,0.13235029352357286,0.1323525745803655,0.13108811888148614,0.13078372476057654,0.13019729819875872,0.12969565675726433,0.11840229505654369,0.11457056015212802,0.1050893578791283,0.09827503493667077,0.03560480820003716,0.02776320712528398,0.021577351040172645,0.014678137868395802
0.13267825621762183,0.1326767303944357,0.1326684483042992,0.13266661934886192,0.1323156936695684,0.13231783005210782,0.1323422670442849,0.1323445507989195,0.13111676598191374,0.1308230382626452,0.13026702243083052,0.1297849075859401,0.1187344002536856,0.11499627582336652,0.1057269382136267,0.09907071091111357,0.03722915404841022,0.029314627860829404,0.02321482338599431,0.016241472415391547
0.13265662438464063,0.13265509362189257,0.13264678481164557,0.13264494993478046,0.1322940755261893,0.13229621902807018,0.1323206227068035,0.1323229137374984,0.13113101396118257,0.13084770174464416,0.13032098883276974,0.12985786953032966,0.11904991076861421,0.11540468625572381,0.10634862884948479,0.09985013411148641,0.03886014343624413,0.03088015617836093,0.024860279294549467,0.01782020328528658,0.015369724173993885
0.13264750097546718,0.1326459681291157,0.1326376480479827,0.1326358106733458,0.13228495301003904,0.1322870995166016,0.13231148913603247,0.132313783237551,0.13115682084874516,0.13088361323136916,0.1303850556958145,0.12994029790945572,0.11937244716710069,0.11581867346639263,0.10697537150477217,0.10063289423757832,0.0405015497109178,0.032466436395922636,0.026514696890579732,0.019418394656380154,0.01666857569603786
0.1326250037756012,0.1326234657913606,0.13261511791829947,0.13261327438449283,0.13226244792603542,0.1322646018450631,0.13228895678102867,0.13229125845817966,0.13116852476933125,0.13090516779855285,0.13043372826224026,0.13000679927136627,0.11967844994839598,0.11621534776303773,0.1075855641707327,0.1013985136273662,0.04215237650484297,0.034066998015173496,0.028179856835192744,0.021032127084468732,0.01797725063626476,0.014863961707887185
0.020256816962490355,0.020256790005600687,0.02025665206204582,0.020256619797872872,0.020202981354878812,0.020203011106129043,0.020207918088520082,0.02020796314352793,0.020041919042896685,0.02000340145751435,0.01993627289941979,0.019873953637106964,0.0183317460546373,0.01781602583546047,0.016531116508239106,0.015609000415367768,0.0066927548714735925,0.00545136692098338,0.004560363406388467,0.0034617676933055815,0.0029472261527564727,0.002465808634137202
0.020256788647881305,0.020256761691006684,0.020256623950784283,0.020256591686629247,0.020203342729436864,0.020203372710375398,0.020208311213761165,0.020208356120931636,0.02004803367427499,0.020010983223626076,0.01994792627018921,0.019888263919258537,0.018380901906712422,0.01787846639239656,0.016625175926378535,0.015725866101213855,0.006950807170245109,0.005699474300317409,0.00482039522830839,0.003711658993456609,0.0031449068402493357,0.002655114868687727
0.020256760381715973,0.020256733424856403,0.02025659548145558,0.020256563217318654,0.02020369227738867,0.02020372248165695,0.020208693319852016,0.020208738084209577,0.0200539412979631,0.020018307189896535,0.01995911919293213,0.01990200916791365,0.018429000749829123,0.017939579737084464,0.016717491907331284,0.015840597513104876,0.007209803014986706,0.005948577996034557,0.0050813661560904656,0.003962536723625921,0.0033433547653651395,0.002845225728600869
0.020256732221924527,0.020256705265079927,0.02025656752501092,0.020256535260891807,0.020204027173959676,0.02020405759280191,0.02020905202209061,0.02020909664966502,0.020059634767825397,0.020025365413036383,0.01996985411435455,0.019915192045939306,0.01847599092032423,0.01799929977116197,0.01680797715821187,0.015953085004515796,0.007468840818777557,0.006198310585615136,0.005342364227474516,0.004214029848601094,0.003541870452957519,0.0030358612797434224
0.02025670413423598,0.02025667717740633,0.020256539234158624,0.020256506970057528,0.020204347463293224,0.020204378088342394,0.020209397131790593,0.020209441628419048,0.020065118644714795,0.02003216372322387,0.01998013965672245,0.01992782421881958,0.018521867411529645,0.018057619379373672,0.01689659233626349,0.01606327834080911,0.007727840346294447,0.00644854070308846,0.00560331173345739,0.0044660071003987355,0.003740397461819348,0.0032269184096651187
0.02025667615813717,0.02025664920132239,0.020256511461405783,0.020256479197322364,0.020204653997159174,0.02020468482039829,0.020209720301303646,0.020209764672558125,0.020070400966453735,0.020038712020894262,0.01998999897612099,0.019939933010941883,0.018566656119872904,0.018114570533090485,0.016983366730512078,0.0161712129817698,0.007986823401660435,0.006699286421362783,0.005864228714851384,0.004718486632292217,0.003938944337105582,0.0034184115710129623
0.02025666870940811,0.020256641752597306,0.02025650380944605,0.020256471545367492,0.020204967823040234,0.02020499883693725,0.020210052309449084,0.020210096560694602,0.02007550931377865,0.02004503958878087,0.019999465490621163,0.01995155569856016,0.018610398316110346,0.01817019928366034,0.017068342934558077,0.016276935250663243,0.008245797120681209,0.006950558475747031,0.006125122047245112,0.004971477230686554,0.004137523642904405,0.0036103480377087387
0.020256608369518734,0.02025658141274003,0.02025644367300768,0.020256411408967428,0.020205215302332494,0.02020524649896686,0.02021030365289766,0.020210347789523565,0.020080374588207415,0.02005107853914771,0.02000848168406381,0.01996263774587617,0.01865302648966636,0.018224439004108493,0.01715144008609717,0.01638036157583364,0.008504554267367233,0.007202207782903615,0.006385789329293053,0.005224836464076464,0.004335973065620028,0.003802618727100477,0.002015712738358923
0.13252819223658296,0.13252663212718044,0.1325181763604134,0.13251630630681555,0.1321835432487304,0.1321857402133104,0.13221071464195255,0.1322130429372972,0.13138927091200903,0.13120326208527777,0.1309368087682075,0.13064796446594754,0.12228523382815386,0.1195572800321283,0.11271555280407451,0.10780351812846103,0.05732687143903428,0.04875827400636894,0.043477607678188236,0.035834703257039684,0.029662854182092857,0.026130730344018162,0.014496634847416107
0.13251673501328962,0.13251517228423013,0.1325067023685546,0.13250482917459863,0.13217208593214014,0.13217428667439565,0.13219921121116215,0.13220154337976106,0.1314009272916,0.13122188268422877,0.13097190117932353,0.13069508198267704,0.12253330735236671,0.1198780424772887,0.11322073704600137,0.10843750755711098,0.05901777971873125,0.05041086662907844,0.04518082855607287,0.03749844468682176,0.031007362109875737,0.027438835868446452,0.015854955341138347
0.13249239200959945,0.13249082371374665,0.13248231189109,0.13248043202060977,0.13214773225171458,0.13214994102501085,0.13217496167486137,0.13217730200960667,0.13139918797657454,0.13122690821850846,0.13099272435737724,0.1307275281095254,0.12276524565368456,0.12018182009675472,0.11370861122234188,0.10905321832479993,0.06071332756882326,0.052075090632542426,0.04688992316052405,0.039174955562207965,0.03235939260659074,0.028758603611470458,0.017222098903834727,0.014097583926621792
0.13247949715719637,0.13247792591207022,0.1324694100018149,0.13246752659909045,0.13213483624801664,0.13213704927464845,0.13216184973999834,0.13216419449093403,0.1314084558090716,0.13124274528532368,0.1310236260129468,0.13076967559602592,0.12300429633865018,0.1204914965912055,0.11420053135488345,0.10967124623436389,0.06243051265979395,0.0537640787357164,0.04861926843835029,0.040874986221564075,0.03372900344107676,0.030099832846027363,0.0186055186562291,0.015452149529119111
0.13246646748364874,0.13246489325809363,0.1324563493654431,0.13245446238663208,0.13212180539875798,0.13212402272365803,0.13214894124451584,0.13215129034358497,0.13141717801254113,0.13125785224125436,0.1310532820506154,0.1308102113062615,0.12323980126040338,0.12079669372025705,0.11468704685949167,0.11028264401112567,0.06416354294313412,0.05547497217635041,0.05036439090969832,0.042596827507620914,0.03511358965346226,0.03146038314380415,0.02000379867591831,0.016826036546690414
0.13245331603331353,0.132451738799152,0.1324431905436605,0.13244129996149526,0.13210865275690784,0.132110874420712,0.13213556726048267,0.13213792086496148,0.13142532956422628,0.13127220043667787,0.13108142506764925,0.1308488660181771,0.1234713503265658,0.12109688316340285,0.11516697445126635,0.11088598641602566,0.06591235377780123,0.057205483634111494,0.05212510803660663,0.04433816814489946,0.03651248792827874,0.03283855755595429,0.021416399595925277,0.018217530439505417
0.13244004017292296,0.13243845990136852,0.13242988331062336,0.1324279890840757,0.13209537568712343,0.13209760173134513,0.13212241593267293,0.1321247739680248,0.1314329104279705,0.13128579255550663,0.13110832332282646,0.13088591476521008,0.12369889094645502,0.1213919957910708,0.1156402901070499,0.11148118288453769,0.06767659328484074,0.058955684431590556,0.053901170199945725,0.046099074571054895,0.03792618605705577,0.034234481247234105,0.02284366670965078,0.019626743078291844
0.13242665714377383,0.1324250738099797,0.1324164926128407,0.13241459471866227,0.13208199141671456,0.13208422187719146,0.13210880482463963,0.13211116744625886,0.13143995747846499,0.13129867064143025,0.13113378489212574,0.1309211763141985,0.12392244233363503,0.12168204739272143,0.11610662688857705,0.11206782387198723,0.06942380336647429,0.060726008742048004,0.05569849391694052,0.04787998382942071,0.039358677566256946,0.03564843192051953,0.024289763886929317,0.021053961365078793
0.13241316843148954,0.1324115820109442,0.1324029721660141,0.1324010705682745,0.13206850142549945,0.13207073633758729,0.1320954440456324,0.1320978111696481,0.13144647733175985,0.1313108443576913,0.1311580858114916,0.1309549338978838,0.1241419654446301,0.12196698495204478,0.11656598129818856,0.11264584244245404,0.07114598806966439,0.06251656323314982,0.057517990003437214,0.04968099994659406,0.04081139828099912,0.037080535540288326,0.02575599283564942,0.022499299918755135
0.13239960306925252,0.13239801354408506,0.13238939891076745,0.13238749359460836,0.13205493475371555,0.13205717414319165,0.13208164499513775,0.13208401676973286,0.1314524440452854,0.13132228238945154,0.13118094343460873,0.1309868988970243,0.12435694753962276,0.12224614866739703,0.11701689997123563,0.11321347192601355,0.07284051584205774,0.06432361236554604,0.05935721551338046,0.051498388279166855,0.042281247760026106,0.03852738165257888,0.02723939711946031,0.023959354186672492
0.13238587775113198,0.13238428508440064,0.132375641460588,0.1323737323751509,0.13204120808092562,0.13204345200107326,0.13206805101511815,0.13207042737166225,0.13145794548615522,0.13133309885590821,0.13120278457146392,0.13101754356922882,0.12456867761139814,0.12252118908212811,0.1174623423123018,0.11377435885075789,0.07451534561468187,0.0661579012176874,0.06122540375762511,0.05334288076720644,0.04377765766002734,0.03999880920130578,0.028749249683450252,0.02544394789035453
0.13237203631921013,0.13237044048400112,0.13236179177460156,0.13235987889421533,0.1320273652575647,0.13202961374720268,0.13205396989560045,0.13205635099878857,0.13146293579624288,0.13134323761362773,0.13122329047755063,0.1310465349496106,0.12477639335043517,0.12279112686878178,0.11790030680561206,0.11432604990842699,0.07616594502406451,0.06801387589617677,0.06311829894759967,0.055208927303953534,0.04529581074350303,0.041489736949142465,0.0302808792583511,0.02694800650142641
0.13235808943805846,0.1323564904098955,0.1323478244579715,0.13234590775000188,0.13201341697024974,0.13201567006467613,0.1320399678982697,0.13204235372192927,0.13146749894403537,0.13135279448574805,0.13124277031505527,0.13107420250030993,0.12498084787953709,0.12305689473181551,0.11833216350545792,0.11487018875321467,0.07779343600617789,0.06984689366649457,0.06503807035768658,0.05710313023060641,0.04683839047710703,0.043005625424867834,0.03183683287870465,0.02847700917668387
0.13234410261289975,0.1323425003823007,0.1323338171368969,0.13233189658997904,0.13199942872567863,0.13200168643856744,0.1320259255018393,0.1320283160600852,0.1314715805437362,0.13136170173192468,0.13126108425233746,0.1311003881828639,0.1251814882357549,0.12331777869955182,0.1187564840076286,0.11540499242268763,0.07938980962457744,0.07164807067072504,0.06697567111658026,0.05901763611039156,0.04839659741766853,0.044539507545536,0.03340844117815405,0.030023977532486142
0.13232996275214334,0.13232835728372944,0.132319656554051,0.13231773212577677,0.1319852874238001,0.13198754980617233,0.13201172926071034,0.13201412460591194,0.1314752985988993,0.131370108969875,0.13127843869778277,0.13112535038520243,0.12537993712740003,0.12357585853195478,0.11917660365697408,0.11593464328602332,0.08097258146714685,0.07343023599468948,0.0689295802483835,0.06096662930010538,0.04999041240332047,0.04610412133809179,0.03501556430508211,0.031601659220208654
0.1323157395635699,0.1323141308379195,0.1323054125193456,0.1323034841864354,0.131971062754967,0.13197332983483867,0.1319974490081184,0.13199984916910396,0.13147863774571808,0.13137799184384147,0.13129480353772427,0.13114904702547894,0.125575482113341,0.12383021261869374,0.11959093373091399,0.11645712401197901,0.0825382569559359,0.07518740213144019,0.07086189340006066,0.06294486004093723,0.05161604798955225,0.04769468515730263,0.036654609670707376,0.03320526588817008
0.020255966713180227,0.02025593975674346,0.0202558018160648,0.020255769552433925,0.020204868834024642,0.020204900205088486,0.020209977246291654,0.020210021271704823,0.020133187719401497,0.020118727402073263,0.020108210998923175,0.020087273851157144,0.019259656128800907,0.019001005287018858,0.018377356696324783,0.017913491124279635,0.012874168159968955,0.011778539380059209,0.011141871500452559,0.00994603729770602,0.008156775241109044,0.007551353041399214,0.005868041019918501,0.005334374555369086
0.020255929498325616,0.020255902541908646,0.02025576480458639,0.020255732540979086,0.020205507995739214,0.020205539597290798,0.02021061923084184,0.02021066311281789,0.020136827459080714,0.02012304197821678,0.02011378867958728,0.02009393720500888,0.019291615729488253,0.019041650529287347,0.018441868787956676,0.017994028561794936,0.01311161059881287,0.012038345012543238,0.01143397186658528,0.010255689204464943,0.008410491689514354,0.007793407695033466,0.006123691935742958,0.00557826619973038
0.02025589247338014,0.02025586551698286,0.020255727576512637,0.02025569531292904,0.02020613264875156,0.02020616447377142,0.020211247745468723,0.02021129148901379,0.020140342482866957,0.020127205720401525,0.02011913191643017,0.02010031751989497,0.019322880586662854,0.0190814150512808,0.01850492536541485,0.018072768219936437,0.013344841679123138,0.01229266815206068,0.011720876258792435,0.010564159685386147,0.008667690311820088,0.008037587357268871,0.00638283702158321,0.005824286863190362
0.020255855732630706,0.02025582877625298,0.02025569103913753,0.02025565877557719,0.020206740649916878,0.020206772691178057,0.020211847724636113,0.020211891334814318,0.020143734298973145,0.020131220658126735,0.02012424247400316,0.020106417968641613,0.019353472402869325,0.01912032572463122,0.01856656436880307,0.018149755044653187,0.013573450745381879,0.01254176149396917,0.012002084997283132,0.010866237300785654,0.008927959805586605,0.008284111665899988,0.006645066248685767,0.006072657889934129
0.02025581931361257,0.020255792357254214,0.02025565441698939,0.020255622153452373,0.020207330729258535,0.020207362979464294,0.020212432221092355,0.020212475702969742,0.020147001137540584,0.020135085198552984,0.020129127151357194,0.02011224629518107,0.019383341820598612,0.019158319984607004,0.018626682324074606,0.018224860047703642,0.013797275845465884,0.012785285407812267,0.012277410823172017,0.011161523523060674,0.009191174792685546,0.008532635864412653,0.006910249191223449,0.006323031890701188
0.02025578312103093,0.020255756164691822,0.02025561842777995,0.02025558616426585,0.020207907922571933,0.02020794037523943,0.020212992250926695,0.02021303560906231,0.02015015908753325,0.020138817569544373,0.020133804733619046,0.020117824973241615,0.01941260191690487,0.01919553995306025,0.018685507310089194,0.018298364732358456,0.014016614933864824,0.013024119293460527,0.012547227243949107,0.011451098299143503,0.00945771841307766,0.008784022085622354,0.007178772827748254,0.006576276617183641
0.020255747274071277,0.020255720317751254,0.020255582377688673,0.020255550114197527,0.02020846690527209,0.02020849955330576,0.02021353749455557,0.020213580733810924,0.02015319836254023,0.0201424072832451,0.02013827201924952,0.020123150394856584,0.01944115026397021,0.01923185640127077,0.018742834303042643,0.018370013835819474,0.014230716065038118,0.01325749070026699,0.012810618785527963,0.011734036339759037,0.00972670297774639,0.009037457368981852,0.007449742398264135,0.006831574545982588
0.02025571171148212,0.02025568475518101,0.020255547018469346,0.02025551475500071,0.020209010605539503,0.020209043442005054,0.02021405652328858,0.020214099648404538,0.020156124757064048,0.02014586114243789,0.020142535567500924,0.020128231157085542,0.01946900023624759,0.019267285864963138,0.01879869076401427,0.01843983938604222,0.01444029449598758,0.013485522475636983,0.013068468317416242,0.012010496676125568,0.009998973742854314,0.009293031965069136,0.007724012382480125,0.00708901633450667
