no convergence at step(s):
array([0.00000e+00, 0.00000e+00, 0.00000e+00, 1.00000e+00, 4.00000e+00,
       1.00000e+01, 2.90000e+01, 8.00000e+01, 1.18000e+02, 1.18000e+02,
       8.48000e+02, 9.22000e+02, 9.94000e+02, 1.07600e+03, 1.14100e+03,
       1.23200e+03, 1.31000e+03, 1.38800e+03, 1.46600e+03, 1.54800e+03,
       1.62900e+03, 1.71800e+03, 1.79500e+03, 1.87300e+03, 1.94800e+03,
       2.01700e+03, 2.09300e+03, 2.16600e+03, 2.23600e+03, 2.30800e+03,
       2.37900e+03, 2.45700e+03, 2.53300e+03, 2.60500e+03, 2.68000e+03,
       2.75400e+03, 2.82500e+03, 2.89700e+03, 2.96600e+03, 3.04000e+03,
       3.11000e+03, 3.18200e+03, 3.25300e+03, 3.32500e+03, 3.39600e+03,
       3.46800e+03, 3.54300e+03, 3.61200e+03, 3.68300e+03, 3.75300e+03,
       3.82600e+03, 3.89700e+03, 3.97000e+03, 4.04200e+03, 4.11600e+03,
       4.18800e+03, 4.26000e+03, 4.32800e+03, 4.39700e+03, 4.47500e+03,
       4.53300e+03, 4.60100e+03, 4.68100e+03, 4.75700e+03, 4.83200e+03,
       4.90400e+03, 4.97700e+03, 5.05000e+03, 5.10900e+03, 5.19500e+03,
       5.25500e+03, 5.33000e+03, 5.38000e+03, 5.46600e+03, 5.54800e+03,
       5.62600e+03, 5.70000e+03, 5.77300e+03, 5.84700e+03, 5.91900e+03,
       5.97400e+03, 6.02200e+03, 6.09200e+03, 6.18400e+03, 6.26800e+03,
       6.32500e+03, 6.41700e+03, 6.49300e+03, 6.49300e+03, 6.63200e+03,
       6.63200e+03, 6.77000e+03, 6.77000e+03, 6.87400e+03, 6.94200e+03,
       7.01700e+03, 7.06800e+03, 7.18400e+03, 7.26400e+03, 7.26400e+03,
       7.35000e+03, 7.43600e+03, 7.54300e+03, 7.54300e+03, 7.68400e+03,
       7.68400e+03, 7.82300e+03, 7.82300e+03, 7.93100e+03, 7.99600e+03,
       8.07000e+03, 8.12100e+03, 8.19000e+03, 8.31300e+03, 8.31300e+03,
       8.45400e+03, 8.45400e+03, 8.59400e+03, 8.59400e+03, 8.73300e+03,
       8.73300e+03, 8.85100e+03, 8.89500e+03, 8.98700e+03, 9.03100e+03,
       9.14200e+03, 9.22600e+03, 9.22600e+03, 9.36500e+03, 9.36500e+03,
       9.46600e+03, 9.54100e+03, 9.59100e+03, 9.67100e+03, 9.78600e+03,
       9.78600e+03, 9.90500e+03, 9.97200e+03, 1.00130e+04, 1.01370e+04,
       1.01370e+04, 1.02460e+04, 1.02930e+04, 1.03700e+04, 1.04340e+04,
       1.05100e+04, 1.06060e+04, 1.06620e+04, 1.07680e+04, 1.07680e+04,
       1.09080e+04, 1.09080e+04, 1.10110e+04, 1.11170e+04, 1.11170e+04,
       1.12570e+04, 1.12570e+04, 1.13700e+04, 1.14670e+04, 1.14670e+04,
       1.16060e+04, 1.16060e+04, 1.17450e+04, 1.17450e+04, 1.18850e+04,
       1.18850e+04, 1.20250e+04, 1.20250e+04, 1.21640e+04, 1.21640e+04,
       1.23070e+04, 1.23740e+04, 1.23740e+04, 1.25130e+04, 1.25130e+04,
       1.26530e+04, 1.27220e+04, 1.27220e+04, 1.28620e+04, 1.29320e+04,
       1.29320e+04, 1.30710e+04, 1.30710e+04, 1.32110e+04, 1.32820e+04,
       1.33520e+04, 1.34240e+04, 1.34940e+04, 1.35660e+04, 1.36370e+04,
       1.37060e+04, 1.37770e+04, 1.38470e+04, 1.39190e+04, 1.39890e+04,
       1.40600e+04, 1.41290e+04, 1.42020e+04, 1.42710e+04, 1.43430e+04,
       1.44130e+04, 1.44850e+04, 1.45540e+04, 1.46250e+04, 1.46960e+04,
       1.47660e+04, 1.48350e+04, 1.48350e+04, 1.49750e+04, 1.50460e+04,
       1.51180e+04, 1.51810e+04, 1.52580e+04, 1.53290e+04, 1.54000e+04,
       1.54710e+04, 1.54710e+04, 1.56090e+04, 1.56480e+04, 1.57500e+04,
       1.58210e+04, 1.58920e+04, 1.58920e+04, 1.60320e+04, 1.60320e+04,
       1.61710e+04, 1.61710e+04, 1.63100e+04, 1.63100e+04, 1.64210e+04,
       1.65210e+04, 1.65210e+04, 1.66590e+04, 1.67330e+04, 1.67330e+04,
       1.68720e+04, 1.68720e+04, 1.70110e+04, 1.70110e+04, 1.71080e+04,
       1.72210e+04, 1.72210e+04, 1.73600e+04, 1.73600e+04, 1.75000e+04,
       1.75000e+04, 1.76390e+04, 1.76390e+04, 1.77780e+04, 1.77780e+04,
       1.79190e+04, 1.79190e+04, 1.80570e+04, 1.80570e+04, 1.81960e+04,
       1.81960e+04, 1.83370e+04, 1.83370e+04, 1.84750e+04, 1.84750e+04,
       1.85740e+04, 1.86870e+04, 1.86870e+04, 1.88260e+04, 1.88260e+04,
       1.89670e+04, 1.89670e+04, 1.91080e+04, 1.91080e+04, 1.92310e+04,
       1.93040e+04, 1.93870e+04, 1.93870e+04, 1.95270e+04, 1.95270e+04,
       1.96650e+04, 1.96650e+04, 1.98050e+04, 1.98050e+04, 1.99450e+04,
       1.99450e+04, 2.00640e+04, 2.01550e+04, 2.01550e+04, 2.02950e+04,
       2.02950e+04, 2.04350e+04, 2.04350e+04, 2.05740e+04, 2.05740e+04,
       2.07030e+04, 2.07850e+04, 2.07850e+04, 2.09240e+04, 2.09240e+04,
       2.10640e+04, 2.10640e+04, 2.12030e+04, 2.12030e+04, 2.13420e+04,
       2.13420e+04, 2.14820e+04, 2.14820e+04, 2.16220e+04, 2.16220e+04,
       2.17620e+04, 2.17920e+04, 2.19030e+04, 2.19030e+04, 2.20440e+04,
       2.21140e+04, 2.21850e+04, 2.22560e+04, 2.23260e+04, 2.23960e+04,
       2.24660e+04, 2.25380e+04, 2.26080e+04, 2.26780e+04, 2.27300e+04,
       2.28190e+04, 2.28900e+04, 2.29610e+04, 2.30320e+04, 2.31030e+04,
       2.31720e+04, 2.32440e+04, 2.33130e+04, 2.33840e+04, 2.34540e+04,
       2.35250e+04, 2.35950e+04, 2.36670e+04, 2.37360e+04, 2.38100e+04,
       2.38770e+04, 2.39480e+04, 2.39970e+04, 2.40890e+04, 2.41600e+04,
       2.42300e+04, 2.43000e+04, 2.43720e+04, 2.44420e+04, 2.45140e+04,
       2.45830e+04, 2.46550e+04, 2.47110e+04, 2.47940e+04, 2.48670e+04,
       2.49360e+04, 2.50060e+04, 2.50780e+04, 2.51480e+04, 2.52190e+04,
       2.52900e+04, 2.53600e+04, 2.54300e+04, 2.55010e+04, 2.55720e+04,
       2.56410e+04, 2.57120e+04, 2.57830e+04, 2.58540e+04, 2.59240e+04,
       2.59940e+04, 2.60650e+04, 2.61370e+04, 2.62060e+04, 2.62760e+04,
       2.63480e+04, 2.64190e+04, 2.64880e+04, 2.65590e+04, 2.66290e+04,
       2.67010e+04, 2.67700e+04, 2.68420e+04, 2.69120e+04, 2.69820e+04,
       2.70550e+04, 2.71240e+04, 2.71950e+04, 2.72660e+04, 2.73360e+04,
       2.74070e+04, 2.74760e+04, 2.75470e+04, 2.76210e+04, 2.76890e+04,
       2.77580e+04, 2.78300e+04, 2.79000e+04, 2.79730e+04, 2.80410e+04,
       2.81130e+04, 2.81820e+04, 2.82530e+04, 2.83230e+04, 2.83950e+04,
       2.84680e+04, 2.85350e+04, 2.86060e+04, 2.86740e+04, 2.86740e+04,
       2.88150e+04, 2.88870e+04, 2.89580e+04, 2.90260e+04, 2.90990e+04,
       2.91730e+04, 2.92410e+04, 2.93130e+04, 2.93800e+04, 2.94520e+04,
       2.95220e+04, 2.95950e+04, 2.96650e+04, 2.97330e+04, 2.98040e+04,
       2.98740e+04, 2.99450e+04, 3.00140e+04, 3.00870e+04, 3.01590e+04,
       3.02270e+04, 3.02980e+04, 3.03690e+04, 3.04400e+04, 3.05100e+04,
       3.05820e+04, 3.06510e+04, 3.07210e+04, 3.07930e+04, 3.08630e+04,
       3.09340e+04, 3.10070e+04, 3.10750e+04, 3.11470e+04, 3.12160e+04,
       3.12880e+04, 3.13580e+04, 3.14280e+04, 3.15020e+04, 3.15700e+04,
       3.16400e+04, 3.17100e+04, 3.17830e+04, 3.18510e+04, 3.19230e+04,
       3.19920e+04, 3.20640e+04, 3.21340e+04, 3.22040e+04, 3.22760e+04,
       3.23470e+04, 3.24170e+04, 3.24880e+04, 3.25580e+04, 3.26260e+04,
       3.26260e+04, 3.27700e+04, 3.28370e+04, 3.29120e+04, 3.29790e+04,
       3.30500e+04, 3.31210e+04, 3.31940e+04, 3.32620e+04, 3.33320e+04,
       3.34040e+04, 3.34740e+04, 3.35440e+04, 3.36160e+04, 3.36870e+04,
       3.37570e+04, 3.38280e+04, 3.38990e+04, 3.39680e+04, 3.40400e+04,
       3.41100e+04, 3.41800e+04, 3.42510e+04, 3.43250e+04, 3.43970e+04,
       3.44640e+04, 3.45330e+04, 3.46040e+04, 3.46760e+04, 3.47450e+04,
       3.48150e+04, 3.48860e+04, 3.49590e+04, 3.50300e+04, 3.50980e+04,
       3.51690e+04, 3.52400e+04, 3.53100e+04, 3.53810e+04, 3.54510e+04,
       3.54510e+04, 3.55920e+04, 3.56620e+04, 3.57330e+04, 3.58040e+04,
       3.58740e+04, 3.59450e+04, 3.60150e+04, 3.60870e+04, 3.61580e+04,
       3.62280e+04, 3.63000e+04, 3.63690e+04, 3.64390e+04, 3.65090e+04,
       3.65810e+04, 3.66550e+04, 3.67210e+04, 3.67920e+04, 3.68640e+04,
       3.69330e+04, 3.70050e+04, 3.70740e+04, 3.71450e+04, 3.72160e+04,
       3.72860e+04, 3.73570e+04, 3.74270e+04, 3.74990e+04, 3.75690e+04,
       3.76400e+04, 3.77110e+04, 3.77830e+04, 3.78530e+04, 3.79230e+04,
       3.79930e+04, 3.80650e+04, 3.81340e+04, 3.82060e+04, 3.82760e+04,
       3.83460e+04, 3.84160e+04, 3.84900e+04, 3.85580e+04, 3.86300e+04,
       3.87000e+04, 3.87700e+04, 3.88410e+04, 3.89120e+04, 3.89820e+04,
       3.90530e+04, 3.91240e+04, 3.91940e+04, 3.92660e+04, 3.93350e+04,
       3.94060e+04, 3.94790e+04, 3.95470e+04, 3.96190e+04, 3.96890e+04,
       3.97590e+04, 3.98300e+04, 3.99000e+04, 3.99710e+04, 4.00420e+04,
       4.01120e+04, 4.01830e+04, 4.02530e+04, 4.03260e+04, 4.03970e+04,
       4.04670e+04, 4.05350e+04, 4.06060e+04, 4.06770e+04, 4.07470e+04,
       4.08190e+04, 4.08890e+04, 4.09600e+04, 4.10320e+04, 4.11020e+04,
       4.11730e+04, 4.12450e+04, 4.13130e+04, 4.13860e+04, 4.14540e+04,
       4.15250e+04, 4.15970e+04, 4.16690e+04, 4.17380e+04, 4.18100e+04,
       4.18780e+04, 4.19490e+04, 4.20200e+04, 4.20900e+04, 4.21620e+04,
       4.22330e+04, 4.23020e+04, 4.23020e+04, 4.24420e+04, 4.25130e+04,
       4.25830e+04, 4.26570e+04, 4.27250e+04, 4.27970e+04, 4.28670e+04,
       4.29380e+04, 4.30100e+04, 4.30790e+04, 4.31490e+04, 4.32210e+04,
       4.32900e+04, 4.33630e+04, 4.34310e+04, 4.35020e+04, 4.35740e+04,
       4.36450e+04, 4.37140e+04, 4.37860e+04, 4.38560e+04, 4.39280e+04,
       4.39970e+04, 4.40700e+04, 4.41380e+04, 4.42080e+04, 4.42810e+04,
       4.43510e+04, 4.44220e+04, 4.44920e+04, 4.45610e+04, 4.45610e+04,
       4.47010e+04, 4.47710e+04, 4.48440e+04, 4.49130e+04, 4.49840e+04,
       4.50540e+04, 4.51250e+04, 4.51950e+04, 4.52660e+04, 4.53370e+04,
       4.54090e+04, 4.54770e+04, 4.55490e+04, 4.56210e+04, 4.56920e+04,
       4.57620e+04, 4.58330e+04, 4.59020e+04, 4.59730e+04, 4.60440e+04,
       4.61160e+04, 4.61850e+04, 4.62570e+04, 4.63260e+04, 4.63980e+04,
       4.64670e+04, 4.64670e+04, 4.66090e+04, 4.66790e+04, 4.67490e+04,
       4.68220e+04, 4.68940e+04, 4.69610e+04, 4.70310e+04, 4.70310e+04,
       4.71720e+04, 4.72430e+04, 4.73140e+04, 4.73840e+04, 4.74550e+04,
       4.75250e+04, 4.75970e+04, 4.76660e+04, 4.77380e+04, 4.78090e+04,
       4.78790e+04, 4.79500e+04, 4.80200e+04, 4.80900e+04, 4.81610e+04,
       4.82330e+04, 4.83020e+04, 4.83730e+04, 4.84440e+04, 4.85150e+04,
       4.85850e+04, 4.86560e+04, 4.87260e+04, 4.87970e+04, 4.88680e+04,
       4.89380e+04, 4.90100e+04, 4.90830e+04, 4.91500e+04, 4.92200e+04,
       4.92920e+04, 4.93650e+04, 4.94350e+04, 4.95080e+04, 4.95740e+04,
       4.96440e+04, 4.97160e+04, 4.97880e+04, 4.98570e+04, 4.99290e+04,
       4.99970e+04, 5.00690e+04, 5.01400e+04, 5.02110e+04, 5.02810e+04,
       5.03500e+04, 5.04220e+04, 5.04920e+04, 5.05630e+04, 5.06350e+04,
       5.07060e+04, 5.07750e+04, 5.08450e+04, 5.09160e+04, 5.09870e+04,
       5.10580e+04, 5.11310e+04, 5.11980e+04, 5.12690e+04, 5.13400e+04,
       5.14110e+04, 5.14840e+04, 5.15510e+04, 5.15510e+04, 5.16950e+04,
       5.17630e+04, 5.18370e+04, 5.19060e+04, 5.19750e+04, 5.20460e+04,
       5.21180e+04, 5.21870e+04, 5.22570e+04, 5.22570e+04, 5.23970e+04,
       5.24680e+04, 5.25380e+04, 5.26090e+04, 5.26810e+04, 5.27500e+04,
       5.28210e+04, 5.28910e+04, 5.29630e+04, 5.30340e+04, 5.31040e+04,
       5.31750e+04, 5.32460e+04, 5.33160e+04, 5.33870e+04, 5.34580e+04,
       5.35270e+04, 5.36040e+04, 5.36690e+04, 5.37410e+04, 5.38100e+04,
       5.38820e+04, 5.39520e+04, 5.40230e+04, 5.40940e+04, 5.41640e+04,
       5.42340e+04, 5.43060e+04, 5.43760e+04, 5.44460e+04, 5.44460e+04,
       5.45880e+04, 5.46570e+04, 5.47270e+04, 5.48000e+04, 5.48690e+04,
       5.49400e+04, 5.50110e+04, 5.50820e+04, 5.51520e+04, 5.52220e+04,
       5.52940e+04, 5.53640e+04, 5.54350e+04, 5.55050e+04, 5.55760e+04,
       5.56500e+04, 5.57180e+04, 5.57870e+04, 5.58580e+04, 5.59290e+04,
       5.60000e+04, 5.60700e+04, 5.61420e+04, 5.62110e+04, 5.62830e+04,
       5.63540e+04, 5.64240e+04, 5.64950e+04, 5.65670e+04, 5.66350e+04,
       5.67080e+04, 5.67770e+04, 5.68470e+04, 5.69200e+04, 5.69920e+04,
       5.70590e+04, 5.71300e+04, 5.72000e+04, 5.72710e+04, 5.73420e+04,
       5.74120e+04, 5.74830e+04, 5.75540e+04, 5.76250e+04, 5.76950e+04,
       5.77670e+04, 5.78360e+04, 5.79100e+04, 5.79780e+04, 5.80500e+04,
       5.81200e+04, 5.81900e+04, 5.82610e+04, 5.83320e+04, 5.84020e+04,
       5.84720e+04, 5.85430e+04, 5.86170e+04, 5.86850e+04, 5.87560e+04,
       5.88260e+04, 5.88960e+04, 5.89670e+04, 5.89670e+04, 5.91080e+04,
       5.91790e+04, 5.92480e+04, 5.93200e+04, 5.93900e+04, 5.94630e+04,
       5.95320e+04, 5.96020e+04, 5.96750e+04, 5.97450e+04, 5.98140e+04,
       5.98860e+04, 5.99560e+04, 6.00260e+04, 6.00260e+04, 6.01660e+04,
       6.02370e+04, 6.03080e+04, 6.03800e+04, 6.04490e+04, 6.05190e+04,
       6.05900e+04, 6.06610e+04, 6.07330e+04, 6.08020e+04, 6.08730e+04,
       6.09440e+04, 6.10150e+04, 6.10840e+04, 6.11570e+04, 6.12270e+04,
       6.12990e+04, 6.13690e+04, 6.14380e+04, 6.15090e+04, 6.15790e+04,
       6.16500e+04, 6.17220e+04, 6.17940e+04, 6.18630e+04, 6.19340e+04,
       6.20040e+04, 6.20760e+04, 6.21450e+04, 6.22150e+04, 6.22850e+04,
       6.23560e+04, 6.24280e+04, 6.24980e+04, 6.25680e+04, 6.26390e+04,
       6.27110e+04, 6.27810e+04, 6.28520e+04, 6.29240e+04, 6.29920e+04,
       6.30630e+04, 6.31360e+04, 6.32050e+04, 6.32770e+04, 6.33470e+04,
       6.34170e+04, 6.34870e+04, 6.35590e+04, 6.36280e+04, 6.36990e+04,
       6.37710e+04, 6.38400e+04, 6.39120e+04, 6.39820e+04, 6.40530e+04,
       6.41230e+04, 6.41940e+04, 6.42650e+04, 6.43360e+04, 6.44060e+04,
       6.44770e+04, 6.45480e+04, 6.46210e+04, 6.46880e+04, 6.47590e+04,
       6.48300e+04, 6.49020e+04, 6.49710e+04, 6.50420e+04, 6.51130e+04,
       6.51840e+04, 6.52550e+04, 6.53250e+04, 6.53960e+04, 6.54670e+04,
       6.55370e+04, 6.56070e+04, 6.56780e+04, 6.57480e+04, 6.58190e+04,
       6.58900e+04, 6.59600e+04, 6.60320e+04, 6.61020e+04, 6.61740e+04,
       6.62440e+04, 6.63140e+04, 6.63840e+04, 6.64560e+04, 6.65260e+04,
       6.65970e+04, 6.66670e+04, 6.67380e+04, 6.68080e+04, 6.68780e+04,
       6.69520e+04, 6.70220e+04, 6.70900e+04, 6.71620e+04, 6.72320e+04,
       6.73040e+04, 6.73750e+04, 6.74450e+04, 6.75160e+04, 6.75870e+04,
       6.76580e+04, 6.77270e+04, 6.77980e+04, 6.78690e+04, 6.79180e+04,
       6.79830e+04, 6.80510e+04, 6.81200e+04, 6.81960e+04, 6.82890e+04,
       6.83710e+04, 6.83710e+04, 6.85170e+04, 6.85830e+04, 6.86330e+04,
       6.87240e+04, 6.87940e+04, 6.88670e+04, 6.89140e+04, 6.90060e+04,
       6.90770e+04, 6.91490e+04, 6.92180e+04, 6.92910e+04, 6.93590e+04,
       6.93590e+04, 6.95000e+04, 6.95710e+04, 6.96270e+04, 6.97130e+04,
       6.97640e+04, 6.98300e+04, 6.99260e+04, 6.99600e+04, 7.00670e+04,
       7.01360e+04, 7.02090e+04, 7.02780e+04, 7.03090e+04, 7.04260e+04,
       7.04710e+04, 7.05680e+04, 7.05680e+04, 7.06850e+04, 7.07800e+04,
       7.07800e+04, 7.08990e+04, 7.09930e+04, 7.10610e+04, 7.10610e+04,
       7.12000e+04, 7.12000e+04, 7.13400e+04, 7.13400e+04, 7.14600e+04,
       7.15500e+04, 7.15500e+04, 7.16530e+04, 7.17600e+04, 7.18200e+04,
       7.19020e+04, 7.19740e+04, 7.19910e+04, 7.21140e+04, 7.21840e+04,
       7.22550e+04, 7.23260e+04, 7.23770e+04, 7.24680e+04, 7.25410e+04,
       7.25410e+04, 7.26780e+04, 7.27310e+04, 7.28180e+04, 7.28900e+04,
       7.29160e+04, 7.30320e+04, 7.31020e+04, 7.31720e+04, 7.32430e+04,
       7.33130e+04, 7.33850e+04, 7.34540e+04, 7.35230e+04, 7.35920e+04,
       7.35920e+04, 7.37310e+04, 7.37310e+04, 7.38730e+04, 7.38930e+04,
       7.40110e+04, 7.40110e+04, 7.41520e+04, 7.41520e+04, 7.42790e+04,
       7.43610e+04, 7.43610e+04, 7.45010e+04, 7.45010e+04, 7.45850e+04,
       7.47110e+04, 7.47110e+04, 7.48490e+04, 7.48490e+04, 7.49610e+04,
       7.50600e+04, 7.50600e+04, 7.51550e+04, 7.52750e+04, 7.52750e+04,
       7.54150e+04, 7.54150e+04, 7.55530e+04, 7.55530e+04, 7.56940e+04,
       7.56940e+04, 7.58330e+04, 7.58330e+04, 7.59720e+04, 7.59720e+04,
       7.61110e+04, 7.61110e+04, 7.62500e+04, 7.62500e+04, 7.63680e+04,
       7.64050e+04, 7.65300e+04, 7.65300e+04, 7.66720e+04, 7.66720e+04,
       7.68100e+04, 7.68100e+04, 7.69160e+04, 7.70210e+04, 7.70210e+04,
       7.71430e+04, 7.71770e+04, 7.72700e+04, 7.73200e+04, 7.74420e+04,
       7.74420e+04, 7.75810e+04, 7.75810e+04, 7.77200e+04, 7.77200e+04,
       7.78590e+04, 7.78590e+04, 7.79660e+04, 7.80420e+04, 7.81410e+04,
       7.81410e+04, 7.82790e+04, 7.82790e+04, 7.83860e+04, 7.84910e+04,
       7.84910e+04, 7.85890e+04, 7.86600e+04, 7.87720e+04, 7.87720e+04,
       7.89100e+04, 7.89100e+04, 7.90060e+04, 7.91200e+04, 7.91200e+04,
       7.92630e+04, 7.92630e+04, 7.94010e+04, 7.94010e+04, 7.95390e+04,
       7.95390e+04, 7.96800e+04, 7.96800e+04, 7.98190e+04, 7.98190e+04,
       7.99580e+04, 7.99580e+04, 8.00970e+04, 8.00970e+04, 8.02400e+04,
       8.02400e+04, 8.03780e+04, 8.03780e+04, 8.05170e+04, 8.05170e+04,
       8.06560e+04, 8.06560e+04, 8.07960e+04, 8.07960e+04, 8.09330e+04,
       8.09330e+04, 8.10730e+04, 8.10730e+04, 8.12130e+04, 8.12130e+04,
       8.13520e+04, 8.13520e+04, 8.14910e+04, 8.14910e+04, 8.16310e+04,
       8.16310e+04, 8.17690e+04, 8.17690e+04, 8.19110e+04, 8.19110e+04,
       8.20490e+04, 8.20490e+04, 8.21920e+04, 8.21920e+04, 8.23280e+04,
       8.23280e+04, 8.24670e+04, 8.24670e+04, 8.26070e+04, 8.26070e+04,
       8.27470e+04, 8.27470e+04, 8.28870e+04, 8.28870e+04, 8.30270e+04,
       8.30270e+04, 8.31660e+04, 8.31660e+04, 8.33060e+04, 8.33060e+04,
       8.34430e+04, 8.34430e+04, 8.35870e+04, 8.35870e+04, 8.37240e+04,
       8.37240e+04, 8.38620e+04, 8.38620e+04, 8.40010e+04, 8.40010e+04,
       8.41430e+04, 8.41430e+04, 8.42800e+04, 8.42800e+04, 8.44220e+04,
       8.44220e+04, 8.45590e+04, 8.45590e+04, 8.47000e+04, 8.47000e+04,
       8.48380e+04, 8.48380e+04, 8.49770e+04, 8.49770e+04, 8.51170e+04,
       8.51170e+04, 8.52570e+04, 8.52570e+04, 8.53960e+04, 8.53960e+04,
       8.55360e+04, 8.55360e+04, 8.56750e+04, 8.56750e+04, 8.58140e+04,
       8.58140e+04, 8.59550e+04, 8.59550e+04, 8.60940e+04, 8.60940e+04,
       8.62330e+04, 8.62330e+04, 8.63720e+04, 8.63720e+04, 8.65110e+04,
       8.65110e+04, 8.66520e+04, 8.66520e+04, 8.67910e+04, 8.67910e+04,
       8.69280e+04, 8.69280e+04, 8.70680e+04, 8.70680e+04, 8.72060e+04,
       8.72060e+04, 8.73480e+04, 8.73480e+04, 8.74860e+04, 8.74860e+04,
       8.76260e+04, 8.76260e+04, 8.77640e+04, 8.77640e+04, 8.79050e+04,
       8.79050e+04, 8.80430e+04, 8.80430e+04, 8.81830e+04, 8.81830e+04,
       8.83230e+04, 8.83230e+04, 8.84620e+04, 8.84620e+04, 8.86010e+04,
       8.86010e+04, 8.87400e+04, 8.87400e+04, 8.88800e+04, 8.88800e+04,
       8.90180e+04, 8.90180e+04, 8.91600e+04, 8.91600e+04, 8.92970e+04,
       8.92970e+04, 8.94370e+04, 8.94370e+04, 8.95770e+04, 8.95770e+04,
       8.97150e+04, 8.97150e+04, 8.98550e+04, 8.98550e+04, 8.99950e+04,
       8.99950e+04, 9.01330e+04, 9.01330e+04, 9.02730e+04, 9.02730e+04,
       9.04120e+04, 9.04120e+04, 9.05510e+04, 9.05510e+04, 9.06910e+04,
       9.06910e+04, 9.08300e+04, 9.08300e+04, 9.09710e+04, 9.09710e+04,
       9.11090e+04, 9.11090e+04, 9.12480e+04, 9.12480e+04, 9.13880e+04,
       9.13880e+04, 9.15260e+04, 9.15260e+04, 9.16690e+04, 9.16690e+04,
       9.18080e+04, 9.18080e+04, 9.19480e+04, 9.19480e+04, 9.20840e+04,
       9.20840e+04, 9.22230e+04, 9.22230e+04, 9.23630e+04, 9.23630e+04,
       9.25020e+04, 9.25020e+04, 9.26420e+04, 9.26420e+04, 9.27810e+04,
       9.27810e+04, 9.29210e+04, 9.29210e+04, 9.30600e+04, 9.30600e+04,
       9.31990e+04, 9.31990e+04, 9.33430e+04, 9.33430e+04, 9.34800e+04,
       9.34800e+04, 9.36200e+04, 9.36200e+04, 9.37580e+04, 9.37580e+04,
       9.38970e+04, 9.38970e+04, 9.40360e+04, 9.40360e+04, 9.41760e+04,
       9.41760e+04, 9.43150e+04, 9.43150e+04, 9.44550e+04, 9.44550e+04,
       9.45930e+04, 9.45930e+04, 9.47330e+04, 9.47330e+04, 9.48730e+04,
       9.48730e+04, 9.50150e+04, 9.50150e+04, 9.51510e+04, 9.51510e+04,
       9.52910e+04, 9.52910e+04, 9.54310e+04, 9.54310e+04, 9.55690e+04,
       9.55690e+04, 9.57100e+04, 9.57100e+04, 9.58490e+04, 9.58490e+04,
       9.59910e+04, 9.59910e+04, 9.61290e+04, 9.61290e+04, 9.62700e+04,
       9.62700e+04, 9.64070e+04, 9.64070e+04, 9.65460e+04, 9.65460e+04,
       9.66870e+04, 9.66870e+04, 9.68240e+04, 9.68240e+04, 9.69650e+04,
       9.69650e+04, 9.71040e+04, 9.71040e+04, 9.72420e+04, 9.72420e+04,
       9.73830e+04, 9.73830e+04, 9.75220e+04, 9.75220e+04, 9.76610e+04,
       9.76610e+04, 9.78000e+04, 9.78000e+04, 9.79400e+04, 9.79400e+04,
       9.80790e+04, 9.80790e+04, 9.82170e+04, 9.82170e+04, 9.83570e+04,
       9.83570e+04, 9.84980e+04, 9.84980e+04, 9.86370e+04, 9.86370e+04,
       9.87750e+04, 9.87750e+04, 9.89160e+04, 9.89160e+04, 9.90550e+04,
       9.90550e+04, 9.91940e+04, 9.91940e+04, 9.93330e+04, 9.93330e+04,
       9.94720e+04, 9.94720e+04, 9.96110e+04, 9.96110e+04, 9.97500e+04,
       9.97500e+04, 9.98890e+04, 9.98890e+04, 1.00031e+05, 1.00031e+05,
       1.00169e+05, 1.00169e+05, 1.00308e+05, 1.00308e+05, 1.00449e+05,
       1.00449e+05, 1.00586e+05, 1.00586e+05, 1.00725e+05, 1.00725e+05,
       1.00865e+05, 1.00865e+05, 1.01005e+05, 1.01005e+05, 1.01144e+05,
       1.01144e+05, 1.01283e+05, 1.01283e+05, 1.01422e+05, 1.01422e+05,
       1.01562e+05, 1.01562e+05, 1.01700e+05, 1.01700e+05, 1.01840e+05,
       1.01840e+05, 1.01980e+05, 1.01980e+05, 1.02120e+05, 1.02120e+05,
       1.02262e+05, 1.02262e+05, 1.02401e+05, 1.02401e+05, 1.02537e+05,
       1.02537e+05, 1.02677e+05, 1.02677e+05, 1.02818e+05, 1.02818e+05,
       1.02956e+05, 1.02956e+05, 1.03096e+05, 1.03096e+05, 1.03235e+05,
       1.03235e+05, 1.03374e+05, 1.03374e+05, 1.03512e+05, 1.03512e+05,
       1.03654e+05, 1.03654e+05, 1.03791e+05, 1.03791e+05, 1.03931e+05,
       1.03931e+05, 1.04070e+05, 1.04070e+05, 1.04209e+05, 1.04209e+05,
       1.04349e+05, 1.04349e+05, 1.04490e+05, 1.04490e+05, 1.04629e+05,
       1.04629e+05, 1.04769e+05, 1.04769e+05, 1.04907e+05, 1.04907e+05,
       1.05046e+05, 1.05046e+05, 1.05185e+05, 1.05185e+05, 1.05325e+05,
       1.05325e+05, 1.05463e+05, 1.05463e+05, 1.05604e+05, 1.05604e+05,
       1.05742e+05, 1.05742e+05, 1.05882e+05, 1.05882e+05, 1.06022e+05,
       1.06022e+05, 1.06160e+05, 1.06160e+05, 1.06299e+05, 1.06299e+05,
       1.06440e+05, 1.06440e+05, 1.06577e+05, 1.06577e+05, 1.06717e+05,
       1.06717e+05, 1.06856e+05, 1.06856e+05, 1.06996e+05, 1.06996e+05,
       1.07136e+05, 1.07136e+05, 1.07274e+05, 1.07274e+05, 1.07417e+05,
       1.07417e+05, 1.07554e+05, 1.07554e+05, 1.07693e+05, 1.07693e+05,
       1.07832e+05, 1.07832e+05, 1.07971e+05, 1.07971e+05, 1.08111e+05,
       1.08111e+05, 1.08249e+05, 1.08249e+05, 1.08390e+05, 1.08390e+05,
       1.08528e+05, 1.08528e+05, 1.08667e+05, 1.08667e+05, 1.08809e+05,
       1.08809e+05, 1.08947e+05, 1.08947e+05, 1.09085e+05, 1.09085e+05,
       1.09225e+05, 1.09225e+05, 1.09364e+05, 1.09364e+05, 1.09505e+05,
       1.09505e+05, 1.09642e+05, 1.09642e+05, 1.09783e+05, 1.09783e+05,
       1.09923e+05, 1.09923e+05, 1.10062e+05, 1.10062e+05, 1.10199e+05,
       1.10199e+05, 1.10340e+05, 1.10340e+05, 1.10481e+05, 1.10481e+05,
       1.10617e+05, 1.10617e+05, 1.10758e+05, 1.10758e+05, 1.10896e+05,
       1.10896e+05, 1.11038e+05, 1.11038e+05, 1.11176e+05, 1.11176e+05,
       1.11315e+05, 1.11315e+05, 1.11454e+05, 1.11454e+05, 1.11593e+05,
       1.11593e+05, 1.11734e+05, 1.11734e+05, 1.11872e+05, 1.11872e+05,
       1.12012e+05, 1.12012e+05, 1.12152e+05, 1.12152e+05, 1.12291e+05,
       1.12291e+05, 1.12430e+05, 1.12430e+05, 1.12570e+05, 1.12570e+05,
       1.12708e+05, 1.12708e+05, 1.12849e+05, 1.12849e+05, 1.12988e+05,
       1.12988e+05, 1.13126e+05, 1.13126e+05, 1.13268e+05, 1.13268e+05,
       1.13406e+05, 1.13406e+05, 1.13548e+05, 1.13548e+05, 1.13684e+05,
       1.13684e+05, 1.13822e+05, 1.13822e+05, 1.13962e+05, 1.13962e+05,
       1.14101e+05, 1.14101e+05, 1.14240e+05, 1.14240e+05, 1.14382e+05,
       1.14382e+05, 1.14521e+05, 1.14521e+05, 1.14663e+05, 1.14663e+05,
       1.14798e+05, 1.14798e+05, 1.14937e+05, 1.14937e+05, 1.15077e+05,
       1.15077e+05, 1.15216e+05, 1.15216e+05, 1.15354e+05, 1.15354e+05,
       1.15495e+05, 1.15495e+05, 1.15635e+05, 1.15635e+05, 1.15775e+05,
       1.15775e+05, 1.15915e+05, 1.15915e+05, 1.16051e+05, 1.16051e+05,
       1.16192e+05, 1.16192e+05, 1.16330e+05, 1.16330e+05, 1.16471e+05,
       1.16471e+05, 1.16609e+05, 1.16609e+05, 1.16749e+05, 1.16749e+05,
       1.16889e+05, 1.16889e+05, 1.17030e+05, 1.17030e+05, 1.17166e+05,
       1.17166e+05, 1.17307e+05, 1.17307e+05, 1.17444e+05, 1.17444e+05,
       1.17584e+05, 1.17584e+05, 1.17724e+05, 1.17724e+05, 1.17863e+05,
       1.17863e+05, 1.18004e+05, 1.18004e+05, 1.18142e+05, 1.18142e+05,
       1.18281e+05, 1.18281e+05, 1.18424e+05, 1.18424e+05, 1.18560e+05,
       1.18560e+05, 1.18699e+05, 1.18699e+05, 1.18838e+05, 1.18838e+05,
       1.18979e+05, 1.18979e+05, 1.19119e+05, 1.19119e+05, 1.19256e+05,
       1.19256e+05, 1.19396e+05, 1.19396e+05, 1.19536e+05, 1.19536e+05,
       1.19674e+05, 1.19674e+05, 1.19814e+05, 1.19814e+05, 1.19952e+05,
       1.19952e+05, 1.20093e+05, 1.20093e+05, 1.20232e+05, 1.20232e+05,
       1.20371e+05, 1.20371e+05, 1.20511e+05, 1.20511e+05, 1.20650e+05,
       1.20650e+05, 1.20789e+05, 1.20789e+05, 1.20928e+05, 1.20928e+05,
       1.21067e+05, 1.21067e+05, 1.21208e+05, 1.21208e+05, 1.21346e+05,
       1.21346e+05, 1.21485e+05, 1.21485e+05, 1.21625e+05, 1.21625e+05,
       1.21768e+05, 1.21768e+05, 1.21903e+05, 1.21903e+05, 1.22043e+05,
       1.22043e+05, 1.22183e+05, 1.22183e+05, 1.22321e+05, 1.22321e+05,
       1.22462e+05, 1.22462e+05, 1.22601e+05, 1.22601e+05, 1.22739e+05,
       1.22739e+05, 1.22878e+05, 1.22878e+05, 1.23018e+05, 1.23018e+05,
       1.23157e+05, 1.23157e+05, 1.23297e+05, 1.23297e+05, 1.23436e+05,
       1.23436e+05, 1.23576e+05, 1.23576e+05, 1.23715e+05, 1.23715e+05,
       1.23855e+05, 1.23855e+05, 1.23993e+05, 1.23993e+05, 1.24133e+05,
       1.24133e+05, 1.24271e+05, 1.24271e+05, 1.24412e+05, 1.24412e+05,
       1.24551e+05, 1.24551e+05, 1.24690e+05, 1.24690e+05, 1.24828e+05,
       1.24899e+05, 1.24899e+05, 1.25041e+05, 1.25041e+05, 1.25178e+05,
       1.25178e+05, 1.25317e+05, 1.25317e+05, 1.25457e+05, 1.25457e+05,
       1.25596e+05, 1.25596e+05, 1.25736e+05, 1.25736e+05, 1.25878e+05,
       1.25878e+05, 1.26014e+05, 1.26014e+05, 1.26155e+05, 1.26155e+05,
       1.26294e+05, 1.26294e+05, 1.26433e+05, 1.26433e+05, 1.26572e+05,
       1.26572e+05, 1.26711e+05, 1.26711e+05, 1.26852e+05, 1.26852e+05,
       1.26990e+05, 1.26990e+05, 1.27129e+05, 1.27129e+05, 1.27270e+05,
       1.27270e+05, 1.27410e+05, 1.27410e+05, 1.27548e+05, 1.27548e+05,
       1.27686e+05, 1.27686e+05, 1.27827e+05, 1.27827e+05, 1.27966e+05,
       1.27966e+05, 1.28105e+05, 1.28105e+05, 1.28243e+05, 1.28243e+05,
       1.28384e+05, 1.28384e+05, 1.28521e+05, 1.28593e+05, 1.28593e+05,
       1.28732e+05, 1.28732e+05, 1.28873e+05, 1.28873e+05, 1.29010e+05,
       1.29081e+05, 1.29081e+05, 1.29221e+05, 1.29221e+05, 1.29361e+05,
       1.29361e+05, 1.29499e+05, 1.29499e+05, 1.29639e+05, 1.29639e+05,
       1.29781e+05, 1.29781e+05, 1.29918e+05, 1.29918e+05, 1.30056e+05,
       1.30129e+05, 1.30129e+05, 1.30268e+05, 1.30268e+05, 1.30407e+05,
       1.30407e+05, 1.30545e+05, 1.30545e+05, 1.30684e+05, 1.30755e+05,
       1.30755e+05, 1.30894e+05, 1.30965e+05, 1.30965e+05, 1.31105e+05,
       1.31105e+05, 1.31245e+05, 1.31245e+05, 1.31383e+05, 1.31383e+05,
       1.31524e+05, 1.31524e+05, 1.31662e+05, 1.31662e+05, 1.31801e+05,
       1.31801e+05, 1.31943e+05, 1.31943e+05, 1.32081e+05, 1.32081e+05,
       1.32220e+05, 1.32220e+05, 1.32360e+05, 1.32360e+05, 1.32501e+05,
       1.32501e+05, 1.32639e+05, 1.32639e+05, 1.32778e+05, 1.32778e+05,
       1.32917e+05, 1.32917e+05, 1.33055e+05, 1.33055e+05, 1.33193e+05,
       1.33268e+05, 1.33268e+05, 1.33404e+05, 1.33475e+05, 1.33475e+05,
       1.33614e+05, 1.33684e+05, 1.33755e+05, 1.33826e+05, 1.33898e+05,
       1.33898e+05, 1.34036e+05, 1.34107e+05, 1.34107e+05, 1.34246e+05,
       1.34317e+05, 1.34317e+05, 1.34456e+05, 1.34526e+05, 1.34597e+05,
       1.34669e+05, 1.34669e+05, 1.34807e+05, 1.34878e+05, 1.34948e+05,
       1.35021e+05, 1.35021e+05, 1.35159e+05, 1.35159e+05, 1.35297e+05,
       1.35368e+05, 1.35440e+05, 1.35440e+05, 1.35579e+05, 1.35579e+05,
       1.35718e+05, 1.35790e+05, 1.35790e+05, 1.35928e+05, 1.35998e+05,
       1.36069e+05, 1.36140e+05, 1.36210e+05, 1.36283e+05, 1.36283e+05,
       1.36422e+05, 1.36422e+05, 1.36560e+05, 1.36632e+05, 1.36632e+05,
       1.36772e+05, 1.36772e+05, 1.36910e+05, 1.36910e+05, 1.37048e+05,
       1.37122e+05, 1.37122e+05, 1.37259e+05, 1.37259e+05, 1.37399e+05,
       1.37399e+05, 1.37538e+05, 1.37538e+05, 1.37678e+05, 1.37678e+05,
       1.37816e+05, 1.37887e+05, 1.37887e+05, 1.38025e+05, 1.38097e+05,
       1.38097e+05, 1.38237e+05, 1.38237e+05, 1.38376e+05, 1.38376e+05,
       1.38515e+05, 1.38515e+05, 1.38654e+05, 1.38725e+05, 1.38725e+05,
       1.38864e+05, 1.38934e+05, 1.39005e+05, 1.39076e+05, 1.39148e+05,
       1.39148e+05, 1.39286e+05, 1.39358e+05, 1.39358e+05, 1.39496e+05,
       1.39567e+05, 1.39567e+05, 1.39706e+05, 1.39775e+05, 1.39849e+05,
       1.39849e+05, 1.39986e+05, 1.40058e+05, 1.40058e+05, 1.40197e+05,
       1.40197e+05, 1.40336e+05, 1.40407e+05, 1.40407e+05, 1.40545e+05,
       1.40616e+05, 1.40688e+05, 1.40688e+05, 1.40827e+05, 1.40827e+05,
       1.40913e+05, 1.40987e+05, 1.41962e+05, 1.42047e+05, 1.42158e+05,
       1.42234e+05, 1.42311e+05, 1.42408e+05, 1.42500e+05, 1.42584e+05,
       1.42659e+05, 1.42738e+05, 1.42829e+05, 1.42908e+05, 1.42984e+05,
       1.43067e+05, 1.43145e+05, 1.43218e+05, 1.43293e+05, 1.43367e+05,
       1.43441e+05, 1.43511e+05, 1.43582e+05, 1.43653e+05, 1.43725e+05,
       1.43797e+05, 1.43870e+05, 1.43942e+05, 1.44015e+05, 1.44087e+05,
       1.44160e+05, 1.44233e+05, 1.44305e+05, 1.44378e+05, 1.44451e+05,
       1.44523e+05, 1.44596e+05, 1.44669e+05, 1.44741e+05, 1.44814e+05,
       1.44887e+05, 1.44959e+05, 1.45032e+05, 1.45105e+05, 1.45177e+05,
       1.45250e+05, 1.45323e+05, 1.45395e+05, 1.45468e+05, 1.45468e+05,
       1.45609e+05, 1.45609e+05, 1.45749e+05, 1.45749e+05, 1.45888e+05,
       1.45888e+05, 1.46028e+05, 1.46028e+05, 1.46167e+05, 1.46167e+05,
       1.46308e+05, 1.46308e+05, 1.46445e+05, 1.46445e+05])
res:
array([2.12191062e-004, 8.98576150e-003, 1.85046583e+020, 1.13287133e-004,
       8.73608613e-005, 1.30683745e-011, 1.48524404e-010, 4.37604131e-011,
       2.05489588e-004, 3.79189783e-005, 4.38065537e-011, 1.18518949e-009,
       1.10507838e-008, 4.96296595e-006, 1.18534658e-010, 6.12475893e-011,
       4.78441994e-011, 4.81766427e-011, 5.90270716e-011, 9.88214811e-011,
       5.01995473e-011, 7.59525250e-011, 8.69594490e-011, 1.11574616e-010,
       1.13325541e-009, 8.26111418e-011, 5.33464752e-011, 5.81050841e-011,
       1.18570264e-010, 5.66878804e-011, 6.86096063e-011, 1.07391377e-010,
       4.52965911e-010, 7.19513474e-011, 3.44227577e-010, 4.79685764e-010,
       7.85391769e-011, 3.55367763e-010, 6.66408006e-011, 6.38062399e-010,
       1.37318132e-010, 1.80335465e-010, 9.18571316e-011, 3.36658667e-010,
       1.72575861e-010, 9.75401744e-011, 3.80780609e-010, 6.59777012e-011,
       2.26210205e-010, 1.28213163e-010, 2.03257824e-010, 1.00304003e-010,
       3.27412098e-009, 2.61278799e-008, 7.88290644e-007, 3.08411221e-006,
       1.20802033e-005, 6.79988673e-007, 1.29986739e-007, 1.39594590e-004,
       3.23319415e-010, 7.05489163e-011, 1.54912965e-006, 3.67920155e-004,
       2.42113016e-003, 2.48032626e-003, 2.56274680e-003, 2.64933688e-003,
       9.27942728e-005, 2.80577753e-003, 2.59594331e-003, 2.67866553e-003,
       1.40352802e-010, 1.42959527e-003, 2.93840059e-003, 3.18273397e-003,
       3.33074657e-003, 3.45496257e-003, 3.62409174e-003, 3.72561825e-003,
       3.23570152e-003, 1.39825286e-007, 8.42929733e-008, 3.27126849e-003,
       3.75401296e-003, 3.33607381e-003, 4.16556256e-003, 4.48466477e-003,
       1.48456214e-009, 4.55386453e-003, 1.11649080e-009, 4.56788462e-003,
       3.10173461e-010, 2.75418675e-003, 2.88859723e-004, 3.40771363e-003,
       8.49893450e-011, 4.43911311e-003, 4.98946291e-003, 3.69109957e-009,
       9.31389808e-010, 3.54039078e-003, 5.11013082e-003, 2.06749120e-009,
       5.30262401e-003, 1.15226316e-008, 5.36942874e-003, 8.50732736e-009,
       3.92658836e-003, 3.76871843e-003, 3.90750213e-003, 8.24900851e-010,
       3.99803331e-010, 5.53985663e-003, 1.86477872e-009, 5.76212568e-003,
       1.02363628e-008, 5.96396322e-003, 2.07801239e-008, 6.06812743e-003,
       1.57656284e-008, 4.78858180e-003, 8.76139482e-008, 4.54059171e-003,
       5.34606078e-010, 5.30479216e-003, 6.90001923e-003, 9.35804662e-009,
       7.43088078e-003, 7.02487199e-009, 3.69065747e-003, 4.56437840e-003,
       4.12459725e-010, 9.86814141e-006, 1.81863521e-002, 8.00800938e-009,
       5.33757824e-003, 5.19465509e-003, 1.27647415e-009, 5.94128084e-002,
       1.76868703e-008, 5.06650629e-003, 1.87535389e-009, 2.26674756e-006,
       3.58847452e-009, 1.58765760e-006, 5.64484774e-003, 4.79417741e-003,
       1.52400087e-001, 8.15358183e-009, 2.31381333e-001, 1.67518723e-008,
       5.12664064e-003, 2.15599068e-001, 6.65041726e-009, 2.69211258e-001,
       1.28852842e-008, 5.75445400e-003, 2.99796449e-001, 1.42909531e-008,
       3.09518464e-001, 1.07792886e-008, 3.20159612e-001, 8.12670118e-009,
       3.87871628e-001, 1.62577900e-008, 4.34596324e-001, 3.50392778e-008,
       4.53298514e-001, 2.46887820e-008, 5.18177329e-007, 4.36787221e-001,
       2.64678189e-008, 4.55082865e-001, 1.97129080e-008, 1.16664662e+000,
       5.11215161e-001, 8.59741165e-009, 7.75727340e-001, 4.47942191e-001,
       9.19799021e-009, 5.29225463e-001, 7.17159589e-009, 1.89472794e+038,
       9.20882823e+000, 4.41536880e+023, 3.57957309e-007, 1.07494937e+001,
       3.72417511e-007, 9.55746158e-007, 3.60983156e-007, 1.60034700e-003,
       3.62155599e-007, 9.72403875e-007, 9.44931451e-007, 9.80397325e-007,
       3.64422675e-007, 3.26505783e-006, 3.78569859e-007, 3.28189100e-006,
       5.32267168e-007, 2.40993267e-006, 3.12991583e-006, 2.22731708e-006,
       2.32374400e-006, 4.96462366e-006, 1.86950150e-003, 2.64355269e-009,
       2.13754328e-006, 2.23054432e-006, 8.96752720e-006, 2.60198619e-006,
       1.60988105e-006, 8.37249607e-006, 8.78343013e-006, 1.46042909e-005,
       1.19493190e-010, 8.15281947e-006, 7.56031152e-003, 3.57360572e-006,
       1.32026822e-005, 3.59023172e-005, 1.32140403e-010, 4.03285438e-005,
       2.91546865e-010, 6.38245153e-005, 3.55937484e-010, 3.79932724e-005,
       1.41803286e-010, 8.14481759e-003, 7.46456996e-005, 8.29488265e-010,
       2.42044689e-005, 1.13468851e-002, 3.77733941e-007, 1.26434322e-003,
       3.50030603e-008, 3.70887305e-003, 6.48396468e-008, 3.85613625e-006,
       3.42189515e-004, 2.40312513e-009, 3.28655685e-004, 1.67039623e-009,
       1.10824543e-003, 1.20233794e-008, 1.77720815e-003, 1.43622092e-008,
       1.70818580e-003, 1.00519641e-008, 1.48557865e-002, 1.27770078e-007,
       3.20907171e-004, 8.68551781e-010, 3.10048303e-004, 6.06742967e-010,
       1.18075403e-002, 5.17120066e-008, 9.44147271e-004, 2.88209899e-009,
       9.89749100e-006, 1.71139521e-002, 1.05819259e-007, 1.14295323e-002,
       2.92532565e-008, 2.14896648e-001, 1.63665508e-007, 2.06111229e-001,
       3.19189247e-007, 3.83553249e+059, 2.64064895e-007, 4.50450854e-002,
       2.38505677e-008, 1.95459477e-001, 4.78644680e-008, 2.82560793e-002,
       1.25283979e-008, 2.41769883e-002, 2.54378248e-008, 3.62238010e-001,
       5.22196731e-008, 5.95395162e+004, 3.84065355e-001, 7.21201424e-008,
       3.81302128e-001, 4.80310041e-008, 4.87649689e-001, 1.26824126e-007,
       6.86382490e-002, 2.12591270e-008, 3.56801370e-005, 5.16639916e-001,
       1.12104223e-007, 2.40706219e-001, 1.62159025e-008, 6.47012862e-001,
       5.67097407e-008, 6.38946521e-001, 4.08166048e-008, 5.09985203e-001,
       5.44357870e-008, 4.95378280e-001, 1.19964340e-007, 8.19633284e-001,
       7.69429856e-008, 6.80029071e+001, 1.40643267e-005, 6.78784701e-001,
       3.17739479e-007, 2.79172363e+020, 4.43645680e+008,             inf,
       9.76428193e+088, 1.61088341e+024, 1.47590426e+001, 8.50557878e+000,
       5.76396013e+095, 1.33317015e+016, 5.12284288e+009, 4.38451481e-007,
       3.54607664e+001, 2.79251068e+007, 4.85297053e+001, 2.66042384e+032,
       1.06407198e+006, 2.72791253e+009, 1.89557520e+045, 8.97879220e+007,
       1.29674444e+022, 4.85077426e+008, 7.30952247e+006, 4.62180673e+010,
                   inf, 1.31392773e+011, 1.41126519e+001, 1.20868957e+001,
       1.89942069e+009, 5.33412614e+017, 3.01102816e+053, 2.42359781e+015,
       1.25695289e+007, 4.60399992e+008, 7.85633311e+019, 2.21395002e+053,
       1.46384424e+001, 1.22891307e+009,             inf, 8.88768836e-006,
       6.74994150e+004, 2.10087025e-003, 3.51702627e+007, 2.05255504e+018,
       1.55257745e+068,             inf, 7.76972473e+014, 4.56225448e+116,
       3.17633897e+007, 3.93877140e+079, 1.62749997e+022, 4.90505545e+030,
       9.94451259e+004, 1.15701383e+003, 4.32368420e+004, 1.19511487e+008,
       1.31908648e+012, 1.00968952e+010, 3.21174047e+005, 1.12801902e+028,
       6.78950814e+010, 9.78650883e+001, 1.86151207e+042,             inf,
       2.85755855e+039, 9.01509903e+019, 1.01850468e+002, 5.10941647e+021,
       4.95584022e+000, 1.84866060e+007, 1.48974515e+004, 3.86078572e+000,
                   inf, 4.59469296e+014, 2.33805693e+007, 2.42438699e+022,
       2.97705524e+052,             inf, 5.13645414e+009, 6.66094264e+018,
                   inf, 1.51205474e+092, 4.28913500e+001, 8.40614396e+014,
       1.43368162e+040, 2.17892141e-003, 3.71644832e+020,             inf,
       1.63229860e+010, 2.88096068e+007, 4.85874520e+000, 8.61894929e+037,
       1.57920056e+001, 4.86924454e+008, 2.90486554e+040, 8.42718631e-001,
       1.11826105e-008, 2.04083884e+001, 2.94960178e+008, 8.20025141e+093,
       2.30829983e+001, 2.22110183e+023, 5.40565524e-007, 1.50304154e+100,
       5.32502499e-007, 1.29756400e+006,             inf, 4.76571078e+022,
       2.20976983e-003, 1.32112940e+114, 2.34432644e+003, 3.22857931e+039,
       9.02272462e+003, 5.74557056e+003, 1.32451217e+000, 1.22060544e+009,
       4.19727638e+060, 1.11814315e+003, 3.72128072e+008, 7.84969272e+038,
       8.10212970e+039, 5.94437555e+001, 1.51425006e+045, 4.92452724e+000,
       1.90328732e+000, 6.02995422e+010, 1.20591815e+004, 5.68922149e+010,
                   inf, 6.20279402e+015,             inf, 9.64208507e+001,
       5.18868603e+007, 3.60372862e+021, 1.50101254e+010, 1.65548764e+001,
       2.93329267e+022, 7.09940584e+004, 1.95428701e+001, 8.86351458e+030,
       8.03285431e+001, 1.09758856e+010, 1.96388867e+000, 2.47319838e+046,
       2.79280847e+003, 3.28693277e+000, 5.18035619e+012, 4.20433818e+034,
       2.85072512e+000, 1.95123976e+023, 6.03974122e+009, 7.87406630e-001,
       4.68203441e-008, 1.69969481e+001, 1.61727387e+000,             nan,
       9.66004010e+000, 1.68998842e+004, 5.79220415e+001, 2.26294751e-003,
       1.04165291e+045, 3.32319611e+003, 5.31139062e+008, 5.01876155e+016,
       3.86006546e+002, 6.05077925e+022, 2.43292622e+010, 2.30374375e+042,
       2.95920415e+046, 4.75768854e+003, 9.02896991e+042, 2.53742304e+047,
       9.78901889e+021, 1.70853496e+004, 1.65802216e+041, 7.74478598e+110,
       1.68386780e+001,             inf, 3.09556757e+000, 3.25731003e+003,
                   inf, 9.88438411e+003, 4.69125470e+003, 1.72439286e+000,
       1.32664457e+104, 8.37261269e+113, 4.17785443e+001, 2.42370004e+006,
       1.31925155e+005, 1.15478353e+005, 7.89386751e+043, 8.98214982e-001,
       2.88153012e-007, 2.67122685e+043, 7.34715553e-001, 1.28223564e+004,
       1.10143619e+005, 1.30454484e+005, 3.33146059e+007, 3.34402568e+002,
       4.46796907e+061, 5.49689614e+009, 3.91215642e+002, 5.76014745e+102,
       1.72174788e+010, 5.63225620e+001, 3.11736505e+001, 1.50058136e+039,
       1.73677099e+001, 1.82457167e+000, 3.70886549e+002,             inf,
       2.07207141e+000, 2.46240185e+004, 3.73604595e+003, 2.18351637e+000,
       2.82317379e+001, 4.40731082e+003, 3.80056350e+000, 9.38562936e-001,
       4.78530842e+004, 1.54066920e+001, 1.85204031e+000, 2.98602006e+008,
       8.70764121e+095, 2.26965921e+004, 3.22282385e+004, 1.41050390e+031,
       1.02115051e+008, 3.94253089e+004, 1.48631743e+041, 4.95850631e+008,
       5.42316747e+004, 1.22104382e+000,             inf, 1.36841986e+001,
       1.46254616e+004, 1.96463501e+019, 4.20447411e+004, 3.96191749e+010,
       2.49666925e+044, 8.46127265e+002, 2.26519779e+008, 6.34685112e+004,
       1.83677765e+040, 2.77387071e+024, 3.32761260e+000, 5.10711129e+041,
       2.78350479e+121, 3.14826038e+001, 4.70582378e+005, 2.55560485e+010,
       4.26501828e+000, 1.01300611e+000, 7.95398868e+000, 9.15456977e+003,
       3.80794650e+007, 4.76162795e+001, 6.13175338e+044, 1.88061145e+000,
       2.64542953e+007, 1.02732508e+102,             inf, 1.00932787e+002,
       4.32591491e+000, 1.57998767e+003, 5.53019613e+002, 8.05700939e+002,
       5.20199559e+004, 1.54444657e+001, 5.32216098e+091, 2.31972225e+041,
       2.44879535e+022, 6.10964129e+023, 1.00988260e+002, 2.00875878e+074,
       1.52071873e+002, 9.07554158e+001, 1.75459344e+008, 1.38026546e+093,
       2.20906598e+004, 1.27523599e+113, 1.49905941e+002, 2.55001356e+001,
       3.81183707e+004, 5.65792667e+004, 1.25859306e+139, 1.74069072e+073,
       6.84069697e-001, 9.26743808e-007, 2.33431594e+000, 5.42505698e+002,
       1.18275117e+000, 4.10293443e+105, 4.68117824e+001, 2.63022590e+046,
       3.21933648e+010, 9.85166009e+010,             inf, 7.97281638e+001,
       1.64386398e+004, 5.68883680e+023, 2.33159873e+002, 1.75918947e+081,
       2.39468114e+000, 3.17155478e+004,             inf,             inf,
       7.83770371e+001, 2.96850690e+011, 2.96521386e+004,             inf,
       1.10025622e+043, 2.38909409e+077, 7.28024355e+000, 2.22970377e+000,
       5.82123490e+095, 3.29302213e+032, 2.89670058e+073, 1.66021235e+004,
       9.93779185e-001, 7.49198190e-008, 5.81157113e+001, 2.58756835e+003,
                   inf, 1.11624194e+000, 3.04548177e+037, 2.36972191e+000,
       4.05264127e+001, 4.33437086e+003, 1.21060752e+000, 1.09613818e+029,
                   inf, 9.91748539e-001, 3.32040873e+001,             inf,
       2.42541993e+014, 3.79844365e+106, 1.45729703e+009, 6.32399130e+002,
       1.03609290e+004, 2.57858894e+007, 8.33553007e+001, 1.91465383e+001,
                   inf, 1.55148289e+002, 2.06257087e+004, 7.39100854e-001,
       7.04476179e-007, 3.13527082e+049, 6.09583264e+001, 2.32761208e+001,
       1.79933402e+019, 5.40882404e+080, 2.03030381e+002, 8.41158994e-001,
       3.12200986e-007, 7.41207086e+000, 1.97606385e+043, 3.03357964e+030,
       3.31144152e+002, 4.52282053e+010, 1.11298501e+002, 4.73084642e+010,
       1.03407433e+003, 4.86073937e+010, 2.88254296e+007, 2.43146471e+004,
       3.61785532e+010, 1.45969827e+004, 3.97696114e+000, 3.45556763e+001,
       2.29663950e+040, 1.34248791e+002, 2.22159826e+026, 1.87982467e+045,
       1.71047782e+012, 5.01155396e+000, 1.23095217e+040, 1.86741023e+001,
       3.89132942e+000, 1.30798510e+004, 7.90805925e+005, 3.17326313e+010,
       2.36410406e-003, 5.86770443e+002, 4.21409451e+001, 3.48981040e+004,
       1.85751438e+001, 4.66672108e+054,             inf, 2.61257444e+000,
       2.87545423e+001, 1.84852834e+045,             inf, 6.70732025e+000,
       1.52340846e+014, 1.40131734e+002, 3.33104002e+001, 6.17759635e+083,
       1.04842360e+008, 4.73027955e+004, 8.73982848e-001, 7.22645395e+001,
       4.26822225e+003, 9.90031992e-001, 3.40868309e+118, 9.88880020e+007,
       1.20742748e+001, 1.14259291e+003, 5.01669566e+003, 1.14495995e+000,
       3.09648402e+001, 7.55287316e+142, 1.21378245e+000, 3.83993091e+003,
       4.80244222e+003, 5.24126437e+000, 4.16850106e+016, 1.03436488e+000,
       1.00208848e-007, 2.17278920e+044, 3.74043780e+003, 2.07250513e+125,
       1.34493229e+021, 6.40360019e+002, 1.21256451e+027, 1.22619083e+023,
       3.17175461e+001, 9.08364682e-001, 2.95123377e-008, 2.26931228e+002,
       6.23657893e+004, 1.81615888e+001, 1.16534996e+002, 2.13404558e+022,
       3.39410841e+000, 1.82116721e+001, 9.13270661e-001, 1.64188844e+040,
       4.05593513e+010, 2.10975589e+003, 6.37910305e+006, 1.69367809e+006,
       5.07504342e+020, 1.07984497e+022, 8.69300493e+039, 4.07059897e+003,
       3.49501582e-007, 2.62396542e+000, 3.36537807e+011, 4.95224285e+001,
       1.19001081e+022, 1.19545633e+002, 1.75233881e+039, 3.89606419e+008,
       2.32200104e+006, 1.15732161e+003, 1.01299077e+004, 3.43984516e+002,
       7.33901566e-001, 5.28181736e-007, 4.00477992e+091, 1.10348371e+000,
       8.91192665e-001, 5.27942120e+006, 1.82981798e+000, 3.41917008e+042,
       1.88319716e+045, 2.00229787e+006, 2.91143521e+043, 5.34983080e+000,
       5.14690309e+004, 5.31928753e+002, 8.06847871e+006, 1.09062765e+002,
       1.25894768e+009,             inf, 8.59336492e+090, 4.90789667e+003,
       5.18241902e+000, 8.01083472e+001, 1.94058143e+002, 1.49337303e+002,
       3.68491404e+019, 1.17360419e+003, 1.40086703e+009, 5.25669561e+010,
       4.91879624e+021, 2.76667480e+001, 1.98081333e+010, 4.10802190e+003,
                   inf, 2.06046090e+001, 9.35028144e+002, 1.97875581e+011,
       9.53501868e+064, 1.19123746e+000, 1.52459232e+001, 8.91650773e-001,
       9.92542054e+000, 2.50380040e+000, 6.62204713e+001, 3.16306490e+003,
       1.14043136e+000, 2.14396757e+004, 5.54289510e+003, 2.59901669e+004,
       1.18321643e+000,             inf, 1.31269931e+002, 6.40185453e+000,
       1.47909851e+044, 2.63395663e+004, 8.61566869e+000, 7.57812485e+001,
       3.55459579e+000, 5.06911059e+002, 2.16678452e+000,             inf,
       2.76764118e+006, 7.02852025e+008, 5.64385329e+018, 9.58312201e-001,
       7.62991689e-001, 3.05949100e-007, 5.95827750e+044, 3.97380712e+041,
       8.83361143e-001, 2.85652643e+002, 1.94392585e+001, 1.02757491e+034,
       1.31837461e+009, 2.29387298e+019, 1.00943657e+087, 2.94699811e+011,
       2.42422768e+012, 2.99142139e+004, 7.24182617e+006, 7.09659526e-001,
       4.49803238e-007, 2.44047653e+000, 2.51061517e+002, 4.54346774e+004,
       7.90658337e+016, 1.16028473e+000, 2.96391948e+001, 3.42780735e+003,
       4.46309107e+004, 3.71138825e+008, 1.34872785e+000, 2.69493394e+002,
       9.38706862e+002, 9.30788831e+009, 1.29875602e+003, 1.03463669e+013,
       4.30193701e+004, 6.35550718e+052, 1.99525779e+049, 1.41557423e+000,
       5.67817113e+001, 4.96838889e+003, 1.28480502e+003, 7.67400277e+140,
                   inf, 9.30025938e+079, 1.92122533e+002, 2.18328028e+006,
                   inf, 1.52974538e+010, 8.43645867e+002, 6.23241816e+000,
       1.00747052e+000, 1.76740050e+000, 2.43304084e+000, 5.04929564e+001,
       2.04244736e+003, 1.58231950e+038, 2.66069725e+004, 2.95564099e+004,
       2.61535983e+044, 1.82827473e+003, 2.53237772e+000, 6.78015515e+045,
       1.87313077e+006,             inf, 1.65946933e+007, 4.99511077e+002,
       2.32409446e+003, 1.65170951e+007, 4.23646835e+003, 2.08616447e+000,
       2.79117063e+021, 5.44991884e+003, 5.57767023e+006, 2.67108424e+001,
       1.93199160e+045, 1.36953070e+002, 5.06721524e+000, 1.56323353e+022,
       6.65914765e+004, 1.39992522e+027, 2.55510291e+002, 2.67719515e+039,
       1.24802274e+062, 2.11278829e+000, 1.08175423e+001, 1.98121700e+002,
       7.16427068e+001, 4.05299169e+000, 4.59406706e+009, 2.31728364e+004,
       4.31590805e+002, 1.35982189e+041, 2.81116062e+008, 1.50349895e+017,
       1.26668248e+008, 1.43111997e+002, 2.41636213e+000, 3.79018182e+003,
       1.55195414e+000, 5.18063442e+001, 7.60300788e+000, 7.53299471e+002,
       5.01773774e+004, 2.86316141e+001, 1.30569077e+049, 1.33531921e+007,
       1.26852350e+001, 4.66554719e+003, 2.26730489e+007, 5.82411777e+004,
       1.55725713e+008, 9.47907397e+000, 6.37489292e+001, 1.58850135e+000,
       9.00574066e-001,             inf, 5.18551907e+082, 6.28541414e+000,
       4.11779377e+000, 1.30058578e+000, 4.61353982e+042, 5.37806439e+088,
       1.48701624e+004, 1.48266236e+037,             inf, 1.44617143e+027,
       9.91409890e+003, 8.40779912e+021, 6.64730693e+044, 4.33670044e-001,
       1.77856631e-002, 1.17864723e-003, 1.66262363e-004, 5.37119536e-003,
       7.72764783e-008, 6.73811034e-001, 4.15117162e-007, 2.28770019e-003,
       8.02077046e+003, 2.39970989e+122, 3.97505050e+010, 1.09971919e+003,
       6.99137832e+002, 8.52950377e+026, 4.91557586e+002, 2.50439828e+000,
       2.07205304e+015, 1.32766479e+000, 1.17633164e+016, 6.95909099e-001,
       5.03097137e-008, 1.03173613e+000, 8.70378909e+001, 1.93501532e-009,
       1.84547234e+010, 5.91697217e-010, 9.75534722e+002, 8.30623471e+037,
       6.03523507e-003, 1.06295114e+010, 1.63561669e+000, 5.23503534e+017,
       6.06583928e+003, 6.61959772e-007, 2.18382183e+000, 4.96835803e-001,
       3.07411328e-001, 2.95037034e-007, 4.41826866e+001, 5.75617152e-001,
       5.59872378e-008, 8.61663369e+039, 2.48112256e+000, 5.38264390e-004,
       1.57802737e-009, 1.51142866e-003, 3.10499939e-009, 7.67905431e-005,
       3.00959706e-010, 1.18308542e+000, 2.43758656e-004, 9.23903778e-010,
       6.06753092e-003, 2.61830703e-006, 1.18575871e-009, 3.84352362e-006,
       1.51991711e-006, 3.68964179e-009, 1.24596492e-006, 3.07791550e-006,
       5.82791965e-008, 1.17166119e-007, 3.52096534e-001, 5.65727962e-008,
       3.30923659e-006, 4.15348950e-010, 2.25947814e-008, 2.71367942e-001,
       2.25273077e-010, 5.65713239e-009, 2.21989916e-005, 1.62950915e-009,
       2.25459845e-007, 4.09830459e-010, 2.23587237e-007, 6.76055766e+067,
       1.35820554e-010, 1.12752735e+127, 3.64029081e+040, 4.74946966e-001,
       1.61627837e-008, 5.32615598e-001, 1.11539859e-008, 1.29880802e+000,
       3.50928291e-007, 3.73093802e-001, 5.39839661e-009, 4.68250123e-001,
       2.65380654e-008, 6.70102756e-003, 2.91916743e-001, 9.49143003e-009,
       2.78519895e-001, 1.76214681e-008, 1.55612817e-009, 2.88489982e-001,
       4.47538007e-008, 1.75229130e-001, 1.17481037e-008, 5.23565945e-003,
       1.59604966e-001, 3.03195577e-008, 6.42413424e-008, 4.86645925e-002,
       1.02362415e-008, 4.98132119e-002, 1.93960735e-008, 1.31986294e-002,
       4.93214986e-009, 2.00365572e-002, 2.54792880e-008, 1.26560774e-002,
       1.77324829e-008, 7.73618812e-003, 1.25704005e-008, 6.45260714e-003,
       8.84872238e-009, 6.06505851e-003, 6.23417670e-009, 4.68748879e-003,
       2.67803537e-010, 5.84090118e-003, 8.14958362e-009, 6.31444904e-003,
       1.13616336e-007, 5.64932278e-003, 1.10873141e-008, 3.96828273e-003,
       5.51512363e-003, 1.07939759e-008, 4.51092053e-003, 1.25529086e-009,
       3.94738901e-003, 1.74040392e-008, 5.28677368e-003, 1.01413395e-008,
       5.19383800e-003, 7.32186803e-009, 5.10397076e-003, 5.07536820e-009,
       5.01656763e-003, 3.59289968e-009, 3.61699449e-003, 3.75796291e-003,
       4.96253143e-003, 1.33484049e-008, 4.82102164e-003, 3.45137414e-009,
       3.45008509e-003, 4.78350256e-003, 9.15786232e-009, 3.24571466e-004,
       3.38570917e-004, 4.68479738e-003, 1.24748766e-008, 4.55292551e-003,
       3.36670589e-009, 1.21999359e-005, 4.47009104e-003, 3.31313561e-009,
       4.60877781e-003, 1.22197163e-007, 4.42366399e-003, 1.18440692e-008,
       4.30008814e-003, 3.10845123e-009, 4.32910295e-003, 1.62830891e-008,
       4.25710216e-003, 1.16030347e-008, 4.18661968e-003, 8.27000428e-009,
       4.11761096e-003, 5.89572371e-009, 4.24615032e-003, 2.14487719e-007,
       4.07526976e-003, 2.12836132e-008, 4.00753016e-003, 1.51156488e-008,
       3.94120078e-003, 1.07374898e-008, 3.92180135e-003, 2.06310487e-008,
       3.76855779e-003, 2.00476196e-009, 3.75029951e-003, 3.85372422e-009,
       3.73206549e-003, 7.53242487e-009, 3.67092148e-003, 5.26657271e-009,
       3.61102304e-003, 3.83759947e-009, 3.59354873e-003, 7.20134605e-009,
       3.49439928e-003, 1.89408738e-009, 3.55958453e-003, 2.66442883e-008,
       3.45999421e-003, 7.00588613e-009, 3.56848329e-003, 2.59464733e-007,
       3.34625568e-003, 3.54295158e-009, 3.29204120e-003, 2.52137286e-009,
       3.27632479e-003, 4.95113484e-009, 3.26063504e-003, 9.33935754e-009,
       3.24497404e-003, 1.79753073e-008, 3.22934436e-003, 3.45978510e-008,
       3.13873523e-003, 9.10294976e-009, 3.12373607e-003, 1.75257110e-008,
       3.00221865e-003, 1.70625233e-009, 3.13239093e-003, 1.75658509e-007,
       2.97231860e-003, 6.42357420e-009, 2.89064697e-003, 1.71914977e-009,
       2.84436486e-003, 1.22975662e-009, 2.89756974e-003, 1.67244174e-008,
       2.78493684e-003, 1.62909546e-009, 2.83732457e-003, 2.29600164e-008,
       2.72664391e-003, 2.23648482e-009, 2.74570135e-003, 1.16568804e-008,
       2.66980582e-003, 3.07165616e-009, 2.62688361e-003, 2.18963664e-009,
       2.61470644e-003, 4.22126324e-009, 2.60255577e-003, 8.13809650e-009,
       2.56032662e-003, 5.88731559e-009, 2.54844532e-003, 1.12598729e-008,
       2.50698229e-003, 8.05904879e-009, 2.46635019e-003, 5.76899767e-009,
       2.48409171e-003, 2.96618608e-008, 2.41465959e-003, 7.81815277e-009,
       2.37556750e-003, 5.65563620e-009, 2.33725548e-003, 4.05007097e-009,
       2.29970549e-003, 2.83743632e-009, 2.31618149e-003, 1.48068635e-008,
       2.27847729e-003, 1.05617289e-008, 2.19036563e-003, 1.06586882e-009,
       2.18048716e-003, 2.04056342e-009, 2.12147338e-003, 5.25012438e-010,
       2.16133159e-003, 7.41121623e-009, 2.10197776e-003, 1.95582171e-009,
       2.09252541e-003, 3.84162319e-009, 2.03550171e-003, 9.96767354e-010,
       2.05002055e-003, 5.27321256e-009, 1.99396094e-003, 1.41458240e-009,
       1.98507111e-003, 2.65327675e-009, 1.97620440e-003, 5.12369324e-009,
       1.94449933e-003, 3.72015958e-009, 1.91342200e-003, 2.61254058e-009,
       1.88295787e-003, 1.86590067e-009, 1.87461916e-003, 3.66392814e-009,
       1.82359046e-003, 9.83403187e-010, 1.85846859e-003, 1.34529304e-008,
       1.78636190e-003, 1.35115053e-009, 1.77851811e-003, 2.58935684e-009,
       1.77069618e-003, 4.96223899e-009, 1.72234257e-003, 1.33211651e-009,
       1.71481833e-003, 2.50334190e-009, 1.70731541e-003, 4.83768372e-009,
       1.66070761e-003, 1.31400054e-009, 1.65348938e-003, 2.51898393e-009,
       1.62726758e-003, 1.80738345e-009, 1.60156003e-003, 1.26200318e-009,
       1.59463406e-003, 2.48669713e-009, 1.56936989e-003, 1.74379434e-009,
       1.58103763e-003, 9.14273973e-009, 1.53757916e-003, 2.45516334e-009,
       1.51324216e-003, 1.76212486e-009, 1.50674378e-003, 3.33054585e-009,
       1.46580891e-003, 9.07877520e-010, 1.51213784e-003, 3.36981584e-008,
       1.46988928e-003, 8.91962628e-009, 1.46357771e-003, 1.71065451e-008,
       1.39049423e-003, 6.22008510e-010, 1.36883961e-003, 4.62244113e-010,
       1.36306502e-003, 8.86855393e-010, 1.34177604e-003, 6.15668493e-010,
       1.33612565e-003, 1.19101248e-009, 1.31519664e-003, 8.51991563e-010,
       1.30966840e-003, 1.64829942e-009, 1.28909392e-003, 1.17913245e-009,
       1.26891981e-003, 8.43597749e-010, 1.32526006e-003, 8.50084145e-008,
       1.25765126e-003, 3.15622248e-009, 1.25238168e-003, 6.13510559e-009,
       1.21814601e-003, 1.61520943e-009, 1.19904372e-003, 1.15574071e-009,
       1.18031253e-003, 8.27059597e-010, 1.17542482e-003, 1.60067765e-009,
       1.15700839e-003, 1.14547254e-009, 1.15222669e-003, 2.25303138e-009,
       1.12110579e-003, 6.05907375e-010, 1.11649938e-003, 1.16325060e-009,
       1.11190784e-003, 2.19837799e-009, 1.13409068e-003, 3.11454767e-008,
       1.06458025e-003, 4.16256947e-010, 1.06023990e-003, 8.28421408e-010,
       1.05591340e-003, 1.56024291e-009, 1.02751969e-003, 4.13023770e-010,
       1.03530107e-003, 2.19551253e-009, 1.01907262e-003, 1.57787850e-009,
       1.03938411e-003, 2.19391839e-008, 9.98690785e-004, 2.17690837e-009,
       1.00652982e-003, 1.12375408e-008, 9.67477712e-004, 1.12439063e-009,
       9.52439958e-004, 8.08308867e-010, 9.59802078e-004, 4.12340837e-009,
       9.23007769e-004, 4.17725823e-010, 9.30070222e-004, 2.14380237e-009,
       9.15526220e-004, 1.51386564e-009, 8.90929639e-004, 4.00886031e-010,
       8.97769320e-004, 2.12877617e-009, 8.83741065e-004, 1.53049131e-009,
       8.69984523e-004, 1.07709489e-009, 8.56493462e-004, 7.71462371e-010,
       8.53096397e-004, 1.52029643e-009, 8.39826750e-004, 1.07040993e-009,
       8.17361664e-004, 2.83537442e-010, 8.14144902e-004, 5.49339507e-010,
       8.20489038e-004, 2.90312723e-009, 8.07647755e-004, 2.06182213e-009,
       7.85879550e-004, 5.46077930e-010, 7.92023034e-004, 2.88505435e-009,
       7.79635984e-004, 2.07472414e-009, 7.67488999e-004, 1.46845539e-009,
       7.55576441e-004, 1.07320176e-009, 7.43893238e-004, 7.71960926e-010,
       7.32434230e-004, 5.40070583e-010, 7.21194281e-004, 3.87009060e-010,
       7.10168551e-004, 2.77349985e-010, 7.24181846e-004, 3.94388502e-009,
       7.04518978e-004, 1.04149335e-009, 6.93639807e-004, 7.46301307e-010,
       6.99158878e-004, 3.91266611e-009, 6.72343556e-004, 3.83196722e-010,
       6.62078301e-004, 2.74654970e-010, 6.59539636e-004, 5.46787161e-010,
       6.57009763e-004, 1.03195520e-009, 6.46877105e-004, 7.56286204e-010,
       6.36938393e-004, 5.44193296e-010, 6.27189197e-004, 3.91609632e-010,
       6.24798797e-004, 7.36533975e-010, 6.08171898e-004, 2.02812764e-010,
       6.05864359e-004, 3.89952188e-010, 6.03564582e-004, 7.49755363e-010,
       6.01273062e-004, 1.42252975e-009, 6.13560736e-004, 2.01886222e-008,
       5.96550094e-004, 5.34517593e-009, 5.67001801e-004, 1.93591779e-010,
       5.64867689e-004, 3.75362767e-010, 5.69377771e-004, 1.98539099e-009,
       5.54050102e-004, 5.21690206e-010, 5.51967888e-004, 1.01156476e-009,
       5.43479978e-004, 7.25161789e-010, 5.35153907e-004, 5.19887936e-010,
       5.20974413e-004, 1.43544998e-010, 5.31277506e-004, 1.97050631e-009,
       5.11051272e-004, 1.91635979e-010, 5.09149754e-004, 3.71636275e-010,
       5.01411865e-004, 2.75116716e-010, 4.93820053e-004, 1.98073037e-010,
       4.91989473e-004, 3.70630734e-010, 4.95959300e-004, 1.95771527e-009,
       4.88290586e-004, 1.39386843e-009, 4.86480302e-004, 2.71005158e-009,
       4.73335040e-004, 7.16452950e-010, 4.66098037e-004, 5.13744625e-010,
       4.58998203e-004, 3.78390294e-010, 4.57308723e-004, 7.27845598e-010,
       4.45146947e-004, 1.96152657e-010, 4.48716968e-004, 9.94054640e-010,
       4.36736418e-004, 2.71660486e-010, 4.35137479e-004, 5.22589213e-010,
       4.33544340e-004, 1.00527749e-009, 4.21969087e-004, 2.70913751e-010,
       4.15594897e-004, 1.88605853e-010, 4.18943784e-004, 9.89576976e-010,
       4.03109767e-004, 9.70337624e-011, 4.01647059e-004, 1.88241621e-010,
       3.95604708e-004, 1.35037726e-010, 3.94171280e-004, 2.61973926e-010,
       3.92742783e-004, 5.08232665e-010, 3.82339620e-004, 1.39871591e-010,
       3.94685032e-004, 5.13322833e-009, 3.79450445e-004, 5.17597244e-010,
       3.73684616e-004, 3.72742000e-010, 3.68027478e-004, 2.60969951e-010,
       3.62476502e-004, 1.93341689e-010, 3.61173547e-004, 3.63242980e-010,
       3.51644016e-004, 9.63601284e-011, 3.54471217e-004, 5.05651482e-010,
       3.45081092e-004, 1.39003628e-010, 3.39916343e-004, 9.62370439e-011,
       3.46709995e-004, 1.37533071e-009, 3.37414472e-004, 3.70690789e-010,
       3.28511169e-004, 9.61004955e-011, 3.27341166e-004, 1.92339995e-010,
       3.22426872e-004, 1.33799249e-010, 3.25050397e-004, 7.02230978e-010,
       3.12799522e-004, 7.18909864e-011, 3.15315924e-004, 3.69606630e-010,
       3.14196138e-004, 7.01467385e-010, 3.09412954e-004, 5.12278078e-010,
       2.97796234e-004, 4.93685982e-011, 3.00183200e-004, 2.65852427e-010,
       3.02669236e-004, 1.36007520e-009, 2.87855757e-004, 5.16382180e-011,
       2.90167631e-004, 2.58853787e-010, 2.82539076e-004, 6.86858730e-011,
       2.88190211e-004, 9.83604326e-010, 2.80491296e-004, 2.58640413e-010,
       2.76270247e-004, 1.85591178e-010, 2.72127949e-004, 1.33182299e-010,
       2.68062643e-004, 9.91609336e-011, 2.70252758e-004, 5.09898417e-010,
       2.63089374e-004, 1.33106443e-010, 2.62168911e-004, 2.58341052e-010,
       2.61251729e-004, 5.01405441e-010, 2.57293583e-004, 3.66934160e-010,
       2.53409755e-004, 2.64346649e-010, 2.52525486e-004, 5.08808827e-010,
       2.45830356e-004, 1.37205169e-010, 2.47861782e-004, 7.05599725e-010,
       2.44094030e-004, 5.08291115e-010, 2.37621695e-004, 1.32861137e-010,
       2.42454082e-004, 1.88353456e-009, 2.35920148e-004, 5.07748997e-010,
       2.40828861e-004, 7.11134680e-009, 2.28762698e-004, 2.63448812e-010,
       2.22743803e-004, 6.83635051e-011, 2.21974000e-004, 1.36789820e-010,
       2.18661482e-004, 9.52476184e-011, 2.15410170e-004, 7.10330077e-011,
       2.19755468e-004, 9.70962419e-010, 2.16404532e-004, 6.96687024e-010,
       2.20945351e-004, 9.90208034e-009, 2.07390282e-004, 1.32594729e-010,
       2.04296051e-004, 9.84109843e-011, 2.03593908e-004, 1.89455733e-010,
       2.00545644e-004, 1.32608764e-010, 1.95308038e-004, 3.52007332e-011,
       1.96898272e-004, 1.89425354e-010, 1.96223032e-004, 3.64671361e-010,
       1.95550376e-004, 6.96467920e-010, 1.94880364e-004, 1.35206323e-009,
       1.85304111e-004, 5.10589743e-011, 1.86826567e-004, 2.62617850e-010,
       1.81906228e-004, 6.83259721e-011, 1.83411922e-004, 3.64372040e-010,
       1.78561483e-004, 9.52074265e-011, 1.77952753e-004, 1.89218162e-010,
       1.77346263e-004, 3.58850144e-010, 1.78866141e-004, 1.88485492e-009,
       1.70031428e-004, 7.07930120e-011, 1.71443226e-004, 3.58859589e-010,
       1.65005254e-004, 3.67702690e-011, 1.64445558e-004, 7.07996813e-011,
       1.63887647e-004, 1.36318750e-010, 1.61443567e-004, 9.52954995e-011,
       1.62796080e-004, 5.00462049e-010, 1.58470130e-004, 1.36308445e-010,
       1.56106866e-004, 9.53301322e-011, 1.61239363e-004, 3.66495185e-009,
       1.53197439e-004, 1.32817250e-010, 1.50912739e-004, 9.82141374e-011,
       1.48670255e-004, 7.07889913e-011, 1.49911930e-004, 3.64157385e-010,
       1.49405956e-004, 6.97983664e-010, 1.43741144e-004, 7.07831962e-011,
       1.43256853e-004, 1.36295802e-010, 1.42774235e-004, 2.62437022e-010,
       1.39007660e-004, 7.07966516e-011, 1.38540143e-004, 1.33038542e-010,
       1.34913884e-004, 3.53177436e-011, 1.36030367e-004, 1.89217824e-010,
       1.33994182e-004, 1.36372443e-010, 1.31995708e-004, 9.82912142e-011,
       1.31552802e-004, 1.85600218e-010, 1.29583573e-004, 1.33237185e-010,
       1.27650724e-004, 9.83195187e-011, 1.25753585e-004, 7.08688146e-011,
       1.23891366e-004, 4.93081254e-011, 1.24926916e-004, 2.62814387e-010,
       1.21627944e-004, 6.87344727e-011, 1.19826675e-004, 4.93516291e-011,
       1.19426303e-004, 9.84194857e-011, 1.23376982e-004, 3.68531429e-009,
       1.15855869e-004, 5.11150184e-011, 1.15469391e-004, 9.58874971e-011,
       1.15084130e-004, 1.89552826e-010, 1.12055438e-004, 4.94259033e-011,
       1.12995712e-004, 2.59603804e-010, 1.11297512e-004, 1.86359046e-010,
       1.08367623e-004, 4.94682561e-011, 1.06768031e-004, 3.68836396e-011,
       1.06413013e-004, 7.10308812e-011, 1.04836530e-004, 5.12040038e-011,
       1.04488186e-004, 9.61818845e-011, 1.02934486e-004, 6.90575279e-011,
       1.02592613e-004, 1.36886330e-010, 1.01061452e-004, 9.86682809e-011,
       1.00726083e-004, 1.90012881e-010, 9.80723019e-005, 4.96317825e-011,
       9.77471551e-005, 9.87304037e-011, 9.51919375e-005, 2.66424526e-011,
       9.59849977e-005, 1.37075593e-010, 9.45521306e-005, 9.64993240e-011,
       9.31456646e-005, 6.92866849e-011, 9.07195188e-005, 9.03950614e-005,
       2.66233069e-011, 9.22301613e-005, 3.63560012e-010, 8.87456733e-005,
       3.56759630e-011, 8.74395361e-005, 2.56198228e-011, 8.71508925e-005,
       4.97550992e-011, 8.58634179e-005, 3.69954077e-011, 8.55801389e-005,
       6.93871465e-011, 8.73491345e-005, 9.79668673e-010, 8.30374022e-005,
       3.57655370e-011, 8.37370028e-005, 1.90471228e-010, 8.24816685e-005,
       1.34881232e-010, 8.12494748e-005, 9.89634069e-011, 8.00401169e-005,
       6.95338381e-011, 7.88529452e-005, 4.99292666e-011, 7.95228342e-005,
       2.64634616e-010, 7.74145912e-005, 7.13940878e-011, 7.62662112e-005,
       4.99892118e-011, 7.69148500e-005, 2.64841001e-010, 7.66621100e-005,
       5.10043236e-010, 7.46122726e-005, 1.35339392e-010, 7.26490597e-005,
       3.71225191e-011, 7.32639049e-005, 1.88742927e-010, 7.21647213e-005,
       1.37687734e-010, 7.10859630e-005, 9.72920666e-011, 6.92222504e-005,
       2.67832770e-011, 6.98051117e-005, 1.37815808e-010, 6.71930193e-005,
       6.77291691e-005, 5.15110791e-011, 6.67273729e-005, 3.59817765e-011,
       6.72935897e-005, 1.89028326e-010, 6.47638231e-005, 6.45331162e-005,
       2.67350588e-011, 6.43219192e-005, 5.14939242e-011, 6.41114358e-005,
       9.73483114e-011, 6.24289670e-005, 2.58456793e-011, 6.22248180e-005,
       5.01981838e-011, 6.35130793e-005, 7.08840939e-010, 6.10829209e-005,
       6.99895917e-011, 5.94856422e-005, 6.06733250e-005, 1.89098380e-010,
       5.97620113e-005, 1.37618185e-010, 5.88676110e-005, 9.92025905e-011,
       5.73214941e-005, 2.58797119e-011, 5.64788711e-005, 5.62780007e-005,
       2.58527605e-011, 5.54506594e-005, 5.52534001e-005, 2.67027358e-011,
       5.50732164e-005, 5.14330272e-011, 5.48936806e-005, 9.74269110e-011,
       5.34508642e-005, 2.67326045e-011, 5.39044200e-005, 1.37565452e-010,
       5.24816244e-005, 3.60735403e-011, 5.17069151e-005, 2.59064257e-011,
       5.27696161e-005, 3.67986219e-010, 5.13591687e-005, 9.77109229e-011,
       5.05925482e-005, 7.01599886e-011, 5.04279147e-005, 1.36272723e-010,
       5.08711800e-005, 7.16144462e-010, 4.94995107e-005, 1.91325704e-010,
       4.87550250e-005, 1.37912120e-010, 4.80243266e-005, 9.94153004e-011,
       4.67603628e-005, 2.60024349e-011, 4.55490948e-005, 4.75655079e-005,
       5.14211718e-010, 4.52205592e-005, 4.50599422e-005, 2.67537257e-011,
       4.43964917e-005, 4.37341234e-005, 4.35793929e-005, 4.34248943e-005,
       4.37772531e-005, 6.97606791e-011, 4.26287103e-005, 4.24773545e-005,
       2.57639574e-011, 4.18517156e-005, 4.17031082e-005, 2.57379593e-011,
       4.10887845e-005, 4.04753424e-005, 4.03321628e-005, 4.06579523e-005,
       5.08277736e-011, 3.95948546e-005, 3.94546174e-005, 3.88653460e-005,
       3.96390950e-005, 9.61835409e-011, 3.85939190e-005, 2.55346009e-011,
       3.75924281e-005, 3.74597658e-005, 3.77610129e-005, 3.63732646e-011,
       3.72023654e-005, 2.62253146e-011, 3.66539339e-005, 3.69524016e-005,
       6.99773468e-011, 3.59813847e-005, 3.54435571e-005, 3.53182809e-005,
       3.51932101e-005, 3.46670432e-005, 3.53584855e-005, 9.63331712e-011,
       3.48293543e-005, 6.94463703e-011, 3.39136403e-005, 3.41902003e-005,
       6.93545691e-011, 3.40796825e-005, 1.33588932e-010, 3.31760900e-005,
       3.52207470e-011, 3.23103877e-005, 3.33503796e-005, 2.57486312e-010,
       3.20814327e-005, 2.59511051e-011, 3.19777882e-005, 4.99884484e-011,
       3.15023553e-005, 3.60400469e-011, 3.14006347e-005, 6.94215434e-011,
       3.05740714e-005, 3.04656904e-005, 2.52793980e-011, 2.96732381e-005,
       2.99116456e-005, 2.52561761e-011, 2.98150580e-005, 4.99308352e-011,
       2.93715687e-005, 3.52297883e-011, 2.89361592e-005, 2.53001566e-011,
       2.85087384e-005, 2.84076491e-005, 2.52750513e-011, 2.79879558e-005,
       2.75685632e-005, 2.74711763e-005, 2.73739616e-005, 2.75981972e-005,
       6.88306122e-011, 2.68707686e-005, 2.70910217e-005, 6.87396876e-011,
       2.63768449e-005, 2.62833338e-005, 2.50745287e-011, 2.58947678e-005,
       2.52173690e-005, 2.60198111e-005, 9.42687037e-011, 2.50395924e-005,
       2.52426649e-005, 3.48113789e-011, 2.48680146e-005, 2.49995010e-011,
       2.45002384e-005, 2.44133537e-005, 2.55705147e-011, 2.37769074e-005,
       2.36930633e-005, 2.38854683e-005, 3.47106876e-011, 2.35420101e-005,
       2.55184000e-011, 4.74675829e-010, 4.19354327e-011, 5.37842145e-011,
       7.51464867e-011, 3.70660545e-010, 1.46131111e-010, 7.58181690e-011,
       1.04347305e-010, 5.43995417e-011, 7.72025438e-011, 4.51529008e-011,
       5.59172164e-011, 7.46962546e-011, 1.18183727e-010, 1.43226160e-010,
       7.58980001e-011, 5.24394203e-011, 5.39252189e-011, 8.37795664e-011,
       1.12414601e-010, 1.43584074e-010, 7.38299612e-011, 2.72083136e-010,
       1.03817884e-009, 1.08314114e-008, 4.13577102e-008, 4.32091579e-007,
       1.65108640e-006, 1.72744930e-005, 6.60553582e-005, 6.92076787e-004,
       1.49530808e-003, 1.54591986e-003, 1.61162531e-003, 1.68080518e-003,
       1.73824732e-003, 1.81365941e-003, 1.89319958e-003, 1.95868021e-003,
       2.04564527e-003, 2.13754900e-003, 2.21254084e-003, 2.31335182e-003,
       2.42011308e-003, 2.50643657e-003, 2.62395843e-003, 2.74870031e-003,
       2.84861983e-003, 2.98645349e-003, 1.09173951e-010, 3.13894603e-003,
       6.08718334e-010, 3.25921710e-003, 1.25410276e-009, 3.34135050e-003,
       9.54059155e-010, 3.46293837e-003, 1.96149283e-009, 3.54383966e-003,
       1.48920117e-009, 3.71125349e-003, 8.27032925e-009, 3.70304300e-003,
       8.56261238e-010])
loops:
array([101., 101., 101., 101., 101., 101., 101., 101., 101., 101., 101.,
       101., 101., 101., 101., 101., 101., 101., 101., 101., 101., 101.,
       101., 101., 101., 101., 101., 101., 101., 101., 101., 101., 101.,
       101., 101., 101., 101., 101., 101., 101., 101., 101., 101., 101.,
       101., 101., 101., 101., 101., 101., 101., 101., 101., 101., 101.,
       101., 101., 101., 101., 101., 101., 101., 101., 101., 101., 101.,
       101., 101., 101., 101., 101., 101., 101., 101., 101., 101., 101.,
       101., 101., 101., 101., 101., 101., 101., 101., 101., 101., 101.,
       101., 101., 101., 101., 101., 101., 101., 101., 101., 101., 101.,
       101., 101., 101., 101., 101., 101., 101., 101., 101., 101., 101.,
       101., 101., 101., 101., 101., 101., 101., 101., 101., 101., 101.,
       101., 101., 101., 101., 101., 101., 101., 101., 101., 101., 101.,
       101., 101., 101., 101., 101., 101., 101., 101., 101., 101., 101.,
       101., 101., 101., 101., 101., 101., 101., 101., 101., 101., 101.,
       101., 101., 101., 101., 101., 101., 101., 101., 101., 101., 101.,
       101., 101., 101., 101., 101., 101., 101., 101., 101., 101., 101.,
       101., 101., 101., 101., 101., 101., 101., 101., 101., 101., 101.,
       101., 101., 101., 101., 101., 101., 101., 101., 101., 101., 101.,
       101., 101., 101., 101., 101., 101., 101., 101., 101., 101., 101.,
       101., 101., 101., 101., 101., 101., 101., 101., 101., 101., 101.,
       101., 101., 101., 101., 101., 101., 101., 101., 101., 101., 101.,
       101., 101., 101., 101., 101., 101., 101., 101., 101., 101., 101.,
       101., 101., 101., 101., 101., 101., 101., 101., 101., 101., 101.,
       101., 101., 101., 101., 101., 101., 101., 101., 101., 101., 101.,
       101., 101., 101., 101., 101., 101., 101., 101., 101., 101., 101.,
       101., 101., 101., 101., 101., 101., 101., 101., 101., 101., 101.,
       101., 101., 101., 101., 101., 101., 101., 101., 101., 101., 101.,
       101., 101., 101., 101., 101., 101., 101., 101., 101., 101., 101.,
       101., 101., 101., 101., 101., 101., 101., 101., 101., 101., 101.,
       101., 101., 101., 101., 101., 101., 101., 101., 101., 101., 101.,
       101., 101., 101., 101., 101., 101., 101., 101., 101., 101., 101.,
       101., 101., 101., 101., 101., 101., 101., 101., 101., 101., 101.,
       101., 101., 101., 101., 101., 101., 101., 101., 101., 101., 101.,
       101., 101., 101., 101., 101., 101., 101., 101., 101., 101., 101.,
       101., 101., 101., 101., 101., 101., 101., 101., 101., 101., 101.,
       101., 101., 101., 101., 101., 101., 101., 101., 101., 101., 101.,
       101., 101., 101., 101., 101., 101., 101., 101., 101., 101., 101.,
       101., 101., 101., 101., 101., 101., 101., 101., 101., 101., 101.,
       101., 101., 101., 101., 101., 101., 101., 101., 101., 101., 101.,
       101., 101., 101., 101., 101., 101., 101., 101., 101., 101., 101.,
       101., 101., 101., 101., 101., 101., 101., 101., 101., 101., 101.,
       101., 101., 101., 101., 101., 101., 101., 101., 101., 101., 101.,
       101., 101., 101., 101., 101., 101., 101., 101., 101., 101., 101.,
       101., 101., 101., 101., 101., 101., 101., 101., 101., 101., 101.,
       101., 101., 101., 101., 101., 101., 101., 101., 101., 101., 101.,
       101., 101., 101., 101., 101., 101., 101., 101., 101., 101., 101.,
       101., 101., 101., 101., 101., 101., 101., 101., 101., 101., 101.,
       101., 101., 101., 101., 101., 101., 101., 101., 101., 101., 101.,
       101., 101., 101., 101., 101., 101., 101., 101., 101., 101., 101.,
       101., 101., 101., 101., 101., 101., 101., 101., 101., 101., 101.,
       101., 101., 101., 101., 101., 101., 101., 101., 101., 101., 101.,
       101., 101., 101., 101., 101., 101., 101., 101., 101., 101., 101.,
       101., 101., 101., 101., 101., 101., 101., 101., 101., 101., 101.,
       101., 101., 101., 101., 101., 101., 101., 101., 101., 101., 101.,
       101., 101., 101., 101., 101., 101., 101., 101., 101., 101., 101.,
       101., 101., 101., 101., 101., 101., 101., 101., 101., 101., 101.,
       101., 101., 101., 101., 101., 101., 101., 101., 101., 101., 101.,
       101., 101., 101., 101., 101., 101., 101., 101., 101., 101., 101.,
       101., 101., 101., 101., 101., 101., 101., 101., 101., 101., 101.,
       101., 101., 101., 101., 101., 101., 101., 101., 101., 101., 101.,
       101., 101., 101., 101., 101., 101., 101., 101., 101., 101., 101.,
       101., 101., 101., 101., 101., 101., 101., 101., 101., 101., 101.,
       101., 101., 101., 101., 101., 101., 101., 101., 101., 101., 101.,
       101., 101., 101., 101., 101., 101., 101., 101., 101., 101., 101.,
       101., 101., 101., 101., 101., 101., 101., 101., 101., 101., 101.,
       101., 101., 101., 101., 101., 101., 101., 101., 101., 101., 101.,
       101., 101., 101., 101., 101., 101., 101., 101., 101., 101., 101.,
       101., 101., 101., 101., 101., 101., 101., 101., 101., 101., 101.,
       101., 101., 101., 101., 101., 101., 101., 101., 101., 101., 101.,
       101., 101., 101., 101., 101., 101., 101., 101., 101., 101., 101.,
       101., 101., 101., 101., 101., 101., 101., 101., 101., 101., 101.,
       101., 101., 101., 101., 101., 101., 101., 101., 101., 101., 101.,
       101., 101., 101., 101., 101., 101., 101., 101., 101., 101., 101.,
       101., 101., 101., 101., 101., 101., 101., 101., 101., 101., 101.,
       101., 101., 101., 101., 101., 101., 101., 101., 101., 101., 101.,
       101., 101., 101., 101., 101., 101., 101., 101., 101., 101., 101.,
       101., 101., 101., 101., 101., 101., 101., 101., 101., 101., 101.,
       101., 101., 101., 101., 101., 101., 101., 101., 101., 101., 101.,
       101., 101., 101., 101., 101., 101., 101., 101., 101., 101., 101.,
       101., 101., 101., 101., 101., 101., 101., 101., 101., 101., 101.,
       101., 101., 101., 101., 101., 101., 101., 101., 101., 101., 101.,
       101., 101., 101., 101., 101., 101., 101., 101., 101., 101., 101.,
       101., 101., 101., 101., 101., 101., 101., 101., 101., 101., 101.,
       101., 101., 101., 101., 101., 101., 101., 101., 101., 101., 101.,
       101., 101., 101., 101., 101., 101., 101., 101., 101., 101., 101.,
       101., 101., 101., 101., 101., 101., 101., 101., 101., 101., 101.,
       101., 101., 101., 101., 101., 101., 101., 101., 101., 101., 101.,
       101., 101., 101., 101., 101., 101., 101., 101., 101., 101., 101.,
       101., 101., 101., 101., 101., 101., 101., 101., 101., 101., 101.,
       101., 101., 101., 101., 101., 101., 101., 101., 101., 101., 101.,
       101., 101., 101., 101., 101., 101., 101., 101., 101., 101., 101.,
       101., 101., 101., 101., 101., 101., 101., 101., 101., 101., 101.,
       101., 101., 101., 101., 101., 101., 101., 101., 101., 101., 101.,
       101., 101., 101., 101., 101., 101., 101., 101., 101., 101., 101.,
       101., 101., 101., 101., 101., 101., 101., 101., 101., 101., 101.,
       101., 101., 101., 101., 101., 101., 101., 101., 101., 101., 101.,
       101., 101., 101., 101., 101., 101., 101., 101., 101., 101., 101.,
       101., 101., 101., 101., 101., 101., 101., 101., 101., 101., 101.,
       101., 101., 101., 101., 101., 101., 101., 101., 101., 101., 101.,
       101., 101., 101., 101., 101., 101., 101., 101., 101., 101., 101.,
       101., 101., 101., 101., 101., 101., 101., 101., 101., 101., 101.,
       101., 101., 101., 101., 101., 101., 101., 101., 101., 101., 101.,
       101., 101., 101., 101., 101., 101., 101., 101., 101., 101., 101.,
       101., 101., 101., 101., 101., 101., 101., 101., 101., 101., 101.,
       101., 101., 101., 101., 101., 101., 101., 101., 101., 101., 101.,
       101., 101., 101., 101., 101., 101., 101., 101., 101., 101., 101.,
       101., 101., 101., 101., 101., 101., 101., 101., 101., 101., 101.,
       101., 101., 101., 101., 101., 101., 101., 101., 101., 101., 101.,
       101., 101., 101., 101., 101., 101., 101., 101., 101., 101., 101.,
       101., 101., 101., 101., 101., 101., 101., 101., 101., 101., 101.,
       101., 101., 101., 101., 101., 101., 101., 101., 101., 101., 101.,
       101., 101., 101., 101., 101., 101., 101., 101., 101., 101., 101.,
       101., 101., 101., 101., 101., 101., 101., 101., 101., 101., 101.,
       101., 101., 101., 101., 101., 101., 101., 101., 101., 101., 101.,
       101., 101., 101., 101., 101., 101., 101., 101., 101., 101., 101.,
       101., 101., 101., 101., 101., 101., 101., 101., 101., 101., 101.,
       101., 101., 101., 101., 101., 101., 101., 101., 101., 101., 101.,
       101., 101., 101., 101., 101., 101., 101., 101., 101., 101., 101.,
       101., 101., 101., 101., 101., 101., 101., 101., 101., 101., 101.,
       101., 101., 101., 101., 101., 101., 101., 101., 101., 101., 101.,
       101., 101., 101., 101., 101., 101., 101., 101., 101., 101., 101.,
       101., 101., 101., 101., 101., 101., 101., 101., 101., 101., 101.,
       101., 101., 101., 101., 101., 101., 101., 101., 101., 101., 101.,
       101., 101., 101., 101., 101., 101., 101., 101., 101., 101., 101.,
       101., 101., 101., 101., 101., 101., 101., 101., 101., 101., 101.,
       101., 101., 101., 101., 101., 101., 101., 101., 101., 101., 101.,
       101., 101., 101., 101., 101., 101., 101., 101., 101., 101., 101.,
       101., 101., 101., 101., 101., 101., 101., 101., 101., 101., 101.,
       101., 101., 101., 101., 101., 101., 101., 101., 101., 101., 101.,
       101., 101., 101., 101., 101., 101., 101., 101., 101., 101., 101.,
       101., 101., 101., 101., 101., 101., 101., 101., 101., 101., 101.,
       101., 101., 101., 101., 101., 101., 101., 101., 101., 101., 101.,
       101., 101., 101., 101., 101., 101., 101., 101., 101., 101., 101.,
       101., 101., 101., 101., 101., 101., 101., 101., 101., 101., 101.,
       101., 101., 101., 101., 101., 101., 101., 101., 101., 101., 101.,
       101., 101., 101., 101., 101., 101., 101., 101., 101., 101., 101.,
       101., 101., 101., 101., 101., 101., 101., 101., 101., 101., 101.,
       101., 101., 101., 101., 101., 101., 101., 101., 101., 101., 101.,
       101., 101., 101., 101., 101., 101., 101., 101., 101., 101., 101.,
       101., 101., 101., 101., 101., 101., 101., 101., 101., 101., 101.,
       101., 101., 101., 101., 101., 101., 101., 101., 101., 101., 101.,
       101., 101., 101., 101., 101., 101., 101., 101., 101., 101., 101.,
       101., 101., 101., 101., 101., 101., 101., 101., 101., 101., 101.,
       101., 101., 101., 101., 101., 101., 101., 101., 101., 101., 101.,
       101., 101., 101., 101., 101., 101., 101., 101., 101., 101., 101.,
       101., 101., 101., 101., 101., 101., 101., 101., 101., 101., 101.,
       101., 101., 101., 101., 101., 101., 101., 101., 101., 101., 101.,
       101., 101., 101., 101., 101., 101., 101., 101., 101., 101., 101.,
       101., 101., 101., 101., 101., 101., 101., 101., 101., 101., 101.,
       101., 101., 101., 101., 101., 101., 101., 101., 101., 101., 101.,
       101., 101., 101., 101., 101., 101., 101., 101., 101., 101., 101.,
       101., 101., 101., 101., 101., 101., 101., 101., 101., 101., 101.,
       101., 101., 101., 101., 101., 101., 101., 101., 101., 101., 101.,
       101., 101., 101., 101., 101., 101., 101., 101., 101., 101., 101.,
       101., 101., 101., 101., 101., 101., 101., 101., 101., 101., 101.,
       101., 101., 101., 101., 101., 101., 101., 101., 101., 101., 101.,
       101., 101., 101., 101., 101., 101., 101., 101., 101., 101., 101.,
       101., 101., 101., 101., 101., 101., 101., 101., 101., 101., 101.,
       101., 101., 101., 101., 101., 101., 101., 101., 101., 101., 101.,
       101., 101., 101., 101., 101., 101., 101., 101., 101., 101., 101.,
       101., 101., 101., 101., 101., 101., 101., 101., 101., 101., 101.,
       101., 101., 101., 101., 101., 101., 101., 101., 101., 101., 101.,
       101., 101., 101., 101., 101., 101., 101., 101., 101., 101., 101.,
       101., 101., 101., 101., 101., 101., 101., 101., 101., 101., 101.,
       101., 101., 101., 101., 101., 101., 101., 101., 101., 101., 101.,
       101., 101., 101., 101., 101., 101., 101., 101., 101., 101., 101.,
       101., 101., 101., 101., 101., 101., 101., 101., 101., 101., 101.,
       101., 101., 101., 101., 101., 101., 101., 101., 101., 101., 101.,
       101., 101., 101., 101., 101., 101., 101., 101., 101., 101., 101.,
       101., 101., 101., 101., 101., 101., 101., 101., 101., 101., 101.,
       101., 101., 101., 101., 101., 101., 101., 101., 101., 101., 101.,
       101., 101., 101., 101., 101., 101., 101., 101., 101., 101., 101.,
       101., 101., 101., 101., 101., 101., 101., 101., 101., 101., 101.,
       101., 101., 101., 101., 101., 101., 101., 101., 101., 101., 101.,
       101., 101., 101., 101., 101., 101., 101., 101., 101., 101., 101.,
       101., 101., 101., 101., 101., 101., 101., 101., 101., 101., 101.,
       101., 101., 101., 101., 101., 101., 101., 101., 101., 101., 101.,
       101., 101., 101., 101., 101., 101., 101., 101., 101., 101., 101.,
       101., 101., 101., 101., 101., 101., 101., 101., 101., 101., 101.,
       101., 101., 101., 101., 101., 101., 101., 101., 101., 101., 101.,
       101., 101., 101., 101., 101., 101., 101., 101., 101., 101., 101.,
       101., 101., 101., 101., 101., 101., 101., 101., 101., 101., 101.,
       101., 101., 101., 101., 101., 101., 101., 101., 101., 101., 101.,
       101., 101., 101., 101., 101., 101., 101., 101., 101., 101., 101.,
       101., 101., 101., 101., 101., 101., 101., 101., 101., 101., 101.,
       101., 101., 101., 101., 101., 101., 101., 101., 101., 101., 101.,
       101., 101., 101., 101., 101., 101., 101., 101., 101., 101., 101.,
       101., 101., 101., 101., 101., 101., 101., 101., 101., 101., 101.,
       101.])