
-0.00000000e+00, -0.00000000e+00, -0.00000000e+00, -0.00000000e+00,
       -0.00000000e+00, -0.00000000e+00, -0.00000000e+00, -0.00000000e+00,
       -0.00000000e+00, -0.00000000e+00, -0.00000000e+00, -0.00000000e+00,
       -0.00000000e+00, -0.00000000e+00, -0.00000000e+00, -0.00000000e+00,
       -0.00000000e+00, -0.00000000e+00, -0.00000000e+00, -0.00000000e+00,
       -0.00000000e+00, -0.00000000e+00, -0.00000000e+00, -0.00000000e+00,
       -0.00000000e+00, -0.00000000e+00, -0.00000000e+00, -0.00000000e+00,
       -0.00000000e+00, -0.00000000e+00, -0.00000000e+00, -0.00000000e+00,
       -0.00000000e+00, -0.00000000e+00, -0.00000000e+00, -0.00000000e+00,
       -0.00000000e+00, -0.00000000e+00, -0.00000000e+00, -0.00000000e+00,
       -0.00000000e+00, -0.00000000e+00, -0.00000000e+00, -0.00000000e+00,
       -0.00000000e+00,  1.37859208e-09,  1.62924518e-09,  1.99129967e-09,
        2.56024243e-09