0.015625
0.1823229492187493
0.34907222089080414
0.5158155386060522
0.6825274810769447
0.8491971508872682
1.016036064512713
1.1827573843205252
1.3494267953649808
1.5162559470226478
1.6829623523721038
1.849733371196054
2.016572034671256
2.18334712565407
2.35021833350971
2.516967571304592
2.683771989527509
2.8505228122714787
3.0173422825232072
3.1840932904341788
3.350890317841073
3.517619394189775
3.6845277972108716
3.85138966760178
4.018211984961045
4.1850600065347985
4.3518649531458635
4.518663871627125
4.685430944528453
4.852204601262578
5.019084173833851
5.185798941732595
5.352607482547659
5.519377407588845
5.686168989441728
5.8529563246846905
6.019647761376063
6.186369452081172
6.353103628712385
6.519894082323547
6.68656127092262
6.853368705313887
7.020049625732302
7.186762382224586
7.353584248674256
7.520361867759416
7.687106316603315
7.85388725459038
8.020721025471742
8.187565037193583
8.354445267592356
8.521200350833006
8.687968431712022
8.854770072740546
9.021536950205721
9.188209575846987
9.354990941131968
9.52175205031009
9.688512957957105
9.855187237408067
10.0218722113742
10.188666490127007
10.355337096321534
10.522198315924507
10.688999423841908
10.855890522097603
11.022672090445633
11.189381026863442
11.35608930540722
11.522819317272539
11.689503625259887
11.856307544594824
12.022993462331277
12.189668679502754
12.356587897289273
12.523374576972722
12.69006712456381
12.856808271614343
13.02356529521611
13.190507038449026
13.35731430656236
13.524125863610129
13.690874115963561
13.857617863240327
14.0242949806825
14.191109245069335
14.357845644311125
14.524576934578807
14.691359232361568
14.858028612780654
15.024881110350982
15.19175786882302
15.358529563088315
15.525438478430685
15.692157249899683
15.85903542097721
16.02579350588306
16.19246079161051
16.359269937471588
16.525998179299055
16.692846325398538
16.859582396064738
17.026249873024764
17.193156416290893
17.359920725726052
17.526799286308268
17.693475725908115
17.86022115500408
18.026951696047064
18.193655935975016
18.360349574352508
18.52704744385259
18.69389910174343
18.860659327588806
19.02740189464433
19.194124847015217
19.360947036552698
19.52765417206593
19.69434768621475
19.86105142731262
20.027764660485747
20.194568595477318
20.36131774068456
20.528049213679505
20.694927601793182
20.861720696201868
21.02852277977354
21.195274419431385
21.36196008086768
21.528710605453874
21.695640575234286
21.862514262732653
22.029307348803986
22.19599623179969
22.36279587194123
22.529660960294475
22.69644001762747
22.86316399348989
23.029887719033777
23.196624437136013
23.36343552026035
23.530325872753174
23.697251750051247
23.864197373178897
24.030890843485707
24.19767675117008
24.364395817343276
24.531084118824456
24.697765432473048
24.864466072118997
