0.9605344522844548,0.9605238177861937,0.9604892523510937,0.9604765095130954,0.960486775551747,0.9604888256552033,0.9604831437124581,0.9604852404552902
0.960494558941078,0.9604839139397161,0.9604487214161097,0.9604359658065846,0.9604465772077346,0.9604488239550912,0.9604426482493982,0.960444944321901
0.9604635391912566,0.9604528860233792,0.9604171594830171,0.9604043939285816,0.9604153199808863,0.9604177197663224,0.9604110690990411,0.9604135199502053
0.9604322373102769,0.9604215759019177,0.9603853365405235,0.9603725609593221,0.960383778061169,0.9603863324587196,0.9603793116106447,0.960381918731247
0.9604006833415271,0.9603900136266379,0.9603532265289312,0.9603404408309046,0.9603519817136981,0.9603546921520529,0.9603471807310084,0.9603499454786997
0.9603688828119816,0.9603582047259738,0.9603209013649376,0.9603081054826921,0.9603199364999817,0.9603228043830827,0.9603149216873506,0.9603178453784607
0.9603368386601288,0.9603261521391986,0.9602882878560379,0.9602754816991326,0.9602876453717013,0.960290672092835,0.9602822836260321,0.9602853675835756
0.9603045561456316,0.9602938611273655,0.9602554773860583,0.96024266089285,0.960255113621352,0.9602583005502379,0.9602495400017115,0.9602527855046679
0.9602720279140633,0.960261324334118,0.9602223664157379,0.9602095394919752,0.9602223338280576,0.9602256823749087,0.9602164007559453,0.9602198091459764
0.960239256909172,0.9602285447039878,0.9601890640222421,0.9601762266080447,0.9601893089505091,0.9601928205133952,0.960183165973542,0.9601867385554179
0.9602062492908037,0.9601955283984493,0.9601554602001052,0.9601426122009484,0.9601560451867361,0.9601597211370041,0.9601495301063343,0.960153268184188
0.9601730036714105,0.9601622740295985,0.9601216799778385,0.9601088213385893,0.9601225411307555,0.9601263828490614,0.9601158183072609,0.9601197231650531
0.9601395194207223,0.9601287809670056,0.9600875859524192,0.960074716574679,0.9600887961374429,0.9600928050117814,0.9600816884120766,0.960085761372963
0.9601222334478832,0.960111490445231,0.9600697832632996,0.960056908278476,0.9600712676444321,0.9600754433677707,0.960063957353527,0.9600681979841998
0.9600884961940892,0.9600777443134947,0.9600354238009541,0.9600225379947149,0.9600372657287519,0.9600416110418684,0.9600295582227243,0.9600339692265363
0.9600544868665948,0.9600437260368306,0.9600008740728891,0.9599879773857629,0.9600029891346671,0.9600075056109276,0.9599950786313445,0.9599996614780646
0.9600202397220259,0.9600094698808839,0.9599659902959596,0.9599530826232039,0.9599684723801978,0.9599731614227747,0.9599601512058016,0.9599649072393599
0.9633450676109339,0.9633351743563616,0.9632969583076283,0.9632851017064217,0.9632978717960752,0.9633023351611536,0.9632901807305259,0.963294706052499
0.9633396784821981,0.9633297838039439,0.9632912718826372,0.963279413483505,0.9632923109666667,0.9632969323081113,0.9632842462642017,0.9632889294117566
0.9633342607462463,0.9633243646367615,0.9632858955068764,0.9632740354078588,0.9632867204771605,0.9632915007341929,0.9632784902031657,0.9632833319906906
0.9633288198764127,0.9633189223295928,0.9632803992443693,0.9632685374075736,0.9632811059764155,0.9632860459261927,0.96327249220337,0.963277493338593
0.9633233584133547,0.9633134594237709,0.9632749790991602,0.9632631155486646,0.9632754700856208,0.9632805704307232,0.9632666956096791,0.9632718566680576
0.9633178835577529,0.9633079831218776,0.9632694487929827,0.963257583493967,0.9632698202361998,0.9632750814665796,0.9632606532274854,0.9632659746351315
0.9633123694207861,0.9633024675282511,0.9632639759200763,0.9632521088907113,0.963264129705391,0.9632695530774822,0.9632548064688504,0.9632602893443745
0.9633068340110718,0.963296930656266,0.9632550578555343,0.9632431880065853,0.9632584170749137,0.963264003317692,0.9632488173188616,0.9632544623088588
0.959704638327544,0.9596937854604315,0.9596447346294861,0.9596317258083926,0.9596503504520546,0.9596566500902839,0.9596392940500225,0.9596456571290313
0.9596685480844789,0.959657685725045,0.9596080200848878,0.9595949997066084,0.9596139708871825,0.9596204546350486,0.9596029046483141,0.9596094515125
0.9596322485502187,0.9596213766438308,0.959571092481246,0.9595580604792313,0.9595773798988978,0.959584048979002,0.9595663037383926,0.959573035646808
0.959595716475204,0.9595848349611285,0.9595339281398854,0.9595208844401397,0.9595405540366919,0.9595474097977943,0.9595294678646882,0.9595363862011419
0.9595589498064805,0.9595480586234477,0.9594965249689267,0.9594834694968091,0.9595034912220972,0.9595105350266644,0.9594923949479739,0.9594995011102345
0.95952194697423,0.9595110460605691,0.9594588813668163,0.9594458140471893,0.9594661898636645,0.9594734230853388,0.9594550833962245,0.9594623787934367
0.9594847205265757,0.9594738098239195,0.959421010039897,0.9594079308016363,0.9594286626014523,0.9594360865532836,0.9594175458546315,0.9594250318338613
0.9594472428804572,0.9594363223231999,0.959382883023423,0.9593697917866095,0.9593908816210015,0.959398497759691,0.9593797544976232,0.9593874325529186
0.9594095234039519,0.9593985929289544,0.9593445097998121,0.9593314064875238,0.9593528563562201,0.9593606660942633,0.9593417187629985,0.9593495903430544
0.9593715601348771,0.9593606196784945,0.9593058883534327,0.9592927728881226,0.9593145848121882,0.9593225895824715,0.9593005182936081,0.9593085854327528
0.9593335081567973,0.9593225576961675,0.9592672498718058,0.9592541222486837,0.9592762227788916,0.9592844237446396,0.9592616312720454,0.9592698936333932
0.9592951254835878,0.9592841649322319,0.9592281247841199,0.9592149848506513,0.9592375267695719,0.9592459258809516,0.9592227603996959,0.9592312197682937
0.9592755722183797,0.9592646065266928,0.9592080075675069,0.9591948613045682,0.9592176838234034,0.9592262788051307,0.9592023852085467,0.9592110392741462
0.9592368847624735,0.9592259089006516,0.9591685667556009,0.9591554080838698,0.9591786783664824,0.9591874742780389,0.9591632063511863,0.9591720600484794
0.9592166057704796,0.9592056245779177,0.9591477180730499,0.959134552842184,0.9591581047660365,0.9591670991751191,0.9591420879252399,0.9591511387906684
0.9591776455963203,0.9591666541626642,0.9591079935251638,0.9590948157971506,0.9591188219673281,0.9591280200716459,0.9591026332856118,0.959111886386264
0.9632137002943881,0.9632037723382316,0.9631530474892964,0.9631411453903227,0.9631621284637151,0.9631706134010756,0.963147471191778,0.9631560044572847
0.9632076648146923,0.9631977352643535,0.9631469273874689,0.9631350233537856,0.9631558954762931,0.9631645613058772,0.9631411156931076,0.9631498274094661
0.9632016027523638,0.9631916716008335,0.9631409304274157,0.9631290244979638,0.9631496348581148,0.9631584825008823,0.9631343661625416,0.9631432572216487
0.9631955243299621,0.9631855915729304,0.9631347672895572,0.9631228594118164,0.9631433571742178,0.9631523872365169,0.963127970103508,0.9631370409202609
0.963189429773607,0.9631794954068229,0.9631287378073732,0.9631168280236089,0.9631370626569762,0.9631462757390366,0.9631211783263451,0.9631304294880465
0.9631833194048411,0.9631733834241418,0.9631225426474397,0.9631106309052935,0.9631307516370815,0.9631401483303532,0.9631147536593161,0.9631241855588049
0.9631771942297713,0.9631672566312568,0.9631164825215903,0.9631045688637625,0.9631244251522306,0.9631340060189313,0.9631081204339513,0.9631177335756302
0.9631710723173974,0.9631611331019416,0.9631103507316654,0.963098435135517,0.9631181019022006,0.963127866924189,0.9631014904390951,0.9631112847612959
0.9588204294837657,0.9588093441745864,0.9587496392881956,0.9587363488508733,0.9587586000264594,0.958769691515543,0.9587390192087761,0.9587501474703843
0.9587805597004899,0.9587694639161475,0.9587097027043419,0.9586963997092244,0.958718397908116,0.9587296964413132,0.9586984066239703,0.9587097481325775
0.9587410092571407,0.9587299030820375,0.9586700859988078,0.9586567705470812,0.9586785173717391,0.9586900213328255,0.9586581018258573,0.9586696554522098
0.9587017754978497,0.958690659015679,0.9586307865111956,0.9586174587031939,0.9586389557264305,0.9586506635285819,0.9586181011255406,0.9586298657605377
0.9586628954014214,0.9586517687055749,0.9585918412821786,0.9585785012298635,0.9585997502601604,0.9586116601303096,0.9585781951738883,0.958590169581532
0.9586245209498436,0.9586133841736248,0.9585533185551165,0.958539966391891,0.9585610542521263,0.958573163614157,0.9585392759146336,0.9585514578269325
0.9585864494377363,0.9585753026611881,0.9585152672643307,0.9585019031389634,0.9585226632562904,0.9585349706292674,0.9585001420248473,0.9585125305580244
0.9585488404712279,0.9585376838163004,0.9584775111608212,0.958464135166653,0.9584847382381396,0.9584972413001915,0.9584619669006627,0.958474560013709
0.9585117408435369,0.9585005744444557,0.9584404335382708,0.958427045889118,0.958447326381989,0.9584600225782678,0.9584239028372468,0.958436698497088
0.9584751980042112,0.9584640220076412,0.9584037452075991,0.9583903460263465,0.958410475550572,0.9584233620745237,0.9583870126721519,0.9584000082906607
0.9584393394040329,0.958428153990097,0.9583678264826834,0.9583544160117319,0.9583743143229866,0.9583873876670657,0.958350812144414,0.9583640046470305
0.9584040919739096,0.9583928973035147,0.9583325199552686,0.9583190983875216,0.9583387689615206,0.95835202605337,0.9583152275165001,0.9583286142092169
0.9583695491478756,0.9583583454064444,0.9582979192158789,0.9582844867736269,0.9583039337000081,0.9583173709821429,0.9582803531295978,0.9582939308014491
0.9583356805546739,0.9583244679196288,0.9582639938421942,0.9582505507381354,0.9582697778769282,0.9582833919890807,0.9582461583475523,0.9582599239385674
0.9583026340701619,0.9582914127577369,0.9582308919578144,0.9582174384511735,0.9582364506033365,0.9582502374418449,0.958209674241244,0.9582236248888547
0.958270657497664,0.9582594277891257,0.9581988617813009,0.9581853982092683,0.9582042016464174,0.9582181559605949,0.9581767668065577,0.9581908962386791
0.963076657547909,0.9630666933967906,0.9630157084910751,0.963003762979358,0.9630206636692902,0.9630331804934749,0.9629968600960768,0.963009542163018
0.9630740291316464,0.9630640642863837,0.9630131509789746,0.9630012046588976,0.9630179506792154,0.9630305442385685,0.9629934715617057,0.9630062377423276
0.9630714820301718,0.963061516512242,0.9630105246134757,0.9629985774632799,0.9630153215285611,0.9630279895250264,0.962990840407498,0.9630036880479547
0.9630728176648209,0.9630628524996188,0.9630119375577126,0.9629999908541063,0.9630165832568471,0.963029322153931,0.9629917600892135,0.9630046856135939
0.9630704533903414,0.9630604876007562,0.9630095694690073,0.9629976220169181,0.9630141419625569,0.9630269507438192,0.9629889706895267,0.9630019729585482
0.9630681558286511,0.9630581894323023,0.9630071930392632,0.962995244836053,0.963011769403848,0.9630246462308887,0.9629858727761973,0.9629989499507077
0.9630522872929836,0.9630423167059541,0.9629913740650968,0.9629794208620335,0.9629957831171798,0.963008730652194,0.9629698902502037,0.9629830446643848,0.9629604048250726
0.9630488641291659,0.9630388926381301,0.9629878701790286,0.9629759158685136,0.9629922853152346,0.9630052971873733,0.9629656399796251,0.9629788653044602,0.962956940597435
0.9580340722023484,0.9580227803835624,0.9579618799534251,0.9579483419226944,0.957965970493462,0.9579807759269381,0.9579338666311916,0.9579489212224903,0.9579264739236373
0.9580120274302459,0.9580007298250006,0.957939798238918,0.9579262532712955,0.9579437841299572,0.9579586617549438,0.9579116776968055,0.9579268112433954,0.9579042924768673
0.9579903036375932,0.9579790003302924,0.9579181232917522,0.9579045715152052,0.9579219218998434,0.9579368696018107,0.9578888865692334,0.957904097126133,0.9578824325013529
0.9579687908092196,0.9579574818553851,0.9578965744569852,0.9578830159113072,0.9579002730971407,0.9579152891022249,0.9578667615894125,0.9578820470758269,0.9578607832281634
0.9579474676299979,0.9579361530795514,0.9578752155897665,0.9578616503348043,0.9578788162582004,0.9578938988748611,0.9578448201531637,0.9578601787405754,0.9578393232077917
0.9579264097495113,0.9579150896722304,0.9578540370908033,0.9578404651833878,0.9578576275487549,0.9578727748158218,0.9578236422095363,0.9578390715846219,0.9578181285384837
0.9579055312208529,0.9578942056639481,0.9578332089956709,0.9578196305460367,0.9578366204532418,0.9578518307046835,0.9578016333869526,0.9578171320938336,0.9577971127155307
0.9578848878189876,0.9578735568443033,0.9578124455886681,0.9577988606172978,0.9578158511073185,0.9578311224965144,0.9577803567638692,0.9577959226045267,0.9577763318649639
0.9578645937972698,0.9578532574966327,0.9577922030626669,0.9577786117333285,0.9577954344524058,0.9578107648099112,0.9577599629269833,0.9577755933433336,0.9577559010368588
0.9577546789458806,0.9577433138015292,0.9576820185694255,0.9576683926350065,0.9576851086274016,0.9577005284548912,0.9576489996394277,0.9576647258184428,0.9576453290992775,0.9576441165749174
0.9577246135138928,0.9577132404804822,0.9576519885471104,0.95763835318212,0.9576548923480515,0.957670371338277,0.9576192842310021,0.9576350747183782,0.9576150670631396,0.9576136771426529
0.9577229447870523,0.9577115713157802,0.9576502312500927,0.9576365953332553,0.9576531202150831,0.957668646558792,0.9576169639066512,0.9576328068780329,0.9576132720366768,0.957611702832343
0.9576069392918787,0.9575955353839449,0.9575341174505194,0.9575204450728385,0.9575366877968872,0.9575523007626028,0.9575009629270275,0.957516897893455,0.9574965664404775,0.9574948113864841,0.9574333997498943
0.9575684727060985,0.9575570587065358,0.9574955004309682,0.9574818159283158,0.9574980480193598,0.957513718063074,0.9574622821343515,0.9574782789767242,0.9574578489382648,0.9574559085524983,0.9573946415757089
0.9575300661634951,0.9575186420885251,0.9574570295659628,0.9574433329847907,0.9574594703008399,0.9574751956574716,0.9574208103520496,0.9574368681471452,0.9574191902831493,0.9574170624090346,0.9573554858250843
0.9574915958969492,0.9574801617303259,0.9574185811092828,0.957404872457194,0.9574208302922378,0.957436609398846,0.9573809481424875,0.9573970645973338,0.9573804659182767,0.9573781478850001,0.9573171781280816
0.9629582956879565,0.9629483002805543,0.9628971554576156,0.9628851724771323,0.9629006252612444,0.9629144508743104,0.9628676708067734,0.9628817942317682,0.9628653762772821,0.9628631385472766,0.9628098196637218
0.9629526092178315,0.9629426123088931,0.9628915351951728,0.9628795504385352,0.9628948856643793,0.9629087471858344,0.9628608518957749,0.9628750151786765,0.9628596247960841,0.962857215984045,0.9628044859312619
0.9629469505456665,0.9629369521425426,0.9628857919925213,0.9628738054208883,0.9628891755827869,0.9629030713706419,0.962854672227029,0.9628688732997255,0.9628539008637169,0.9628513197003741,0.96279878038611
0.9629477374138218,0.9629377392184719,0.9628865801314854,0.9628745938089225,0.9628899226722103,0.9629038486515364,0.9628549537619504,0.9628691883004541,0.9628546382240655,0.962851884673658,0.9627995456073324
0.9629422384318644,0.9629322387845012,0.9628810722685603,0.9628690842053853,0.9628843758861665,0.9628983328449738,0.9628489322885687,0.9628632009457019,0.9628490740189128,0.9628461465780409,0.9627940002992383
0.962924472169794,0.9629144678312973,0.9628632773140147,0.962851283627302,0.9628665221595838,0.9628805131705929,0.9628305889767363,0.9628448947478239,0.9628311672076342,0.9628280638580125,0.962776062564568,0.9627746657664427
0.9629176559925297,0.9629076498542684,0.9628564501288022,0.9628444542846031,0.962859656675761,0.9628736762183494,0.9628232421771776,0.9628375792768855,0.9628242771182622,0.9628209982896172,0.962769186076105,0.962767629093547
0.9629108570869804,0.9629008491535265,0.9628496402432898,0.9628376422470881,0.9628528098669005,0.9628668565812892,0.9628166648071468,0.9628310314256374,0.962817404048657,0.9628139487379157,0.9627619266646998,0.9627602085193623
0.9570895010270744,0.9570779614097824,0.9570158138376812,0.9570019787704689,0.9570169970695623,0.9570332224074185,0.9569715826013769,0.9569881806613234,0.9569755211594511,0.9569714058664316,0.9569115441831071,0.9569094075667344
0.9570428600683587,0.9570313082226645,0.9569690077828503,0.9569551580288027,0.9569701749337494,0.9569864413451883,0.956925058649021,0.9569417002933125,0.9569285621268757,0.9569242402274705,0.9568640501756893,0.9568617209650727
0.956995967610432,0.9569844034710939,0.9569221240596142,0.9569082595952034,0.9569231015310513,0.9569394080416311,0.9568764440000672,0.9568931288192963,0.9568813485482777,0.9568768175412126,0.9568172250613858,0.9568147007521148
0.9569487793282303,0.956937202818404,0.9568747695897595,0.9568608902681357,0.9568757323182484,0.956892078026282,0.9568294069025376,0.956846133164464,0.9568338357846331,0.9568290929875851,0.9567691755212078,0.9567664533471014
0.9569012685965592,0.9568896796324307,0.9568272667548081,0.956813372530283,0.9568280406547998,0.9568444246866621,0.9567811002484163,0.9567978673156803,0.956785997260386,0.9567810401269812,0.9567212621503265,0.9567183395642616
0.9568535004366776,0.9568418989514924,0.9567794187569352,0.956765509522091,0.9567800916616416,0.9567965131431857,0.9567325297126412,0.9567493365965596,0.9567378982188139,0.9567327242940804,0.9566730878891423,0.9566699623903052
0.9568051986152899,0.9567935844699054,0.9567310362105823,0.9567171117986162,0.9567316080032433,0.9567480663157164,0.9566837321552075,0.9567005780113225,0.9566892604798645,0.9566838660527941,0.9566243741243363,0.9566210420299592
0.956756277895443,0.9567446509283983,0.956682033736503,0.956668093953861,0.9566825044469194,0.9566989989827197,0.9566345713713771,0.9566514553859138,0.956639998890674,0.9566343805888775,0.9565750355820437,0.9565714934996088
0.9567068741561471,0.956695234241622,0.9566325474437527,0.956618592139608,0.9566329171337149,0.9566494472474105,0.9565849265717934,0.9566018479884804,0.9565902498011722,0.9565844044020744,0.9565252088226106,0.9565214535078685
0.956657043602744,0.9566453906296732,0.9565826336262104,0.9565686626674161,0.9565829023617967,0.9565994674040241,0.9565348541039898,0.9565518121659038,0.9565400696219009,0.9565339940086344,0.9564749503437537,0.9564709786501766
0.9566433331705384,0.9566316766046621,0.9565689002855504,0.9565549250196848,0.9565690678932453,0.9565856536130208,0.9565199714736567,0.9565369518966993,0.9565261014038318,0.956519797672909,0.9564614228029469,0.9564572350960636
0.9565931684410212,0.9565814987300465,0.9565185637281983,0.9565045726763237,0.9565187188398871,0.956535338006768,0.9564674031003022,0.95648441930772,0.9564755807138554,0.9564690415565693,0.9564108238663906,0.956406414417637
0.9565425681335169,0.9565308851641172,0.9564678787826906,0.9564538718365296,0.9564679334217492,0.9564845854756245,0.9564159590315844,0.9564330098188225,0.9564246200673256,0.9564178423725258,0.9563597843424865,0.9563551499972611
0.9565219700080403,0.9565102816416982,0.9564472462047582,0.9564332327887108,0.9564472000360094,0.956463873097124,0.9563945934491012,0.9564116665947708,0.9564037372420089,0.9563967222381562,0.9563388662317995,0.9563340067182737
0.9564709159302396,0.956459214187739,0.9563961949914395,0.9563821655676417,0.9563959602034249,0.9564126649159099,0.9563413380987817,0.9563584449527953,0.9563523158759331,0.956345056955455,0.9562868974387253,0.9562818074824075
0.9564192916908894,0.9564075764236926,0.9563443961612432,0.956330350496287,0.9563441488373434,0.9563608847994884,0.9562901870225962,0.9563073260904746,0.9563003189526045,0.956292812395267,0.9562352881122531,0.9562299640719021
0.9627974231642682,0.9627873852817421,0.9627360988430258,0.9627240649690341,0.9627387145992359,0.9627530619462681,0.9626932350433615,0.9627079281996096,0.9627026162649075,0.9626958751478245,0.9626474114662678,0.962642597123309
0.9627898918677562,0.9627798519969439,0.9627284796849855,0.9627164434036009,0.962731147155514,0.9627455075206657,0.9626863451891345,0.9627010517829153,0.9626949964883538,0.9626880411265737,0.962640210838384,0.9626351974070115
0.9627823952579748,0.9627723534080546,0.9627210467007989,0.9627090080708696,0.9627236150929106,0.9627379878735616,0.9626769813546869,0.9626917016791527,0.9626874129819556,0.9626802387693423,0.9626322420640494,0.9626270269959618
0.9627749194098807,0.9627648755863478,0.9627134830510151,0.9627014420312745,0.9627161044034691,0.9627304890385506,0.9626702070816091,0.962684939517926,0.9626798516638799,0.9626724536663624,0.962625096870299,0.9626196775403488
0.9627674851133292,0.9627574393271743,0.9627061125105758,0.9626940691620605,0.9627086359463692,0.9627230318691846,0.9626608247331616,0.9626755696766303,0.9626723335583323,0.9626647075303916,0.9626171901524159,0.9626115643293252
0.9627600611915128,0.9627500134454896,0.9626986008414444,0.962686555119584,0.9627011784617425,0.9627155851465892,0.962652770996963,0.962667527357304,0.9626648273741012,0.9626569690877227,0.9626096952883871,0.9626038608995457
0.9627526960075352,0.962742646317168,0.962691223765241,0.9626791757125825,0.962693780426318,0.9627081973302651,0.9626447734103991,0.9626595405952243,0.962657381756415,0.9626492877615636,0.9626022593921668,0.9625962149851133
0.9627453510623851,0.9627352994330343,0.9626838669606528,0.9626718165836228,0.9626864031363138,0.9627008298025665,0.9626367905984516,0.9626515681058871,0.9626499577649144,0.9626416235149631,0.9625948436003267,0.9625885867096833
0.95596063162745,0.9559487962362812,0.9558849692782814,0.9558707796081598,0.9558838265320582,0.9559008236467406,0.9558221586983786,0.9558395702841229,0.9558383291619492,0.9558283486851233,0.9557720304259594,0.9557644958862486
0.9559099638020978,0.9558981151450472,0.9558342167705849,0.9558200111972823,0.9558329797318499,0.9558500021186869,0.9557712414416222,0.9557886789199166,0.9557873026437413,0.9557770315295828,0.9557208976378371,0.9557130971658838
0.9558593321018949,0.9558474701892379,0.9557835004538959,0.9557692789897361,0.9557821693116575,0.9557992166935583,0.9557203607135012,0.9557378237707863,0.955736313163362,0.9557257584729189,0.9556697979239777,0.9556617240198724
0.955808721475438,0.9557968463135142,0.9557328052516672,0.9557185679042484,0.9557313801474523,0.9557484522640818,0.9556695013642207,0.9556869897062858,0.9556853456044028,0.9556745145106909,0.9556187159756868,0.955610360870764
0.9557581422385781,0.9557462538364199,0.9556821414969623,0.9556678882771188,0.9556806225842791,0.955697719175008,0.955618673748456,0.9556361870836363,0.9556344104162915,0.9556233103842782,0.9555676620982563,0.9555590178981967
0.9557077442961617,0.9556958427020386,0.9556316593450991,0.9556173903107024,0.9556300468508152,0.9556471675987661,0.955568028295096,0.9555855662771582,0.9555836581480586,0.9555722971083846,0.9555172628961426,0.9555083218946188
0.9556907463264188,0.95567884028316,0.9556147227692124,0.9556004484293112,0.9556129285630686,0.9556300606239565,0.9555526252900064,0.9555701740722604,0.9555663987806815,0.9555547941200302,0.9554994493468512,0.9554902111441665
0.955640797161208,0.9556288780445286,0.9555646003572118,0.9555503103167422,0.9555628030397869,0.9555799585957025,0.9555006913704076,0.955518264755945,0.955516099482183,0.9555042508407734,0.9554494952670383,0.9554399450974356
0.955590928047747,0.9555789958793948,0.9555147379218172,0.955500432263167,0.955512757851454,0.9555299366765733,0.9554523206742418,0.9554699170750391,0.9554658814457508,0.9554537958174809,0.9553986653785667,0.9553887917410764
0.9555415021242721,0.9555295570210203,0.955465139439277,0.9554508182460699,0.9554631573536525,0.9554803590950984,0.9554009088025213,0.9554185291830464,0.9554161100114804,0.9554037944193403,0.955349234968792,0.9553390242950126
0.9554924824480837,0.955480524517021,0.9554161280649156,0.9554017915219608,0.9554139644630555,0.9554311887905726,0.9553533954556312,0.9553710381211631,0.9553667480343842,0.9553542095346288,0.9552997352263279,0.9552891725418406
0.955444083297029,0.955432112701291,0.9553676481671098,0.9553532964417624,0.9553653942177767,0.9553826407009078,0.9553047604788301,0.9553224256471711,0.9553180113112769,0.9553052580232262,0.9552508597700033,0.9552399308986648
0.9553960829263086,0.9553840997709868,0.9553195677198927,0.9553052009381384,0.9553172240569316,0.955334492384919,0.9552565261614485,0.9552742135077688,0.9552696765684778,0.95525671574365,0.9552023847215532,0.9551910729960789
0.9553487053774328,0.9553367098262138,0.9552721111383766,0.9552577294964437,0.9552696789694264,0.9552869687491325,0.9552089177910286,0.9552266269044372,0.9552219696286541,0.9552088087007637,0.955154537035114,0.9551428328816229
0.9553025987294941,0.9552905911155862,0.9552258370221021,0.9552114408910914,0.9552234089943408,0.9552407196220607,0.9551608319505029,0.9551785628792346,0.9551755419651118,0.9551621876154883,0.9551079706324646,0.9550958801991527
0.9552577827645525,0.9552457634262783,0.9551809462180383,0.9551665360318626,0.9551784339660643,0.955195764836829,0.9551157954003775,0.955133546839841,0.9551304134873868,0.9551168724439367,0.9550627055265222,0.9550502351978163
0.9626327329724826,0.9626226516153487,0.9625711430746196,0.9625590570851974,0.9625733222280979,0.9625878571341648,0.9625250352296983,0.9625399213533699,0.9625362084628608,0.9625247307047307,0.9624810487314839,0.9624703440627711
0.9626293195464963,0.9626192372883828,0.9625676481095777,0.962555561016081,0.9625698949535593,0.96258443288023,0.9625201309464495,0.962535020699677,0.9625327628057383,0.9625212071155795,0.9624780012334477,0.9624671275906393
0.9626260187518718,0.9626159356225139,0.9625644180278858,0.9625523299139978,0.9625665807699908,0.9625811215892839,0.9625182852628718,0.9625331773610877,0.9625294308190346,0.9625177999621304,0.9624742612250594,0.962463222659272
0.9626228368983754,0.9626127529291673,0.962561231043944,0.9625491419232826,0.9625633860130482,0.9625779295924339,0.9625150864884362,0.9625299813611237,0.9625262188682167,0.9625145157437018,0.9624714475998393,0.962460249013805
0.9626049085640616,0.9625948198627414,0.9625431977184615,0.962531102901121,0.9625453945832609,0.9625599464582937,0.9624955987553485,0.9625105026375043,0.9625081687997861,0.9624963917909144,0.9624529680268608,0.9624416097809787,0.9624600981835141
0.9626003115852122,0.9625902216705553,0.9625385933184547,0.9625264970466161,0.9625407800633707,0.9625553350723837,0.9624909782633266,0.962505885292388,0.9625035336709511,0.9624916896385556,0.9624483258023113,0.9624368167109072,0.9624552598052043
0.9625957976575263,0.9625857065514578,0.9625340721037221,0.9625219744036722,0.9625362489392406,0.9625508069804456,0.9624864412819945,0.9625013513490095,0.9624989824292183,0.9624870739911453,0.9624437675019921,0.9624321120786967,0.962450501272845
0.9625913766179521,0.9625812843449968,0.9625296439270987,0.9625175448282319,0.962531811083297,0.9625463720500518,0.9624819976953449,0.9624969106876808,0.9624945249843195,0.9624825548365421,0.9624393030622707,0.9624275061654741,0.962445833023212
0.9549491873316911,0.9549370872788021,0.954871926829435,0.954857419911245,0.9548686837442242,0.9548861461263194,0.9548073899055645,0.9548252747550683,0.9548196095205832,0.9548052194021397,0.9547511104915469,0.9547368655945432,0.9547614990460733
0.9549193367291158,0.9549072288702769,0.9548419351433846,0.9548274188388737,0.9548387287959532,0.9548562028861591,0.954775626468201,0.9547935239001202,0.9547895589042876,0.9547750940422355,0.954720983527696,0.9547065734089573,0.9547311365220439
0.9548899303427674,0.9548778147944152,0.9548125710486561,0.9547980455545735,0.9548092195019875,0.9548267051443655,0.9547478472294149,0.9547657557232343,0.9547599556077506,0.9547454187599052,0.9546908208601204,0.9546762504648412,0.9547012153809848
0.9548607432124687,0.9548486200322122,0.9547832438291703,0.9547687091573829,0.9547799300864142,0.9547974272186499,0.9547167479534309,0.9547346688096621,0.954730573090403,0.9547159663745461,0.954661849067411,0.9546471225264224,0.9546715065074154
0.9547435110416518,0.9547313572100564,0.9546658160099555,0.9546512445934323,0.9546622932552955,0.9546798351615264,0.9545989514223894,0.9546169180483908,0.9546126003725208,0.9545978984103787,0.9545436726719692,0.9545287666071505,0.9545529374926729,0.9545569538794103
0.9547017022524507,0.9546895374906592,0.9546239374533265,0.9546093529337192,0.9546203385260956,0.9546378967088955,0.9545569397449414,0.9545749229565894,0.9545705182897486,0.9545557472004547,0.954501499751248,0.9544864427803741,0.9545104752468341,0.9545147342811888
0.9546600274359707,0.9546478517795636,0.9545821930967107,0.9545675955166766,0.9545785180977915,0.9545960925137091,0.9545150625502072,0.9545330623044552,0.9545285712067872,0.9545137333929679,0.9544589759827775,0.9544437728861517,0.9544681402056108,0.9544726468465481
0.9545264523055492,0.9545142417337242,0.9544484871938741,0.9544338477861845,0.9544444809802948,0.9544621063574934,0.9543826275164053,0.9544006786938948,0.9543941531288687,0.9543792215922797,0.9543248195531224,0.9543094455652052,0.9543330500930902,0.9543378180352309,0.9542664256372935
0.9544731688102841,0.9544609443121947,0.9543950227175821,0.9543803665863433,0.9543910115094965,0.954408657507982,0.9543273014678215,0.954345374372618,0.9543405253057742,0.9543255280242557,0.9542705977896342,0.954255083924785,0.9542789832577838,0.9542840094664198,0.9542118632576444
0.9544197099758245,0.9544074715065569,0.9543415670078763,0.954326894156923,0.9543373659204684,0.9543550326115273,0.9542753711661316,0.9542934644968859,0.9542867211359747,0.9542716602567665,0.9542171782494095,0.9542015296365656,0.9542247307179457,0.954230020641508,0.9541580133188887
0.9543661255406144,0.9543538730682581,0.9542878008914968,0.954273111224845,0.9542835941254286,0.9543012815587719,0.9542197383051565,0.9542378534914677,0.9542327906519015,0.9542176683296104,0.9541626541839268,0.9541468753281075,0.9541703429141974,0.9541759017461322,0.9541035796648634
0.9543124256819322,0.9543001591772484,0.9542340114665624,0.9542193049780323,0.9542297065585488,0.9542474147725699,0.9541657776108456,0.9541839140054191,0.9541787445429541,0.9541635630025562,0.9541089955017801,0.9540930919322155,0.9541158315099916,0.9541216637729202,0.9540485723489844
0.9543004329454499,0.9542881633070677,0.9542219987281875,0.9542072884829933,0.954217599256256,0.9542353125154468,0.9541536538686197,0.954171795358812,0.9541665241857338,0.9541512991714813,0.954096735414671,0.9540807262496078,0.9541031945590877,0.9541092991343552,0.9540359496577331
0.9542466724757956,0.9542343887903768,0.9541681485987621,0.9541534215140643,0.9541636499890873,0.9541813840557567,0.9540996313919297,0.9541177941205705,0.9541124161096195,0.9540971359614971,0.9540425265418506,0.9540264019670517,0.9540486028221049,0.9540549915915473,0.9539813131098913
0.9541034882053916,0.9540911671119665,0.9540247255610461,0.9540099536318638,0.9540199668450731,0.9540377555008288,0.9539557533183918,0.9539739718821614,0.9539683242610435,0.9539529617490516,0.9538982017076958,0.9538819355496242,0.9539037430888171,0.953910434126962,0.9538360624044415,0.9538397303347197
0.9540356832903907,0.9540233444846944,0.9539568075931217,0.9539420144305883,0.9539519239010219,0.9539697386603818,0.9538876180651863,0.9539058632941964,0.9539000833838096,0.9538846650555168,0.9538298410798716,0.9538134640461176,0.9538349572351685,0.9538419453123974,0.9537671790581039,0.9537711170542253
0.9624523450359794,0.9624422160702439,0.9623903879205984,0.962378244836005,0.9623922705965995,0.9624068921057678,0.9623422766745355,0.9623572505652922,0.9623544836426747,0.9623417947430699,0.9622990450733098,0.9622855172462939,0.9623012225751806,0.9623071277626964,0.9622464066677896,0.9622498311035641
0.9624478852265022,0.9624377550838492,0.9623859973090025,0.9623738528376997,0.9623877842380386,0.9624024085796217,0.9623392641946631,0.9623542403570826,0.9623499722951796,0.962337256837702,0.9622949315819049,0.9622813374640753,0.9622964011466499,0.9623025465058477,0.9622412522568806,0.9622448936831391
0.9624384926935949,0.9624283600723276,0.9623765132198459,0.962364365753162,0.9623783574994995,0.9623929864690666,0.9623283455412273,0.9623433269649035,0.9623405158246021,0.9623277738613143,0.9622850558136691,0.9622713975921089,0.9622866238227903,0.9622930129076324,0.9622318791958069,0.9622357405893283
0.9624291503487712,0.9624190152621619,0.9623671557962261,0.9623550053741958,0.9623689811935452,0.9623836146829976,0.9623189570744577,0.9623339430730113,0.9623311100443384,0.9623183432993341,0.9622756358794677,0.9622619180146688,0.9622768951380305,0.9622835293227305,0.9622221831802034,0.9622262658703864
0.9624198209386152,0.9624096833901064,0.9623578113283211,0.9623456579550711,0.9623596179267002,0.9623742558534409,0.9623095816657172,0.9623245721546212,0.9623217174445573,0.9623089274726053,0.9622666345119999,0.9622528610945407,0.9622671764971067,0.9622740579802262,0.9622121253944982,0.9622164314978867
0.9624105428311664,0.962400402834322,0.962348594716675,0.962336438432619,0.9623503062038692,0.9623649484689807,0.9623017389981523,0.9623167333000477,0.9623123766391912,0.9622995649872805,0.9622568743901807,0.9622430490540566,0.9622575080299687,0.9622646378657673,0.9622028624043244,0.962207392851081
0.9624012463000438,0.9623911038500308,0.9623392067106218,0.9623270474616619,0.9623409760293362,0.9623556225836218,0.9622909155963313,0.9623059148168707,0.9623030174195775,0.9622901853796211,0.9622479067200469,0.9622340331031134,0.962247817269378,0.9622551982271794,0.9621928329975955,0.9621975904643685
0.9623985625795446,0.9623884194213546,0.9623365951531251,0.9623244350793929,0.9623382690807096,0.9623529173470906,0.9622896867498472,0.9623046871004772,0.9623002880524052,0.9622874391008807,0.9622447674324601,0.9622308509195285,0.9622447629445181,0.9622523957886571,0.962190194507224,0.9621951799974322
0.9535219307881819,0.9535094578258274,0.9534421988181634,0.9534272448297507,0.9534361769089084,0.9534541946690727,0.9533711706178056,0.9533896231690806,0.9533826621290342,0.9533668443373446,0.9533115258760181,0.9532943719004503,0.9533124450642969,0.9533222663555072,0.953244002258145,0.9532504764712539
0.9534539285005357,0.9534414377870173,0.9533740832333462,0.9533591079650159,0.953367933365153,0.9533859768103268,0.9533028345802801,0.9533213134342144,0.9533142196543043,0.9532983632492482,0.9532424730708997,0.9532252517114275,0.9532433899952919,0.9532535431294271,0.9531753092819142,0.9531820865889893
0.9533851919476604,0.9533726832928122,0.9533053265088336,0.95329032976209,0.9532989527533957,0.9533170221588054,0.9532355881236483,0.9532540928587108,0.9532450379887274,0.9532291437568285,0.9531736798436456,0.9531563939603025,0.9531735844030202,0.9531840751549114,0.9531049468843817,0.9531120331199705
0.9533155558947506,0.9533030290653324,0.9532354801185225,0.9532204615548305,0.9532290692213057,0.9532471649245182,0.953163782252501,0.9531823146211125,0.953174950743062,0.9531590193155497,0.9531029795564974,0.9530856309958402,0.9531028602599243,0.9531136952861576,0.9530345833408607,0.9530419848218523
0.9532875013222759,0.95327496717123,0.9532074733472113,0.9531924460359573,0.953200840072542,0.9532189463979996,0.9531373462261963,0.9531558887677543,0.9531465630562743,0.9531306091488378,0.9530750433249278,0.953057649965497,0.9530738872469555,0.9530850630883425,0.9530051099347956,0.9530128262569721
0.9532170079846056,0.9532044554374619,0.9531367680666618,0.9531217186728458,0.9531300949432016,0.9531482278874688,0.9530646738685944,0.9530832443737705,0.9530756107833602,0.9530596211263733,0.9530034767482163,0.9529860251361353,0.9530022906558677,0.9530138072825731,0.9529338555860609,0.9529419009288744
0.9531462180724137,0.9531336470533769,0.9530659550685252,0.953050883560425,0.9530590518560604,0.9530772115523471,0.9529953713264412,0.9530139684962387,0.9530043595607383,0.9529883348060004,0.9529326154690856,0.9529151079482503,0.9529304085116772,0.9529422471769284,0.9528613649257758,0.9528697483541051
0.9530751165466396,0.9530625269760138,0.9529947352794625,0.9529796415319831,0.9529876956941954,0.95300588230372,0.9529239212663942,0.9529425459437393,0.9529327942446064,0.9529167350103394,0.9528609379743109,0.9528433762547546,0.9528582259108063,0.9528703674915235,0.9527890057700206,0.9527977362328255
0.9530034643099925,0.9529908560457292,0.9529229638745,0.9529078477173594,0.9529157865037825,0.952934000273777,0.9528519174472627,0.9528705698871287,0.9528606741712542,0.9528445809448829,0.9527887053263471,0.952771091085274,0.9527855005699972,0.9527979264456921,0.9527160734828692,0.9527251612965544
0.9529792365444982,0.9529666219597308,0.9528986958171206,0.9528835720830509,0.9528913866465101,0.9529096097376719,0.9528274854991463,0.9528461474367995,0.9528361167073776,0.9528200059682257,0.9527641062006693,0.952746458629876,0.9527604269101817,0.9527731045428072,0.9526908315394425,0.9527002763820571
0.9529073056511375,0.952894672302244,0.9528266453068028,0.952811499078585,0.9528191966235007,0.9528374470402532,0.9527552004690154,0.9527738903438676,0.9527637142085228,0.9527475707225279,0.9526915915396601,0.9526738950490983,0.9526874489393415,0.9527003704127155,0.952617587011025,0.9526274069952652
0.9528355590767892,0.9528229070135052,0.9527547794330593,0.9527396107703188,0.9527471911311673,0.9527654688517848,0.9526831002095142,0.95270181800019,0.9526914965427411,0.9526753208933163,0.952619262331537,0.9526015184881482,0.9526146678974183,0.9526278232266108,0.9525445073107925,0.9525547161612324
0.9527641835690028,0.9527515128897561,0.9526831896931942,0.9526679986841065,0.9526755575920114,0.9526938625175687,0.952609521034659,0.9526282673524524,0.9526196516617684,0.9526034444859426,0.9525467999454635,0.9525290101656332,0.9525422729946749,0.952555652619623,0.9524722465019253,0.9524828579097002
0.9527339627973463,0.9527212842364925,0.9526530142393506,0.9526378138117451,0.9526451532055904,0.9526634698764562,0.9525809279805066,0.9525996855708583,0.9525890829791654,0.9525728584767006,0.9525166889403436,0.9524988700230426,0.952511231609404,0.9525248151563102,0.952440432246328,0.9524514532592703
0.9526634927697231,0.9526507958313566,0.9525823313023907,0.9525671088142409,0.9525744266865614,0.9525927702980941,0.9525082531683895,0.952527039016972,0.9525181464181289,0.952501891648492,0.9524451357887629,0.9524272739957085,0.9524397719728508,0.9524535607002784,0.9523690374147904,0.9523804915538048
0.9525933383386522,0.9525806231066554,0.9525121560145609,0.9524969116262023,0.9525040164242196,0.9525223868864365,0.9524396054361755,0.9524584180242059,0.9524475267271457,0.9524312422590351,0.9523749160923942,0.9523570132124728,0.9523686435263512,0.9523826274934415,0.9522970043393624,0.9523089071954987
0.9622502599111267,0.9622400776226447,0.9621879766573138,0.962175769651749,0.9621894052211071,0.9622041127191026,0.9621391481283261,0.962154209285701,0.962150935133874,0.9621378943434971,0.9620951949824337,0.9620808514110462,0.9620902763539985,0.9621015281274532,0.9620346715762198,0.9620444468828582
0.9622537072914521,0.9622435259124971,0.9621914296005889,0.9621792236853246,0.9621928380656091,0.9622075453173062,0.9621425854429706,0.96215764631489,0.9621543528800038,0.962141308325726,0.9620986176534649,0.9620842640993543,0.9620934977451436,0.9621048815720143,0.9620377048463533,0.9620478032517135
0.9622449531943764,0.9622347695058231,0.9621826613773028,0.9621704526933963,0.9621840506385992,0.9621987622135961,0.9621337866066351,0.962148851868128,0.9621455385299456,0.9621324865036787,0.962089790618389,0.9620754235889588,0.9620844789635157,0.9620959904318431,0.9620284825326126,0.9620388920990739
0.9622364500393781,0.9622262641074575,0.9621741445011727,0.962161933128016,0.962175515052357,0.9621902307762864,0.962125239943298,0.9621403094129906,0.9621369766689292,0.9621239176600354,0.9620812164423114,0.9620668370328467,0.9620757247785894,0.9620873554710243,0.9620195290029951,0.9620302325322285
0.9622283001051191,0.9622181120230404,0.9621659814158923,0.9621537674652227,0.9621673339178458,0.962182053596508,0.9621170481966381,0.9621321216730407,0.9621287702122101,0.9621157046868227,0.9620729981891962,0.9620586074032773,0.9620673371117274,0.9620790795845484,0.9620109447111633,0.9620219300669659
0.9622205921819791,0.9622104020663791,0.9621583379036238,0.9621461215395208,0.9621595963167218,0.9621743197347545,0.962110789029216,0.9621258657102789,0.96212100850234,0.962107936919083,0.9620656327723283,0.9620512317096619,0.9620594050211579,0.9620712522550681,0.9620024446888882,0.9620137018747592
0.9622341462071637,0.9622239596674313,0.9621718369514005,0.9621596248496291,0.9621731550209258,0.9621878740383709,0.9621228769212626,0.9621379496285691,0.9621345650872377,0.9621214949181212,0.9620788014758228,0.9620643984691899,0.9620728348173766,0.9620847737281477,0.9620160886358213,0.9620276014084574
0.9622275524524511,0.962217364173124,0.9621653093914715,0.9621530952286088,0.9621665350611306,0.9621812573170629,0.9621177365854163,0.9621328119819363,0.9621279237681706,0.962114848474737,0.9620725580022955,0.9620581465382358,0.9620660450972565,0.9620780748157667,0.9620087401558965,0.9620205022127186
0.9523239535303172,0.9523111680675949,0.9522423235147086,0.9522269949349926,0.952233106608287,0.9522515877953102,0.9521683379370647,0.9521872634350057,0.9521752827808161,0.9521588640962635,0.952102249141279,0.9520841487601035,0.9520930974336008,0.9521083443947771,0.9520180724371612,0.9520332106959666
0.9522814727652418,0.9522686762295756,0.9521997721649169,0.952184430311164,0.9521904606674643,0.9522089579289199,0.9521256359470216,0.9521445778659563,0.9521324995256402,0.9521160642469666,0.9520594013904586,0.952041279870474,0.9520500170279591,0.9520653645297927,0.9519746366940871,0.9519900556662013
0.9522429500275547,0.9522301434511353,0.9521611854223959,0.9521458315319766,0.9521517861535382,0.9521702981184736,0.9520869106100063,0.9521058675255871,0.9520936987810804,0.9520772483752131,0.9520205421751051,0.9520024014807904,0.952010943933622,0.9520263831284628,0.9519352306474131,0.9519509105910617
0.9522080418308443,0.9521952261561948,0.9521261225750188,0.9521107577476668,0.9521167391199552,0.9521352645406844,0.9520499448954596,0.9520689162532616,0.9520585363541829,0.9520420721608622,0.9519848140957652,0.9519666558354349,0.951975533372444,0.951991055684472,0.9518999816620837,0.9519159020151853
0.9521772001538404,0.9521643764411583,0.9520953263138112,0.9520799518807661,0.9520857722825236,0.9521043097362696,0.9520208099225138,0.9520397928272213,0.9520274653893739,0.9520109888828978,0.95195420901551,0.9519360354838082,0.9519442387300805,0.9519598357591597,0.9518679315578411,0.9518840722233404
0.9521505728936677,0.9521377422415684,0.9520686548185426,0.9520532720666566,0.9520590342055881,0.9520775821959007,0.951994036647619,0.9520130302892198,0.9520006349685657,0.9519841476800488,0.9519273381734206,0.9519091511446305,0.9519172098593545,0.9519328730928251,0.9518406454265047,0.951856984493644
0.9521284181388381,0.9521155817130857,0.952046463259822,0.9520310735865949,0.9520367835889747,0.9520553405073175,0.9519717567154757,0.9519907594490176,0.951978304197987,0.951961807745392,0.9519049737382095,0.9518867752490656,0.9518947062512972,0.9519104272331005,0.9518179135568485,0.9518344286526721
0.952160862148939,0.9521480341783277,0.9520789611668727,0.9520635816295042,0.9520692398024118,0.9520877851255729,0.9520042555384645,0.9520232463521787,0.95201075192036,0.951994264728703,0.9519374690287112,0.9519192796389715,0.9519270921350951,0.9519428463372612,0.9518501803345725,0.9518668310265603
0.9521476231296766,0.9521347917088443,0.9520656033814698,0.9520502196778562,0.9520559355763107,0.9520744865268345,0.9519890588267159,0.9520080560798587,0.9519973924678691,0.9519808993992105,0.9519235760474336,0.9519053790825858,0.9519136116271687,0.9519294067584332,0.9518370059318118,0.9518537852418627
0.9521386839029857,0.9521258501525296,0.9520567460775144,0.9520413596113801,0.9520469457012188,0.9520655006603875,0.9519819319595306,0.9520009325561953,0.9519883591067535,0.9519718617521993,0.9519150422808393,0.9518968400579024,0.9519044812102047,0.9519203096259667,0.9518272687872316,0.9518441549324652
0.952175842236298,0.9521630181697178,0.9520938694230021,0.9520784945355434,0.9520841450063697,0.9521026865802686,0.9520173062586061,0.9520362938342806,0.9520255756559322,0.9520090896166766,0.9519518006536687,0.9519336101664462,0.9519416945380159,0.9519575356495171,0.9518649126808747,0.951881870133523
0.9522149138004681,0.952202099916851,0.9521331026156237,0.9521177399654734,0.9521232667352009,0.9521417941519321,0.9520583531976385,0.9520773255252502,0.9520647224759546,0.9520482485594428,0.9519915182742666,0.9519733409250875,0.9519808552461586,0.9519967032961361,0.951903584802309,0.951920595746568
0.9522163216965855,0.9522035081799074,0.9521344162129928,0.9521190539725799,0.9521246597730502,0.9521431871727015,0.952057875693022,0.9520768486959759,0.9520661007236948,0.9520496264585308,0.9519923857802075,0.9519742075390707,0.951982194882312,0.9519980577178655,0.9519053361430525,0.9519223985634016
0.9522673747938319,0.9522545745835473,0.9521855542321549,0.9521702079432217,0.9521757935931432,0.9521943022764789,0.9521090786273723,0.9521280324404924,0.9521172821281443,0.9521008242125666,0.9520436434006507,0.9520254829605324,0.9520334310137915,0.9520492893979211,0.951956603882989,0.9519736894538875
0.9523229367963704,0.9523101510686205,0.9522412086630976,0.9522258797355916,0.9522314456418437,0.9522499342819255,0.9521648058385099,0.9521837390959504,0.9521729889038051,0.9521565485309076,0.9520994331354826,0.9520812918630737,0.952089203991628,0.9521050552617174,0.9520124220146753,0.9520295240099439
0.9523791422265213,0.9523663711500265,0.9522975075987554,0.9522821962349404,0.9522877430073087,0.9523062118388934,0.952221179153014,0.9522400920870557,0.9522293435283189,0.952212920497818,0.9521558716670737,0.9521377493877854,0.9521456294522392,0.952161472337151,0.9520688999698512,0.9520860132552125
0.9622274581517416,0.9622172698475375,0.9621652149387845,0.9621530007460994,0.9621663218963972,0.962181051460941,0.9621175235298074,0.962132605858498,0.9621276032474091,0.9621145076907609,0.9620722377813802,0.9620577881903376,0.9620647786474483,0.9620774100615672,0.9620060282400511,0.9620196743381122
0.9622135628436126,0.9622033708735283,0.9621512203741451,0.9621390017627063,0.9621523743302751,0.9621671092059105,0.9621020696264999,0.9621171579728689,0.9621136114276594,0.9621005111391518,0.9620578184380606,0.9620433634744141,0.9620507328673835,0.9620633694484211,0.9619923323460524,0.9620059865664541,0.9620164891538321
0.9622163024942598,0.9622061112469498,0.9621539644454973,0.962141746700488,0.9621551106318647,0.9621698444655518,0.9621048094849194,0.9621198967644087,0.9621163427746642,0.9621032434098589,0.9620605537186961,0.9620460997741989,0.9620534600967146,0.962066096339927,0.9619950608887273,0.9620087171116676,0.9620190811256644
0.9622136066757212,0.9622034147172005,0.9621513411394089,0.962139122566102,0.9621524027193256,0.9621671375841507,0.9621035867949959,0.9621186745505925,0.9621136243172133,0.9621005240330651,0.9620582388659356,0.962043784058938,0.9620507286063753,0.9620633662489959,0.961991948511441,0.9620056084713178,0.962016206265526
0.9621992755459421,0.9621890798066284,0.9621369869136471,0.9621247638081019,0.9621380176466676,0.9621527579890914,0.9620891835772281,0.9621042769412789,0.9620991935568808,0.9620860883925124,0.9620437874747441,0.9620293272832925,0.9620362423803384,0.9620488852126192,0.9619774381684596,0.961991105582013,0.9620015396206236,0.9619534029914736
0.9621781420338513,0.9621679407192798,0.9621158193436101,0.962103589554707,0.9621168056403415,0.9621315540597759,0.9620679448149705,0.9620830464489853,0.9620779152316901,0.9620648028715346,0.9620224787297529,0.962008010599031,0.9620148837216167,0.9620275339431921,0.9619560452491418,0.9619697222686976,0.9619799777909408,0.9619227052989221,0.9619790222221936
0.962173137232673,0.9621629345977996,0.9621107295340858,0.9620984981381715,0.9621117696945749,0.9621265200315432,0.9620614122115083,0.9620765163891511,0.962072850999308,0.9620597369265862,0.962016999308926,0.9620025291367007,0.9620097873969191,0.9620224396767818,0.9619513142382194,0.9619649947675084,0.9619747119119666,0.9619147338654226,0.9619733499542771
0.951917394768123,0.9519045033564262,0.9518349921607239,0.9518195365411324,0.9518240094302548,0.9518426527005024,0.9517568181353215,0.95177590968756,0.9517639304585326,0.9517473519491968,0.9516897642963438,0.951671470464966,0.9516782847567815,0.9516942818626506,0.9516007948929874,0.9516180948755022,0.9516336089714188,0.9515576000781882,0.9516314338956458
0.9518376597085749,0.9518247475241892,0.95175512453199,0.9517396440104864,0.9517439662785505,0.9517626396461816,0.9516766667224752,0.9516957890931708,0.9516836322186264,0.9516670268949925,0.9516093463106536,0.9515910228934121,0.951597689332536,0.9516137123171269,0.9515200723938406,0.9515374013425384,0.9515525747236238,0.951476491102943,0.9515498818286774
0.9517569200732268,0.9517439868565172,0.9516742506711382,0.9516587449364884,0.9516629143709745,0.9516816182122734,0.9515955052009042,0.9516146587753476,0.9516023217026575,0.9515856892293975,0.9515279145520634,0.9515095611789761,0.951516077582836,0.9515321267668531,0.9514383321702655,0.9514556903500762,0.9514705149219258,0.9513943563642464,0.9514672966029394
0.9515714835804301,0.9515585020662476,0.9514885059527394,0.9514729423200301,0.9514767721388644,0.9514955459538779,0.9514091112753542,0.9514283364998883,0.9514155969828824,0.9513989021724376,0.9513409114543783,0.9513224893008936,0.9513286725317149,0.9513447819248788,0.9512506343026337,0.9512680584263993,0.9512823612291714,0.9512056892967884,0.9512786015157624,0.9512040740947734
0.9515063009127127,0.9514933024241374,0.9514233129910854,0.951407729040374,0.9514112513071653,0.9514300497486459,0.9513454012657927,0.9513646509767719,0.9513497810841838,0.9513330643048279,0.951275517498541,0.9512570712966737,0.951262526815859,0.9512786574204808,0.9511839067574086,0.9512013547501794,0.9512157134838821,0.951139068671959,0.9512114133954157,0.9511369232288425
0.9513952328720496,0.9513822054630903,0.9513119623555264,0.9512963437051112,0.951299754287368,0.951318594631217,0.9512318541247728,0.9512511474719407,0.9512379288616837,0.9512211747508854,0.9511629785200133,0.9511444909369005,0.9511502607687274,0.9511664274044414,0.9510719427424208,0.9510894302544379,0.9511028910304233,0.9510259069263582,0.9510980367261401,0.9510232189009913
0.9512818168060659,0.951268759869424,0.951198456326461,0.951182802309575,0.951185901168589,0.9512047842943225,0.9511197550821977,0.9511390915030613,0.9511237140215825,0.9511069217961212,0.9510491158707954,0.9510305864255637,0.9510356243567375,0.9510518277779452,0.9509566472011215,0.9509741753316048,0.950987685232872,0.9509106551819992,0.9509822675043564,0.9509074150589483
0.9512120307761776,0.951198955672909,0.9511285545004318,0.9511128787058367,0.9511157579596456,0.9511346674396712,0.9510495197431521,0.9510688831486795,0.9510532597572703,0.9510364440231749,0.9509785573586811,0.9509600019752449,0.9509648218561093,0.9509810479704779,0.9508857330279921,0.9509032863169533,0.9509163453407854,0.9508391883172402,0.9509103613857444,0.950835391056799
0.9511675409586053,0.9511544542746131,0.951083990866251,0.9510683011889682,0.9510709557939023,0.9510898821058595,0.9510046587361027,0.9510240393761666,0.95100817443346,0.9509913436567168,0.9509334053292955,0.9509148333485862,0.9509194293288026,0.9509356699674232,0.9508402686492983,0.9508578382212893,0.9508704294627188,0.9507931845143152,0.9508638742013507,0.9507888233300867
0.9510507611217163,0.9510376440428892,0.9509670172908364,0.9509512911769851,0.9509537226389966,0.9509726929904148,0.9508872716283823,0.9509066973612748,0.9508905654829134,0.9508736954700656,0.9508156223899324,0.9507970071181715,0.9508013829366069,0.9508176614575059,0.9507220369125575,0.9507396479773114,0.9507517795515092,0.9506743360704821,0.9507446361323901,0.9506693967894675
0.9509326946982946,0.9509195468942233,0.9508486558655069,0.9508328928881398,0.9508351971830653,0.9508542120529282,0.9507666692787624,0.9507861413327765,0.9507716593502762,0.9507547496743605,0.9506960143280085,0.9506773551008181,0.9506820337545843,0.9506983506139266,0.9506029837142129,0.95062063653336,0.9506318210050302,0.9505540195054694,0.9506240686084868,0.9505484888409557
0.9508136883230986,0.9508005095537044,0.9507295512769667,0.9507137512100605,0.9507157271834095,0.9507347869199037,0.9506489637053395,0.950668480961228,0.9506518046948891,0.9506348550454045,0.9505765084649407,0.9505578053263595,0.9505617314821826,0.9505780870569673,0.9504820095318616,0.9504997047981176,0.9505109232863145,0.9504330284141389,0.950502503612199,0.9504268800074462
0.950693532002636,0.9506803219733191,0.9506090960801958,0.9505932585087211,0.9505951017978451,0.9506142068281562,0.9505262496095177,0.9505458139836858,0.9505307899506292,0.9505137999466706,0.9504547862296067,0.9504360383719213,0.9504402636621256,0.9504566584517784,0.950360836920791,0.9503785747253228,0.9503888735744961,0.9503105487622661,0.9503797259444333,0.950303755053179
0.9505725693464551,0.9505593278521278,0.9504879326326063,0.9504720573416736,0.9504736659394777,0.9504928165611197,0.9504046497730121,0.9504242608305775,0.9504089611162914,0.9503919304924859,0.9503327760126261,0.9503139833367864,0.950317977708302,0.9503344119598816,0.950238360533536,0.9502561413385278,0.9502660207594973,0.9501873796832476,0.9502560900696628,0.9501799139364404
0.9504991126116737,0.9504858520119532,0.9504143539790151,0.9503984557850311,0.9503998256989628,0.9504190040395073,0.9503307098367642,0.9503503492771816,0.9503347858360109,0.9503177304838766,0.9502584903119289,0.9502396703519489,0.9502434277585756,0.950259886265912,0.9501636943294303,0.9501815016470063,0.9501909625019125,0.9501120363630744,0.9501803063437042,0.9501038537562618
0.9503783008373841,0.9503650088194469,0.9502933417142911,0.9502774058569798,0.9502785373172129,0.9502977611827383,0.9502092577178736,0.9502289437737184,0.9502131009359305,0.9501960050217642,0.9501366242897509,0.9501177595754451,0.9501212819372482,0.95013778010545,0.9500413583918139,0.9500592088518212,0.9500682709298429,0.9499889467548859,0.950056928735441,0.9499799725875409
0.9619436530221872,0.9619333898562834,0.961880952496807,0.9618686485634669,0.9618813525886993,0.9618961906490318,0.9618321948187276,0.9618473882350675,0.9618416330158628,0.9618284407634603,0.9617858587739692,0.9617713024964243,0.9617776205461366,0.961790350019279,0.9617184112177231,0.9617321836688739,0.9617393272481842,0.9616798792223866,0.9617300264809583,0.9616721221306948
0.9619282130783589,0.961917945840463,0.9618654102480384,0.9618531014089495,0.9618658528448378,0.9618806968052889,0.961815175765828,0.9618303758070255,0.9618260823583178,0.9618128848486911,0.9617698753473498,0.9617553130974512,0.9617620078312579,0.9617747434862256,0.9617031517791832,0.9617169309217883,0.9617235733728817,0.9616639555035218,0.9617138391861326,0.9616554150675938
0.961918770834709,0.9619085011066386,0.9618559527737314,0.9618436409495352,0.9618563607489816,0.9618712083770193,0.9618056713323839,0.961820875131062,0.961816545916323,0.9618033451021266,0.9617603251804825,0.9617457592385439,0.9617524196615455,0.9617651595078514,0.9616935490419478,0.9617073328275263,0.9617138595392849,0.961654192314866,0.9617037360083045,0.9616447687193261
0.9619044338614609,0.9618941603523956,0.9618415926747805,0.9618292763181011,0.9618419669554847,0.9618568203103954,0.9617912588333235,0.9618064684923042,0.961802104011914,0.9617888980493428,0.9617458625124049,0.9617312908550886,0.96173791900188,0.9617506647273686,0.9616790264467441,0.9616928166784364,0.961699235279039,0.9616395067465366,0.9616887473890308,0.9616292088831848
0.9618977589643247,0.9618874836949547,0.9618349845017609,0.961822666059369,0.9618352489873834,0.9618501053694168,0.9617860330762988,0.9618012452402054,0.9617953476554193,0.9617821389312735,0.961739507350587,0.961724932776951,0.9617311181412311,0.9617438673534067,0.9616718378698776,0.9616856320706655,0.9616923270166546,0.9616326629367944,0.9616815079604075,0.9616215212991863
0.9618866113331417,0.9618763331239497,0.9618238189119144,0.9618114969454052,0.9618240537517588,0.961838915116384,0.9617748237241628,0.9617900409726732,0.9617841125686091,0.9617708993316192,0.9617282562913527,0.961713676728237,0.9617198340077615,0.9617325882990675,0.9616605365763966,0.9616743363162266,0.9616809428728781,0.9616212193539113,0.9616698321450612,0.9616092967021495
0.9618853039983026,0.9618750254443464,0.961822431955554,0.9618101095512948,0.9618227200014813,0.9618375828090924,0.9617719868671464,0.9617872061570532,0.961782754860834,0.9617695402560977,0.9617264857514931,0.9617119045256837,0.9617184491397608,0.9617312053294498,0.9616595270740909,0.9616733287605665,0.9616794869698055,0.9616196079324051,0.9616681502961311,0.9616070510834005
0.9618818914417036,0.961871611987807,0.9618190138946507,0.9618066904115834,0.961819286432924,0.9618341515012785,0.9617685488312833,0.9617837704189072,0.9617793040157718,0.9617660873370695,0.9617230300469441,0.9617084465367391,0.9617149767820727,0.9617277353376366,0.9616560494597945,0.9616698537173745,0.9616759688101715,0.9616160609613615,0.9616644935433947,0.9616031067221373
0.9499494744667785,0.9499360709664837,0.9498639050351576,0.9498478355673472,0.9498471950921588,0.9498665860492612,0.9497792911354757,0.9497991474367249,0.9497795365158526,0.9497622909691854,0.9497029505603283,0.949683920773845,0.9496852474992461,0.9497018984664889,0.9496041501343164,0.9496221668979767,0.9496291462486279,0.9495474024619976,0.9496141008246677,0.94953029516199
0.9501065099666193,0.9500931472841139,0.9500210999139684,0.9500050793459138,0.9500045305176192,0.9500238626717541,0.9499348800673146,0.9499546769063782,0.949937067502084,0.9499198742349233,0.9498601795419608,0.9498412072427864,0.9498430552564248,0.9498596557970114,0.9497626954591509,0.9497806574959751,0.9497871113151313,0.94970545200239,0.9497720954569757,0.9496883494504906
0.9502116007897057,0.9501982654275904,0.9501264656479957,0.9501104778621521,0.9501098266594561,0.9501291194391253,0.9500422670553319,0.9500620228286425,0.9500424990939333,0.9500253408390045,0.949966301604642,0.9499473681328188,0.9499486767246923,0.9499652434702681,0.9498679906204643,0.949885916264527,0.949892844899995,0.9498115023856037,0.9498778572820259,0.9497944278562422
0.9502419352257552,0.950228607750319,0.9501567498379404,0.9501407714751422,0.9501402205211131,0.9501595019655344,0.9500707531424031,0.9500904980569453,0.9500729322776789,0.950055784102461,0.9499962464576646,0.9499773239114742,0.9499791649002114,0.9499957219153476,0.9498990163288596,0.9499169312754108,0.9499233657929851,0.9498419192591727,0.9499083867205602,0.9498248539520497
0.950357221850409,0.950343924351168,0.9502723280369434,0.9502563856399999,0.9502557340852931,0.9502749722086814,0.9501883658598169,0.9502080656699208,0.9501885958568133,0.9501714862051196,0.9501126142578256,0.9500937344125722,0.9500950383871603,0.9501115582107189,0.9500145808695628,0.9500324557479716,0.9500393643044016,0.9499582520307814,0.9500244188523637,0.9499412250301167
0.9504718545106705,0.9504585868218192,0.9503870506397087,0.9503711439474591,0.9503705924944355,0.9503897875206797,0.9503014360699567,0.9503210924968424,0.9503036034717618,0.9502865321445448,0.9502272609530262,0.9502084231982013,0.9502102547875413,0.9502267376115958,0.9501304649918891,0.950148299670617,0.9501547050510248,0.9500736230736635,0.950139793067375,0.9500566341454217
0.950589021419443,0.9505757842043807,0.9505045118462472,0.9504886417162643,0.9504879901953578,0.9505071411575003,0.9504209267124333,0.9504405372771498,0.9504211537061804,0.9504041215633472,0.9503455158594745,0.9503267215339639,0.9503280184720395,0.9503444634663836,0.9502479249397124,0.9502657188591379,0.9502725958485347,0.9501918505024243,0.9502577180860807,0.9501749006072127
0.9506187693653372,0.9506055398880817,0.9505342093372824,0.9505183484521098,0.9505177967282112,0.950536936510509,0.9504488390503247,0.9504684389102889,0.9504509989697549,0.9504339767686922,0.950374875870482,0.9503560923197556,0.9503579179205555,0.9503743533168338,0.9502783574362286,0.950296140802489,0.9503025275777188,0.950221678617098,0.9502876584978088,0.9502047385628838
0.9507224017370544,0.9507091992180787,0.9506381133127639,0.9506222847754968,0.9506216332894522,0.9506407340849814,0.9505547452016418,0.9505743044001669,0.95055497047508,0.9505379829433642,0.9504795304752254,0.950460785371618,0.9504620782655624,0.950478480191052,0.9503821942254456,0.9503999415479152,0.9504068003714632,0.9503262662117598,0.9503919615697611,0.9503093606990287
0.9509675962209612,0.95095445749909,0.9508836153466043,0.9508678632567604,0.9508673110662609,0.9508863195827806,0.9507988254479456,0.9508182908984806,0.9508009676206781,0.9507840621490011,0.9507253656738879,0.9507067109184575,0.9507085223382408,0.9507248450405248,0.9506295065080919,0.9506471679497455,0.9506535105559764,0.9505732150448769,0.9506387434208963,0.9505563911224455
0.9511027705701491,0.9510896670275228,0.9510191130196706,0.9510034031326775,0.9510027519183075,0.9510217095518301,0.9509363641961823,0.9509557768092924,0.9509365845902198,0.9509197243668004,0.9508617089972664,0.9508431043600811,0.9508443857596549,0.9508606647778932,0.9507650993542196,0.9507827137010199,0.9507895207221719,0.9507095890250457,0.9507747931044317,0.9506928101686949
0.9512133691411624,0.9512002943862812,0.9511297964782406,0.951114121070564,0.9511135685876559,0.9511324845826576,0.9510454156985741,0.9510647864117114,0.9510475453857339,0.9510307221898484,0.9509723107706354,0.9509537467956664,0.9509555482338299,0.9509717915045415,0.950876916300895,0.9508944918047313,0.9509008032825255,0.9508208978680832,0.9508861080026261,0.9508041558005245
0.9513474208202024,0.9513343809629515,0.9512641692070445,0.9512485356645268,0.9512478846582695,0.9512667501758889,0.9511818188996608,0.951201137194007,0.9511820361780956,0.951165257869826,0.9511075237560069,0.9510890095005353,0.9510902835174573,0.95110648345225,0.9510113816636458,0.951028910448461,0.9510356841405767,0.9509561401019853,0.9510210280631333,0.9509394427416269
0.9514827730613749,0.9514697684461837,0.9513996480085136,0.9513840566827905,0.9513835039201213,0.9514023184613105,0.9513157158763439,0.9513349827057631,0.9513178318946351,0.951301098917793,0.9512430000663639,0.9512245356362958,0.951226326143747,0.9512424823141252,0.9511481151628278,0.9511655964318424,0.9511718737810859,0.9510923961163082,0.9511572572937397,0.951075743806532
0.9515869811077848,0.9515740036295579,0.9515041271109368,0.9514885683469545,0.9514879175770763,0.9515066928655407,0.9514221671844327,0.9514413930918098,0.9514223814292375,0.9514056833583935,0.9513482247353138,0.9513297990105107,0.9513310658076877,0.9513471882786826,0.9512525406250976,0.9512699856001758,0.951276726649823,0.9511975623256517,0.9512621406475783,0.951180944792384
0.9516624143576708,0.9516494565252949,0.9515795878624889,0.9515640526190561,0.9515634996869331,0.9515822465592927,0.9514959549973381,0.951515152537151,0.9514980619112428,0.9514813891098004,0.9514234987443286,0.9514051007099904,0.9514068839336309,0.9514229820087137,0.9513289537304719,0.9513463721454776,0.9513526267325316,0.9512734343797595,0.9513380627992964,0.9512568419378888
0.9621357950902274,0.9621255826044817,0.9620734041579135,0.9620611609775314,0.9620735894423349,0.9620883587762876,0.9620246740768532,0.9620397970484713,0.9620338610732753,0.962020729471198,0.9619783620973505,0.9619638726114639,0.96196994440562,0.9619826210207634,0.9619110257258605,0.9619247414697769,0.9619311703823004,0.9618717572961966,0.9619197028024664,0.9618586931919972
0.9621436728509141,0.9621334624432885,0.9620812176117923,0.962068976898252,0.9620814798144075,0.9620962461772751,0.9620310829292325,0.9620462034396955,0.9620417595476161,0.9620286305869923,0.9619858635905865,0.9619713768669365,0.9619778558481662,0.9619905299135387,0.9619193241652371,0.9619330370185046,0.9619390897363278,0.9618795725345579,0.9619276244629371,0.9618665110187781
0.9621622519590121,0.9621520464525517,0.9620999036615152,0.9620876688475739,0.9621000887624618,0.9621148480407227,0.9620512068195897,0.9620663194953438,0.9620603875555622,0.962047264893545,0.9620049265039825,0.9619904468819427,0.9619965145186888,0.9620091825040644,0.9619376360922898,0.9619513424996935,0.9619577670111188,0.9618983945182025,0.9619463072375063,0.9618853393063642
0.9621818221462097,0.962171621802483,0.9621194284609718,0.9621071998115829,0.9621196903847371,0.9621344421983542,0.9620693431650122,0.9620844487781859,0.9620800092536941,0.962066893228154,0.962024168379471,0.9620096959276474,0.9620161685176978,0.9620288300969324,0.9619576945100219,0.9619713938547094,0.9619774406059143,0.9619179820482369,0.9619659866270995,0.9619049333985767
0.9621858040240245,0.9621756047307548,0.9621234936814458,0.9621112663155855,0.9621236786575862,0.9621384289531223,0.9620748264694226,0.9620899299479089,0.9620840016118342,0.962070886935954,0.9620285743185093,0.9620141035078236,0.9620201674473583,0.9620328277237766,0.9619613248563095,0.9619750229234252,0.9619814435232328,0.9619221071649311,0.9619699907229058,0.96190905989663
0.9621985564699775,0.9621883605409614,0.9621361897864638,0.9621239664292338,0.9621364515876509,0.9621511970191878,0.9620861261545715,0.9621012252329921,0.9620967876243545,0.9620836772728363,0.9620409709132218,0.9620265047217889,0.9620329745082152,0.9620456306103582,0.9619745258008345,0.961988219219932,0.9619942633537264,0.9619348305213689,0.9619828143293221,0.9619217875154826
0.9622058756095435,0.9621956816114292,0.9621435976138293,0.9621313765955539,0.9621437824835808,0.9621585251236635,0.9620949556536915,0.9621100512938814,0.9621041260290504,0.9620910181592877,0.9620487275060161,0.9620342642047359,0.9620403249933418,0.9620529786998653,0.9619815129427816,0.9619952039019501,0.9620016211680951,0.9619423156053326,0.9619901743106956,0.9619292751068489
0.962212389768127,0.9622021974885628,0.962150045405791,0.9621378264233629,0.9621503071056836,0.9621650472613934,0.9620999996826902,0.9621150933590779,0.9621106573342093,0.9620975516731924,0.9620548605976744,0.9620403995814717,0.9620468670502578,0.9620595186246959,0.9619884392575584,0.962002127778194,0.9620081697482941,0.9619487581819606,0.961996724819514,0.9619357198415703
