0.00975625024168551,0.009756187328176102,0.00975598286407632,0.009755907496087625,0.009755968573983044,0.009755980699711824,0.009755947093097407,0.009755959494447446
0.009756014251214426,0.009755951288845799,0.009755743159538574,0.009755667732139012,0.009755730838011397,0.009755744124017567,0.009755707604741494,0.00975572118214949
0.009755830787168827,0.009755767786810907,0.009755556534167209,0.009755481060506183,0.009755546015203296,0.009755560203860855,0.009755520882460905,0.00975553537272055
0.00975564568490495,0.009755582646214006,0.009755368396837587,0.00975529287653477,0.009755359539766261,0.00975537464006423,0.009755333136913636,0.009755348548523427
0.00975545912282291,0.009755396045492054,0.00975517859425502,0.009755103026891912,0.00975517159137585,0.009755187611438796,0.009755143215757656,0.009755159556406314
0.00975527113423911,0.009755208017968241,0.009754987552171137,0.00975491193743467,0.009754982203552488,0.009754999151352124,0.009754952569134147,0.009754969846279776
0.00975508173723391,0.009755018581726591,0.009754794838756145,0.009754719176226058,0.009754791394458395,0.009754809277896806,0.009754759715286417,0.009754777936397658
0.009754890963573223,0.009754827768539497,0.009754600994688436,0.009754525284078462,0.009754599196053839,0.009754618022887447,0.009754566270694948,0.009754585442999035
0.00975469877045272,0.009754635535593654,0.009754405408944927,0.009754329649817107,0.009754405565160853,0.009754425343377695,0.009754370522441254,0.00975439065350055
0.009754505175991836,0.009754441901012169,0.009754208726580555,0.009754132918656844,0.00975421051999118,0.009754231257500814,0.009754174243797882,0.009754195340980813
0.009754310217165081,0.0097542469017771,0.009754010298523377,0.009753934441364532,0.0097540140977436,0.009754035802291493,0.009753975630888763,0.009753997701520353
0.009754113886503784,0.009754050530418145,0.009753810863795655,0.009753734957145717,0.009753816290851047,0.009753838970230588,0.00975377660439136,0.009753799655707364
0.009753916180965891,0.009753852783892535,0.009753609611895853,0.009753533655297629,0.009753617096192956,0.00975364075823382,0.009753575144984709,0.009753599184405314
0.009753814130594667,0.009753750712362539,0.009753504539487857,0.00975342855680944,0.00975351363932328,0.009753538283946732,0.009753470496517662,0.009753495523268528
0.00975361498389113,0.009753551524364716,0.009753301775453676,0.009753225742442018,0.009753312981375072,0.009753338622392088,0.009753267502433476,0.009753293530042775
0.00975341426640551,0.009753350765253908,0.00975309792492634,0.009753021841305307,0.009753110738064627,0.009753137384376193,0.00975306406966139,0.009753091106439718
0.009753212181142447,0.00975314863807673,0.009752892140417555,0.009752816005700507,0.009752907113896809,0.009752934773396706,0.009752858031558342,0.009752886085015932
0.0016208399501851912,0.0016208377934772956,0.0016208294678084333,0.0016208268864852948,0.0016208296772156389,0.0016208306491790328,0.001620828002664302,0.0016208289879178304
0.0016208387750711426,0.0016208366183638717,0.0016208282294789154,0.0016208256481565653,0.0016208284661191632,0.0016208294723368444,0.0016208267104883118,0.0016208277299441416
0.0016208375938952622,0.0016208354371886192,0.0016208270588335331,0.001620824477511928,0.0016208272487467823,0.0016208282894123788,0.001620825457345976,0.0016208265111756963
0.001620836407842982,0.0016208342511369704,0.001620825862256913,0.00162082328093607,0.0016208260263208228,0.0016208271015926777,0.0016208241517402069,0.00162082524008039
0.0016208352174760126,0.0016208330607706345,0.0016208246824204594,0.0016208221011003677,0.0016208247994199678,0.0016208259094401382,0.001620822890160373,0.0016208240131313698
0.0016208340243603755,0.0016208318676556325,0.001620823478780506,0.0016208208974611807,0.0016208235696586507,0.0016208247145230235,0.0016208215753002431,0.001620822732976596
0.0016208328228599737,0.0016208306661558687,0.0016208222878106434,0.0016208197064920761,0.0016208223312262036,0.0016208235111965234,0.0016208203031945311,0.001620821495814755
0.0016208316168753328,0.0016208294601718696,0.0016208203476123781,0.0016208177662950466,0.0016208210881432596,0.0016208223033668903,0.001620819000290663,0.0016208202279799728
0.009751351559382953,0.00975128763016259,0.009750998738488652,0.009750922133337612,0.009751032116660282,0.00975106921628523,0.009750967008018807,0.009751004479138646
0.009751138981585167,0.009751075008218152,0.009750782549733198,0.009750705890833227,0.00975081789068753,0.009750856067519282,0.009750752736296012,0.009750791282582936
0.009750925210441094,0.009750861192673797,0.00975056514707879,0.009750488434120977,0.00975060245957218,0.009750641720378813,0.00975053725900602,0.009750576887442712
0.009750710109644142,0.009750646047194559,0.009750346391754917,0.009750269624395697,0.00975038568586851,0.00975042603814964,0.009750320438681213,0.009750361156973477
0.009750493667850527,0.00975042956043422,0.009750126272214157,0.00975004945010701,0.009750167558094814,0.009750209009423237,0.009750102263836267,0.009750144079764416
0.009750275876485715,0.009750211723816333,0.009749904779719796,0.009749827902515865,0.009749948067560556,0.009749990625567358,0.009749882725777878,0.009749925647181586
0.009750056810111046,0.009749992611917627,0.009749681989762138,0.009749605057131272,0.009749727289357465,0.00974977096131284,0.009749661899623898,0.00974970593397316
0.009749836307116228,0.00974977206309418,0.009749457738559614,0.009749380750130751,0.009749505060566014,0.009749549854571965,0.009749439622398747,0.009749484778014711
0.009749614423363624,0.009749550133219794,0.009749232082652326,0.009749155038068372,0.009749281437430757,0.009749327361323763,0.00974921595036688,0.009749262235298341
0.009749391148043995,0.00974932681148292,0.009749005010943352,0.0097489279098443,0.009749056408962387,0.009749103470690834,0.009748973716309749,0.009749021141346384
0.009749167393749574,0.009749103010665445,0.009748777883060628,0.00974870072542483,0.009748830891659037,0.00974887909761622,0.009748745129451331,0.009748793692720794
0.009748941738184075,0.009748877308175244,0.009748547939526332,0.009748470724645101,0.009748603454802275,0.009748652815942102,0.009748516681829727,0.009748566393398073
0.009748826799263418,0.009748762345350806,0.00974842972536271,0.009748352481048496,0.009748486842016731,0.009748537349292945,0.009748396950491227,0.00974844780104727
0.009748599417996849,0.009748534916791052,0.00974819799501001,0.009748120692993564,0.00974825765334446,0.009748309331322681,0.009748166760863439,0.009748218774297197
0.00974848024801655,0.009748415722021935,0.00974807551916896,0.009747998186652094,0.009748136782285276,0.009748189621089209,0.00974804269902742,0.009748095865209945
0.009748251331475704,0.009748186757858738,0.009747842191997234,0.009747764801368271,0.009747906032442868,0.00974796005734167,0.009747810958612615,0.00974786530211369
0.001620811352869964,0.001620809196177282,0.0016207981858821347,0.001620795604578915,0.0016208001634608188,0.0016208020046021856,0.0016207969841034414,0.0016207988350087153
0.0016208100413949663,0.0016208078847029818,0.0016207968581708446,0.00162079427686847,0.0016207988107666417,0.0016208006908522852,0.0016207956053798183,0.001620797494676813
0.0016208087243528904,0.001620806567661607,0.0016207955573735988,0.0016207929760720515,0.001620797452294944,0.0016207993715105233,0.0016207941414523464,0.001620796069301467
0.001620807403968226,0.0016208052472776444,0.0016207942207526816,0.0016207916394519856,0.0016207960903418621,0.0016207980488051668,0.0016207927544020187,0.0016207947208980531
0.0016208060802914233,0.001620803923601545,0.0016207929133207166,0.0016207903320208542,0.001620794724959227,0.0016207967227866227,0.0016207912818169477,0.001620793287053147
0.0016208047533943831,0.0016208025967052106,0.0016207915701874566,0.0016207889888884485,0.0016207933562209281,0.0016207953935267832,0.0016207898890406743,0.001620791933108333
0.0016208034234960046,0.0016208012668075405,0.001620790256533929,0.0016207876752357576,0.0016207919843525126,0.0016207940612448103,0.0016207884513098464,0.001620790534293643
0.0016208020945219944,0.0016207999378342365,0.0016207889275642337,0.001620786346266909,0.0016207906134115874,0.0016207927298734174,0.0016207870145282795,0.0016207891364015002
0.00974615451448029,0.009746089504355165,0.009745739424031914,0.009745661509331094,0.009745792149256851,0.009745857179490437,0.009745677360857111,0.009745742600354363
0.009745920712534054,0.00974585565370362,0.009745505311602103,0.009745427338513772,0.009745556463810045,0.009745622694958067,0.009745439292232256,0.009745505768721232
0.00974568882836873,0.009745623721225973,0.009745273119459058,0.009745195088454358,0.009745322709293305,0.009745390131537596,0.009745203074396228,0.009745270780891338
0.009745458845254306,0.00974539369018891,0.009745042830851683,0.009744964742397761,0.00974509086876274,0.00974515947246833,0.009744968684593614,0.009745037614236306
0.009745230978731558,0.009745165776178271,0.009744814661608177,0.009744736516226218,0.009744861159497404,0.009744930933962408,0.009744734895377104,0.009744805040504078
0.009745006118015202,0.009744940868594313,0.009744589010174347,0.009744510808485202,0.009744634478047713,0.009744705407931719,0.009744506930154528,0.009744578277374006
0.009744783073921832,0.009744717778006014,0.009744366161642875,0.009744287904338818,0.009744409625349339,0.009744481701671748,0.009744277751131094,0.00974435029475913
0.009744562780204752,0.009744497438361486,0.009744145082505774,0.009744066770021372,0.009744187542841029,0.009744260751764744,0.009744054228559012,0.009744127956555616
0.009744345509304472,0.009744280122158286,0.009743928015464351,0.00974384964879425,0.009743968505158015,0.009744042831514374,0.009743831397299896,0.009743906297387438
0.009744131537360942,0.009744066105594173,0.009743713265754883,0.009743634845470953,0.00974375279076178,0.009743828217942773,0.009743615477007863,0.009743691534059316
0.009743921608655245,0.009743856133105784,0.00974350305762138,0.009743424584851095,0.009743541150306435,0.009743617657666716,0.009743403630410891,0.009743480826299502
0.009743715293382334,0.009743649774798682,0.00974329646769848,0.009743217943339178,0.009743333150169935,0.009743410719604297,0.009743195423938634,0.009743273742756903
0.009743513136440835,0.009743447575685484,0.009743094041611923,0.00974301546669756,0.009743129339753138,0.009743207950372274,0.009742991407557385,0.009743070830427638
0.009743314957974356,0.009743249355872527,0.009742895599267769,0.009742816974787627,0.009742929537526968,0.00974300916960421,0.009742791399907759,0.009742871908844028
0.009743121621088075,0.00974305597864543,0.009742702004922364,0.00974262333208202,0.00974273461354991,0.00974281524308772,0.009742578038535248,0.009742659615565547
0.009742934572894315,0.009742868891418816,0.009742514707617698,0.009742435987985128,0.009742546025970614,0.009742627622384408,0.009742385625156919,0.009742468234669677
0.001620781625577672,0.001620779468900804,0.001620768442445957,0.0016207658611616747,0.0016207695162894298,0.0016207722222617471,0.001620764372915014,0.0016207671128844851
0.001620781056466149,0.001620778899789584,0.0016207678895767174,0.0016207653082927881,0.001620768929636457,0.0016207716520047649,0.0016207636407098898,0.0016207663986075962
0.001620780505001791,0.0016207783483255193,0.0016207673218737175,0.0016207647405901493,0.0016207683611551382,0.0016207710994263764,0.0016207630721579176,0.00162076584746302
0.0016207807941675755,0.0016207786374911493,0.001620767627278997,0.001620765045995234,0.0016207686338156955,0.00162077138750726,0.0016207632707577802,0.0016207660629580691
0.0016207802823000478,0.0016207781256238946,0.001620767115413132,0.001620764534129695,0.0016207681059671757,0.0016207708745884816,0.0016207626680693633,0.0016207654766434737
0.0016207797849026274,0.0016207776282267385,0.0016207666017768972,0.0016207640204937875,0.0016207675930084197,0.0016207703761652197,0.0016207619988030757,0.0016207648233282246
0.0016207763503849361,0.0016207741937108743,0.00162076318351079,0.0016207606022298566,0.0016207641380916312,0.0016207669353479409,0.0016207585470605587,0.0016207613870689007,0.0016207565088987822
0.001620775609673984,0.001620773453000316,0.0016207624265618303,0.0016207598452813784,0.00162076338227651,0.001620766193174347,0.0016207576293456928,0.001620760484344821,0.0016207557611002592
0.009741551546273885,0.009741485576063805,0.009741129838283525,0.009741050772518888,0.009741153794088384,0.009741240269344077,0.009740966307273247,0.009741054224426348,0.009740923426834826
0.00974142275663223,0.009741356759523378,0.009741000876974262,0.009740921778963655,0.009741024216513289,0.00974111110430713,0.009740836734180478,0.009740925103166757,0.009740793903732678
0.009741295855391026,0.00974122983177592,0.00974087430436067,0.00974079517469915,0.009740896545352255,0.009740983833390683,0.009740703658883496,0.009740792468006807,0.009740666270948403
0.009741170199376217,0.009741104149513107,0.009740748481029902,0.009740669319902634,0.009740770133586587,0.009740857811524796,0.009740574486810491,0.00974066372411663,0.009740539881222908
0.009741045663742396,0.009740979587863493,0.009740623779560703,0.00974054458724607,0.009740644855536197,0.009740732913505315,0.009740446399678759,0.009740536054489407,0.009740414608984468
0.009740922689860262,0.009740856588290086,0.009740500143533998,0.009740420920296346,0.009740521155446623,0.009740609582039398,0.009740322782071726,0.009740412841129073,0.00974029089799623
0.009740800775462584,0.009740734648420757,0.00974037856514751,0.009740299311499436,0.009740398527877987,0.00974048731337842,0.009740194327821966,0.009740284782201576,0.0097401682429813
0.009740680245850477,0.009740614093624611,0.009740257376242711,0.00974017809227962,0.009740277300132803,0.00974036643379809,0.009740070159666455,0.009740160996779542,0.00974004697112235
0.009740561767572237,0.009740495590589334,0.009740139238913354,0.009740059925396652,0.009740158142564131,0.009740247611819935,0.009739951154957346,0.009740042360185617,0.009739927753282035
0.00973992027171053,0.009739853960653603,0.009739496388457784,0.009739416914089935,0.009739514455891359,0.009739604400729063,0.009739303857570686,0.009739395573894681,0.009739282750694656,0.009739275695014225
0.009739744858558077,0.009739678510831223,0.009739321241516372,0.009739241723314264,0.009739338218141,0.009739428495322482,0.009739130570017152,0.009739222648619766,0.009739106278795021,0.009739098190831479
0.009739735123267285,0.009739668773505144,0.009739310993002688,0.00973923147223554,0.009739327881011365,0.009739418433628143,0.009739117037952931,0.009739209421615037,0.009739095809786212,0.009739086677626397
0.009739058539821481,0.009738992048586626,0.009738634008015827,0.009738554317778527,0.009738649027844208,0.00973874003622262,0.009738440813378737,0.009738533683302015,0.009738415490101687,0.009738405280962044,0.009738047448468014
0.009738834270465008,0.009738767732324221,0.009738408937997847,0.009738329191404835,0.009738423820695289,0.009738515145381349,0.009738215404478176,0.009738308618287138,0.009738189871297282,0.009738178585270318,0.00973782166048805
0.009738610391341329,0.009738543806370561,0.009738184760014418,0.009738104957282247,0.009738199015713489,0.009738290646357905,0.009737973776655402,0.009738067327661876,0.009737964635754038,0.009737952260668127,0.009737593597510247
0.009738386180755112,0.009738319548879323,0.00973796075246719,0.009737880893631772,0.0097379738880357,0.00973806581541989,0.009737741570289817,0.009737835445733893,0.009737739057538044,0.009737725578242151,0.009737370513682772
0.0016207560364847095,0.001620753879821455,0.0016207428534362064,0.001620740272168218,0.0016207436020003656,0.0016207465814816876,0.0016207365045857486,0.001620739545608668,0.0016207360200432615,0.0016207355390995824,0.0016207240703815671
0.0016207548090980076,0.0016207526524354067,0.0016207416422938253,0.0016207390610266082,0.0016207423649859149,0.001620745351753891,0.0016207350363293999,0.0016207380853869623,0.0016207347815727201,0.001620734263919809,0.0016207229235674079
0.0016207535878973926,0.0016207514312354403,0.001620740404856852,0.0016207378235904234,0.0016207411345236014,0.0016207441282245533,0.0016207337059106362,0.0016207367626063232,0.001620733549218388,0.001620732994594257,0.001620721697017929
0.0016207537576860163,0.0016207516010239733,0.0016207405746449226,0.0016207379933783853,0.0016207412954371205,0.0016207442957029091,0.001620733766483425,0.001620736830406576,0.0016207337078251232,0.0016207331161324412,0.0016207218614460086
0.001620752571097571,0.00162075041443616,0.0016207393880603373,0.0016207368067945557,0.0016207401003195206,0.0016207431068201562,0.0016207324703252585,0.0016207355411055363,0.0016207325100017064,0.0016207318810206248,0.0016207206694877712
0.0016207487385908653,0.0016207465819314934,0.001620735555566093,0.001620732974302752,0.0016207362547950206,0.0016207392672112023,0.0016207285230980405,0.0016207316003771972,0.0016207286565627795,0.0016207279900877752,0.0016207168150641175,0.0016207165154602664
0.0016207472686930232,0.0016207451120344323,0.001620734085673031,0.0016207315044106249,0.0016207347764920041,0.001620737794505257,0.0016207269426966892,0.001620730026118499,0.0016207271742626397,0.001620726470216945,0.001620715337904241,0.0016207150039881904
0.0016207458027855594,0.001620743646127749,0.0016207326197703353,0.0016207300385088633,0.0016207333024806912,0.0016207363257977623,0.001620725528023229,0.0016207286172587744,0.001620725695888977,0.0016207249540706227,0.0016207137788059654,0.0016207134103841054
0.009736045093197412,0.009735977971227668,0.009735616540970297,0.009735536094618795,0.009735623441262584,0.00973571779323038,0.009735359389118962,0.009735455888609745,0.00973538256385896,0.009735358671605765,0.009735010715874912,0.009734998311664668
0.009735773818351398,0.009735706639552356,0.009735344397388454,0.009735263882783974,0.009735351201711482,0.009735445772377853,0.009735088938871199,0.009735185671318891,0.009735109576546356,0.009735084489723803,0.009734734701408877,0.00973472118161757
0.009735501138807811,0.00973543390287699,0.009735071860184902,0.009734991277218994,0.009735077559600396,0.009735172343134152,0.009734806396220982,0.009734903358263988,0.009734835167893037,0.009734808872508653,0.009734462632073317,0.009734447982591734
0.009735226797756595,0.009735159504337659,0.009734796645336266,0.009734715993327423,0.009734802256933562,0.00973489724791086,0.009734533081218931,0.009734630263422032,0.009734559079402528,0.009734531560430281,0.009734183508192905,0.009734167713524724
0.00973495064140738,0.009734883290111587,0.009734520627444232,0.009734439906181058,0.009734525139881581,0.009734620333033633,0.009734252449839663,0.009734349847883931,0.0097342811576651,0.009734252400884316,0.009733905235325888,0.009733888281169646
0.009734673048683064,0.009734605639200988,0.00973424266384005,0.009734161872824299,0.00973424658782005,0.009734341977906399,0.009733970347145569,0.009734067955115904,0.009734001782706949,0.009733971774431567,0.009733625507587228,0.009733607379948234
0.009734392415657437,0.009734324947343252,0.009733961655819235,0.009733880794276716,0.009733964990946555,0.009734060574094114,0.009733686987971411,0.009733784800810275,0.00973371934011271,0.00973368805942208,0.00973334270853242,0.00973332338659654
0.009734108249171477,0.00973404072127569,0.009733677109561923,0.009733596176594184,0.009733679856296038,0.009733775628662218,0.009733401582404017,0.009733499595175473,0.009733433337493907,0.009733400765464514,0.009733056345211342,0.009733035809876028
0.009733821474144994,0.009733753886140277,0.009733389951487564,0.00973330894646257,0.009733392110536867,0.009733488068040197,0.009733113565129497,0.009733211773099198,0.009733144702827866,0.00973311082143192,0.00973276734692432,0.00973274557997168
0.009733532154543449,0.009733464505859352,0.009733100245121157,0.009733019167354985,0.009733101817107443,0.009733197955829326,0.009732822999236536,0.009732921397856812,0.009732853499700309,0.009732818291481492,0.00973247577701164,0.00973245276076986
0.00973345256217877,0.009733384896800064,0.009733020546346846,0.009732939448567533,0.009733021530717983,0.009733117783490884,0.009732736648747523,0.009732835170573524,0.009732772447029678,0.009732735918840043,0.009732397306868553,0.009732373040051229
0.009733161385578185,0.009733093659119013,0.009732728469795178,0.009732647298665633,0.009732729380822532,0.009732825806006151,0.009732431689600918,0.009732530395911872,0.009732479351649387,0.009732441467442258,0.009732103845134885,0.009732078298890744
0.009732867746953897,0.009732799958888575,0.009732434438037075,0.009732353193055278,0.009732434765473972,0.009732531359593075,0.0097321333219211,0.009732232206182663,0.00973218377051537,0.009732144512935918,0.009731807894812922,0.009731781051482409
0.00973274823301174,0.009732680419869428,0.009732314764068868,0.009732233489025285,0.009732314506228842,0.00973241121327864,0.009732009424569959,0.009732108429100174,0.009732062661392784,0.009732022032758145,0.009731686619116412,0.009731658473957782
0.009732452055608454,0.009732384180314206,0.009732018701804275,0.009731937352382751,0.00973201734975273,0.009732114218315603,0.009731700652965825,0.009731799829531018,0.009731764503101762,0.009731722471060172,0.00973138537692279,0.009731355903660964
0.009732152639047429,0.009732084700911987,0.009731718372477513,0.009731636947594649,0.009731716947558438,0.009731813975026522,0.009731404150460038,0.009731503491285905,0.009731463076451867,0.009731419620192652,0.009731086286700694,0.009731055464800426
0.0016207213836542686,0.0016207192270094493,0.0016207082169586479,0.0016207056357127137,0.001620708778384008,0.0016207118571463699,0.0016206990266855884,0.001620702175899232,0.0016207010434154954,0.0016206996003514879,0.0016206892221115202,0.001620688192678272
0.0016207197649473603,0.0016207176083034023,0.0016207065820168075,0.0016207040007719144,0.0016207071544058409,0.0016207102353486787,0.0016206975498199835,0.0016207007013435708,0.0016206994095206266,0.0016206979208859722,0.0016206876803888733,0.0016206866085848486
0.0016207181539930385,0.001620715997349937,0.0016207049873079083,0.0016207024060640308,0.0016207055383206164,0.001620708621316651,0.001620695543261883,0.0016206986969524082,0.0016206977837084616,0.001620696248520966,0.0016206859745871844,0.0016206848599063166
0.0016207165478308728,0.0016207143911886263,0.0016207033649107826,0.0016207007836679375,0.0016207039271546688,0.0016207070120844791,0.0016206940917779802,0.0016206972475022255,0.0016206961629924084,0.0016206945801999966,0.0016206844453190816,0.001620683287193446
0.0016207149508876203,0.0016207127942462229,0.0016207017842128928,0.0016206992029710546,0.0016207023253425575,0.0016207054120872806,0.001620692082104682,0.0016206952397303251,0.0016206945518392115,0.0016206929205361462,0.00162068275344862,0.0016206815514419324
0.0016207133564910554,0.0016207111998505052,0.0016207001735813425,0.0016206975923405299,0.001620700726204525,0.0016207038146516233,0.0016206903573360329,0.0016206935167388775,0.001620692943569061,0.0016206912628545483,0.00162068114999197,0.0016206799036664048
0.0016207117750143864,0.0016207096183746788,0.0016206985921098157,0.0016206960108700102,0.0016206991401219643,0.0016207022301592158,0.0016206886449515164,0.0016206918060086466,0.0016206913485904406,0.001620689617728046,0.001620679559451984,0.0016206782685129406
0.001620710198184686,0.0016207080415458165,0.0016206970152852444,0.0016206944340464424,0.0016206975587906506,0.0016207006503212236,0.001620686936085956,0.0016206900986904796,0.0016206897585554682,0.0016206879765755698,0.001620677973509398,0.0016206766374473073
0.009729495445509911,0.009729426949270897,0.0097290576175366,0.009728975523611244,0.009729051011162872,0.009729149353664153,0.009728694272052486,0.009728794985696981,0.009728787942546327,0.009728730264937485,0.009728404604002636,0.009728361071393448
0.00972920223533055,0.00972913367746191,0.00972876401408871,0.009728681846283189,0.009728756863492118,0.009728855330446637,0.009728399795685062,0.009728500636831665,0.009728492807153183,0.009728433459738433,0.009728108939362422,0.009728063880065875
0.009728909298827451,0.0097288406793778,0.009728470684628567,0.00972838844300119,0.009728462991149628,0.00972856158095466,0.009728105595452985,0.009728206562288533,0.009728197951266337,0.009728136975520331,0.009727813530886077,0.009727766902233686
0.009728616548688177,0.009728547867687882,0.009728177541727053,0.0097280952263142,0.009728169306430026,0.009728268017574324,0.009727811583524855,0.009727912674342656,0.009727903287248868,0.009727840725276724,0.009727518289834555,0.009727470047634867
0.009728324044326131,0.009728255301818027,0.009727884644877437,0.009727802255730495,0.009727875868893796,0.00972797469986988,0.009727517819500367,0.009727619032614076,0.009727608875263428,0.00972754477083505,0.009727223275503525,0.009727173374864395
0.009728032652129827,0.00972796384833904,0.009727592861631395,0.009727510399020292,0.009727583546508961,0.009727682495549268,0.0097272251722723,0.009727326505746899,0.009727315584969554,0.009727249984483564,0.00972693210720354,0.009726880504206835
0.00972793438712055,0.00972786556266171,0.009727494983649167,0.009727412496392357,0.009727484618916862,0.009727583626041708,0.00972713618080883,0.009727237569977926,0.00972721585611213,0.009727148850987213,0.009726829203614978,0.009726775889254701
0.009727645673449751,0.009727576788260103,0.009727205363540124,0.009727122803350042,0.00972719498287153,0.009727294104405008,0.009726836174336864,0.009726937683033253,0.009726925268408857,0.009726856866466144,0.009726540690070434,0.009726485586945898
0.009727357484477606,0.009727288538659017,0.009726917307519132,0.009726834674779517,0.009726905873239535,0.009727005107899806,0.0097265568115973,0.009726658432187145,0.009726635212814532,0.009726565454988626,0.00972624718131579,0.009726190223810088
0.009727071917660026,0.009727002911755806,0.009726630837467484,0.00972654813256782,0.0097266193938007,0.009726718739727821,0.009726259948052447,0.009726361684772963,0.009726347798369278,0.009726276725628709,0.00972596181440907,0.009725902924134354
0.00972678875784433,0.009726719692352778,0.009726347818154138,0.009726265041953891,0.009726335328655166,0.00972643478410496,0.009725985653404531,0.009726087498153976,0.009726062808856307,0.009725990462345464,0.00972567610742571,0.009725615198204604
0.009726509240806007,0.009726440116485716,0.009726067926174545,0.009725985079452078,0.009726054917546675,0.009726154480288534,0.009725704941093736,0.009725806894633414,0.009725781488168448,0.009725707915082208,0.00972539406266923,0.009725331052723895
0.009726232083944472,0.009726162901284424,0.009725790397489116,0.0097257074808306,0.009725776873584635,0.009725876541985378,0.009725426598652807,0.00972552865927293,0.009725502545532705,0.00972542778808858,0.009725114386253115,0.009725049179450732
0.009725958578990914,0.009725889338752236,0.009725516525563745,0.009725433539881586,0.00972550249352708,0.009725602265574151,0.009725151924227977,0.0097252540898205,0.00972522728225229,0.00972515138362068,0.009724838385647068,0.009724770926890136
0.009725692463781412,0.009725623167512585,0.009725249530783117,0.009725166477801936,0.009725235525250191,0.0097253353979922,0.009724874551271532,0.009724976821900183,0.009724959453682088,0.009724882452441781,0.009724569829226983,0.009724500154355017
0.009725433848044949,0.009725364497318138,0.009724990567555514,0.009724907449291588,0.009724976078730935,0.009725076049218346,0.009724614818653738,0.009724717188105225,0.00972469917019273,0.00972462110515003,0.009724308827930149,0.009724236974090151
0.0016206860588165758,0.0016206839021905496,0.0016206728922356867,0.0016206703110122455,0.0016206733577540753,0.001620676463256136,0.001620663049289454,0.0016206662258283662,0.0016206654350014312,0.001620662986615451,0.0016206536740231321,0.001620651394377783
0.0016206853282528923,0.0016206831716272547,0.001620672145434324,0.0016206695642113581,0.0016206726253655327,0.0016206757312342249,0.0016206620027434603,0.0016206651796493972,0.0016206646993211803,0.001620662234497241,0.0016206530241622038,0.0016206507086610907
0.0016206846218713405,0.0016206824652460778,0.0016206714552951195,0.0016206688740725923,0.001620671917220277,0.0016206750234373935,0.0016206616087593461,0.0016206647860123077,0.0016206639879875059,0.0016206615073118642,0.001620652226828255,0.0016206498763822617
0.0016206839409968008,0.0016206817843719002,0.0016206707744227896,0.001620668193200696,0.0016206712346465548,0.0016206743411934386,0.0016206609261905393,0.001620664103769671,0.0016206633023337883,0.001620660806420673,0.0016206516269430449,0.001620649242545406
0.001620680105595281,0.0016206779489724209,0.0016206669227936971,0.0016206643415740555,0.001620667391738998,0.0016206704985942343,0.0016206567691401106,0.0016206599470218112,0.0016206594505818036,0.0016206569400644129,0.0016206476891549358,0.0016206452718768567,0.001620649215898314
0.0016206791224561933,0.001620676965833856,0.0016206659396578063,0.0016206633584387917,0.0016206664063839274,0.001620669513533064,0.0016206557837939407,0.001620658961962882,0.0016206584617215612,0.0016206559371914541,0.0016206467001280754,0.0016206442509923713,0.001620648185025715
0.0016206781571938256,0.0016206760005720024,0.0016206649743985778,0.001620662393180178,0.0016206654389521033,0.0016206685463801248,0.0016206548163723493,0.0016206579948121707,0.0016206574908753336,0.0016206549528892209,0.0016206457290981338,0.0016206432490679322,0.0016206471712867654
0.0016206772119005685,0.0016206750552792489,0.0016206640291083958,0.0016206614478905972,0.0016206644915401755,0.0016206675992318374,0.0016206538689717079,0.001620657047666091,0.0016206565401457138,0.0016206539892760752,0.0016206447781706935,0.001620642268281488,0.0016206461768934202
0.009723654392879477,0.009723584667264046,0.009723209245993044,0.009723125678455784,0.009723190565311988,0.009723291163246864,0.009722837519472385,0.009722940524889402,0.00972290792787184,0.00972282506598877,0.009722513516595971,0.00972243152764273,0.00972257360302196
0.009723482387816607,0.00972341262594728,0.009723036483895013,0.009722952872764973,0.00972301801714376,0.00972311866992783,0.009722654601411059,0.009722757665647822,0.009722734862332787,0.009722651579630624,0.00972234005854168,0.009722257127463383,0.009722398783483466
0.009723312963425589,0.009723243165843427,0.009722867357878763,0.009722783704070037,0.009722848057141622,0.009722948764063419,0.009722494647252366,0.009722597763262975,0.009722564394185784,0.00972248070650921,0.009722166416772092,0.009722082572286407,0.009722226526669767
0.009723144822910283,0.009723074989883156,0.009722698464948148,0.009722614768516219,0.00972267938424556,0.009722780145037914,0.009722315598083925,0.009722418771931508,0.009722395218215532,0.009722311137789798,0.009721999651112378,0.009721914916800824,0.009722055512857238
0.009722469680949888,0.009722399705571233,0.009722022414682022,0.009721938547603316,0.0097220021402676,0.00972210310951186,0.009721637612780207,0.00972174099961797,0.009721716178576307,0.009721631590500105,0.00972131963083024,0.009721233904009877,0.00972137320788512,0.009721396330953466
0.0097222289832121,0.009722158957072373,0.009721781393053505,0.009721697465123956,0.009721760683789622,0.009721861729149944,0.00972139589195959,0.009721499356266636,0.009721474037509139,0.009721389065755936,0.00972107703402698,0.00972099045298523,0.009721128938534567,0.009721153454788824
0.009721989098344073,0.009721919021609116,0.009721541185353717,0.009721457196772155,0.00972152004195443,0.009721621163236051,0.009721154986624809,0.009721258528210165,0.009721232715176057,0.009721147373657216,0.009720832461811353,0.00972074505446301,0.009720885443249684,0.009720911380769493
0.00972122050410811,0.009721150265227976,0.009720772086105061,0.009720687903282664,0.009720749049688495,0.009720850408160788,0.009720393406208443,0.009720497187049119,0.009720459689846968,0.009720373856059197,0.009720061159338891,0.009719972816786134,0.009720108745256573,0.009720136171891066,0.009719725873336409
0.009720914027997069,0.009720843724445904,0.009720464667775904,0.009720380407294145,0.009720441607684873,0.009720543062454522,0.00972007537105479,0.009720179253252857,0.009720151399791243,0.009720065206374806,0.009719749541772425,0.00971966041395278,0.009719798007354818,0.009719826913668966,0.009719412375381204
0.009720606610943512,0.00972053624251374,0.009720157367313393,0.009720073029191256,0.009720133220833926,0.009720234772236259,0.009719776921536808,0.00971988089905535,0.009719842164100895,0.009719755623606385,0.009719442602254344,0.009719352718680378,0.009719486270915225,0.009719516687577402,0.009719103039077701
0.009720298539302537,0.009720228105846926,0.009719848350216314,0.009719763934009258,0.009719824176394684,0.009719925824661768,0.009719457263110945,0.009719561342591467,0.009719532270666215,0.009719445395660768,0.009719129385358231,0.009719038772637687,0.009719173826128582,0.009719205782325588,0.009718790418288232
0.009719989872046957,0.00971991937343078,0.00971953926720074,0.009719454772881305,0.009719514534798678,0.009719616280101808,0.009719147282087254,0.009719251460519222,0.009719221781374517,0.009719134584818528,0.009718821207726347,0.009718729897612483,0.009718860740492784,0.00971889426153634,0.009718474572953361
0.009719920946948905,0.009719850433781214,0.009719470249256212,0.009719385737492862,0.009719444974760743,0.009719546744027125,0.009719077645733083,0.009719181848296081,0.009719151585312998,0.009719064142890782,0.009718750801708795,0.009718658888842753,0.009718788166616194,0.009718823251381126,0.009718402103424907
0.009719612014360866,0.009719541435965501,0.009719160900481841,0.009719076310525737,0.00971913506207157,0.009719236928500423,0.009718767393236365,0.0097188716948963,0.00971884082399094,0.00971875308371159,0.009718439548070473,0.009718346991924634,0.009718474704491234,0.009718511414843764,0.009718088472253191
0.009718789541315349,0.009718718789220097,0.00971833731914754,0.009718252520965826,0.009718310002594452,0.009718412123039697,0.009717941429026747,0.00971804599042093,0.009718013589133035,0.009717925426869986,0.0097176112085573,0.00971751789311142,0.009717643272766726,0.00971768169779172,0.009717255026348808,0.009717276079055712
0.009718400226115661,0.009718329391777952,0.009717947479204753,0.009717862582433564,0.009717919452893074,0.00971802169507766,0.009717550450890823,0.009717655136568677,0.009717621984219197,0.009717533525533636,0.009717219025802717,0.00971712509918597,0.009717248638921056,0.00971728875900036,0.009716859943722258,0.009716882540604937
0.0016206475397524938,0.0016206453831469588,0.0016206343570568096,0.001620631775857905,0.0016206347572965101,0.0016206378665593847,0.0016206241350040255,0.0016206273150710326,0.001620626727682924,0.0016206240331666977,0.0016206149615542991,0.001620612093230115,0.001620615431811601,0.0016206166855779307,0.0016206038148768812,0.0016206045406881046
0.0016206465897068698,0.0016206444331018407,0.0016206334232541717,0.0016206308420558615,0.0016206338030908733,0.001620636912592508,0.0016206234949616505,0.0016206266752617788,0.0016206257690808891,0.0016206230692300874,0.0016206140886622237,0.0016206112065657618,0.0016206144086025405,0.0016206157132122659,0.0016206027227112852,0.0016206034944221141
0.0016206445892146832,0.0016206424326107177,0.0016206314065285942,0.001620628825331568,0.0016206317984573243,0.001620634908179078,0.001620621176184308,0.0016206243566979407,0.0016206237600806409,0.001620621055256518,0.0016206119935942215,0.0016206090986270476,0.0016206123341847246,0.001620613690205198,0.0016206007369629163,0.0016206015551025932
0.0016206425999047828,0.0016206404433018761,0.0016206294172251639,0.0016206268360294041,0.0016206298050434299,0.0016206329149663099,0.0016206191827822175,0.0016206223634901626,0.0016206217623480896,0.0016206190529161983,0.001620609995700159,0.001620607088781102,0.001620610270605553,0.0016206116783043336,0.0016205986833417098,0.0016205995481622744
0.001620640613828828,0.001620638457226978,0.0016206274311556673,0.0016206248499611722,0.0016206278148834363,0.0016206309249908572,0.001620617192634404,0.0016206203735197168,0.0016206197679004095,0.00162061705419267,0.0016206080869967416,0.001620605168967893,0.001620608209662764,0.0016206096694808673,0.001620596553670287,0.001620597465588234
0.0016206386391578761,0.001620636482557076,0.0016206254727310011,0.0016206228915377542,0.0016206258361646736,0.0016206289464397118,0.001620615528082691,0.0016206187091283547,0.001620617784939945,0.0016206150672836476,0.0016206060180003247,0.001620603089695655,0.001620606159869573,0.0016206076720065496,0.0016205945927060229,0.0016205955519137437
0.0016206366610211132,0.0016206345044213657,0.0016206234783608061,0.001620620897168828,0.001620623853982265,0.0016206269644129015,0.0016206132317578043,0.0016206164129517902,0.0016206157985310414,0.0016206130772039881,0.0016206041173557797,0.001620601179491561,0.001620604105831647,0.0016206056708479104,0.0016205924700729273,0.001620593477094607
0.0016206360900564755,0.0016206339334570313,0.00162062292363788,0.0016206203424462549,0.0016206232789791213,0.0016206263895542227,0.001620612970916984,0.0016206161522490659,0.0016206152193219243,0.0016206124945940161,0.0016206034521259792,0.0016206005054020796,0.0016206034583817457,0.0016206050766918254,0.0016205919116191834,0.001620592966844727
0.009715453865967495,0.009715382408758801,0.009714997144935261,0.009714911501488585,0.009714962657079669,0.009715065851420701,0.009714590403197026,0.009714696060683203,0.009714656207315651,0.009714565640849358,0.009714248950862259,0.009714150764467293,0.009714254430025937,0.009714310702043889,0.00971386277014798,0.009713899846048906
0.009715064326975876,0.00971499278735779,0.009714607080153963,0.009714521337918008,0.009714571868937922,0.009714675182518654,0.009714199185853383,0.009714304965444384,0.009714264362519348,0.00971417359925107,0.009713853722271237,0.009713755176484514,0.00971385917933277,0.009713917337089553,0.009713469701426492,0.009713508502785254
0.009714670688445556,0.009714599065536853,0.009714213450228418,0.00971412760828362,0.009714176967010187,0.009714280401105987,0.009713814309016047,0.009713920208752683,0.009713868393088894,0.009713777437847168,0.009713460086060388,0.009713361197304373,0.00971345974147732,0.009713519816879143,0.009713067189551786,0.009713107748594345
0.00971427200767366,0.009714200300393223,0.009713813691136436,0.009713727747913233,0.00971377700539302,0.009713880561568546,0.009713403449098048,0.009713509477112898,0.009713467350258314,0.009713376207037135,0.009713055648273426,0.00971295642799771,0.009713055158623978,0.009713117188546299,0.009712664781517936,0.009712707133450902
0.009714111420360395,0.009714039679091268,0.009713653427877682,0.009713567444047203,0.009713615473754267,0.009713719079239739,0.009713252216185289,0.009713358291423498,0.009713304945584266,0.009713213683728105,0.009712895870574383,0.009712796404564458,0.009712889442310906,0.009712953416376107,0.009712496252856194,0.009712540401456292
0.009713707987354376,0.00971363616068751,0.009713248909116137,0.00971316282277711,0.009713210737558124,0.009713314466610017,0.009712836559006956,0.009712942764051945,0.009712899110325263,0.009712807669165418,0.009712486635763254,0.009712386864111772,0.009712480028252006,0.009712545934517975,0.009712088908865291,0.009712134927351374
0.009713302969338023,0.009713231056923274,0.009712843886217865,0.00971275769722507,0.009712804409411318,0.009712908262670749,0.009712440285676123,0.009712546614495454,0.009712491678231462,0.009712400061650358,0.009712081546390559,0.009711981482345828,0.009712069096241201,0.009712136825747772,0.009711674612474935,0.009711722551450714
0.009712896281408936,0.009712824282878087,0.009712436649511475,0.009712350357286332,0.009712396403999663,0.009712500382261633,0.009712031844655489,0.009712138301179845,0.009712082563857532,0.009711990775547174,0.009711671904436267,0.009711571558203215,0.009711656562207842,0.009711726003863283,0.009711261183194217,0.009711311092800342
0.009712486557705947,0.00971241447240139,0.009712026372842865,0.009711939976597063,0.009711985351037589,0.00971208945549158,0.009711620352691585,0.00971172693814939,0.00971167039315679,0.00971157843614343,0.009711259204829273,0.009711158586314283,0.009711241043197925,0.009711312088739661,0.009710844595770504,0.00971089653378663
0.009712348043740323,0.00971227592909713,0.009711887671917134,0.009711801240501399,0.009711845900737218,0.009711950048611296,0.00971148075353572,0.009711587383185656,0.009711530071852836,0.009711438023399277,0.00971111868414677,0.00971101788455333,0.00971109780472791,0.009711170279884029,0.009710700436344888,0.009710754409755216
0.009711936880278757,0.009711864678537019,0.009711475953423287,0.009711389417597577,0.00971143339680233,0.00971153767169799,0.009711067808832833,0.009711174568297818,0.00971111644215081,0.00971102423227844,0.009710704528439446,0.009710603477417234,0.00971068100044643,0.009710754845166099,0.009710282222813464,0.00971033832435043
0.0097115268847018,0.009711454596094175,0.00971106540429895,0.009710978764342161,0.009711022062008561,0.009711126463875444,0.00971065603438059,0.009710762923614107,0.009710703983520965,0.009710611615530955,0.009710291547093573,0.009710190253604114,0.009710265437637932,0.009710340594053093,0.00970986506693505,0.009709923373868142
0.009711119122497069,0.009711046747482181,0.009710656545785472,0.009710569802108994,0.009710612965331024,0.009710717493753036,0.009710235931337855,0.009710342953221976,0.00971029376772561,0.009710201245155599,0.009709877920310426,0.00970977639257167,0.00970985219489843,0.009709928607785528,0.009709452699424926,0.009709513288927853
0.009710946507650432,0.009710874096053054,0.009710484243507213,0.009710397456115688,0.009710439360997815,0.00971054394426763,0.00971007271027765,0.009710179784776524,0.009710119262608452,0.009710026651893239,0.00970970607540097,0.009709604392892932,0.009709675035460096,0.00970975260009543,0.009709271176289913,0.009709334097104384
0.009710544075381872,0.009710471578486464,0.009710080721082606,0.009709993831300891,0.009710035601964845,0.009710140310643645,0.009709657932537271,0.009709765138521499,0.009709714391483751,0.009709621633106472,0.009709297798267593,0.009709195898751273,0.009709267292406244,0.009709346003541579,0.00970886391001087,0.009708929285975654
0.00971014355368908,0.009710070971886673,0.009709680204938845,0.009709593213513154,0.00970963375705222,0.009709738590752104,0.00970926624449685,0.009709373574948096,0.00970931143800066,0.009709218535120741,0.00970889723809879,0.009708795131325705,0.009708861549702462,0.009708941350158996,0.009708453114233023,0.0097085210328601
0.0016206046001219605,0.001620602443539269,0.0016205914175659118,0.0016205888363943484,0.0016205917196171805,0.0016205948307181036,0.001620581097560515,0.0016205842793406064,0.0016205835875375062,0.0016205808327537522,0.0016205718192355552,0.0016205687936817303,0.0016205707841588618,0.0016205731592694936,0.0016205590659211834,0.0016205611268875222
0.001620605330723928,0.0016206031741408478,0.0016205921481655047,0.001620589566993476,0.0016205924459901807,0.0016205955573158975,0.001620581823933276,0.0016205850059362295,0.0016205843099915587,0.0016205815541668967,0.0016205725416807855,0.0016205695137492748,0.0016205714638184063,0.0016205738668985388,0.0016205597048180565,0.0016205618340406698
0.0016206034755046088,0.0016206013189225162,0.0016205902929522186,0.0016205877117813708,0.0016205905866453116,0.0016205936981768692,0.0016205799645962406,0.0016205831468017974,0.0016205824468055493,0.0016205796900298321,0.001620570678495779,0.0016205676484095275,0.0016205695602169343,0.0016205719895732841,0.0016205577609234578,0.0016205599551661902
0.0016206016738677562,0.001620599517286621,0.0016205884913212249,0.0016205859101515237,0.0016205887809910085,0.0016205918927117535,0.001620578158950637,0.0016205813413411726,0.0016205806373960382,0.0016205778797551802,0.0016205688690891034,0.0016205658370605925,0.0016205677128914699,0.0016205701667558199,0.001620555874118053,0.0016205581297004177
0.0016205999474392602,0.0016205977908590446,0.0016205867648983426,0.0016205841837297415,0.0016205870506890464,0.0016205901625864147,0.0016205764286580384,0.0016205796112201533,0.0016205789034672447,0.0016205761450348156,0.0016205671351649377,0.0016205641013790147,0.0016205659432985099,0.0016205684201160613,0.001620554065515574,0.0016205563798545434
0.001620598314986455,0.001620596158407107,0.0016205851486905491,0.001620582567522977,0.0016205854145384393,0.0016205885266025906,0.001620575106668665,0.001620578289392072,0.001620577263854278,0.0016205745046958058,0.0016205655814527395,0.0016205625460753523,0.0016205642701804304,0.0016205667684934793,0.001620552275107861,0.0016205546460722638
0.001620601185735463,0.0016205990291545877,0.0016205880031905178,0.0016205854220211282,0.0016205882817415277,0.0016205913939684867,0.001620577659718973,0.0016205808425987101,0.0016205801277449116,0.0016205773679157968,0.0016205683594440576,0.001620565322621438,0.001620567102599313,0.0016205696210330317,0.00162055514826172,0.0016205575737871793
0.0016205997890213347,0.0016205976324412028,0.0016205866227206405,0.0016205840415521298,0.0016205868816920035,0.0016205899940699173,0.0016205765738311168,0.0016205797568554137,0.0016205787245790674,0.0016205759641413913,0.0016205670421817833,0.001620564004064032,0.001620565670214174,0.0016205682072773578,0.001620553600153151,0.0016205560776055518
0.009708606595533464,0.009708533687782026,0.009708141169745357,0.009708053787586789,0.009708088627823823,0.00970819398481175,0.009707719454647748,0.009707827318234006,0.00970775903557909,0.009707665463230899,0.009707342850993884,0.009707239723294148,0.009707290739969779,0.009707377629230811,0.009706863394205572,0.009706949654373825
0.009708364368046183,0.009708291408906191,0.009707898614799081,0.009707811171038342,0.009707845542192568,0.009707950973818765,0.009707476109066073,0.009707584048857697,0.00970751522047661,0.009707421568640675,0.009707098735445879,0.009706995503888982,0.009707045303060033,0.009707132748870037,0.009706615996692732,0.009706703838223085
0.009708144743147936,0.009708071737410229,0.00970767869297084,0.009707591193350951,0.00970762512789543,0.009707730627927146,0.009707255459064357,0.009707363468562191,0.009707294135072504,0.009707200410709337,0.009706877377688569,0.009706774051933669,0.009706822730836643,0.009706910684112295,0.00970639158556878,0.00970648089694513
0.009707945753036963,0.0097078727050761,0.009707478883045054,0.009707391332670132,0.009707425415147327,0.009707530977917149,0.009707044865021214,0.00970715294178128,0.00970709380856962,0.009707000018035384,0.009706673884623512,0.009706570472630644,0.00970662104968011,0.00970670946281814,0.009706190875847096,0.009706281541085606
0.0097077699655007,0.00970769688023722,0.009707303408570843,0.00970721581361919,0.009707248975016307,0.009707354594038958,0.009706878903482473,0.009706987034190533,0.009706916813879368,0.009706822964136047,0.009706499591836913,0.009706396104700267,0.009706442832974681,0.00970653165955832,0.009706008403462585,0.009706100309037263
0.009707618215231481,0.009707545097764043,0.009707151453092746,0.009707063819536517,0.009707096645675841,0.009707202314105231,0.009706726410838603,0.009706834591838843,0.00970676399190654,0.0097066700901863,0.009706346581601964,0.009706243027988214,0.009706288925677334,0.009706378118740146,0.009705853070671773,0.00970594609341142
0.009707491965660392,0.009707418821399184,0.009707025032787761,0.009706937367112447,0.009706969893505118,0.009707075603959297,0.009706599522630482,0.009706707746376239,0.009706636810992951,0.009706542864930504,0.009706219243872402,0.00970611563364157,0.009706160797783416,0.00970625031079959,0.009705723675637512,0.009705817689801602
0.009707676852481226,0.009707603747457817,0.0097072101696379,0.009707122550998992,0.009707154786065464,0.00970726044335431,0.009706784612762752,0.00970689278180253,0.009706821614577706,0.009706727709821936,0.009706404267548973,0.009706300696519187,0.009706345189127566,0.009706434900987621,0.00970590733208989,0.009706002127098625
0.009707601405303027,0.009707528284268121,0.009707134069119838,0.009707046431147016,0.009707078993419513,0.009707184677482716,0.009706698060232855,0.009706806259783879,0.00970674552400765,0.00970665159047627,0.009706325159953974,0.009706221551157253,0.009706268431199113,0.009706358370602323,0.00970583233508598,0.009705927855519618
0.00970755046413884,0.009707477332292852,0.009707083610377785,0.00970699595958524,0.009707027781285514,0.009707133484614765,0.009706657471083338,0.00970676568678624,0.009706694075437748,0.00970660012067139,0.00970627657014716,0.009706172934704417,0.009706216444566032,0.009706306569595901,0.00970577690692625,0.009705873030264055
0.009707762226300494,0.009707689139394658,0.009707295107850742,0.009707207510790319,0.0097072397037108,0.009707345345562293,0.009706858946625624,0.009706967102518818,0.009706906049448141,0.009706812146011132,0.009706485876821401,0.009706382293943742,0.009706428332346646,0.00970651854155483,0.009705991182260374,0.009706087723598135
0.009707984923837289,0.009707911884188245,0.009707518657570698,0.009707431117299485,0.00970746261007914,0.009707568186819986,0.009707092764508854,0.009707200850210256,0.00970712904965353,0.009707035201464329,0.009706712066229504,0.009706608542754881,0.009706651340467692,0.009706741601899792,0.009706211342629579,0.009706308201319173
0.00970799294909521,0.009707919911149047,0.009707526142994362,0.009707438604624613,0.009707470547876221,0.009707576125074016,0.00970709004421491,0.009707198133569853,0.009707136901431787,0.009707043050766893,0.00970671700695652,0.009706613478058778,0.00970665896907279,0.009706749314757627,0.009706221311558086,0.009706318463060576
0.009708283989339945,0.009708211013146511,0.009707817577205083,0.009707730112861718,0.009707761947409431,0.009707867438296807,0.0097073817642647,0.009707489765099372,0.009707428507819691,0.009707334732236074,0.009707008966733087,0.00970690551931657,0.009706950794658071,0.009707041132033793,0.009706513231927791,0.009706610533185353
0.009708600797655119,0.009708527888673713,0.00970813481431654,0.00970804743054397,0.009708079159202928,0.009708184558018052,0.009707699324560462,0.009707807230933948,0.009707745961458158,0.009707652266154165,0.009707326805032295,0.009707223445119366,0.009707268524742758,0.00970735884025026,0.00970683112654704,0.009706928541094204
0.009708921342719555,0.00970884850173427,0.00970845579318109,0.00970836849091928,0.009708400117192414,0.009708505425533693,0.009708020634608737,0.009708128448110767,0.009708067174885636,0.009707973558488155,0.009707648407498652,0.009707545133839316,0.009707590039868529,0.00970768032655406,0.009707152847012072,0.009707250346018246
0.0016205997688992302,0.00162059761231911,0.0016205866025986023,0.0016205840214301047,0.0016205868364600705,0.0016205899503661664,0.001620576528679929,0.0016205797131506178,0.0016205786567006768,0.0016205758920023307,0.0016205669744437693,0.001620563928302065,0.0016205654018354822,0.0016205680651123935,0.0016205530260287883,0.0016205558989354292
0.0016205968262954927,0.0016205946697169368,0.001620583643764725,0.0016205810625981106,0.0016205838874691165,0.0016205870013729475,0.0016205732655451908,0.001620576450013316,0.0016205757013190846,0.0016205729366227533,0.0016205639331762659,0.0016205608870368472,0.0016205624398725111,0.0016205651032712724,0.00162055014216784,0.0016205530157667614,0.0016205552381463179
0.0016205974063686797,0.0016205952497898154,0.0016205842238360259,0.0016205816426690424,0.0016205844659156927,0.0016205875798199672,0.001620573843990251,0.0016205770284588308,0.001620576278139735,0.0016205735134430107,0.0016205645099952421,0.0016205614638553894,0.0016205630148875226,0.0016205656784016313,0.0016205507165897668,0.001620553590810017,0.0016205557840611416
0.0016205968355668522,0.0016205946789882909,0.0016205836692757501,0.0016205810881091203,0.0016205838934619798,0.0016205870073658151,0.0016205735856893225,0.001620576770157699,0.0016205757040334764,0.0016205729393371443,0.0016205640217850776,0.0016205609756455921,0.0016205624389649925,0.0016205651025852608,0.0016205500613858885,0.0016205529361598917,0.001620555178322566
0.0016205938017606254,0.0016205916451836793,0.0016205806354793776,0.0016205780543146792,0.0016205808530644437,0.0016205839669659438,0.0016205705452995158,0.0016205737297655045,0.0016205726570410989,0.0016205698923468443,0.001620560974801482,0.001620557928664286,0.0016205593852307947,0.0016205620489476143,0.001620547007200457,0.0016205498824656173,0.0016205520891623905,0.0016205419648007884
0.0016205893299877227,0.0016205871734131547,0.0016205761637209987,0.0016205735825591471,0.0016205763718027482,0.001620579485700806,0.0016205660640492164,0.001620569248511684,0.001620568166285408,0.0016205654015942167,0.0016205564840587312,0.0016205534379249101,0.0016205548848494374,0.0016205575486537417,0.001620542506428947,0.0016205453821278597,0.001620547549865318,0.0016205355121274058,0.0016205473494929302
0.001620588271313853,0.001620586114739848,0.0016205750888109046,0.0016205725076497374,0.0016205753082324005,0.0016205784221296413,0.001620564686330955,0.0016205678707923404,0.0016205670978173602,0.0016205643331268981,0.0016205553296995178,0.0016205522835665634,0.0016205538113596785,0.001620556475246535,0.001620541511349173,0.0016205443874341616,0.0016205464414457912,0.001620533837293916,0.0016205461557418175
0.0097062899692891,0.009706216569863315,0.009705820857068455,0.009705732885373483,0.009705758344361371,0.009705864462214336,0.009705375951357618,0.009705484593751706,0.009705416423920017,0.009705322086011955,0.009704994435910882,0.009704890366165973,0.009704929130836409,0.009705020137021934,0.009704488374811165,0.009704586765087637,0.009704675323224714,0.009704243088607529,0.009704662978393567
0.009705836042938192,0.009705762547119854,0.009705366315772264,0.009705278228526439,0.00970530282289779,0.009705409080410078,0.00970491992775767,0.00970502871315435,0.009704959553004312,0.009704865090673974,0.009704537009579297,0.009704432802554556,0.009704470714842985,0.009704561841055349,0.00970402936756412,0.009704127893185989,0.009704214478475765,0.009703781952885935,0.009704199196493674
0.009705376535082478,0.009705302941669006,0.009704906185302209,0.00970481798106399,0.00970484169867743,0.00970494809759188,0.009704458295137707,0.009704567225321483,0.009704497061132671,0.009704402472826957,0.009704073955361861,0.00970396960934373,0.009704006657239831,0.009704097904960306,0.009703564712418561,0.009703663374523636,0.009703747940813967,0.009703315124813277,0.009703729680301339
0.00970432169480017,0.00970424787728311,0.009703849915348332,0.00970376144246549,0.009703783213274381,0.009703889936864494,0.009703398642402251,0.009703507905033708,0.009703435501816446,0.009703340624274729,0.009703011104926466,0.009702906439783474,0.009702941569347652,0.009703033096364402,0.009702498264950723,0.009702597233793936,0.00970267876685374,0.009702243338686366,0.00970265744717033,0.009702234190208929
0.009703951080347935,0.00970387718407132,0.009703479355610509,0.009703390788456336,0.009703410806189625,0.009703517644041636,0.009703036616429798,0.009703145992671315,0.009703061501826381,0.009702966522355572,0.00970263960397446,0.009702534827256632,0.009702565814982996,0.009702657440348702,0.009702119313696309,0.009702218393988589,0.009702300212427926,0.009701865049453265,0.009702275832725999,0.009701852896504716
0.009703319776613945,0.009703245746152916,0.00970284663869842,0.009702757910548847,0.009702777285661405,0.009702884317927124,0.009702391604998153,0.009702501183693977,0.009702426106395216,0.009702330953722216,0.009702000481363153,0.00970189551265784,0.009701928272259007,0.009702020064722072,0.009701483667649124,0.009701582931942863,0.009701659606000414,0.009701222701590767,0.009701632093841223,0.009701207478197396
0.009702675392284615,0.009702601224825804,0.009702201939610295,0.009702113047376979,0.009702130644361762,0.00970223787511552,0.009701755081693379,0.009701864860227331,0.009701777557219139,0.009701682227715816,0.009701354107775497,0.009701248944857927,0.009701277537118797,0.009701369500171227,0.009700829377390358,0.009700928830725295,0.009701005736722957,0.00970056875983503,0.009700975042683815,0.009700550414694493
0.009702279029008385,0.009702204777265166,0.009701805039289954,0.009701716046020974,0.009701732391834287,0.009701839744856517,0.009701356401930563,0.009701466305655201,0.009701377629173146,0.009701282190605995,0.009700953696286353,0.009700848413035998,0.009700875760803763,0.00970096782906312,0.0097004270821882,0.009700526652785478,0.009700600965243725,0.009700163387066717,0.009700567070704243,0.009700141890819775
0.009702026393130414,0.009701952087659099,0.00970155206106789,0.009701463003392523,0.009701478071437685,0.00970158550254892,0.00970110180867336,0.009701211792353344,0.00970112175951837,0.009701026251164873,0.009700697517293464,0.009700592157046146,0.00970061823017431,0.00970071036574046,0.009700169217432197,0.009700268864074765,0.00970034049373137,0.009699902496032906,0.009700303368151097,0.009699877809599387
0.009701363452043442,0.009701289005560257,0.009700888221487682,0.009700798994774855,0.009700812790405473,0.009700920425825935,0.009700435813743172,0.009700546006615306,0.009700454497760764,0.009700358807386065,0.00970002944870477,0.009699923887629127,0.009699948701264905,0.009700041012510143,0.009699498828210782,0.009699598667800067,0.009699667642307605,0.009699228712811593,0.009699627201783459,0.009699200764221459
0.009700693492360498,0.009700618903337323,0.009700216791198911,0.00970012739347364,0.009700140462028904,0.009700248303973803,0.009699751870369666,0.009699862278124952,0.009699780163756623,0.009699684289386161,0.009699351317251696,0.009699245552272516,0.009699272071788043,0.009699364560868139,0.009698824067990925,0.009698924101715519,0.009698987660009078,0.00969854689704305,0.009698943788959026,0.009698515613979981
0.00970001848784028,0.009699943755168182,0.00969954143377786,0.00969945186399741,0.009699463065774152,0.009699571115851714,0.009699084640235256,0.009699195257674341,0.009699100741668491,0.009699004681868156,0.009698674055108037,0.009698568086436531,0.009698590331198196,0.009698682999935216,0.009698138713587268,0.009698238944686079,0.009698302649491137,0.009697861551956599,0.009698255018145781,0.00969782678819683
0.009699337253645704,0.009699262375962955,0.009698858711071926,0.009698768967316938,0.009698779412439214,0.009698887672623936,0.00969838931714412,0.009698500153149502,0.009698415038492579,0.009698318791501823,0.009697984528745358,0.009697878352641888,0.009697902281854909,0.009697995132695746,0.00969745253016758,0.009697552959084806,0.009697611411375697,0.009697168072948433,0.009697559676613636,0.00969712967578186
0.009698651743670864,0.009698576720031108,0.009698172270020651,0.009698082351300314,0.009698091462649189,0.009698199934313914,0.009697700607061521,0.009697811659608372,0.009697725020586193,0.00969762858518056,0.009697293669833185,0.009697187285845524,0.009697209897534434,0.00969730293160622,0.009696759262344468,0.009696859891232267,0.009696915927542814,0.009696470991099845,0.009696859778003636,0.00969642881258873
0.009698235599728933,0.00969816048746727,0.009697755560752749,0.009697665535797336,0.009697673293236437,0.009697781893474523,0.009697281975417516,0.009697393159614888,0.009697305050244107,0.009697208500139479,0.009696873187525754,0.009696766676987054,0.00969678794167809,0.009696881088574657,0.009696336766969713,0.009696437519449456,0.009696491156466982,0.009696044721092922,0.009696430911203226,0.009695998503527111
0.009697551418130754,0.009697476160137192,0.00969707044952518,0.009696980249874454,0.009696986654347884,0.009697095465746477,0.009696594577395922,0.009696705977807476,0.0096966163251085,0.009696519586867632,0.009696183622639187,0.009696076904523915,0.00969609683046776,0.009696190161765178,0.009695644773835785,0.009695745727134737,0.009695797070320334,0.009695348569154378,0.009695732964997539,0.009695297900339636
0.0016205398746849582,0.0016205377181367003,0.00162052670857886,0.0016205241274484983,0.0016205267923547408,0.0016205299062147134,0.0016205164847272763,0.0016205196691507966,0.0016205184626346839,0.0016205156979773904,0.001620506780551245,0.0016205037344547723,0.0016205050563992526,0.001620507720582084,0.0016204926757088626,0.0016204955538486356,0.001620497049519047,0.0016204846335441908,0.0016204951065877083,0.0016204830169066313
0.001620536628668074,0.0016205344721215433,0.001620523446333063,0.0016205208652047783,0.0016205235389865817,0.0016205266528440557,0.0016205129172207856,0.0016205161016415034,0.0016205152019114742,0.0016205124372564049,0.0016205034339441989,0.0016205003878462304,0.0016205017880367859,0.0016205044524470011,0.0016204894860798323,0.00162049236449373,0.0016204937544086015,0.001620481307713648,0.0016204917215135897,0.0016204795282084314
0.0016205346441887489,0.0016205324876432741,0.0016205214618601911,0.0016205188807331707,0.0016205215472285574,0.001620524661095909,0.00162051092546725,0.001620514109898518,0.0016205132028932045,0.001620510438222596,0.001620501434932599,0.0016204983888078836,0.0016204997814762863,0.0016205024461086528,0.0016204874794964405,0.0016204903581729668,0.0016204917231520295,0.001620479268941939,0.0016204896092509237,0.0016204773053912882
0.0016205316319266125,0.0016205294753827394,0.00162051844960785,0.0016205158684827474,0.0016205185278784164,0.0016205216417954252,0.0016205079061245237,0.0016205110906058193,0.0016205101765483431,0.0016205074118240807,0.001620498408602244,0.001620495362411095,0.0016204967478121075,0.0016204994126841985,0.0016204844458176909,0.0016204873247710396,0.0016204886662726768,0.0016204762035799927,0.0016204864769006446,0.0016204740581479895
0.0016205302298599464,0.0016205280733168187,0.0016205170637851726,0.0016205144826609535,0.0016205171190295095,0.001620520233043955,0.0016205068114252263,0.0016205099960042368,0.0016205087610996444,0.0016205059962764038,0.0016204970790619404,0.0016204940327569886,0.0016204953253825985,0.0016204979905195217,0.0016204829446144656,0.001620485823867223,0.0016204872224590918,0.0016204747750186398,0.001620484964162061,0.0016204724536903496
0.0016205278888442728,0.001620525732302392,0.0016205147227771038,0.0016205121416543744,0.0016205147717905765,0.0016205178859543356,0.0016205044641922034,0.0016205076489203439,0.0016205064079175394,0.0016205036429463914,0.0016204947259040754,0.001620491679434004,0.0016204929658153813,0.0016204956312440009,0.0016204805850398058,0.0016204834646168433,0.0016204848440308632,0.001620472387430373,0.0016204825253572214,0.001620469903622233
0.0016205276142999896,0.001620525457758254,0.0016205144319942925,0.001620511850871748,0.0016205144921495563,0.0016205176065091141,0.001620503870405602,0.001620507055329415,0.0016205061235469238,0.0016205033583858435,0.0016204943556638637,0.0016204913089844855,0.001620492676234699,0.001620495341965568,0.0016204803742084942,0.0016204832541174493,0.0016204845396548416,0.0016204720507620592,0.0016204821737833184,0.001620469434540199
0.0016205268978063364,0.0016205247412649823,0.00162051371550297,0.0016205111343808806,0.0016205137724016195,0.001620516886960461,0.0016205031506583382,0.0016205063357823573,0.0016205054009192587,0.0016205026355688838,0.0016204936330609368,0.0016204905861738144,0.001620491950299341,0.0016204946162877048,0.0016204796482688188,0.0016204825284583375,0.0016204838047256737,0.0016204713107263494,0.0016204814100646038,0.0016204686116997136
0.009695125239162716,0.009695049464103976,0.009694641543558945,0.00969455072422581,0.00969454710479716,0.00969465669648069,0.009694163390810149,0.009694275586140997,0.009694164777386487,0.009694067339946188,0.009693732110732437,0.009693624621120368,0.00969363211496833,0.009693726167881635,0.009693174114112864,0.00969327585351275,0.009693315267620782,0.009692853706477078,0.009693230304960505,0.00969275712827596
0.00969601327824244,0.009695937692492988,0.0096955302188942,0.009695439626348267,0.009695436523148315,0.00969554584235745,0.009695042725863474,0.00969515464567073,0.009695055092097296,0.00969495789688961,0.009694620482157043,0.009694513258902132,0.009694523702841556,0.009694617522155112,0.009694069619258824,0.00969417110514389,0.009694207570984364,0.009693746234821112,0.009694122728780043,0.009693649630139875
0.009696607841929243,0.009696532382894063,0.009696126159825225,0.009696035719322243,0.009696032035869117,0.009696141172608643,0.009695649918138347,0.00969576164763837,0.009695651230523008,0.009695554197564337,0.009695220364722226,0.009695113321393065,0.009695120719565192,0.00969521438228002,0.009694664625162877,0.009694765942416198,0.009694805105363436,0.00969434539020679,0.009694720391613594,0.009694248908312957
0.009696779503417555,0.00969670408096215,0.009696297485711797,0.009696207088913469,0.00969620397219991,0.009696313056440519,0.009695811023576846,0.009695922702790537,0.009695823348731068,0.009695726362455137,0.00969538967589875,0.009695282683167798,0.009695293092331839,0.00969538670998317,0.009694839987939966,0.009694941255650983,0.009694977629567055,0.009694517277804092,0.00969489295512674,0.009694420837837144
0.00969743207374241,0.009697356790324671,0.009696951510574115,0.009696861280591053,0.009696857593246915,0.00969696647660023,0.009696476362727989,0.009696587832787597,0.00969647766422845,0.00969638085658866,0.009696047799319537,0.00969594100459163,0.009695948380426932,0.00969604182562221,0.009695493345758501,0.00969559442767921,0.009695633497072764,0.009695174849099474,0.009695548978501561,0.009695078586679125
0.00969808120619043,0.00969800606104583,0.009697600957452198,0.009697510893078529,0.009697507770997989,0.00969761645447978,0.009697116264000123,0.009697227532865785,0.009697128532722345,0.009697031902815647,0.009696696451520671,0.009696589851986482,0.009696600216385022,0.009696693489995557,0.009696148775341796,0.009696249670841001,0.009696285909329293,0.009695827247685675,0.009696201545962247,0.009695731161812337
0.009698744962422089,0.009698669958632404,0.009698266180907111,0.009698176286126103,0.009698172595932558,0.009698281075043712,0.009697792778275012,0.009697903834434212,0.009697794063829996,0.009697697615657348,0.009697365792693285,0.009697259394576553,0.009697266736618927,0.00969735983478204,0.009696813389516435,0.009696914095985576,0.009696953018701496,0.009696496071916166,0.009696868814042926,0.009696400167062852
0.009698913530066206,0.00969883856216965,0.009698434412007448,0.009698344560109031,0.009698341434857115,0.00969844986212374,0.009697950849326703,0.00969806185584642,0.00969796308206602,0.009697866679995459,0.009697532018203475,0.009697425670050374,0.009697436005938202,0.009697529059594007,0.00969698562808295,0.009697086285616727,0.009697122437641393,0.00969666485635801,0.00969703827324395,0.00969656899713649
0.00969950090600864,0.00969942606316504,0.009699023149974754,0.009698933448126836,0.009698929756368891,0.009699038002800456,0.009698550751928773,0.009698661569849028,0.009698552028344513,0.009698455787079391,0.009698124674552337,0.009698018504723186,0.009698025827342934,0.009698118725755855,0.009697573451572204,0.009697673941932857,0.009697712780237337,0.009697256812628835,0.00969762875627228,0.009697161113609408
0.00970089150915925,0.00970081696226968,0.009700415076777965,0.009700325729560227,0.009700322597737995,0.009700430416107512,0.009699934201028692,0.009700044584080992,0.009699946348410904,0.00969985048779521,0.009699517701049565,0.009699411950306762,0.009699422218697927,0.009699514749628388,0.009698974366289382,0.009699074458294597,0.009699110405055245,0.009698655389976654,0.009699026713514278,0.00969856006940341
0.009701658667244456,0.00970158428355981,0.00970118383682497,0.009701094685391662,0.009701090990102678,0.009701198572426382,0.009700714305783729,0.009700824443728131,0.009700715556253759,0.00970061990553939,0.009700290819609183,0.009700185301354075,0.009700192568784589,0.00970028489707424,0.009699742964221825,0.00969984283776907,0.00969988143536036,0.009699428261311746,0.009699797927128143,0.009699333149781381
0.009702286629926195,0.009702212379799452,0.009701812090681258,0.009701723099207504,0.009701719962926354,0.009701827352082444,0.009701333109129455,0.00970144305269711,0.009701345196450007,0.009701249717508117,0.009700918252491806,0.009700812922866566,0.009700823143743646,0.009700915306202361,0.009700377071537092,0.00970047676489775,0.009700512566985066,0.009700059360839399,0.009700429208763453,0.009699964419963087
0.009703048095566396,0.009702974007349398,0.009702575147808087,0.009702486350565724,0.009702482653157351,0.009702589808131264,0.009702107461868071,0.009702217162251135,0.009702108695753312,0.009702013425055816,0.009701685643277454,0.009701580544307973,0.009701587776285695,0.009701679737702982,0.009701139955032424,0.009701239431661748,0.009701277874367068,0.009700826498013673,0.00970119469800759,0.009700731764531565
0.009703817328379953,0.009703743403676947,0.009703344865139876,0.0097032562637678,0.009703253122796289,0.009703360041262887,0.009702867960963514,0.009702977422577449,0.00970287998252126,0.009702784922135888,0.009702454906517438,0.009702350038704656,0.009702360207546081,0.009702451965925576,0.009701916087515817,0.009702015343708245,0.009702050987168247,0.009701599764704279,0.009701967994476871,0.00970150524021805
0.009704409823886788,0.009704336025096549,0.009703938720325277,0.009703850270032776,0.009703846570705648,0.009703953307051337,0.009703472841952804,0.00970358211370416,0.009703474059675818,0.009703379161240045,0.009703052656967966,0.009702947968728032,0.009702955166032132,0.009703046768063536,0.009702509091665259,0.009702608179475868,0.00970264647047606,0.009702196855100612,0.009702563619217362,0.009702102491952986
0.00970483885689391,0.009704765149260731,0.009704367778445768,0.009704279437286413,0.009704276293264435,0.009704382897765568,0.009703892260054773,0.009704001400189384,0.009703904237805048,0.009703809456611066,0.009703480407818418,0.009703375848050472,0.009703385982213965,0.00970347747105868,0.009702943164381613,0.009703042128967415,0.009703077666623249,0.009702627767373692,0.009702994917753397,0.009702533520634611
0.0016205803756888686,0.001620578219119065,0.0016205672094512277,0.0016205646282950788,0.0016205672483456464,0.001620570363177375,0.0016205569406088623,0.0016205601260099788,0.0016205588754244218,0.0016205561098246578,0.0016205471933303766,0.0016205441461691593,0.0016205454228681348,0.0016205480891347184,0.00162053304191065,0.0016205359224015865,0.0016205372728938106,0.0016205248005732313,0.0016205348640794652,0.0016205220606478055
0.0016205820404741691,0.0016205798839034782,0.0016205688579914819,0.0016205662768342833,0.001620568913116505,0.0016205720279567082,0.001620558291225192,0.0016205614766347275,0.001620560540196399,0.0016205577745891117,0.0016205487722042136,0.0016205457250347713,0.001620547087627413,0.0016205497539012498,0.001620534785424768,0.0016205376659235975,0.0016205389376548142,0.0016205264409492374,0.0016205365288339156,0.0016205237010163747
0.0016205859681052662,0.0016205838115324867,0.0016205728018494619,0.0016205702206897516,0.0016205728407340705,0.0016205759555779384,0.0016205625329828775,0.0016205657183964073,0.001620564467806263,0.0016205617021957215,0.0016205527856969345,0.0016205497385238421,0.0016205510152235984,0.0016205536815005726,0.001620538634248929,0.0016205415147510912,0.0016205428652435593,0.0016205303929064884,0.0016205404564198266,0.0016205276529703855
0.0016205901072597814,0.0016205879506848004,0.0016205769247508639,0.0016205743435885275,0.0016205769798748385,0.0016205800947221602,0.0016205663579623665,0.0016205695433791814,0.0016205686069386542,0.001620565841325047,0.0016205568389231493,0.0016205537917467433,0.0016205551543419816,0.0016205578206219113,0.001620542852114843,0.001620545732620255,0.0016205470043538128,0.0016205345076234523,0.0016205445955274097,0.0016205317676843273
0.0016205909497035336,0.001620588793128104,0.0016205777834315488,0.0016205752022686664,0.0016205778223155967,0.0016205809371637777,0.0016205675145517249,0.001620570699969665,0.0016205694493778072,0.0016205666837634373,0.0016205577672541737,0.0016205547200768635,0.0016205559967781284,0.0016205586630587943,0.0016205436157882389,0.0016205464962943893,0.0016205478467884167,0.0016205353744360618,0.0016205454379613479,0.001620532634496166
0.0016205936482735714,0.0016205914916967066,0.0016205804657531372,0.001620577884588547,0.001620580520876598,0.001620583635727088,0.0016205698989548367,0.0016205730843748924,0.0016205721479333843,0.001620569382316963,0.0016205603799076464,0.0016205573327281414,0.0016205586953245133,0.0016205613616071546,0.0016205463930866232,0.0016205492735949653,0.0016205505453295403,0.001620538048588304,0.001620548136500687,0.0016205353086463927
0.0016205951975050898,0.0016205930409274004,0.0016205820312193088,0.001620579450053722,0.001620582070102869,0.0016205851849547326,0.001620571762328185,0.0016205749477498912,0.0016205736971565711,0.0016205709315389304,0.0016205620150207406,0.0016205589678398274,0.0016205602445423769,0.001620562910826195,0.0016205478635395068,0.001620550744049063,0.0016205520945444189,0.0016205396221790327,0.001620549685714503,0.0016205368822358964
0.00162059657657716,0.001620594419998737,0.0016205833940472038,0.0016205808128807488,0.0016205834491702467,0.0016205865640233508,0.0016205728272408039,0.0016205760126635324,0.001620575076221216,0.0016205723106024735,0.0016205633081870163,0.0016205602610049532,0.0016205616236022646,0.0016205642898871444,0.0016205493213554832,0.0016205522018662428,0.0016205534736016631,0.001620540976851433,0.0016205510647707868,0.0016205382369072227
