1,3,4,5,6,7,8,9,10,11,12,13,14,15,16,17,18,19,20,21,22,23,24,25,26,27,28,29,30,31,32,33,34,35,36,37,38,39,40,41,42,43,44,45,46,47,48,2,49,50,51,52,53,54,55,56,57,58,59,60,61,62,63,64,65,66,67,68,69,70,71,72,73,74,75,76,77,78,79,80,81,82,83,84
1,3,4,5,6,7,8,9,10,11,12,13,14,15,16,17,18,19,20,21,22,23,24,25,26,27,28,29,30,31,32,33,34,35,36,37,38,39,40,41,42,43,44,45,46,47,48,2,49,50,51,52,53,54,55,56,57,58,59,60,61,62,63,64,65,66,67,68,69,70,71,72,73,74,75,76,77,78,79,80,81,82,83,84
1,3,4,5,6,7,8,9,10,11,12,13,14,15,16,17,18,19,20,21,22,23,24,25,26,27,28,29,30,31,32,33,34,35,36,37,38,39,40,41,42,43,44,45,46,47,48,2,49,50,51,52,53,54,55,56,57,58,59,60,61,62,63,64,65,66,67,68,69,70,71,72,73,74,75,76,77,78,79,80,81,82,83,84
1,3,4,5,6,7,8,9,10,11,12,13,14,15,16,17,18,19,20,21,22,23,24,25,26,27,28,29,30,31,32,33,34,35,36,37,38,39,40,41,42,43,44,45,46,47,48,2,49,50,51,52,53,54,55,56,57,58,59,60,61,62,63,64,65,66,67,68,69,70,71,72,73,74,75,76,77,78,79,80,81,82,83,84
1,3,4,5,6,7,8,9,10,11,12,13,14,15,16,17,18,19,20,21,22,23,24,25,26,27,28,29,30,31,32,33,34,35,36,37,38,39,40,41,42,43,44,45,46,47,48,2,49,50,51,52,53,54,55,56,57,58,59,60,61,62,63,64,65,66,67,68,69,70,71,72,73,74,75,76,77,78,79,80,81,82,83,84
1,3,4,5,6,7,8,9,10,11,12,13,14,15,16,17,18,19,20,21,22,23,24,25,26,27,28,29,30,31,32,33,34,35,36,37,38,39,40,41,42,43,44,45,46,47,48,2,49,50,51,52,53,54,55,56,57,58,59,60,61,62,63,64,65,66,67,68,69,70,71,72,73,74,75,76,77,78,79,80,81,82,83,84
1,3,4,5,6,7,8,9,10,11,12,13,14,15,16,17,18,19,20,21,22,23,24,25,26,27,28,29,30,31,32,33,34,35,36,37,38,39,40,41,42,43,44,45,46,47,48,85,2,49,50,51,52,53,54,55,56,57,58,59,60,61,62,63,64,65,66,67,68,69,70,71,72,73,74,75,76,77,78,79,80,81,82,83,84
1,3,4,5,6,7,8,9,10,11,12,13,14,15,16,17,18,19,20,21,22,23,24,25,26,27,28,29,30,31,32,33,34,35,36,37,38,39,40,41,42,43,44,45,46,47,48,85,2,49,50,51,52,53,54,55,56,57,58,59,60,61,62,63,64,65,66,67,68,69,70,71,72,73,74,75,76,77,78,79,80,81,82,83,84
1,3,4,5,6,7,8,9,10,11,12,13,14,15,16,17,18,19,20,21,22,23,24,25,26,27,28,29,30,31,32,33,34,35,36,37,38,39,40,41,42,43,44,45,46,47,48,85,2,49,50,51,52,53,54,55,56,57,58,59,60,61,62,63,64,65,66,67,68,69,70,71,72,73,74,75,76,77,78,79,80,81,82,83,84
1,3,4,5,6,7,8,9,10,11,12,13,14,15,16,17,18,19,20,21,22,23,24,25,26,27,28,29,30,31,32,33,34,35,36,37,38,39,40,41,42,43,44,45,46,47,48,85,2,49,50,51,52,53,54,55,56,57,58,59,60,61,62,63,64,65,66,67,68,69,70,71,72,73,74,75,76,77,78,79,80,81,82,83,84
1,3,4,5,6,7,8,9,10,11,12,13,14,15,16,17,18,19,20,21,22,23,24,25,26,27,28,29,30,31,32,33,34,35,36,37,38,39,40,41,42,43,44,45,46,47,48,85,2,49,50,51,52,53,54,55,56,57,58,59,60,61,62,63,64,65,66,67,68,69,70,71,72,73,74,75,76,77,78,79,80,81,82,83,84
1,3,4,5,6,7,8,9,10,11,12,13,14,15,16,17,18,19,20,21,22,23,24,25,26,27,28,29,30,31,32,33,34,35,36,37,38,39,40,41,42,43,44,45,46,47,48,85,2,49,50,51,52,53,54,55,56,57,58,59,60,61,62,63,64,65,66,67,68,69,70,71,72,73,74,75,76,77,78,79,80,81,82,83,84
1,3,4,5,6,7,8,9,10,11,12,13,14,15,16,17,18,19,20,21,22,23,24,25,26,27,28,29,30,31,32,33,34,35,36,37,38,39,40,41,42,43,44,45,46,47,48,85,2,49,50,51,52,53,54,55,56,57,58,59,60,61,62,63,64,65,66,67,68,69,70,71,72,73,74,75,76,77,78,79,80,81,82,83,84
1,3,4,5,6,7,8,9,10,11,12,13,14,15,16,17,18,19,20,21,22,23,24,25,26,27,28,29,30,31,32,33,34,35,36,37,38,39,40,41,42,43,44,45,46,47,48,85,2,49,50,51,52,53,54,55,56,57,58,59,60,61,62,63,64,65,66,67,68,69,70,71,72,73,74,75,76,77,78,79,80,81,82,83,84
1,3,4,5,6,7,8,9,10,11,12,13,14,15,16,17,18,19,20,21,22,23,24,25,26,27,28,29,30,31,32,33,34,35,36,37,38,39,40,41,42,43,44,45,46,47,48,85,2,49,50,51,52,53,54,55,56,57,58,59,60,61,62,63,64,65,66,67,68,69,70,71,72,73,74,75,76,77,78,79,80,81,82,83,84
1,3,4,5,6,7,8,9,10,11,12,13,14,15,16,17,18,19,20,21,22,23,24,25,26,27,28,29,30,31,32,33,34,35,36,37,38,39,40,41,42,43,44,45,46,47,48,85,2,49,50,51,52,53,54,55,56,57,58,59,60,61,62,63,64,65,66,67,68,69,70,71,72,73,74,75,76,77,78,79,80,81,82,83,84
1,3,4,5,6,7,8,9,10,11,12,13,14,15,16,17,18,19,20,21,22,23,24,25,26,27,28,29,30,31,32,33,34,35,36,37,38,39,40,41,42,43,44,45,46,47,48,85,2,49,50,51,52,53,54,55,56,57,58,59,60,61,62,63,64,65,66,67,68,69,70,71,72,73,74,75,76,77,78,79,80,81,82,83,84
1,3,4,5,6,7,8,9,10,11,12,13,14,15,16,17,18,19,20,21,22,23,24,25,26,27,28,29,30,31,32,33,34,35,36,37,38,39,40,41,42,43,44,45,46,47,48,85,2,49,50,51,52,53,54,55,56,57,58,59,60,61,62,63,64,65,66,67,68,69,70,71,72,73,74,75,76,77,78,79,80,81,82,83,84
1,3,4,5,6,7,8,9,10,11,12,13,14,15,16,17,18,19,20,21,22,23,24,25,26,27,28,29,30,31,32,33,34,35,36,37,38,39,40,41,42,43,44,45,46,47,48,85,2,49,50,51,52,53,54,55,56,57,58,59,60,61,62,63,64,65,66,67,68,69,70,71,72,73,74,75,76,77,78,79,80,81,82,83,84
1,3,4,5,6,7,8,9,10,11,12,13,14,15,16,17,18,19,20,21,22,23,24,25,26,27,28,29,30,31,32,33,34,35,36,37,38,39,40,41,42,43,44,45,46,47,48,85,2,49,50,51,52,53,54,55,56,57,58,59,60,61,62,63,64,65,66,67,68,69,70,71,72,73,74,75,76,77,78,79,80,81,82,83,84
1,3,4,5,6,7,8,9,10,11,12,13,14,15,16,17,18,19,20,21,22,23,24,25,26,27,28,29,30,31,32,33,34,35,36,37,38,39,40,41,42,43,44,45,46,47,48,85,2,49,50,51,52,53,54,55,56,57,58,59,60,61,62,63,64,65,66,67,68,69,70,71,72,73,74,75,76,77,78,79,80,81,82,83,84
1,3,4,5,6,7,8,9,10,11,12,13,14,15,16,17,18,19,20,21,22,23,24,25,26,27,28,29,30,31,32,33,34,35,36,37,38,39,40,41,42,43,44,45,46,47,48,85,2,49,50,51,52,53,54,55,56,57,58,59,60,61,62,63,64,65,66,67,68,69,70,71,72,73,74,75,76,77,78,79,80,81,82,83,84
1,3,4,5,6,7,8,9,10,11,12,13,14,15,16,17,18,19,20,21,22,23,24,25,26,27,28,29,30,31,32,33,34,35,36,37,38,39,40,41,42,43,44,45,46,47,48,85,2,49,50,51,52,53,54,55,56,57,58,59,60,61,62,63,64,65,66,67,68,69,70,71,72,73,74,75,76,77,78,79,80,81,82,83,84
1,3,4,5,6,7,8,9,10,11,12,13,14,15,16,17,18,19,20,21,22,23,24,25,26,27,28,29,30,31,32,33,34,35,36,37,38,39,40,41,42,43,44,45,46,47,48,85,2,49,50,51,52,53,54,55,56,57,58,59,60,61,62,63,64,65,66,67,68,69,70,71,72,73,74,75,76,77,78,79,80,81,82,83,84
1,3,4,5,6,7,8,9,10,11,12,13,14,15,16,17,18,19,20,21,22,23,24,25,26,27,28,29,30,31,32,33,34,35,36,37,38,39,40,41,42,43,44,45,46,47,48,85,2,49,50,51,52,53,54,55,56,57,58,59,60,61,62,63,64,65,66,67,68,69,70,71,72,73,74,75,76,77,78,79,80,81,82,83,84
1,3,4,5,6,7,8,9,10,11,12,13,14,15,16,17,18,19,20,21,22,23,24,25,26,27,28,29,30,31,32,33,34,35,36,37,38,39,40,41,42,43,44,45,46,47,48,85,2,49,50,51,52,53,54,55,56,57,58,59,60,61,62,63,64,65,66,67,68,69,70,71,72,73,74,75,76,77,78,79,80,81,82,83,84
1,3,4,5,6,7,8,9,10,11,12,13,14,15,16,17,18,19,20,21,22,23,24,25,26,27,28,29,30,31,32,33,34,35,36,37,38,39,40,41,42,43,44,45,46,47,48,85,2,49,50,51,52,53,54,55,56,57,58,59,60,61,62,63,64,65,66,67,68,69,70,71,72,73,74,75,76,77,78,79,80,81,82,83,84
1,3,4,5,6,7,8,9,10,11,12,13,14,15,16,17,18,19,20,21,22,23,24,25,26,27,28,29,30,31,32,33,34,35,36,37,38,39,40,41,42,43,44,45,46,47,48,85,2,49,50,51,52,53,54,55,56,57,58,59,60,61,62,63,64,65,66,67,68,69,70,71,72,73,74,75,76,77,78,79,80,81,82,83,84
1,3,4,5,6,7,8,9,10,11,12,13,14,15,16,17,18,19,20,21,22,23,24,25,26,27,28,29,30,31,32,33,34,35,36,37,38,39,40,41,42,43,44,45,46,47,48,85,2,49,50,51,52,53,54,55,56,57,58,59,60,61,62,63,64,65,66,67,68,69,70,71,72,73,74,75,76,77,78,79,80,81,82,83,84
1,3,4,5,6,7,8,9,10,11,12,13,14,15,16,17,18,19,20,21,22,23,24,25,26,27,28,29,30,31,32,33,34,35,36,37,38,39,40,41,42,43,44,45,46,47,48,85,2,49,50,51,52,53,54,55,56,57,58,59,60,61,62,63,64,65,66,67,68,69,70,71,72,73,74,75,76,77,78,79,80,81,82,83,84
1,3,4,5,6,7,8,9,10,11,12,13,14,15,16,17,18,19,20,21,22,23,24,25,26,27,28,29,30,31,32,33,34,35,36,37,38,39,40,41,42,43,44,45,46,47,48,85,2,49,50,51,52,53,54,55,56,57,58,59,60,61,62,63,64,65,66,67,68,69,70,71,72,73,74,75,76,77,78,79,80,81,82,83,84
1,3,4,5,6,7,8,9,10,11,12,13,14,15,16,17,18,19,20,21,22,23,24,25,26,27,28,29,30,31,32,33,34,35,36,37,38,39,40,41,42,43,44,45,46,47,48,85,2,49,50,51,52,53,54,55,56,57,58,59,60,61,62,63,64,65,66,67,68,69,70,71,72,73,74,75,76,77,78,79,80,81,82,83,84
1,3,4,5,6,7,8,9,10,11,12,13,14,15,16,17,18,19,20,21,22,23,24,25,26,27,28,29,30,31,32,33,34,35,36,37,38,39,40,41,42,43,44,45,46,47,48,85,2,49,50,51,52,53,54,55,56,57,58,59,60,61,62,63,64,65,66,67,68,69,70,71,72,73,74,75,76,77,78,79,80,81,82,83,84
1,3,4,5,6,7,8,9,10,11,12,13,14,15,16,17,18,19,20,21,22,23,24,25,26,27,28,29,30,31,32,33,34,35,36,37,38,39,40,41,42,43,44,45,46,47,48,85,2,49,50,51,52,53,54,55,56,57,58,59,60,61,62,63,64,65,66,67,68,69,70,71,72,73,74,75,76,77,78,79,80,81,82,83,84
1,3,4,5,6,7,8,9,10,11,12,13,14,15,16,17,18,19,20,21,22,23,24,25,26,27,28,29,30,31,32,33,34,35,36,37,38,39,40,41,42,43,44,45,46,47,48,85,2,49,50,51,52,53,54,55,56,57,58,59,60,61,62,63,64,65,66,67,68,69,70,71,72,73,74,75,76,77,78,79,80,81,82,83,84
1,3,4,5,6,7,8,9,10,11,12,13,14,15,16,17,18,19,20,21,22,23,24,25,26,27,28,29,30,31,32,33,34,35,36,37,38,39,40,41,42,43,44,45,46,47,48,85,2,49,50,51,52,53,54,55,56,57,58,59,60,61,62,63,64,65,66,67,68,69,70,71,72,73,74,75,76,77,78,79,80,81,82,83,84
1,3,4,5,6,7,8,9,10,11,12,13,14,15,16,17,18,19,20,21,22,23,24,25,26,27,28,29,30,31,32,33,34,35,36,37,38,39,40,41,42,43,44,45,46,47,48,85,2,49,50,51,52,53,54,55,56,57,58,59,60,61,62,63,64,65,66,67,68,69,70,71,72,73,74,75,76,77,78,79,80,81,82,83,84
1,3,4,5,6,7,8,9,10,11,12,13,14,15,16,17,18,19,20,21,22,23,24,25,26,27,28,29,30,31,32,33,34,35,36,37,38,39,40,41,42,43,44,45,46,47,48,85,2,49,50,51,52,53,54,55,56,57,58,59,60,61,62,63,64,65,66,67,68,69,70,71,72,73,74,75,76,77,78,79,80,81,82,83,84
1,3,4,5,6,7,8,9,10,11,12,13,14,15,16,17,18,19,20,21,22,23,24,25,26,27,28,29,30,31,32,33,34,35,36,37,38,39,40,41,42,43,44,45,46,47,48,85,86,2,49,50,51,52,53,54,55,56,57,58,59,60,61,62,63,64,65,66,67,68,69,70,71,72,73,74,75,76,77,78,79,80,81,82,83,84
1,3,4,5,6,7,8,9,10,11,12,13,14,15,16,17,18,19,20,21,22,23,24,25,26,27,28,29,30,31,32,33,34,35,36,37,38,39,40,41,42,43,44,45,46,47,48,85,86,2,49,50,51,52,53,54,55,56,57,58,59,60,61,62,63,64,65,66,67,68,69,70,71,72,73,74,75,76,77,78,79,80,81,82,83,84
1,3,4,5,6,7,8,9,10,11,12,13,14,15,16,17,18,19,20,21,22,23,24,25,26,27,28,29,30,31,32,33,34,35,36,37,38,39,40,41,42,43,44,45,46,47,48,85,86,2,49,87,88,50,51,52,53,54,55,56,57,58,59,60,61,62,63,64,65,66,67,68,69,70,71,72,73,74,75,76,77,78,79,80,81,82,83,84
1,3,4,5,6,7,8,9,10,11,12,13,14,15,16,17,18,19,20,21,22,23,24,25,26,27,28,29,30,31,32,33,34,35,36,37,38,39,40,41,42,43,44,45,46,47,48,85,86,2,49,87,88,50,51,52,53,54,55,56,57,58,59,60,61,62,63,64,65,66,67,68,69,70,71,72,73,74,75,76,77,78,79,80,81,82,83,84
1,3,4,5,6,7,8,9,10,11,12,13,14,15,16,17,18,19,20,21,22,23,24,25,26,27,28,29,30,31,32,33,34,35,36,37,38,39,40,41,42,43,44,45,46,47,48,85,86,2,49,87,89,90,91,92,88,50,51,52,53,54,55,56,57,58,59,60,61,62,63,64,65,66,67,68,69,70,71,72,73,74,75,76,77,78,79,80,81,82,83,84
1,3,4,5,6,7,8,9,10,11,12,13,14,15,16,17,18,19,20,21,22,23,24,25,26,27,28,29,30,31,32,33,34,35,36,37,38,39,40,41,42,43,44,45,46,47,48,85,86,2,49,87,89,90,91,92,88,50,51,52,53,54,55,56,57,58,59,60,61,62,63,64,65,66,67,68,69,70,71,72,73,74,75,76,77,78,79,80,81,82,83,84
1,3,4,5,6,7,8,9,10,11,12,13,14,15,16,17,18,19,20,21,22,23,24,25,26,27,28,29,30,31,32,33,34,35,36,37,38,39,40,41,42,43,44,45,46,47,48,85,86,2,49,87,89,90,91,92,88,50,51,52,53,54,55,56,57,58,59,60,61,62,63,64,65,66,67,68,69,70,71,72,73,74,75,76,77,78,79,80,81,82,83,84
1,3,4,5,6,7,8,9,10,11,12,13,14,15,16,17,18,19,20,21,22,23,24,25,26,27,28,29,30,31,32,33,34,35,36,37,38,39,40,41,42,43,44,45,46,47,48,85,86,2,49,87,89,90,91,92,88,50,51,52,53,54,55,56,57,58,59,60,61,62,63,64,65,66,67,68,69,70,71,72,73,74,75,76,77,78,79,80,81,82,83,84
1,3,4,5,6,7,8,9,10,11,12,13,14,15,16,17,18,19,20,21,22,23,24,25,26,27,28,29,30,31,32,33,34,35,36,37,38,39,40,41,42,43,44,45,46,47,48,85,86,2,49,87,89,90,91,92,88,50,51,52,53,54,55,56,57,58,59,60,61,62,63,64,65,66,67,68,69,70,71,72,73,74,75,76,77,78,79,80,81,82,83,84
1,3,4,5,6,7,8,9,10,11,12,13,14,15,16,17,18,19,20,21,22,23,24,25,26,27,28,29,30,31,32,33,34,35,36,37,38,39,40,41,42,43,44,45,46,47,48,85,86,2,49,87,89,90,91,92,88,50,51,52,53,54,55,56,57,58,59,60,61,62,63,64,65,66,67,68,69,70,71,72,73,74,75,76,77,78,79,80,81,82,83,84
1,3,4,5,6,7,8,9,10,11,12,13,14,15,16,17,18,19,20,21,22,23,24,25,26,27,28,29,30,31,32,33,34,35,36,37,38,39,40,41,42,43,44,45,46,47,48,85,86,2,49,87,89,90,91,92,88,50,51,52,53,54,55,56,57,58,59,60,61,62,63,64,65,66,67,68,69,70,71,72,73,74,75,76,77,78,79,80,81,82,83,84
1,3,4,5,6,7,8,9,10,11,12,13,14,15,16,17,18,19,20,21,22,23,24,25,26,27,28,29,30,31,32,33,34,35,36,37,38,39,40,41,42,43,44,45,46,47,48,85,86,2,49,87,89,90,91,92,88,50,51,52,53,54,55,56,57,58,59,60,61,62,63,64,65,66,67,68,69,70,71,72,73,74,75,76,77,78,79,80,81,82,83,84
1,3,4,5,6,7,8,9,10,11,12,13,14,15,16,17,18,19,20,21,22,23,24,25,26,27,28,29,30,31,32,33,34,35,36,37,38,39,40,41,42,43,44,45,46,47,48,85,86,2,49,87,89,90,91,92,88,50,51,52,53,54,55,93,94,56,57,58,59,60,61,62,63,64,65,66,67,68,69,70,71,72,73,74,75,76,77,78,79,80,81,82,83,84
1,3,4,5,6,7,8,9,10,11,12,13,14,15,16,17,18,19,20,21,22,23,24,25,26,27,28,29,30,31,32,33,34,35,36,37,38,39,40,41,42,43,44,45,46,47,48,85,86,2,49,87,89,90,91,92,88,50,51,52,53,54,55,93,94,56,57,58,59,60,61,62,63,64,65,66,67,68,69,70,71,72,73,74,75,76,77,78,79,80,81,82,83,84
1,3,4,5,6,7,8,9,10,11,12,13,14,15,16,17,18,19,20,21,22,23,24,25,26,27,28,29,30,31,32,33,34,35,36,37,38,39,40,41,42,43,44,45,46,47,48,85,86,2,49,87,89,90,91,92,88,50,51,52,53,54,55,93,95,96,97,98,94,56,57,58,59,60,61,99,100,62,63,64,65,66,67,68,69,70,71,72,73,74,75,76,77,78,79,80,81,82,83,84
1,3,4,5,6,7,8,9,10,11,12,13,14,15,16,17,18,19,20,21,22,23,24,25,26,27,28,29,30,31,32,33,34,35,36,37,38,39,40,41,42,43,44,45,46,47,48,85,86,2,49,87,89,90,91,92,88,50,51,52,53,54,55,93,95,96,97,98,94,56,57,58,59,60,61,99,100,62,63,64,65,66,67,68,69,70,71,72,73,74,75,76,77,78,79,80,81,82,83,84
1,3,4,5,6,7,8,9,10,11,12,13,14,15,16,17,18,19,20,21,22,23,24,25,26,27,28,29,30,31,32,33,34,35,36,37,38,39,40,41,42,43,44,45,46,47,48,85,86,2,49,87,89,90,91,92,88,50,51,52,53,54,55,93,95,96,97,98,94,56,57,58,59,60,61,99,101,102,103,104,100,62,63,64,65,66,67,68,69,70,71,72,73,74,75,76,77,78,79,80,81,82,83,84
1,3,4,5,6,7,8,9,10,11,12,13,14,15,16,17,18,19,20,21,22,23,24,25,26,27,28,29,30,31,32,33,34,35,36,37,38,39,40,41,42,43,44,45,46,47,48,85,86,2,49,87,89,90,91,92,88,50,51,52,53,54,55,93,95,96,97,98,94,56,57,58,59,60,61,99,101,102,103,104,100,62,63,64,65,66,67,68,69,70,71,72,73,74,75,76,77,78,79,80,81,82,83,84
1,3,4,5,6,7,8,9,10,11,12,13,14,15,16,17,18,19,20,21,22,23,24,25,26,27,28,29,30,31,32,33,34,35,36,37,38,39,40,41,42,43,44,45,46,47,48,85,86,2,49,87,89,90,91,92,88,50,51,52,53,54,55,93,95,96,97,98,94,56,57,58,59,60,61,99,101,102,103,104,100,62,63,64,65,66,67,68,69,70,71,72,73,74,75,76,77,78,79,80,81,82,83,84
1,3,4,5,6,7,8,9,10,11,12,13,14,15,16,17,18,19,20,21,22,23,24,25,26,27,28,29,30,31,32,33,34,35,36,37,38,39,40,41,42,43,44,45,46,47,48,85,86,2,49,87,89,90,91,92,88,50,51,52,53,54,55,93,95,96,97,98,94,56,57,58,59,60,61,99,101,102,103,104,100,62,63,64,65,66,67,68,69,70,71,72,73,74,75,76,77,78,79,80,81,82,83,84
1,3,4,5,6,7,8,9,10,11,12,13,14,15,16,17,18,19,20,21,22,23,24,25,26,27,28,29,30,31,32,33,34,35,36,37,38,39,40,41,42,43,44,45,46,47,48,85,86,2,49,87,89,90,91,92,88,50,51,52,53,54,55,93,95,96,97,98,94,56,57,58,59,60,61,99,101,102,103,104,100,62,63,64,65,66,67,68,69,70,71,72,73,74,75,76,77,78,79,80,81,82,83,84
1,3,4,5,6,7,8,9,10,11,12,13,14,15,16,17,18,19,20,21,22,23,24,25,26,27,28,29,30,31,32,33,34,35,36,37,38,39,40,41,42,43,44,45,46,47,48,85,86,2,49,87,89,90,91,92,88,50,51,52,53,54,55,93,95,96,97,98,94,56,57,58,59,60,61,99,101,102,103,104,100,62,63,64,65,66,67,105,106,68,69,70,71,72,73,74,75,76,77,78,79,80,81,82,83,84
1,3,4,5,6,7,8,9,10,11,12,13,14,15,16,17,18,19,20,21,22,23,24,25,26,27,28,29,30,31,32,33,34,35,36,37,38,39,40,41,42,43,44,45,46,47,48,85,86,2,49,87,89,90,91,92,88,50,51,52,53,54,55,93,95,96,97,98,94,56,57,58,59,60,61,99,101,102,103,104,100,62,63,64,65,66,67,105,106,68,69,70,71,72,73,74,75,76,77,78,79,80,81,82,83,84
1,3,4,5,6,7,8,9,10,11,12,13,14,15,16,17,18,19,20,21,22,23,24,25,26,27,28,29,30,31,32,33,34,35,36,37,38,39,40,41,42,43,44,45,46,47,48,85,86,2,49,87,89,90,91,92,88,50,51,52,53,54,55,93,95,96,97,98,94,56,57,58,59,60,61,99,101,102,103,104,100,62,63,64,65,66,67,105,107,108,109,110,106,68,69,70,71,72,73,74,75,76,77,78,79,80,81,82,83,84
1,3,4,5,6,7,8,9,10,11,12,13,14,15,16,17,18,19,20,21,22,23,24,25,26,27,28,29,30,31,32,33,34,35,36,37,38,39,40,41,42,43,44,45,46,47,48,85,86,2,49,87,89,90,91,92,88,50,51,52,53,54,55,93,95,96,97,98,94,56,57,58,59,60,61,99,101,102,103,104,100,62,63,64,65,66,67,105,107,108,109,110,106,68,69,70,71,72,73,74,75,76,77,78,79,80,81,82,83,84
1,3,4,5,6,7,8,9,10,11,12,13,14,15,16,17,18,19,20,21,22,23,24,25,26,27,28,29,30,31,32,33,34,35,36,37,38,39,40,41,42,43,44,45,46,47,48,85,86,2,49,87,89,90,91,92,88,50,51,52,53,54,55,93,95,96,97,98,94,56,57,58,59,60,61,99,101,102,103,104,100,62,63,64,65,66,67,105,107,108,109,110,106,68,69,70,71,72,73,74,75,76,77,78,79,80,81,82,83,84
1,3,4,5,6,7,8,9,10,11,12,13,14,15,16,17,18,19,20,21,22,23,24,25,26,27,28,29,30,31,32,33,34,35,36,37,38,39,40,41,42,43,44,45,46,47,48,85,86,111,2,49,87,89,90,91,92,88,50,51,52,53,54,55,93,95,96,97,98,94,56,57,58,59,60,61,99,101,102,103,104,100,62,63,64,65,66,67,105,107,108,109,110,106,68,69,70,71,72,73,74,75,76,77,78,79,80,81,82,83,84
1,3,4,5,6,7,8,9,10,11,12,13,14,15,16,17,18,19,20,21,22,23,24,25,26,27,28,29,30,31,32,33,34,35,36,37,38,39,40,41,42,43,44,45,46,47,48,85,86,111,2,49,87,89,90,91,92,88,50,51,52,53,54,55,93,95,96,97,98,94,56,57,58,59,60,61,99,101,102,103,104,100,62,63,64,65,66,67,105,107,108,109,110,106,68,69,70,71,72,73,74,75,76,77,78,79,80,81,82,83,84
1,3,4,5,6,7,8,9,10,11,12,13,14,15,16,17,18,19,20,21,22,23,24,25,26,27,28,29,30,31,32,33,34,35,36,37,38,39,40,41,42,43,44,45,46,47,48,85,86,111,2,49,87,89,90,91,92,88,50,51,52,53,54,55,93,95,96,97,98,94,56,57,58,59,60,61,99,101,102,103,104,100,62,63,64,65,66,67,105,107,108,109,110,106,68,69,70,71,72,73,74,75,76,77,78,79,80,81,82,83,84
1,3,4,5,6,7,8,9,10,11,12,13,14,15,16,17,18,19,20,21,22,23,24,25,26,27,28,29,30,31,32,33,34,35,36,37,38,39,40,41,42,43,44,45,46,47,48,85,86,111,2,49,87,89,90,91,92,88,50,51,52,53,54,55,93,95,96,97,98,94,56,57,58,59,60,61,99,101,102,103,104,100,62,63,64,65,66,67,105,107,108,109,110,106,68,69,70,71,72,73,74,75,76,77,78,79,80,81,82,83,84
1,3,4,5,6,7,8,9,10,11,12,13,14,15,16,17,18,19,20,21,22,23,24,25,26,27,28,29,30,31,32,33,34,35,36,37,38,39,40,41,42,43,44,45,46,47,48,85,86,111,2,49,87,89,90,91,92,88,50,51,52,53,54,55,93,95,96,97,98,94,56,57,58,59,60,61,99,101,102,103,104,100,62,63,64,65,66,67,105,107,108,109,110,106,68,69,70,71,72,73,74,75,76,77,78,79,80,81,82,83,84
1,3,4,5,6,7,8,9,10,11,12,13,14,15,16,17,18,19,20,21,22,23,24,25,26,27,28,29,30,31,32,33,34,35,36,37,38,39,40,41,42,43,44,45,46,47,48,85,86,111,2,49,87,89,90,91,92,88,50,51,52,53,54,55,93,95,96,97,98,94,56,57,58,59,60,61,99,101,102,103,104,100,62,63,64,65,66,67,105,107,108,109,110,106,68,69,70,71,72,73,74,75,76,77,78,79,80,81,82,83,84
1,3,4,5,6,7,8,9,10,11,12,13,14,15,16,17,18,19,20,21,22,23,24,25,26,27,28,29,30,31,32,33,34,35,36,37,38,39,40,41,42,43,44,45,46,47,48,85,86,111,2,49,87,89,90,91,92,88,50,51,52,53,54,55,93,95,96,97,98,94,56,57,58,59,60,61,99,101,102,103,104,100,62,63,64,65,66,67,105,107,108,109,110,106,68,69,70,71,72,73,74,75,76,77,78,79,80,81,82,83,84
1,3,4,5,6,7,8,9,10,11,12,13,14,15,16,17,18,19,20,21,22,23,24,25,26,27,28,29,30,31,32,33,34,35,36,37,38,39,40,41,42,43,44,45,46,47,48,85,86,111,2,49,87,89,90,91,92,88,50,51,52,53,54,55,93,95,96,97,98,94,56,57,58,59,60,61,99,101,102,103,104,100,62,63,64,65,66,67,105,107,108,109,110,106,68,69,70,71,72,73,74,75,76,77,78,79,80,81,82,83,84
1,3,4,5,6,7,8,9,10,11,12,13,14,15,16,17,18,19,20,21,22,23,24,25,26,27,28,29,30,31,32,33,34,35,36,37,38,39,40,41,42,43,44,45,46,47,48,85,86,111,2,49,87,89,90,91,92,88,50,51,52,53,54,55,93,95,96,97,98,94,56,57,58,59,60,61,99,101,102,103,104,100,62,63,64,65,66,67,105,107,108,109,110,106,68,69,70,71,72,73,74,75,76,77,78,79,80,81,82,83,84
1,3,4,5,6,7,8,9,10,11,12,13,14,15,16,17,18,19,20,21,22,23,24,25,26,27,28,29,30,31,32,33,34,35,36,37,38,39,40,41,42,43,44,45,46,47,48,85,86,111,2,49,87,89,90,91,92,88,50,51,52,53,54,55,93,95,96,97,98,94,56,57,58,59,60,61,99,101,102,103,104,100,62,63,64,65,66,67,105,107,108,109,110,106,68,69,70,71,72,73,74,75,76,77,78,79,80,81,82,83,84
1,3,4,5,6,7,8,9,10,11,12,13,14,15,16,17,18,19,20,21,22,23,24,25,26,27,28,29,30,31,32,33,34,35,36,37,38,39,40,41,42,43,44,45,46,47,48,85,86,111,2,49,87,89,90,91,92,88,50,51,52,53,54,55,93,95,96,97,98,94,56,57,58,59,60,61,99,101,102,103,104,100,62,63,64,65,66,67,105,107,108,109,110,106,68,69,70,71,72,73,74,75,76,77,78,79,80,81,82,83,84
1,3,4,5,6,7,8,9,10,11,12,13,14,15,16,17,18,19,20,21,22,23,24,25,26,27,28,29,30,31,32,33,34,35,36,37,38,39,40,41,42,43,44,45,46,47,48,85,86,111,2,49,87,89,90,91,92,88,50,51,52,53,54,55,93,95,96,97,98,94,56,57,58,59,60,61,99,101,102,103,104,100,62,63,64,65,66,67,105,107,108,109,110,106,68,69,70,71,72,73,74,75,76,77,78,79,80,81,82,83,84
1,3,4,5,6,7,8,9,10,11,12,13,14,15,16,17,18,19,20,21,22,23,24,25,26,27,28,29,30,31,32,33,34,35,36,37,38,39,40,41,42,43,44,45,46,47,48,85,86,111,2,49,87,89,90,91,92,88,50,51,52,53,54,55,93,95,96,97,98,94,56,57,58,59,60,61,99,101,102,103,104,100,62,63,64,65,66,67,105,107,108,109,110,106,68,69,70,71,72,73,74,75,76,77,78,79,80,81,82,83,84
1,3,4,5,6,7,8,9,10,11,12,13,14,15,16,17,18,19,20,21,22,23,24,25,26,27,28,29,30,31,32,33,34,35,36,37,38,39,40,41,42,43,44,45,46,47,48,85,86,111,2,49,87,89,90,91,92,88,50,51,52,53,54,55,93,95,96,97,98,94,56,57,58,59,60,61,99,101,102,103,104,100,62,63,64,65,66,67,105,107,108,109,110,106,68,69,70,71,72,73,74,75,76,77,78,79,80,81,82,83,84
1,3,4,5,6,7,8,9,10,11,12,13,14,15,16,17,18,19,20,21,22,23,24,25,26,27,28,29,30,31,32,33,34,35,36,37,38,39,40,41,42,43,44,45,46,47,48,85,86,111,2,49,87,89,90,91,92,88,50,51,52,53,54,55,93,95,96,97,98,94,56,57,58,59,60,61,99,101,102,103,104,100,62,63,64,65,66,67,105,107,108,109,110,106,68,69,70,71,72,73,74,75,76,77,78,79,80,81,82,83,84
1,3,4,5,6,7,8,9,10,11,12,13,14,15,16,17,18,19,20,21,22,23,24,25,26,27,28,29,30,31,32,33,34,35,36,37,38,39,40,41,42,43,44,45,46,47,48,85,86,111,2,49,87,89,90,91,92,88,50,51,52,53,54,55,93,95,96,97,98,94,56,57,58,59,60,61,99,101,102,103,104,100,62,63,64,65,66,67,105,107,108,109,110,106,68,69,70,71,72,73,74,75,76,77,78,79,80,81,82,83,84
1,3,4,5,6,7,8,9,10,11,12,13,14,15,16,17,18,19,20,21,22,23,24,25,26,27,28,29,30,31,32,33,34,35,36,37,38,39,40,41,42,43,44,45,46,47,48,85,86,111,2,49,87,89,90,91,92,88,50,51,52,53,54,55,93,95,96,97,98,94,56,57,58,59,60,61,99,101,102,103,104,100,62,63,64,65,66,67,105,107,108,109,110,106,68,69,70,71,72,73,74,75,76,77,78,79,80,81,82,83,84
1,3,4,5,6,7,8,9,10,11,12,13,14,15,16,17,18,19,20,21,22,23,24,25,26,27,28,29,30,31,32,33,34,35,36,37,38,39,40,41,42,43,44,45,46,47,48,85,86,111,2,49,87,89,90,91,92,88,50,51,52,53,54,55,93,95,96,97,98,94,56,57,58,59,60,61,99,101,102,103,104,100,62,63,64,65,66,67,105,107,108,109,110,106,68,69,70,71,72,73,74,75,76,77,78,79,80,81,82,83,84
1,3,4,5,6,7,8,9,10,11,12,13,14,15,16,17,18,19,20,21,22,23,24,25,26,27,28,29,30,31,32,33,34,35,36,37,38,39,40,41,42,43,44,45,46,47,48,85,86,111,2,49,87,89,90,91,92,88,50,51,52,53,54,55,93,95,96,97,98,94,56,57,58,59,60,61,99,101,102,103,104,100,62,63,64,65,66,67,105,107,108,109,110,106,68,69,70,71,72,73,74,75,76,77,78,79,80,81,82,83,84,112,113
1,3,4,5,6,7,8,9,10,11,12,13,14,15,16,17,18,19,20,21,22,23,24,25,26,27,28,29,30,31,32,33,34,35,36,37,38,39,40,41,42,43,44,45,46,47,48,85,86,111,2,49,87,89,90,91,92,88,50,51,52,53,54,55,93,95,96,97,98,94,56,57,58,59,60,61,99,101,102,103,104,100,62,63,64,65,66,67,105,107,108,109,110,106,68,69,70,71,72,73,74,75,76,77,78,79,80,81,82,83,84,112,113
1,3,4,5,6,7,8,9,10,11,12,13,14,15,16,17,18,19,20,21,22,23,24,25,26,27,28,29,30,31,32,33,34,35,36,37,38,39,40,41,42,43,44,45,46,47,48,85,86,111,2,49,87,89,90,91,92,88,50,51,52,53,54,55,93,95,96,97,98,94,56,57,58,59,60,61,99,101,102,103,104,100,62,63,64,65,66,67,105,107,108,109,110,106,68,69,70,71,72,73,114,115,74,75,76,77,78,79,80,81,82,83,84,112,113
1,3,4,5,6,7,8,9,10,11,12,13,14,15,16,17,18,19,20,21,22,23,24,25,26,27,28,29,30,31,32,33,34,35,36,37,38,39,40,41,42,43,44,45,46,47,48,85,86,111,2,49,87,89,90,91,92,88,50,51,52,53,54,55,93,95,96,97,98,94,56,57,58,59,60,61,99,101,102,103,104,100,62,63,64,65,66,67,105,107,108,109,110,106,68,69,70,71,72,73,114,115,74,75,76,77,78,79,80,81,82,83,84,112,113
1,3,4,5,6,7,8,9,10,11,12,13,14,15,16,17,18,19,20,21,22,23,24,25,26,27,28,29,30,31,32,33,34,35,36,37,38,39,40,41,42,43,44,45,46,47,48,85,86,111,2,49,87,89,90,91,92,88,50,51,52,53,54,55,93,95,96,97,98,94,56,57,58,59,60,61,99,101,102,103,104,100,62,63,64,65,66,67,105,107,108,109,110,106,68,69,70,71,72,73,114,116,117,118,119,115,74,75,76,77,78,79,80,81,82,83,84,112,113
1,3,4,5,6,7,8,9,10,11,12,13,14,15,16,17,18,19,20,21,22,23,24,25,26,27,28,29,30,31,32,33,34,35,36,37,38,39,40,41,42,43,44,45,46,47,48,85,86,111,2,49,87,89,90,91,92,88,50,51,52,53,54,55,93,95,96,97,98,94,56,57,58,59,60,61,99,101,102,103,104,100,62,63,64,65,66,67,105,107,108,109,110,106,68,69,70,71,72,73,114,116,117,118,119,115,74,75,76,77,78,79,80,81,82,83,84,112,113
1,3,4,5,6,7,8,9,10,11,12,13,14,15,16,17,18,19,20,21,22,23,24,25,26,27,28,29,30,31,32,33,34,35,36,37,38,39,40,41,42,43,44,45,46,47,48,85,86,111,2,49,87,89,90,91,92,88,50,51,52,53,54,55,93,95,96,97,98,94,56,57,58,59,60,61,99,101,102,103,104,100,62,63,64,65,66,67,105,107,108,109,110,106,68,69,70,71,72,73,114,116,117,118,119,115,74,75,76,77,78,79,80,81,82,83,84,112,113
1,3,4,5,6,7,8,9,10,11,12,13,14,15,16,17,18,19,20,21,22,23,24,25,26,27,28,29,30,31,32,33,34,35,36,37,38,39,40,41,42,43,44,45,46,47,48,85,86,111,2,49,87,89,90,91,92,88,50,51,52,53,54,55,93,95,96,97,98,94,56,57,58,59,60,61,99,101,102,103,104,100,62,63,64,65,66,67,105,107,108,109,110,106,68,69,70,71,72,73,114,116,117,118,119,115,74,75,76,77,78,79,80,81,82,83,84,112,113
1,3,4,5,6,7,8,9,10,11,12,13,14,15,16,17,18,19,20,21,22,23,24,25,26,27,28,29,30,31,32,33,34,35,36,37,38,39,40,41,42,43,44,45,46,47,48,85,86,111,2,49,87,89,90,91,92,88,50,51,52,53,54,55,93,95,96,97,98,94,56,57,58,59,60,61,99,101,102,103,104,100,62,63,64,65,66,67,105,107,108,109,110,106,68,69,70,71,72,73,114,116,117,118,119,115,74,75,76,77,78,79,80,81,82,83,84,112,113
1,3,4,5,6,7,8,9,10,11,12,13,14,15,16,17,18,19,20,21,22,23,24,25,26,27,28,29,30,31,32,33,34,35,36,37,38,39,40,41,42,43,44,45,46,47,48,85,86,111,2,49,87,89,90,91,92,88,50,51,52,53,54,55,93,95,96,97,98,94,56,57,58,59,60,61,99,101,102,103,104,100,62,63,64,65,66,67,105,107,108,109,110,106,68,69,70,71,72,73,114,116,117,118,119,115,74,75,76,77,78,79,80,81,82,83,84,112,113
1,3,4,5,6,7,8,9,10,11,12,13,14,15,16,17,18,19,20,21,22,23,24,25,26,27,28,29,30,31,32,33,34,35,36,37,38,39,40,41,42,43,44,45,46,47,48,85,86,111,2,49,87,89,90,91,92,88,50,51,52,53,54,55,93,95,96,97,98,94,56,57,58,59,60,61,99,101,102,103,104,100,62,63,64,65,66,67,105,107,108,109,110,106,68,69,70,71,72,73,114,116,117,118,119,115,74,75,76,77,78,79,80,81,82,83,84,112,113
1,3,4,5,6,7,8,9,10,11,12,13,14,15,16,17,18,19,20,21,22,23,24,25,26,27,28,29,30,31,32,33,34,35,36,37,38,39,40,41,42,43,44,45,46,47,48,85,86,111,2,49,87,89,90,91,92,88,50,51,52,53,54,55,93,95,96,97,98,94,56,57,58,59,60,61,99,101,102,103,104,100,62,63,64,65,66,67,105,107,108,109,110,106,68,69,70,71,72,73,114,116,117,118,119,115,74,75,76,77,78,79,80,81,82,83,84,112,113
1,3,4,5,6,7,8,9,10,11,12,13,14,15,16,17,18,19,20,21,22,23,24,25,26,27,28,29,30,31,32,33,34,35,36,37,38,39,40,41,42,43,44,45,46,47,48,85,86,111,2,49,87,89,90,91,92,88,50,51,52,53,54,55,93,95,96,97,98,94,56,57,58,59,60,61,99,101,102,103,104,100,62,63,64,65,66,67,105,107,108,109,110,106,68,69,70,71,72,73,114,116,117,118,119,115,74,75,76,77,78,79,80,81,82,83,84,112,113
1,3,4,5,6,7,8,9,10,11,12,13,14,15,16,17,18,19,20,21,22,23,24,25,26,27,28,29,30,31,32,33,34,35,36,37,38,39,40,41,42,43,44,45,46,47,48,85,86,111,2,49,87,89,90,91,92,88,50,51,52,53,54,55,93,95,96,97,98,94,56,57,58,59,60,61,99,101,102,103,104,100,62,63,64,65,66,67,105,107,108,109,110,106,68,69,70,71,72,73,114,116,117,118,119,115,74,75,76,77,78,79,80,81,82,83,84,112,113
1,3,4,5,6,7,8,9,10,11,12,13,14,15,16,17,18,19,20,21,22,23,24,25,26,27,28,29,30,31,32,33,34,35,36,37,38,39,40,41,42,43,44,45,46,47,48,85,86,111,2,49,87,89,90,91,92,88,50,51,52,53,54,55,93,95,96,97,98,94,56,57,58,59,60,61,99,101,102,103,104,100,62,63,64,65,66,67,105,107,108,109,110,106,68,69,70,71,72,73,114,116,117,118,119,115,74,75,76,77,78,79,80,81,82,83,84,112,113
1,3,4,5,6,7,8,9,10,11,12,13,14,15,16,17,18,19,20,21,22,23,24,25,26,27,28,29,30,31,32,33,34,35,36,37,38,39,40,41,42,43,44,45,46,47,48,85,86,111,2,49,87,89,90,91,92,88,50,51,52,53,54,55,93,95,96,97,98,94,56,57,58,59,60,61,99,101,102,103,104,100,62,63,64,65,66,67,105,107,108,109,110,106,68,69,70,71,72,73,114,116,117,118,119,115,74,75,76,77,78,79,80,81,82,83,84,112,113
1,3,4,5,6,7,8,9,10,11,12,13,14,15,16,17,18,19,20,21,22,23,24,25,26,27,28,29,30,31,32,33,34,35,36,37,38,39,40,41,42,43,44,45,46,47,48,85,86,111,2,49,87,89,90,91,92,88,50,51,52,53,54,55,93,95,96,97,98,94,56,57,58,59,60,61,99,101,102,103,104,100,62,63,64,65,66,67,105,107,108,109,110,106,68,69,70,71,72,73,114,116,117,118,119,115,74,75,76,77,78,79,80,81,82,83,84,112,113
1,3,4,5,6,7,8,9,10,11,12,13,14,15,16,17,18,19,20,21,22,23,24,25,26,27,28,29,30,31,32,33,34,35,36,37,38,39,40,41,42,43,44,45,46,47,48,85,86,111,120,2,49,87,89,90,91,92,88,50,51,52,53,54,55,93,95,96,97,98,94,56,57,58,59,60,61,99,101,102,103,104,100,62,63,64,65,66,67,105,107,108,109,110,106,68,69,70,71,72,73,114,116,117,118,119,115,74,75,76,77,78,79,80,81,82,83,84,112,113
1,3,4,5,6,7,8,9,10,11,12,13,14,15,16,17,18,19,20,21,22,23,24,25,26,27,28,29,30,31,32,33,34,35,36,37,38,39,40,41,42,43,44,45,46,47,48,85,86,111,120,2,49,87,89,90,91,92,88,50,51,52,53,54,55,93,95,96,97,98,94,56,57,58,59,60,61,99,101,102,103,104,100,62,63,64,65,66,67,105,107,108,109,110,106,68,69,70,71,72,73,114,116,117,118,119,115,74,75,76,77,78,79,80,81,82,83,84,112,113
1,3,4,5,6,7,8,9,10,11,12,13,14,15,16,17,18,19,20,21,22,23,24,25,26,27,28,29,30,31,32,33,34,35,36,37,38,39,40,41,42,43,44,45,46,47,48,85,86,111,120,2,49,87,89,90,91,92,88,50,51,52,53,54,55,93,95,96,97,98,94,56,57,58,59,60,61,99,101,102,103,104,100,62,63,64,65,66,67,105,107,108,109,110,106,68,69,70,71,72,73,114,116,117,118,119,115,74,75,76,77,78,79,80,81,82,83,84,112,113
1,3,4,5,6,7,8,9,10,11,12,13,14,15,16,17,18,19,20,21,22,23,24,25,26,27,28,29,30,31,32,33,34,35,36,37,38,39,40,41,42,43,44,45,46,47,48,85,86,111,120,2,49,87,89,90,91,92,88,50,51,52,53,54,55,93,95,96,97,98,94,56,57,58,59,60,61,99,101,102,103,104,100,62,63,64,65,66,67,105,107,108,109,110,106,68,69,70,71,72,73,114,116,117,118,119,115,74,75,76,77,78,79,80,81,82,83,84,112,113
1,3,4,5,6,7,8,9,10,11,12,13,14,15,16,17,18,19,20,21,22,23,24,25,26,27,28,29,30,31,32,33,34,35,36,37,38,39,40,41,42,43,44,45,46,47,48,85,86,111,120,2,49,87,89,90,91,92,88,50,51,52,53,54,55,93,95,96,97,98,94,56,57,58,59,60,61,99,101,102,103,104,100,62,63,64,65,66,67,105,107,108,109,110,106,68,69,70,71,72,73,114,116,117,118,119,115,74,75,76,77,78,79,80,81,82,83,84,112,113
1,3,4,5,6,7,8,9,10,11,12,13,14,15,16,17,18,19,20,21,22,23,24,25,26,27,28,29,30,31,32,33,34,35,36,37,38,39,40,41,42,43,44,45,46,47,48,85,86,111,120,2,49,87,89,90,91,92,88,50,51,52,53,54,55,93,95,96,97,98,94,56,57,58,59,60,61,99,101,102,103,104,100,62,63,64,65,66,67,105,107,108,109,110,106,68,69,70,71,72,73,114,116,117,118,119,115,74,75,76,77,78,79,80,81,82,83,84,112,113
1,3,4,5,6,7,8,9,10,11,12,13,14,15,16,17,18,19,20,21,22,23,24,25,26,27,28,29,30,31,32,33,34,35,36,37,38,39,40,41,42,43,44,45,46,47,48,85,86,111,120,2,49,87,89,90,91,92,88,50,51,52,53,54,55,93,95,96,97,98,94,56,57,58,59,60,61,99,101,102,103,104,100,62,63,64,65,66,67,105,107,108,109,110,106,68,69,70,71,72,73,114,116,117,118,119,115,74,75,76,77,78,79,80,81,82,83,84,112,113
1,3,4,5,6,7,8,9,10,11,12,13,14,15,16,17,18,19,20,21,22,23,24,25,26,27,28,29,30,31,32,33,34,35,36,37,38,39,40,41,42,43,44,45,46,47,48,85,86,111,120,2,49,87,89,90,91,92,88,50,51,52,53,54,55,93,95,96,97,98,94,56,57,58,59,60,61,99,101,102,103,104,100,62,63,64,65,66,67,105,107,108,109,110,106,68,69,70,71,72,73,114,116,117,118,119,115,74,75,76,77,78,79,80,81,82,83,84,112,113
1,3,4,5,6,7,8,9,10,11,12,13,14,15,16,17,18,19,20,21,22,23,24,25,26,27,28,29,30,31,32,33,34,35,36,37,38,39,40,41,42,43,44,45,46,47,48,85,86,111,120,2,49,87,89,90,91,92,88,50,51,52,53,54,55,93,95,96,97,98,94,56,57,58,59,60,61,99,101,102,103,104,100,62,63,64,65,66,67,105,107,108,109,110,106,68,69,70,71,72,73,114,116,117,118,119,115,74,75,76,77,78,79,80,81,82,83,84,112,113
1,3,4,5,6,7,8,9,10,11,12,13,14,15,16,17,18,19,20,21,22,23,24,25,26,27,28,29,30,31,32,33,34,35,36,37,38,39,40,41,42,43,44,45,46,47,48,85,86,111,120,2,49,87,89,90,91,92,88,50,51,52,53,54,55,93,95,96,97,98,94,56,57,58,59,60,61,99,101,102,103,104,100,62,63,64,65,66,67,105,107,108,109,110,106,68,69,70,71,72,73,114,116,117,118,119,115,74,75,76,77,78,79,80,81,82,83,84,112,113
1,3,4,5,6,7,8,9,10,11,12,13,14,15,16,17,18,19,20,21,22,23,24,25,26,27,28,29,30,31,32,33,34,35,36,37,38,39,40,41,42,43,44,45,46,47,48,85,86,111,120,2,49,87,89,90,91,92,88,50,51,52,53,54,55,93,95,96,97,98,94,56,57,58,59,60,61,99,101,102,103,104,100,62,63,64,65,66,67,105,107,108,109,110,106,68,69,70,71,72,73,114,116,117,118,119,115,74,75,76,77,78,79,80,81,82,83,84,112,113
1,3,4,5,6,7,8,9,10,11,12,13,14,15,16,17,18,19,20,21,22,23,24,25,26,27,28,29,30,31,32,33,34,35,36,37,38,39,40,41,42,43,44,45,46,47,48,85,86,111,120,2,49,87,89,90,91,92,88,50,51,52,53,54,55,93,95,96,97,98,94,56,57,58,59,60,61,99,101,102,103,104,100,62,63,64,65,66,67,105,107,108,109,110,106,68,69,70,71,72,73,114,116,117,118,119,115,74,75,76,77,78,79,80,81,82,83,84,112,113
1,3,4,5,6,7,8,9,10,11,12,13,14,15,16,17,18,19,20,21,22,23,24,25,26,27,28,29,30,31,32,33,34,35,36,37,38,39,40,41,42,43,44,45,46,47,48,85,86,111,120,2,49,87,89,90,91,92,88,50,51,52,53,54,55,93,95,96,97,98,94,56,57,58,59,60,61,99,101,102,103,104,100,62,63,64,65,66,67,105,107,108,109,110,106,68,69,70,71,72,73,114,116,117,118,119,115,74,75,76,77,78,79,80,81,82,83,84,112,113
1,3,4,5,6,7,8,9,10,11,12,13,14,15,16,17,18,19,20,21,22,23,24,25,26,27,28,29,30,31,32,33,34,35,36,37,38,39,40,41,42,43,44,45,46,47,48,85,86,111,120,2,49,87,89,90,91,92,88,50,51,52,53,54,55,93,95,96,97,98,94,56,57,58,59,60,61,99,101,102,103,104,100,62,63,64,65,66,67,105,107,108,109,110,106,68,69,70,71,72,73,114,116,117,118,119,115,74,75,76,77,78,79,80,81,82,83,84,112,113
1,3,4,5,6,7,8,9,10,11,12,13,14,15,16,17,18,19,20,21,22,23,24,25,26,27,28,29,30,31,32,33,34,35,36,37,38,39,40,41,42,43,44,45,46,47,48,85,86,111,120,2,49,87,89,90,91,92,88,50,51,52,53,54,55,93,95,96,97,98,94,56,57,58,59,60,61,99,101,102,103,104,100,62,63,64,65,66,67,105,107,108,109,110,106,68,69,70,71,72,73,114,116,117,118,119,115,74,75,76,77,78,79,80,81,82,83,84,112,113
1,3,4,5,6,7,8,9,10,11,12,13,14,15,16,17,18,19,20,21,22,23,24,25,26,27,28,29,30,31,32,33,34,35,36,37,38,39,40,41,42,43,44,45,46,47,48,85,86,111,120,2,49,87,89,90,91,92,88,50,51,52,53,54,55,93,95,96,97,98,94,56,57,58,59,60,61,99,101,102,103,104,100,62,63,64,65,66,67,105,107,108,109,110,106,68,69,70,71,72,73,114,116,117,118,119,115,74,75,76,77,78,79,80,81,82,83,84,112,113
1,3,4,5,6,7,8,9,10,11,12,13,14,15,16,17,18,19,20,21,22,23,24,25,26,27,28,29,30,31,32,33,34,35,36,37,38,39,40,41,42,43,44,45,46,47,48,85,86,111,120,2,49,87,89,90,91,92,88,50,51,52,53,54,55,93,95,96,97,98,94,56,57,58,59,60,61,99,101,102,103,104,100,62,63,64,65,66,67,105,107,108,109,110,106,68,69,70,71,72,73,114,116,117,118,119,115,74,75,76,77,78,79,80,81,82,83,84,112,113
1,3,4,5,6,7,8,9,10,11,12,13,14,15,16,17,18,19,20,21,22,23,24,25,26,27,28,29,30,31,32,33,34,35,36,37,38,39,40,41,42,43,44,45,46,47,48,85,86,111,120,2,49,87,89,90,91,92,88,50,51,52,53,54,55,93,95,96,97,98,94,56,57,58,59,60,61,99,101,102,103,104,100,62,63,64,65,66,67,105,107,108,109,110,106,68,69,70,71,72,73,114,116,117,118,119,115,74,75,76,77,78,79,80,81,82,83,84,112,113
1,3,4,5,6,7,8,9,10,11,12,13,14,15,16,17,18,19,20,21,22,23,24,25,26,27,28,29,30,31,32,33,34,35,36,37,38,39,40,41,42,43,44,45,46,47,48,85,86,111,120,2,49,87,89,90,91,92,88,50,51,52,53,54,55,93,95,96,97,98,94,56,57,58,59,60,61,99,101,102,103,104,100,62,63,64,65,66,67,105,107,108,109,110,106,68,69,70,71,72,73,114,116,117,118,119,115,74,75,76,77,78,79,80,81,82,83,84,112,113
1,3,4,5,6,7,8,9,10,11,12,13,14,15,16,17,18,19,20,21,22,23,24,25,26,27,28,29,30,31,32,33,34,35,36,37,38,39,40,41,42,43,44,45,46,47,48,85,86,111,120,2,49,87,89,90,91,92,88,50,51,52,53,54,55,93,95,96,97,98,94,56,57,58,59,60,61,99,101,102,103,104,100,62,63,64,65,66,67,105,107,108,109,110,106,68,69,70,71,72,73,114,116,117,118,119,115,74,75,76,77,78,79,80,81,82,83,84,112,113
1,3,4,5,6,7,8,9,10,11,12,13,14,15,16,17,18,19,20,21,22,23,24,25,26,27,28,29,30,31,32,33,34,35,36,37,38,39,40,41,42,43,44,45,46,47,48,85,86,111,120,2,49,87,89,90,91,92,88,50,51,52,53,54,55,93,95,96,97,98,94,56,57,58,59,60,61,99,101,102,103,104,100,62,63,64,65,66,67,105,107,108,109,110,106,68,69,70,71,72,73,114,116,117,118,119,115,74,75,76,77,78,79,80,81,82,83,84,112,113
1,3,4,5,6,7,8,9,10,11,12,13,14,15,16,17,18,19,20,21,22,23,24,25,26,27,28,29,30,31,32,33,34,35,36,37,38,39,40,41,42,43,44,45,46,47,48,85,86,111,120,2,49,87,89,90,91,92,88,50,51,52,53,54,55,93,95,96,97,98,94,56,57,58,59,60,61,99,101,102,103,104,100,62,63,64,65,66,67,105,107,108,109,110,106,68,69,70,71,72,73,114,116,117,118,119,115,74,75,76,77,78,79,80,81,82,83,84,112,113
1,3,4,5,6,7,8,9,10,11,12,13,14,15,16,17,18,19,20,21,22,23,24,25,26,27,28,29,30,31,32,33,34,35,36,37,38,39,40,41,42,43,44,45,46,47,48,85,86,111,120,2,49,87,89,90,91,92,88,50,51,52,53,54,55,93,95,96,97,98,94,56,57,58,59,60,61,99,101,102,103,104,100,62,63,64,65,66,67,105,107,108,109,110,106,68,69,70,71,72,73,114,116,117,118,119,115,74,75,76,77,78,79,80,81,82,83,84,112,113
1,3,4,5,6,7,8,9,10,11,12,13,14,15,16,17,18,19,20,21,22,23,24,25,26,27,28,29,30,31,32,33,34,35,36,37,38,39,40,41,42,43,44,45,46,47,48,85,86,111,120,121,2,49,87,89,90,91,92,88,50,51,52,53,54,55,93,95,96,97,98,94,56,57,58,59,60,61,99,101,102,103,104,100,62,63,64,65,66,67,105,107,108,109,110,106,68,69,70,71,72,73,114,116,117,118,119,115,74,75,76,77,78,79,80,81,82,83,84,112,113
1,3,4,5,6,7,8,9,10,11,12,13,14,15,16,17,18,19,20,21,22,23,24,25,26,27,28,29,30,31,32,33,34,35,36,37,38,39,40,41,42,43,44,45,46,47,48,85,86,111,120,121,2,49,87,89,90,91,92,88,50,51,52,53,54,55,93,95,96,97,98,94,56,57,58,59,60,61,99,101,102,103,104,100,62,63,64,65,66,67,105,107,108,109,110,106,68,69,70,71,72,73,114,116,117,118,119,115,74,75,76,77,78,79,80,81,82,83,84,112,113
1,3,4,5,6,7,8,9,10,11,12,13,14,15,16,17,18,19,20,21,22,23,24,25,26,27,28,29,30,31,32,33,34,35,36,37,38,39,40,41,42,43,44,45,46,47,48,85,86,111,120,121,2,49,87,89,90,91,92,88,50,51,52,53,54,55,93,95,96,97,98,94,56,57,58,59,60,61,99,101,102,103,104,100,62,63,64,65,66,67,105,107,108,109,110,106,68,69,70,71,72,73,114,116,117,118,119,115,74,75,76,77,78,79,80,81,82,83,84,112,113
1,3,4,5,6,7,8,9,10,11,12,13,14,15,16,17,18,19,20,21,22,23,24,25,26,27,28,29,30,31,32,33,34,35,36,37,38,39,40,41,42,43,44,45,46,47,48,85,86,111,120,121,2,49,87,89,90,91,92,88,122,50,51,52,53,54,55,93,95,96,97,98,94,56,57,58,59,60,61,99,101,102,103,104,100,62,63,64,65,66,67,105,107,108,109,110,106,68,69,70,71,72,73,114,116,117,118,119,115,74,75,76,77,78,79,80,81,82,83,84,112,113
1,3,4,5,6,7,8,9,10,11,12,13,14,15,16,17,18,19,20,21,22,23,24,25,26,27,28,29,30,31,32,33,34,35,36,37,38,39,40,41,42,43,44,45,46,47,48,85,86,111,120,121,2,49,87,89,90,91,92,88,123,124,125,126,122,50,51,52,53,54,55,93,95,96,97,98,94,56,57,58,59,60,61,99,101,102,103,104,100,62,63,64,65,66,67,105,107,108,109,110,106,68,69,70,71,72,73,114,116,117,118,119,115,74,75,76,77,78,79,80,81,82,83,84,112,113
1,3,4,5,6,7,8,9,10,11,12,13,14,15,16,17,18,19,20,21,22,23,24,25,26,27,28,29,30,31,32,33,34,35,36,37,38,39,40,41,42,43,44,45,46,47,48,85,86,111,120,121,2,49,87,89,90,91,92,88,123,124,125,126,122,50,51,52,53,54,55,93,95,96,97,98,94,56,57,58,59,60,61,99,101,102,103,104,100,62,63,64,65,66,67,105,107,108,109,110,106,68,69,70,71,72,73,114,116,117,118,119,115,74,75,76,77,78,79,80,81,82,83,84,112,113
1,3,4,5,6,7,8,9,10,11,12,13,14,15,16,17,18,19,20,21,22,23,24,25,26,27,28,29,30,31,32,33,34,35,36,37,38,39,40,41,42,43,44,45,46,47,48,85,86,111,120,121,2,49,87,89,90,91,92,88,123,124,125,126,122,50,51,52,53,54,55,93,95,96,97,98,94,56,57,58,59,60,61,99,101,102,103,104,100,62,63,64,65,66,67,105,107,108,109,110,106,68,69,70,71,72,73,114,116,117,118,119,115,74,75,76,77,78,79,80,81,82,83,84,112,113
1,3,4,5,6,7,8,9,10,11,12,13,14,15,16,17,18,19,20,21,22,23,24,25,26,27,28,29,30,31,32,33,34,35,36,37,38,39,40,41,42,43,44,45,46,47,48,85,86,111,120,121,2,49,87,89,90,91,92,88,123,124,125,126,122,50,51,52,53,54,55,93,95,96,97,98,94,127,56,57,58,59,60,61,99,101,102,103,104,100,62,63,64,65,66,67,105,107,108,109,110,106,68,69,70,71,72,73,114,116,117,118,119,115,74,75,76,77,78,79,80,81,82,83,84,112,113
1,3,4,5,6,7,8,9,10,11,12,13,14,15,16,17,18,19,20,21,22,23,24,25,26,27,28,29,30,31,32,33,34,35,36,37,38,39,40,41,42,43,44,45,46,47,48,85,86,111,120,121,2,49,87,89,90,91,92,88,123,124,125,126,122,50,51,52,53,54,55,93,95,96,97,98,94,128,129,130,131,127,56,57,58,59,60,61,99,101,102,103,104,100,62,63,64,65,66,67,105,107,108,109,110,106,68,69,70,71,72,73,114,116,117,118,119,115,74,75,76,77,78,79,80,81,82,83,84,112,113
1,3,4,5,6,7,8,9,10,11,12,13,14,15,16,17,18,19,20,21,22,23,24,25,26,27,28,29,30,31,32,33,34,35,36,37,38,39,40,41,42,43,44,45,46,47,48,85,86,111,120,121,2,49,87,89,90,91,92,88,123,124,125,126,122,50,51,52,53,54,55,93,95,96,97,98,94,128,129,130,131,127,56,57,58,59,60,61,99,101,102,103,104,100,62,63,64,65,66,67,105,107,108,109,110,106,68,69,70,71,72,73,114,116,117,118,119,115,74,75,76,77,78,79,80,81,82,83,84,112,113
1,3,4,5,6,7,8,9,10,11,12,13,14,15,16,17,18,19,20,21,22,23,24,25,26,27,28,29,30,31,32,33,34,35,36,37,38,39,40,41,42,43,44,45,46,47,48,85,86,111,120,121,2,49,87,89,90,91,92,88,123,124,125,126,122,50,51,52,53,54,55,93,95,96,97,98,94,128,129,130,131,127,56,57,58,59,60,61,99,101,102,103,104,100,132,62,63,64,65,66,67,105,107,108,109,110,106,68,69,70,71,72,73,114,116,117,118,119,115,74,75,76,77,78,79,80,81,82,83,84,112,113
1,3,4,5,6,7,8,9,10,11,12,13,14,15,16,17,18,19,20,21,22,23,24,25,26,27,28,29,30,31,32,33,34,35,36,37,38,39,40,41,42,43,44,45,46,47,48,85,86,111,120,121,2,49,87,89,90,91,92,88,123,124,125,126,122,50,51,52,53,54,55,93,95,96,97,98,94,128,129,130,131,127,56,57,58,59,60,61,99,101,102,103,104,100,133,134,135,136,132,62,63,64,65,66,67,105,107,108,109,110,106,68,69,70,71,72,73,114,116,117,118,119,115,74,75,76,77,78,79,80,81,82,83,84,112,113
1,3,4,5,6,7,8,9,10,11,12,13,14,15,16,17,18,19,20,21,22,23,24,25,26,27,28,29,30,31,32,33,34,35,36,37,38,39,40,41,42,43,44,45,46,47,48,85,86,111,120,121,2,49,87,89,90,91,92,88,123,124,125,126,122,50,51,52,53,54,55,93,95,96,97,98,94,128,129,130,131,127,56,57,58,59,60,61,99,101,102,103,104,100,133,134,135,136,132,62,63,64,65,66,67,105,107,108,109,110,106,68,69,70,71,72,73,114,116,117,118,119,115,74,75,76,77,78,79,80,81,82,83,84,112,113
1,3,4,5,6,7,8,9,10,11,12,13,14,15,16,17,18,19,20,21,22,23,24,25,26,27,28,29,30,31,32,33,34,35,36,37,38,39,40,41,42,43,44,45,46,47,48,85,86,111,120,121,2,49,87,89,90,91,92,88,123,124,125,126,122,50,51,52,53,54,55,93,95,96,97,98,94,128,129,130,131,127,56,57,58,59,60,61,99,101,102,103,104,100,133,134,135,136,132,62,63,64,65,66,67,105,107,108,109,110,106,68,69,70,71,72,73,114,116,117,118,119,115,74,75,76,77,78,79,80,81,82,83,84,112,113
1,3,4,5,6,7,8,9,10,11,12,13,14,15,16,17,18,19,20,21,22,23,24,25,26,27,28,29,30,31,32,33,34,35,36,37,38,39,40,41,42,43,44,45,46,47,48,85,86,111,120,121,137,2,49,87,89,90,91,92,88,123,124,125,126,122,50,51,52,53,54,55,93,95,96,97,98,94,128,129,130,131,127,56,57,58,59,60,61,99,101,102,103,104,100,133,134,135,136,132,62,63,64,65,66,67,105,107,108,109,110,106,68,69,70,71,72,73,114,116,117,118,119,115,74,75,76,77,78,79,80,81,82,83,84,112,113
1,3,4,5,6,7,8,9,10,11,12,13,14,15,16,17,18,19,20,21,22,23,24,25,26,27,28,29,30,31,32,33,34,35,36,37,38,39,40,41,42,43,44,45,46,47,48,85,86,111,120,121,137,2,49,87,89,90,91,92,88,123,124,125,126,122,50,51,52,53,54,55,93,95,96,97,98,94,128,129,130,131,127,56,57,58,59,60,61,99,101,102,103,104,100,133,134,135,136,132,62,63,64,65,66,67,105,107,108,109,110,106,68,69,70,71,72,73,114,116,117,118,119,115,74,75,76,77,78,79,80,81,82,83,84,112,113
1,3,4,5,6,7,8,9,10,11,12,13,14,15,16,17,18,19,20,21,22,23,24,25,26,27,28,29,30,31,32,33,34,35,36,37,38,39,40,41,42,43,44,45,46,47,48,85,86,111,120,121,137,2,49,87,89,90,91,92,88,123,124,125,126,122,50,51,52,53,54,55,93,95,96,97,98,94,128,129,130,131,127,56,57,58,59,60,61,99,101,102,103,104,100,133,134,135,136,132,62,63,64,65,66,67,105,107,108,109,110,106,68,69,70,71,72,73,114,116,117,118,119,115,74,75,76,77,78,79,80,81,82,83,84,112,113
1,3,4,5,6,7,8,9,10,11,12,13,14,15,16,17,18,19,20,21,22,23,24,25,26,27,28,29,30,31,32,33,34,35,36,37,38,39,40,41,42,43,44,45,46,47,48,85,86,111,120,121,137,2,49,87,89,90,91,92,88,123,124,125,126,122,50,51,52,53,54,55,93,95,96,97,98,94,128,129,130,131,127,56,57,58,59,60,61,99,101,102,103,104,100,133,134,135,136,132,62,63,64,65,66,67,105,107,108,109,110,106,68,69,70,71,72,73,114,116,117,118,119,115,74,75,76,77,78,79,80,81,82,83,84,112,113
1,3,4,5,6,7,8,9,10,11,12,13,14,15,16,17,18,19,20,21,22,23,24,25,26,27,28,29,30,31,32,33,34,35,36,37,38,39,40,41,42,43,44,45,46,47,48,85,86,111,120,121,137,2,49,87,89,90,91,92,88,123,124,125,126,122,50,51,52,53,54,55,93,95,96,97,98,94,128,129,130,131,127,56,57,58,59,60,61,99,101,102,103,104,100,133,134,135,136,132,62,63,64,65,66,67,105,107,108,109,110,106,68,69,70,71,72,73,114,116,117,118,119,115,74,75,76,77,78,79,80,81,82,83,84,112,113
1,3,4,5,6,7,8,9,10,11,12,13,14,15,16,17,18,19,20,21,22,23,24,25,26,27,28,29,30,31,32,33,34,35,36,37,38,39,40,41,42,43,44,45,46,47,48,85,86,111,120,121,137,2,49,87,89,90,91,92,88,123,124,125,126,122,50,51,52,53,54,55,93,95,96,97,98,94,128,129,130,131,127,56,57,58,59,60,61,99,101,102,103,104,100,133,134,135,136,132,62,63,64,65,66,67,105,107,108,109,110,106,68,69,70,71,72,73,114,116,117,118,119,115,74,75,76,77,78,79,80,81,82,83,84,112,113
1,3,4,5,6,7,8,9,10,11,12,13,14,15,16,17,18,19,20,21,22,23,24,25,26,27,28,29,30,31,32,33,34,35,36,37,38,39,40,41,42,43,44,45,46,47,48,85,86,111,120,121,137,2,49,87,89,90,91,92,88,123,124,125,126,122,50,51,52,53,54,55,93,95,96,97,98,94,128,129,130,131,127,56,57,58,59,60,61,99,101,102,103,104,100,133,134,135,136,132,62,63,64,65,66,67,105,107,108,109,110,106,68,69,70,71,72,73,114,116,117,118,119,115,74,75,76,77,78,79,80,81,82,83,84,112,113
1,3,4,5,6,7,8,9,10,11,12,13,14,15,16,17,18,19,20,21,22,23,24,25,26,27,28,29,30,31,32,33,34,35,36,37,38,39,40,41,42,43,44,45,46,47,48,85,86,111,120,121,137,2,49,87,89,90,91,92,88,123,124,125,126,122,50,51,52,53,54,55,93,95,96,97,98,94,128,129,130,131,127,56,57,58,59,60,61,99,101,102,103,104,100,133,134,135,136,132,62,63,64,65,66,67,105,107,108,109,110,106,68,69,70,71,72,73,114,116,117,118,119,115,74,75,76,77,78,79,80,81,82,83,84,112,113
1,3,4,5,6,7,8,9,10,11,12,13,14,15,16,17,18,19,20,21,22,23,24,25,26,27,28,29,30,31,32,33,34,35,36,37,38,39,40,41,42,43,44,45,46,47,48,85,86,111,120,121,137,2,49,87,89,90,91,92,88,123,124,125,126,122,50,51,52,53,54,55,93,95,96,97,98,94,128,129,130,131,127,56,57,58,59,60,61,99,101,102,103,104,100,133,134,135,136,132,62,63,64,65,66,67,105,107,108,109,110,106,68,69,70,71,72,73,114,116,117,118,119,115,74,75,76,77,78,79,80,81,82,83,84,112,113
1,3,4,5,6,7,8,9,10,11,12,13,14,15,16,17,18,19,20,21,22,23,24,25,26,27,28,29,30,31,32,33,34,35,36,37,38,39,40,41,42,43,44,45,46,47,48,85,86,111,120,121,137,2,49,87,89,90,91,92,88,123,124,125,126,122,50,51,52,53,54,55,93,95,96,97,98,94,128,129,130,131,127,56,57,58,59,60,61,99,101,102,103,104,100,133,134,135,136,132,62,63,64,65,66,67,105,107,108,109,110,106,68,69,70,71,72,73,114,116,117,118,119,115,74,75,76,77,78,79,80,81,82,83,84,112,113
1,3,4,5,6,7,8,9,10,11,12,13,14,15,16,17,18,19,20,21,22,23,24,25,26,27,28,29,30,31,32,33,34,35,36,37,38,39,40,41,42,43,44,45,46,47,48,85,86,111,120,121,137,2,49,87,89,90,91,92,88,123,124,125,126,122,50,51,52,53,54,55,93,95,96,97,98,94,128,129,130,131,127,56,57,58,59,60,61,99,101,102,103,104,100,133,134,135,136,132,62,63,64,65,66,67,105,107,108,109,110,106,68,69,70,71,72,73,114,116,117,118,119,115,74,75,76,77,78,79,80,81,82,83,84,112,113
1,3,4,5,6,7,8,9,10,11,12,13,14,15,16,17,18,19,20,21,22,23,24,25,26,27,28,29,30,31,32,33,34,35,36,37,38,39,40,41,42,43,44,45,46,47,48,85,86,111,120,121,137,2,49,87,89,90,91,92,88,123,124,125,126,122,50,51,52,53,54,55,93,95,96,97,98,94,128,129,130,131,127,56,57,58,59,60,61,99,101,102,103,104,100,133,134,135,136,132,62,63,64,65,66,67,105,107,108,109,110,106,68,69,70,71,72,73,114,116,117,118,119,115,74,75,76,77,78,79,80,81,82,83,84,112,113
1,3,4,5,6,7,8,9,10,11,12,13,14,15,16,17,18,19,20,21,22,23,24,25,26,27,28,29,30,31,32,33,34,35,36,37,38,39,40,41,42,43,44,45,46,47,48,85,86,111,120,121,137,2,49,87,89,90,91,92,88,123,124,125,126,122,50,51,52,53,54,55,93,95,96,97,98,94,128,129,130,131,127,56,57,58,59,60,61,99,101,102,103,104,100,133,134,135,136,132,62,63,64,65,66,67,105,107,108,109,110,106,68,69,70,71,72,73,114,116,117,118,119,115,74,75,76,77,78,79,80,81,82,83,84,112,113
1,3,4,5,6,7,8,9,10,11,12,13,14,15,16,17,18,19,20,21,22,23,24,25,26,27,28,29,30,31,32,33,34,35,36,37,38,39,40,41,42,43,44,45,46,47,48,85,86,111,120,121,137,2,49,87,89,90,91,92,88,123,124,125,126,122,50,51,52,53,54,55,93,95,96,97,98,94,128,129,130,131,127,56,57,58,59,60,61,99,101,102,103,104,100,133,134,135,136,132,62,63,64,65,66,67,105,107,108,109,110,106,68,69,70,71,72,73,114,116,117,118,119,115,74,75,76,77,78,79,80,81,82,83,84,112,113
1,3,4,5,6,7,8,9,10,11,12,13,14,15,16,17,18,19,20,21,22,23,24,25,26,27,28,29,30,31,32,33,34,35,36,37,38,39,40,41,42,43,44,45,46,47,48,85,86,111,120,121,137,2,49,87,89,90,91,92,88,123,124,125,126,122,50,51,52,53,54,55,93,95,96,97,98,94,128,129,130,131,127,56,57,58,59,60,61,99,101,102,103,104,100,133,134,135,136,132,62,63,64,65,66,67,105,107,108,109,110,106,138,68,69,70,71,72,73,114,116,117,118,119,115,74,75,76,77,78,79,80,81,82,83,84,112,113
1,3,4,5,6,7,8,9,10,11,12,13,14,15,16,17,18,19,20,21,22,23,24,25,26,27,28,29,30,31,32,33,34,35,36,37,38,39,40,41,42,43,44,45,46,47,48,85,86,111,120,121,137,2,49,87,89,90,91,92,88,123,124,125,126,122,50,51,52,53,54,55,93,95,96,97,98,94,128,129,130,131,127,56,57,58,59,60,61,99,101,102,103,104,100,133,134,135,136,132,62,63,64,65,66,67,105,107,108,109,110,106,139,140,141,142,138,68,69,70,71,72,73,114,116,117,118,119,115,74,75,76,77,78,79,80,81,82,83,84,112,113
1,3,4,5,6,7,8,9,10,11,12,13,14,15,16,17,18,19,20,21,22,23,24,25,26,27,28,29,30,31,32,33,34,35,36,37,38,39,40,41,42,43,44,45,46,47,48,85,86,111,120,121,137,2,49,87,89,90,91,92,88,123,124,125,126,122,50,51,52,53,54,55,93,95,96,97,98,94,128,129,130,131,127,56,57,58,59,60,61,99,101,102,103,104,100,133,134,135,136,132,62,63,64,65,66,67,105,107,108,109,110,106,139,140,141,142,138,68,69,70,71,72,73,114,116,117,118,119,115,74,75,76,77,78,79,80,81,82,83,84,112,113
1,3,4,5,6,7,8,9,10,11,12,13,14,15,16,17,18,19,20,21,22,23,24,25,26,27,28,29,30,31,32,33,34,35,36,37,38,39,40,41,42,43,44,45,46,47,48,85,86,111,120,121,137,2,49,87,89,90,91,92,88,123,124,125,126,122,50,51,52,53,54,55,93,95,96,97,98,94,128,129,130,131,127,56,57,58,59,60,61,99,101,102,103,104,100,133,134,135,136,132,62,63,64,65,66,67,105,107,108,109,110,106,139,140,141,142,138,68,69,70,71,72,73,114,116,117,118,119,115,74,75,76,77,78,79,80,81,82,83,84,112,113
1,3,4,5,6,7,8,9,10,11,12,13,14,15,16,17,18,19,20,21,22,23,24,25,26,27,28,29,30,31,32,33,34,35,36,37,38,39,40,41,42,43,44,45,46,47,48,85,86,111,120,121,137,2,49,87,89,90,91,92,88,123,124,125,126,122,50,51,52,53,54,55,93,95,96,97,98,94,128,129,130,131,127,56,57,58,59,60,61,99,101,102,103,104,100,133,134,135,136,132,62,63,64,65,66,67,105,107,108,109,110,106,139,140,141,142,138,68,69,70,71,72,73,114,116,117,118,119,115,74,75,76,77,78,79,80,81,82,83,84,112,113
1,3,4,5,6,7,8,9,10,11,12,13,14,15,16,17,18,19,20,21,22,23,24,25,26,27,28,29,30,31,32,33,34,35,36,37,38,39,40,41,42,43,44,45,46,47,48,85,86,111,120,121,137,2,49,87,89,90,91,92,88,123,124,125,126,122,50,51,52,53,54,55,93,95,96,97,98,94,128,129,130,131,127,56,57,58,59,60,61,99,101,102,103,104,100,133,134,135,136,132,62,63,64,65,66,67,105,107,108,109,110,106,139,140,141,142,138,68,69,70,71,72,73,114,116,117,118,119,115,74,75,76,77,78,79,80,81,82,83,84,112,113
1,3,4,5,6,7,8,9,10,11,12,13,14,15,16,17,18,19,20,21,22,23,24,25,26,27,28,29,30,31,32,33,34,35,36,37,38,39,40,41,42,43,44,45,46,47,48,85,86,111,120,121,137,2,49,87,89,90,91,92,88,123,124,125,126,122,50,51,52,53,54,55,93,95,96,97,98,94,128,129,130,131,127,56,57,58,59,60,61,99,101,102,103,104,100,133,134,135,136,132,62,63,64,65,66,67,105,107,108,109,110,106,139,140,141,142,138,68,69,70,71,72,73,114,116,117,118,119,115,74,75,76,77,78,79,80,81,82,83,84,112,113
1,3,4,5,6,7,8,9,10,11,12,13,14,15,16,17,18,19,20,21,22,23,24,25,26,27,28,29,30,31,32,33,34,35,36,37,38,39,40,41,42,43,44,45,46,47,48,85,86,111,120,121,137,2,49,87,89,90,91,92,88,123,124,125,126,122,50,51,52,53,54,55,93,95,96,97,98,94,128,129,130,131,127,56,57,58,59,60,61,99,101,102,103,104,100,133,134,135,136,132,62,63,64,65,66,67,105,107,108,109,110,106,139,140,141,142,138,68,69,70,71,72,73,114,116,117,118,119,115,74,75,76,77,78,79,80,81,82,83,84,112,113
1,3,4,5,6,7,8,9,10,11,12,13,14,15,16,17,18,19,20,21,22,23,24,25,26,27,28,29,30,31,32,33,34,35,36,37,38,39,40,41,42,43,44,45,46,47,48,85,86,111,120,121,137,2,49,87,89,90,91,92,88,123,124,125,126,122,50,51,52,53,54,55,93,95,96,97,98,94,128,129,130,131,127,56,57,58,59,60,61,99,101,102,103,104,100,133,134,135,136,132,62,63,64,65,66,67,105,107,108,109,110,106,139,140,141,142,138,68,69,70,71,72,73,114,116,117,118,119,115,74,75,76,77,78,79,80,81,82,83,84,112,113
1,3,4,5,6,7,8,9,10,11,12,13,14,15,16,17,18,19,20,21,22,23,24,25,26,27,28,29,30,31,32,33,34,35,36,37,38,39,40,41,42,43,44,45,46,47,48,85,86,111,120,121,137,143,2,49,87,89,90,91,92,88,123,124,125,126,122,50,51,52,53,54,55,93,95,96,97,98,94,128,129,130,131,127,56,57,58,59,60,61,99,101,102,103,104,100,133,134,135,136,132,62,63,64,65,66,67,105,107,108,109,110,106,139,140,141,142,138,68,69,70,71,72,73,114,116,117,118,119,115,74,75,76,77,78,79,80,81,82,83,84,112,113
1,3,4,5,6,7,8,9,10,11,12,13,14,15,16,17,18,19,20,21,22,23,24,25,26,27,28,29,30,31,32,33,34,35,36,37,38,39,40,41,42,43,44,45,46,47,48,85,86,111,120,121,137,143,2,49,87,89,90,91,92,88,123,124,125,126,122,50,51,52,53,54,55,93,95,96,97,98,94,128,129,130,131,127,56,57,58,59,60,61,99,101,102,103,104,100,133,134,135,136,132,62,63,64,65,66,67,105,107,108,109,110,106,139,140,141,142,138,68,69,70,71,72,73,114,116,117,118,119,115,74,75,76,77,78,79,80,81,82,83,84,112,113
1,3,4,5,6,7,8,9,10,11,12,13,14,15,16,17,18,19,20,21,22,23,24,25,26,27,28,29,30,31,32,33,34,35,36,37,38,39,40,41,42,43,44,45,46,47,48,85,86,111,120,121,137,143,2,49,87,89,90,91,92,88,123,124,125,126,122,50,51,52,53,54,55,93,95,96,97,98,94,128,129,130,131,127,56,57,58,59,60,61,99,101,102,103,104,100,133,134,135,136,132,62,63,64,65,66,67,105,107,108,109,110,106,139,140,141,142,138,68,69,70,71,72,73,114,116,117,118,119,115,74,75,76,77,78,79,80,81,82,83,84,112,113
1,3,4,5,6,7,8,9,10,11,12,13,14,15,16,17,18,19,20,21,22,23,24,25,26,27,28,29,30,31,32,33,34,35,36,37,38,39,40,41,42,43,44,45,46,47,48,85,86,111,120,121,137,143,2,49,87,89,90,91,92,88,123,124,125,126,122,50,51,52,53,54,55,93,95,96,97,98,94,128,129,130,131,127,56,57,58,59,60,61,99,101,102,103,104,100,133,134,135,136,132,62,63,64,65,66,67,105,107,108,109,110,106,139,140,141,142,138,68,69,70,71,72,73,114,116,117,118,119,115,74,75,76,77,78,79,80,81,82,83,84,112,113
1,3,4,5,6,7,8,9,10,11,12,13,14,15,16,17,18,19,20,21,22,23,24,25,26,27,28,29,30,31,32,33,34,35,36,37,38,39,40,41,42,43,44,45,46,47,48,85,86,111,120,121,137,143,2,49,87,89,90,91,92,88,123,124,125,126,122,50,51,52,53,54,55,93,95,96,97,98,94,128,129,130,131,127,56,57,58,59,60,61,99,101,102,103,104,100,133,134,135,136,132,62,63,64,65,66,67,105,107,108,109,110,106,139,140,141,142,138,68,69,70,71,72,73,114,116,117,118,119,115,74,75,76,77,78,79,80,81,82,83,84,112,113
1,3,4,5,6,7,8,9,10,11,12,13,14,15,16,17,18,19,20,21,22,23,24,25,26,27,28,29,30,31,32,33,34,35,36,37,38,39,40,41,42,43,44,45,46,47,48,85,86,111,120,121,137,143,2,49,87,89,90,91,92,88,123,124,125,126,122,50,51,52,53,54,55,93,95,96,97,98,94,128,129,130,131,127,56,57,58,59,60,61,99,101,102,103,104,100,133,134,135,136,132,62,63,64,65,66,67,105,107,108,109,110,106,139,140,141,142,138,68,69,70,71,72,73,114,116,117,118,119,115,74,75,76,77,78,79,80,81,82,83,84,112,113
1,3,4,5,6,7,8,9,10,11,12,13,14,15,16,17,18,19,20,21,22,23,24,25,26,27,28,29,30,31,32,33,34,35,36,37,38,39,40,41,42,43,44,45,46,47,48,85,86,111,120,121,137,143,2,49,87,89,90,91,92,88,123,124,125,126,122,50,51,52,53,54,55,93,95,96,97,98,94,128,129,130,131,127,56,57,58,59,60,61,99,101,102,103,104,100,133,134,135,136,132,62,63,64,65,66,67,105,107,108,109,110,106,139,140,141,142,138,68,69,70,71,72,73,114,116,117,118,119,115,74,75,76,77,78,79,80,81,82,83,84,112,113
1,3,4,5,6,7,8,9,10,11,12,13,14,15,16,17,18,19,20,21,22,23,24,25,26,27,28,29,30,31,32,33,34,35,36,37,38,39,40,41,42,43,44,45,46,47,48,85,86,111,120,121,137,143,2,49,87,89,90,91,92,88,123,124,125,126,122,50,51,52,53,54,55,93,95,96,97,98,94,128,129,130,131,127,56,57,58,59,60,61,99,101,102,103,104,100,133,134,135,136,132,62,63,64,65,66,67,105,107,108,109,110,106,139,140,141,142,138,68,69,70,71,72,73,114,116,117,118,119,115,74,75,76,77,78,79,80,81,82,83,84,112,113
1,3,4,5,6,7,8,9,10,11,12,13,14,15,16,17,18,19,20,21,22,23,24,25,26,27,28,29,30,31,32,33,34,35,36,37,38,39,40,41,42,43,44,45,46,47,48,85,86,111,120,121,137,143,2,49,87,89,90,91,92,88,123,124,125,126,122,50,51,52,53,54,55,93,95,96,97,98,94,128,129,130,131,127,56,57,58,59,60,61,99,101,102,103,104,100,133,134,135,136,132,62,63,64,65,66,67,105,107,108,109,110,106,139,140,141,142,138,68,69,70,71,72,73,114,116,117,118,119,115,74,75,76,77,78,79,80,81,82,83,84,112,113
