0.2864438993983479,0.286441307602152,0.2864296085822742,0.2864264676762001,0.2864261459765259,0.286429115170211,0.28641177554627406,0.28641503597245854,0.28641477135518834,0.2864121693365236,0.28639998924707905,0.2863972548714747,0.28639922172935894,0.28640107268537024,0.28638526278191373,0.2863879679551314,0.2863898668254345,0.286386888237514,0.28638356005255206,0.28638076440545407,0.28638657782772386,0.28638688970966847
0.2864516836875453,0.286449094128883,0.28643735588330294,0.2864342176714317,0.286433929731858,0.2864368963676338,0.28641960646953046,0.2864228640746154,0.2864225490580704,0.28641994927625547,0.2864077796364714,0.28640504761128804,0.2864069969496081,0.2864088463177886,0.28639102383020243,0.28639372728675017,0.28639762471845953,0.28639460866837974,0.2863909260222034,0.28638808653212755,0.28639432040060114,0.28639464655668184
0.28644773493919246,0.2864451442454801,0.2864334008654736,0.28643026127818955,0.28642996118125763,0.2864329291211992,0.2864156316330945,0.28641889067013493,0.28641856345402894,0.28641596252595086,0.286403787531281,0.2864010543016349,0.28640299240266787,0.286404842588653,0.2863867739233384,0.2863894786462734,0.2863935970941924,0.2863905511552519,0.2863865417617112,0.28638366021600714,0.2863902801836552,0.2863906159115706
0.28644375209534195,0.28644116025680605,0.2864294116981687,0.286426270723628,0.2864259588458121,0.286428928100991,0.2864116229584561,0.28641488343960947,0.28641454440063924,0.2864119423167046,0.2863997619223445,0.2863970274781559,0.2863989547274515,0.2864008057379878,0.28638272903133105,0.28638543495953367,0.2863895376860251,0.28638646611714025,0.28638214715792,0.28637922323714404,0.2863862056206158,0.2863865517314541
0.2864426398865153,0.28644004772829196,0.2864282977235458,0.28642515636161925,0.2864248331415556,0.28642780276665486,0.28641049547125536,0.28641375635857624,0.2864134059550899,0.2864108035437494,0.28639862161988705,0.28639588683166955,0.2863978029773743,0.2863996542231105,0.2863815752226913,0.286384281494692,0.2863883685807059,0.28638527665015623,0.2863807820974845,0.2863778166086498,0.2863841357034757,0.28638449303818
0.2864438454781442,0.286441253666449,0.286429554576758,0.2864264136519037,0.286426029972725,0.28642899920453047,0.28641165935829305,0.28641491982633366,0.28641459314904605,0.286411991079131,0.2863999264804407,0.28639719208589937,0.28639898105312356,0.2864008320582836,0.28638275540405556,0.2863854613244001,0.28638953263032163,0.28638642416584376,0.2863815684923787,0.2863785604291661,0.286385057677215,0.2863854261647652
0.2864404792440005,0.2864378864647396,0.2864261830166743,0.28642304091936444,0.2864226463084541,0.2864256166521673,0.28640827032180227,0.2864115320107068,0.28641119439633617,0.2864085913489802,0.2863965222275619,0.2863937868059652,0.2863955655990428,0.28639741730167234,0.28637933384545977,0.2863820407853133,0.28638609959712896,0.28638297687744196,0.2863781243991413,0.28637507221347586,0.28638135364913436,0.286381734473923
0.2864399562861295,0.2864373633565551,0.2864256592314074,0.2864225169519537,0.2864221118441771,0.2864250823635191,0.2864077350089704,0.2864109968907132,0.2864106487670997,0.2864080455628293,0.28639597571534947,0.28639324012887357,0.28639500851970784,0.2863968603360974,0.28637877577045606,0.28638148287659515,0.2863855290678946,0.286382396444457,0.28637626327413007,0.28637316785459804,0.2863804922366685,0.2863808860755336
0.28643689903165526,0.2864343052233449,0.2864225971399624,0.28641945379569345,0.2864190385179507,0.2864220100471971,0.28640465680335986,0.28640791979396835,0.2864075614951565,0.2864049574030435,0.2863928834474215,0.2863901469280359,0.28639190583619417,0.28639375828616753,0.2863756675415783,0.286378375573844,0.286382411337354,0.28637927059807455,0.28637251796728336,0.2863693805410065,0.2863770570713938,0.2863774649996541
0.2864362998047921,0.28643370582425004,0.2864219969650569,0.28641885341208484,0.28641842829889613,0.28642140002866057,0.2864040456154994,0.2864073088262747,0.286406940680665,0.28640433641001944,0.2863922616283074,0.2863895249213265,0.2863912741081151,0.28639312668708894,0.2863750346844364,0.286377742905266,0.28638176787888253,0.28637862189649943,0.2863714000801554,0.28636822372664295,0.28637606299542,0.28637648629515117
0.28643350895403985,0.2864309141713501,0.28641915229482695,0.2864160077526665,0.28641562248584,0.2864185951375847,0.2864012702277317,0.2864045344382673,0.28640412184531955,0.2864015167640456,0.2863893223673778,0.28638658477366746,0.2863884409109797,0.2863902940684952,0.2863723193837419,0.28637502841360396,0.28637892136097637,0.2863757709005776,0.2863679601684348,0.2863647475863132,0.2863728277446295,0.28637326803342555
0.28643339223199904,0.28643079741576116,0.2864190847922116,0.2864159402265785,0.28641549656494264,0.2864184692580642,0.286401109227066,0.28640437349559744,0.286403986784798,0.286401381664684,0.28638930295239906,0.28638656535283163,0.28638829662128573,0.2863901498082651,0.2863720518761266,0.28637476098569303,0.28637876734200557,0.28637561446794985,0.2863667104275147,0.2863634672901574,0.2863722535740235,0.2863727120938521
0.28643341604658984,0.2864308212371968,0.28641910864447895,0.28641596408714,0.28641551203805315,0.2864184847260903,0.2864011247247415,0.2864043889876904,0.28640399387828697,0.28640138876021315,0.2863893100573674,0.2863865724599435,0.286388295313226,0.2863901485004725,0.28637205056572806,0.28637475967568443,0.28637875723032213,0.2863756027878467,0.28636569514333976,0.28636242766158293,0.2863718882150714,0.2863723665063407
0.28643136861981283,0.28642877322195553,0.2864170085627292,0.28641386327513174,0.2864134527415915,0.2864164261062962,0.28639909704716976,0.28640236204052566,0.2864019241330515,0.28639931841977834,0.28638712107068504,0.286384382812887,0.28638621413292487,0.28638806774514386,0.28637008865612984,0.28637279835063484,0.28637666575553256,0.28637350958515456,0.2863629600407687,0.28635967391830014,0.28636975283946997,0.28637025264853383
0.2864372519956719,0.28643465828881204,0.2864229012788023,0.28641975804029396,0.2864193403849129,0.286422311814966,0.2864049940151004,0.2864082568842357,0.2864078118847813,0.28640520786467527,0.28639301842533055,0.28639028194666644,0.28639210470902293,0.2863939571183857,0.28637598968025263,0.2863786976165347,0.2863825550078461,0.2863794002627715,0.28636885410607554,0.28636555801011354,0.2863745669606459,0.28637508911238335
0.28643577691965816,0.28643318278882707,0.2864214238609836,0.2864182801087224,0.2864178557240741,0.2864208276419859,0.2864035070028851,0.2864067704076826,0.286406318660143,0.2864037142106182,0.28639152276521196,0.28638878583532656,0.2863906022060583,0.28639245492223636,0.2863744845122845,0.2863771928970404,0.2863810441217391,0.2863778884371037,0.2863673382443221,0.28636403354252976,0.28637252753308723,0.2863730722144709
0.2864344077841866,0.2864318132598374,0.2864200525519166,0.2864169083228047,0.2864164775132606,0.28641944988404827,0.28640212660930753,0.2864053905113559,0.2864049323212076,0.2864023274730054,0.28639013416514875,0.2863873968163436,0.286389207075081,0.2863910600761461,0.2863730869067747,0.2863757957079521,0.2863796410608177,0.2863764846331346,0.2863659314259117,0.2863626213081054,0.28637057767510354,0.2863711455203811
0.08,0.08,0.08,0.08,0.08,0.08,0.08,0.08,0.08,0.08,0.08,0.08,0.08,0.08,0.08,0.08,0.08,0.08,0.08,0.08,0.08,0.08
0.08,0.08,0.08,0.08,0.08,0.08,0.08,0.08,0.08,0.08,0.08,0.08,0.08,0.08,0.08,0.08,0.08,0.08,0.08,0.08,0.08,0.08
0.08,0.08,0.08,0.08,0.08,0.08,0.08,0.08,0.08,0.08,0.08,0.08,0.08,0.08,0.08,0.08,0.08,0.08,0.08,0.08,0.08,0.08
0.08,0.08,0.08,0.08,0.08,0.08,0.08,0.08,0.08,0.08,0.08,0.08,0.08,0.08,0.08,0.08,0.08,0.08,0.08,0.08,0.08,0.08
0.08,0.08,0.08,0.08,0.08,0.08,0.08,0.08,0.08,0.08,0.08,0.08,0.08,0.08,0.08,0.08,0.08,0.08,0.08,0.08,0.08,0.08
0.08,0.08,0.08,0.08,0.08,0.08,0.08,0.08,0.08,0.08,0.08,0.08,0.08,0.08,0.08,0.08,0.08,0.08,0.08,0.08,0.08,0.08
0.08,0.08,0.08,0.08,0.08,0.08,0.08,0.08,0.08,0.08,0.08,0.08,0.08,0.08,0.08,0.08,0.08,0.08,0.08,0.08,0.08,0.08
0.08,0.08,0.08,0.08,0.08,0.08,0.08,0.08,0.08,0.08,0.08,0.08,0.08,0.08,0.08,0.08,0.08,0.08,0.08,0.08,0.08,0.08
0.28643656897006636,0.2864339750668886,0.28642226655617903,0.28641912309695394,0.28641863671094775,0.28642160837222846,0.28640425435843353,0.2864075174940139,0.28640708799374337,0.2864044837654616,0.2863924091797722,0.286389672517306,0.2863913602063135,0.2863932127677061,0.28637512093651446,0.2863778291316443,0.2863817901409644,0.28637863430184285,0.2863684219182923,0.28636510979916235,0.2863721587345988,0.286372750173056
0.28643525940875686,0.28643266512918203,0.28642095492300806,0.2864178110076803,0.28641731877155807,0.2864202908659114,0.2864029691999598,0.28640623279848676,0.28640576258310435,0.286403157973665,0.2863910816243199,0.2863883445613484,0.2863900266905694,0.2863918795242688,0.28637378503744637,0.2863764936306139,0.2863804493828814,0.286377292989918,0.2863670786602307,0.28636376446731715,0.28637027218068184,0.28637088638028674
0.2864339835347428,0.2864313888884565,0.2864196276289531,0.2864164832520815,0.28641603457487164,0.2864190070912065,0.28640164809114393,0.2864049121655653,0.28640447094669874,0.2864018659658168,0.28638967203813764,0.2863869345499171,0.2863887269960425,0.28639058009514,0.28637260597622805,0.28637531492069945,0.28637914247765395,0.28637598557272115,0.28636543028672345,0.2863621145878319,0.2863686443643408,0.286369281754503
0.2864227689658256,0.2864201710963647,0.28640844471974575,0.286405296454347,0.28640479202625546,0.2864077682367089,0.2863904226159677,0.2863936907339152,0.2863932082951842,0.2863906000755661,0.2863785070216108,0.2863757661652088,0.28637743898669116,0.2863792943907188,0.28636117483717083,0.2863638871874533,0.286367836705523,0.28636467583507874,0.286354446974458,0.2863511267399995,0.28635727676858036,0.2863579384587252,0.2864169399398568
0.28640529309091883,0.28640269019914755,0.28639094119995334,0.2863877868487332,0.28638722374271963,0.28639020572533724,0.28637282651203433,0.28637610096773447,0.28637558368570437,0.28637297039830695,0.2863608538954498,0.28635810771403125,0.2863597776077712,0.2863616366178202,0.2863434818972781,0.28634619951857193,0.28635015045452267,0.28634698340897274,0.2863367346384923,0.2863334076346245,0.2863381869989257,0.28633887533548413,0.286399163757747,0.28638291280271183,0.2863695131211939
0.28640243664318504,0.2863998329305611,0.28638808023392337,0.2863849248880299,0.2863843479972869,0.28638733092469143,0.28636994621298123,0.286373221706044,0.2863726939925244,0.286370079874275,0.2863579595270339,0.2863552124725899,0.2863568765648612,0.28635873616719615,0.2863405756705194,0.2863432941575721,0.28634723999272743,0.28634407189645855,0.2863338198449202,0.2863304915895474,0.2863348849625638,0.2863355991703953,0.28639666311973183,0.28637997339487026,0.28636679183600977
0.2863968351526157,0.28639422983034135,0.2863824698832153,0.2863793125868164,0.2863787208363633,0.2863817056124485,0.2863643101419243,0.28636758766481096,0.28636704840866267,0.2863644326672205,0.28635230480942214,0.28634955604939405,0.2863512138713481,0.28635307462976767,0.2863349028586557,0.2863376230355861,0.28634156398433563,0.2863383938878019,0.2863281354703676,0.2863248050424946,0.286329138413936,0.2863298827610197,0.28639074706123,0.28637432487519526,0.28636105108033305,0.2863901427656106
0.28637095729527373,0.2863683445373962,0.2863565510976701,0.2863533847911311,0.2863527221497751,0.2863557154663669,0.28633827029266956,0.2863415571929037,0.28634097576399087,0.286338352526959,0.2863261899870928,0.28632343335100763,0.28632508936949397,0.2863269554609439,0.2863087316809869,0.28631145965333654,0.28631540523393395,0.28631222603424433,0.2863019382837978,0.28629859825971654,0.28630288651377195,0.2863036601348742,0.28636522271227366,0.2863482265533235,0.28633510053847727,0.28636455199553945,0.2863483644014726,0.2863344999027929
0.28635747247539944,0.2863548558433146,0.2863430449529304,0.28633987395179744,0.28633918118555346,0.28634217894980435,0.2863246727177423,0.28632796451410236,0.28632739857384154,0.28632477143397495,0.28631259083586197,0.2863098300988412,0.2863114818285214,0.2863133506974777,0.28629509983084445,0.2862978318631406,0.2863017765029703,0.28629859255951245,0.28628828953074553,0.28628494450851916,0.2862891803801716,0.2862899828372341,0.2863514540072833,0.2863346362402474,0.2863214327366637,0.2863507151427121,0.2863347756564218,0.2863207342783777
0.28634668431363947,0.28634406458232137,0.2863322397320859,0.2863290649754395,0.28632833759731385,0.28633133892299034,0.28631381192292327,0.2863171076296865,0.2863165179607166,0.2863138876933855,0.2863016926247049,0.2862989286014752,0.28630057211695514,0.2863024432125896,0.28628417063111916,0.2862869059182022,0.2862908450232366,0.28628765727376443,0.2862773419949481,0.2862739929695188,0.286278145534854,0.2862789905370893,0.28634071136728817,0.28632371930604994,0.2863105987291614,0.2863399000619774,0.2863238620012928,0.2863097954218529
0.2863332252207226,0.2863306016231389,0.2863187593582045,0.2863155799165895,0.2863148166172317,0.28631782238336817,0.2863002694894092,0.2863035700717442,0.2863029554974059,0.2863003213320332,0.2862881082274721,0.2862853401083454,0.2862869749676701,0.2862888488382905,0.2862705491949161,0.2862732885382593,0.2862772223288861,0.2862740298421677,0.2862636992955744,0.28626034529225164,0.2862644074409809,0.28626529906424303,0.2863272978341262,0.28631012209781054,0.28629708206138166,0.2863264117098078,0.286310269393371,0.2862961724783863
0.28631706784900557,0.2863144396104502,0.2863025764414751,0.28629939137614,0.2862985910549508,0.28630160214930145,0.28628401818478527,0.2862873246174333,0.28628668417747843,0.28628404533591084,0.2862718105951629,0.28626903756248917,0.28627066356648434,0.2862725407657392,0.28625420866137663,0.2862569528702587,0.28626088181592163,0.2862576836504676,0.2862473347896811,0.2862439748208557,0.2862479414772946,0.2862488828300057,0.2863111858328959,0.2862938175290294,0.28628085558370087,0.2863102226911191,0.2862939704377769,0.2862798382451092
0.286303196972307,0.28630056474989424,0.28628868363679216,0.2862854937439993,0.2862846557933628,0.28628767146342476,0.2862700608165625,0.2862733722732832,0.2862727054431372,0.2862700625845943,0.2862578092579111,0.2862550320043725,0.2862566481717097,0.2862585282308034,0.28624016823729365,0.28624291662646373,0.2862468391789804,0.28624363613434334,0.28623327153601613,0.2862299064421495,0.28623377149902657,0.28623476463711556,0.28629736319193916,0.2862798031344087,0.28626692375347795,0.28629632148602047,0.28627996238127074,0.28626579784441547
0.28628983509787004,0.28628719903809724,0.2862753006408287,0.2862721060980985,0.28627123000986765,0.28627425008799695,0.286256613736474,0.2862599300331961,0.28625923641428846,0.2862565896855532,0.2862442007359219,0.2862414193802696,0.2862431429691098,0.2862450257837146,0.2862267638461954,0.2862295162259643,0.28623330687510845,0.28623009912947744,0.28621937467660985,0.28621600451953594,0.2862201087890767,0.2862211553532574,0.28628405113295013,0.2862662972219945,0.28625350216002104,0.2862829292615877,0.2862664634176551,0.2862522672966436
0.28627286862413465,0.286270227692241,0.2862582570675133,0.28625505660350253,0.2862541915614634,0.28625721723330133,0.2862395837653776,0.28624290619114023,0.2862421493604144,0.2862394977223241,0.2862272037743945,0.28622441729568765,0.2862260131481181,0.28622789945746313,0.286209478511897,0.28621223603719054,0.2862161458015984,0.28621293209584714,0.2862025331027675,0.2861991568108999,0.28620280918676705,0.2862039108475697,0.28626713341307103,0.28624917542978573,0.2862364619486351,0.2862659292907976,0.28624934916076616,0.2862351142934234
0.08,0.08,0.08,0.08,0.08,0.08,0.08,0.08,0.08,0.08,0.08,0.08,0.08,0.08,0.08,0.08,0.08,0.08,0.08,0.08,0.08,0.08,0.08,0.08,0.08,0.08,0.08,0.08
0.08,0.08,0.08,0.08,0.08,0.08,0.08,0.08,0.08,0.08,0.08,0.08,0.08,0.08,0.08,0.08,0.08,0.08,0.08,0.08,0.08,0.08,0.08,0.08,0.08,0.08,0.08,0.08
0.08,0.08,0.08,0.08,0.08,0.08,0.08,0.08,0.08,0.08,0.08,0.08,0.08,0.08,0.08,0.08,0.08,0.08,0.08,0.08,0.08,0.08,0.08,0.08,0.08,0.08,0.08,0.08
0.08,0.08,0.08,0.08,0.08,0.08,0.08,0.08,0.08,0.08,0.08,0.08,0.08,0.08,0.08,0.08,0.08,0.08,0.08,0.08,0.08,0.08,0.08,0.08,0.08,0.08,0.08,0.08
0.08,0.08,0.08,0.08,0.08,0.08,0.08,0.08,0.08,0.08,0.08,0.08,0.08,0.08,0.08,0.08,0.08,0.08,0.08,0.08,0.08,0.08,0.08,0.08,0.08,0.08,0.08,0.08
0.08,0.08,0.08,0.08,0.08,0.08,0.08,0.08,0.08,0.08,0.08,0.08,0.08,0.08,0.08,0.08,0.08,0.08,0.08,0.08,0.08,0.08,0.08,0.08,0.08,0.08,0.08,0.08
0.08,0.08,0.08,0.08,0.08,0.08,0.08,0.08,0.08,0.08,0.08,0.08,0.08,0.08,0.08,0.08,0.08,0.08,0.08,0.08,0.08,0.08,0.08,0.08,0.08,0.08,0.08,0.08
0.08,0.08,0.08,0.08,0.08,0.08,0.08,0.08,0.08,0.08,0.08,0.08,0.08,0.08,0.08,0.08,0.08,0.08,0.08,0.08,0.08,0.08,0.08,0.08,0.08,0.08,0.08,0.08
0.28626258626275763,0.28625994237839997,0.28624800873809436,0.2862448047138929,0.2862438494971855,0.2862468785640414,0.2862292253388342,0.28623255149226673,0.2862317664390299,0.28622911181801836,0.28621680406881594,0.286214014455786,0.2862155985420582,0.2862174869759668,0.28619904531191587,0.28620180594272693,0.2862057064946685,0.286202489162445,0.28619207847359457,0.2861886983729477,0.2861922356417021,0.28619339399118643,0.2862569059804086,0.28623875146594047,0.2862261313459639,0.2862556177040063,0.2862389331271742,0.28622466902927346
0.28624799021930847,0.28624534214416797,0.28623338962816025,0.28623018052576477,0.2862291860632862,0.28623221994339476,0.2862145387076017,0.28621787014589967,0.2862170574268585,0.2862143985803894,0.286202071281101,0.2861992772281466,0.2862008507302272,0.2862027421724442,0.2861842711718399,0.28618703619995584,0.2861909297894429,0.28618770732650456,0.2861772800817266,0.28617389459192716,0.28617732173120375,0.28617853564022777,0.28624236137857,0.2862240042376506,0.2862114699843375,0.28624098940709636,0.2862241941599513,0.28620989598853114
0.28623067479750286,0.28622802175126394,0.28621604684509055,0.286212831718952,0.28621179687254994,0.2862148364601002,0.286197122010176,0.28620045971514096,0.28619961862121,0.28619695476556933,0.2861846042903139,0.2861818049739441,0.2861833681890652,0.28618526319709275,0.2861667574234299,0.28616952766376,0.2861734152610375,0.28617018671755584,0.2861597398511522,0.28615634797436273,0.28615966408051996,0.28616093467828646,0.28622509828979126,0.286206526802749,0.28619407838171507,0.28622363864335365,0.2862067255449201,0.28619238957380727
0.2862128080234194,0.2862101498483241,0.2861981518416129,0.2861949305005701,0.28619385384102664,0.28619689931718834,0.28617915059901133,0.28618249476956137,0.2861816240118918,0.2861789549879669,0.2861665806007587,0.2861637758537881,0.28616532771949427,0.2861672264067448,0.286148684754226,0.28615146037254674,0.2861553410504466,0.2861521062313234,0.2861416391200356,0.28613824065185584,0.28614143536969056,0.286142767510082,0.28620728463707196,0.2861884939767467,0.2861761308631888,0.28620573557559975,0.28618870186839823,0.28617432634051443
0.28619687172934,0.2861942089800083,0.2861821903709387,0.28617896348705585,0.2861778441065923,0.28618089483636405,0.28616311554542084,0.2861664654843354,0.2861655642159757,0.2861628905799316,0.2861503759412303,0.2861475663122294,0.28614922529358877,0.28615112726448405,0.2861326797894006,0.28613546016993613,0.2861392068059286,0.2861359663852265,0.28612513300466574,0.2861217285264012,0.2861251478346783,0.28612654189616515,0.2861917338789318,0.286172372478776,0.2861602564436202,0.2861900941487795,0.2861725897412712,0.28615832951774256
0.286180754246939,0.2861780868718003,0.2861659966421276,0.2861627641352816,0.286161652354459,0.2861647083970682,0.28614686233061615,0.2861502181158203,0.2861493217866823,0.28614664348651275,0.28613422618163603,0.2861314116876079,0.28613293989258026,0.28613484518411625,0.28611623912875844,0.2861190244006815,0.28612288936612307,0.28611964328101547,0.28610913982649844,0.28610572952556457,0.28610867622959607,0.286110132402068,0.28617534199783584,0.2861561121705505,0.2861439329208594,0.2861736105755802,0.28615633903852733,0.28614188058740636
0.28616513844138364,0.2861624665848395,0.2861503560858873,0.28614711814866467,0.2861459629858452,0.28614902417596677,0.28613114809406787,0.28613450953116015,0.2861335821716385,0.2861308993521551,0.2861184611383413,0.2861156418956253,0.2861171581116482,0.286119066620832,0.28610042918823936,0.2861032191634533,0.2861070760115694,0.28610382443729265,0.28609330327600047,0.28608988720980716,0.28609270840752754,0.2860942270054627,0.2861601140688048,0.28614030934599816,0.28612824637030876,0.2861582902911364,0.28614054602233596,0.28612606755495523
0.2861463965056171,0.28614371927107835,0.2861315844477775,0.2861283399937314,0.28612714036150216,0.2861302077264978,0.2861123316298069,0.2861156998338687,0.28611470516289755,0.2861120169238129,0.2860994340736801,0.28609660910028883,0.28609823356835784,0.2861001459355535,0.2860815977696129,0.2860843933464053,0.2860881166426366,0.2860848584881244,0.2860739659953504,0.2860705428904058,0.2860735903533682,0.28607517153098394,0.28614142814043214,0.2861213883173247,0.28610942095406905,0.28613951037068364,0.28612163552749725,0.28610711370903263
0.2861321000765876,0.2861294187400895,0.2861172653640086,0.2861140159393865,0.2861127721811953,0.28611584425929776,0.2860979407357808,0.2861013141147377,0.2861002886107986,0.2860975962331176,0.28608499405169263,0.2860821647296056,0.2860837775607612,0.28608569287471103,0.28606711616896935,0.28606991605302523,0.28607363087705784,0.28607036769452915,0.28605945844584857,0.28605603006008423,0.2860589548224163,0.28606059685574314,0.2861271901572097,0.28610694445342516,0.286095193393863,0.28612517887995415,0.286107202187026,0.28609275781275945
0.2861132211967473,0.2861105344440133,0.2860983565709783,0.28609510058319815,0.28609381234012676,0.28609689063690197,0.28607895092545715,0.2860823311323869,0.28608127472065303,0.2860785768851436,0.28606594921050266,0.28606311415351615,0.2860647166528003,0.28606663585179753,0.28604802151891495,0.28605082708173285,0.28605453575067935,0.28605126594131786,0.28604033460692013,0.28603689926092063,0.2860397066601068,0.28604140854908156,0.286108038693672,0.2860878600638874,0.28607609670964984,0.2861059261383983,0.28608812832217606,0.2860735305877057
0.28609450510047446,0.28609181297879965,0.286079610822922,0.28607634832929674,0.2860750162139543,0.2860781006750202,0.2860601250923098,0.2860635120675002,0.286062425525152,0.2860597222796916,0.2860471895653598,0.2860443488599829,0.28604582155360647,0.28604774460342547,0.28602896537808403,0.286031776607575,0.28603560743572976,0.286032331057537,0.2860217298946015,0.28601828777760546,0.28602063253013865,0.2860223910909448,0.2860897172408335,0.2860689826418097,0.28605743461691946,0.2860875021221323,0.28606926161427393,0.2860547375497204
0.2860798728380687,0.28607717651936226,0.2860649553811358,0.2860616878017356,0.2860603132619106,0.2860634025444138,0.28604539890491903,0.28604879117394333,0.2860476760260512,0.2860449685477211,0.2860324162504365,0.28602957109736266,0.28603103463637153,0.2860329606994657,0.28601415209059144,0.28601696772463076,0.2860207930240373,0.2860175115036617,0.28600689376413,0.2860034462472472,0.28600569008621113,0.28600749946146126,0.28607481502185095,0.2860541549020936,0.2860426044061532,0.2860724967748378,0.286054444635078,0.2860397758941648
0.28606603571450673,0.2860633354271745,0.28605109633974546,0.28604782395134276,0.2860464086664696,0.2860495025082264,0.28603147233775134,0.2860348696127368,0.28603372766982105,0.2860310161888751,0.2860184453739962,0.28601559601516613,0.2860170520275941,0.28601898093982053,0.2860001445481468,0.286002964346803,0.2860067855486539,0.286003499165766,0.28599286575485,0.2859894131320923,0.2859915714377,0.28599342441707815,0.2860613776374658,0.28604016950026795,0.28602884633109904,0.28605895538888165,0.28604047009549743,0.286025886446813
0.2860461625996172,0.28604345661304154,0.28603119174940816,0.2860279124549215,0.28602642833408076,0.2860295287266455,0.2860114604362379,0.2860148649038639,0.28601366835728304,0.2860109511206998,0.2859983536782885,0.28599549827171283,0.2859969205865914,0.2859988536004403,0.28597997721273793,0.28598280300679024,0.2859865954254854,0.28598330203339495,0.28597264603762623,0.28596918605515614,0.285971246697584,0.28597313749681175,0.2860412321698656,0.2860200579828476,0.2860087025198571,0.28603870284863053,0.2860203697534622,0.2860056089189741,0.28595835174522083
0.28602912665599006,0.2860264157843506,0.28601412882701277,0.28601084361302986,0.2860093203593709,0.28601242636039165,0.28599428898952944,0.2859976996282099,0.28599651470324916,0.2859937925452913,0.28598105126434503,0.2859781906501922,0.28597972933586924,0.28598166585191487,0.2859628838039387,0.285965714679005,0.2859693781273952,0.28596607875733115,0.28595504897760976,0.28595158258991477,0.2859539466424564,0.2859558656038751,0.286024596867664,0.28600286457403884,0.28599173679339684,0.2860219602238663,0.2860031874677782,0.2859885113466827,0.2859410983041809
0.28600647689404946,0.2860037595283402,0.2859914432004969,0.28598815011730144,0.2859865627690716,0.2859896762297693,0.28597149536313693,0.28597491419240073,0.2859736799128474,0.285970951204371,0.2859583006897756,0.2859554332290981,0.2859568225622965,0.285958763744353,0.28593980770694655,0.2859426454405694,0.28594641469513354,0.2859431073564023,0.2859324064227973,0.28592893179633133,0.28593088237143055,0.28593282252486046,0.2860016729789954,0.28597997093263283,0.2859688126461358,0.28599892638474433,0.28598030520277123,0.28596545645694055,0.28591791972880554,0.2859182538261543
0.08,0.08,0.08,0.08,0.08,0.08,0.08,0.08,0.08,0.08,0.08,0.08,0.08,0.08,0.08,0.08,0.08,0.08,0.08,0.08,0.08,0.08,0.08,0.08,0.08,0.08,0.08,0.08,0.08,0.08
0.08,0.08,0.08,0.08,0.08,0.08,0.08,0.08,0.08,0.08,0.08,0.08,0.08,0.08,0.08,0.08,0.08,0.08,0.08,0.08,0.08,0.08,0.08,0.08,0.08,0.08,0.08,0.08,0.08,0.08
0.08,0.08,0.08,0.08,0.08,0.08,0.08,0.08,0.08,0.08,0.08,0.08,0.08,0.08,0.08,0.08,0.08,0.08,0.08,0.08,0.08,0.08,0.08,0.08,0.08,0.08,0.08,0.08,0.08,0.08
0.08,0.08,0.08,0.08,0.08,0.08,0.08,0.08,0.08,0.08,0.08,0.08,0.08,0.08,0.08,0.08,0.08,0.08,0.08,0.08,0.08,0.08,0.08,0.08,0.08,0.08,0.08,0.08,0.08,0.08
0.08,0.08,0.08,0.08,0.08,0.08,0.08,0.08,0.08,0.08,0.08,0.08,0.08,0.08,0.08,0.08,0.08,0.08,0.08,0.08,0.08,0.08,0.08,0.08,0.08,0.08,0.08,0.08,0.08,0.08
0.08,0.08,0.08,0.08,0.08,0.08,0.08,0.08,0.08,0.08,0.08,0.08,0.08,0.08,0.08,0.08,0.08,0.08,0.08,0.08,0.08,0.08,0.08,0.08,0.08,0.08,0.08,0.08,0.08,0.08
0.08,0.08,0.08,0.08,0.08,0.08,0.08,0.08,0.08,0.08,0.08,0.08,0.08,0.08,0.08,0.08,0.08,0.08,0.08,0.08,0.08,0.08,0.08,0.08,0.08,0.08,0.08,0.08,0.08,0.08
0.08,0.08,0.08,0.08,0.08,0.08,0.08,0.08,0.08,0.08,0.08,0.08,0.08,0.08,0.08,0.08,0.08,0.08,0.08,0.08,0.08,0.08,0.08,0.08,0.08,0.08,0.08,0.08,0.08,0.08
0.28599111998335125,0.2859883982150495,0.285976113797577,0.2859728153974988,0.2859711345837236,0.2859742531010356,0.28595607934175254,0.28595950370993267,0.28595820610454437,0.285955472957664,0.285942680350546,0.2859398081896378,0.28594131114438714,0.2859432554856944,0.2859243976516632,0.2859272399648631,0.28593087607486106,0.28592756334197855,0.2859164890724681,0.2859130086531581,0.28591528772875596,0.2859172416866223,0.28598672128105274,0.2859644542842261,0.285953524014843,0.28598386367864426,0.2859647997668174,0.2859500429900394,0.2859023066221937,0.2859026733589821
0.28597404326531267,0.2859713166018427,0.28595895822384426,0.2859556538740597,0.2859539853318431,0.28595710946931235,0.2859388663492491,0.2859422969013964,0.2859410108201552,0.285938272741569,0.28592557887890174,0.2859227015725801,0.28592407596318387,0.2859260238144874,0.2859070027447083,0.28590985022684523,0.2859136125648883,0.28591029384257965,0.2858995562323225,0.2858960696531528,0.28589797500870395,0.28589993849596324,0.2859697093367748,0.2859471955491729,0.2859363714507308,0.28596674352711915,0.2859475517945684,0.2859327744590168,0.28588486374413796,0.2858852653906254
0.2859594551502608,0.28595672430538943,0.28594439901119656,0.2859410896126186,0.2859393309641362,0.2859424599036885,0.28592422549762714,0.2859276613091764,0.2859263150867857,0.2859235727937752,0.28591073746829043,0.2859078556969727,0.28590934482281666,0.28591129567387813,0.28589237479486673,0.28589522662332345,0.28589885590053976,0.2858955320592932,0.2858844207958132,0.28588092871147786,0.2858831780801944,0.2858851480883169,0.2859551884498727,0.2859324317890753,0.2859217143028114,0.28595211280360355,0.28593279851870684,0.285918012433292,0.2858700274732259,0.28587046666974747
0.2859478615280693,0.2859451273603668,0.2859327350440803,0.28592942160102497,0.28592767883725434,0.2859308115947914,0.2859125182138353,0.2859159582306411,0.28591462701937165,0.28591188137473245,0.2858991525103783,0.28589626725402967,0.28589762606165403,0.28589957929886534,0.2858805057111118,0.28588336106588597,0.2858871142984748,0.28588378638150613,0.2858730191490253,0.2858695229155503,0.2858714033695394,0.2858733778020515,0.2859436628326299,0.28592067313053426,0.28591005827645094,0.2859404785366095,0.28592104968495635,0.2859062688951031,0.28585810891666574,0.285858590076346
0.28593272762743754,0.28592998912257084,0.2859176293317034,0.2859143106511597,0.28591248148372833,0.2859156192204997,0.28589729680738246,0.2859007422912838,0.28589939102210643,0.28589664100879325,0.28588389193448666,0.28588100208775835,0.2858823528115275,0.2858843091583989,0.2858652052485426,0.2858680651487371,0.2858718140382561,0.2858684808139856,0.2858576964786101,0.28585419467203366,0.28585606560996785,0.28585804429969547,0.2859285941120872,0.2859053694023224,0.28589484345232424,0.2859253011520671,0.28590575503826066,0.2858909845752178,0.28584266435557276,0.2858431903545491
0.28591088758431954,0.2859081428210849,0.28589570258661184,0.2858923763044054,0.2858905379726698,0.2858936828981878,0.2858753554712895,0.2858788088350311,0.285877373073603,0.28587461674769604,0.2858617158805977,0.2858588193640513,0.2858602855713066,0.28586224641061136,0.28584322879966084,0.28584609522784216,0.2858497123178062,0.28584637143245184,0.2858352034056643,0.28583169342225806,0.2858339161867134,0.285835900021703,0.28590681387646044,0.285883319496479,0.28587280572416346,0.28590341278357995,0.28588371325197953,0.2858688937343105,0.2858204444526205,0.2858210169003745,0.2858687897165633
0.2858974549734019,0.2858947063613889,0.28588230105376133,0.28587897012593527,0.28587704923674545,0.28588019858074454,0.28586180849048787,0.2858652667188769,0.28586384999890424,0.2858610897963083,0.2858482935857989,0.28584539303269685,0.28584672808418704,0.28584869168322546,0.2858295170584556,0.28583238755920753,0.28583612950438925,0.28583278391056166,0.2858219596862103,0.28581844488825103,0.2858202999974922,0.2858222869503801,0.2858934405505859,0.2858697384024645,0.28585914864890793,0.2858899394198385,0.2858701383690409,0.2858552026378106,0.28580666932352383,0.28580728894445995,0.28585441890091506
0.2858878719141648,0.2858851205565527,0.2858726504994663,0.2858693162265184,0.28586742010004296,0.2858705725980262,0.28585220110814225,0.2858556627862551,0.28585419250931565,0.28585142953837583,0.28583849763566976,0.28583559413678367,0.2858370425606605,0.2858390081311298,0.2858199447013285,0.2858228180450035,0.2858264224275952,0.28582307346719715,0.28581187854491824,0.2858083600810792,0.285810565706394,0.28581255483541096,0.28588391267054314,0.2858600057051373,0.2858496299685938,0.2858803203632253,0.2858604100189007,0.2858456628484885,0.2857968744308176,0.2857975434298536,0.2858456289045932
0.285886383851461,0.2858836320675246,0.2858712124755273,0.28586787770414085,0.2858659053918942,0.28586905838599785,0.28585064701358215,0.28585410924970545,0.28585266083655414,0.28584989742657124,0.2858370863786534,0.28583418245539555,0.28583549679360926,0.2858374626786994,0.2858182657631013,0.2858211396053928,0.2858248635717651,0.28582151406783024,0.2858106772574779,0.28580715835463305,0.28580899269980076,0.28581098224776774,0.28588213546680713,0.28585845354342976,0.2858479613677977,0.28587846347256807,0.2858588601841995,0.28584398362884766,0.28579514993218796,0.28579587001451334,0.2858432642393609
0.28587009234665256,0.2858673358955073,0.2858548428034793,0.2858515023584418,0.28584953233985294,0.2858526906964226,0.28583428511655196,0.2858377532272394,0.28583622470288683,0.2858334565818497,0.2858205006258369,0.28581759171543253,0.2858190206424831,0.28582098988090526,0.28580189092911024,0.28580476963419266,0.285808358449863,0.28580500322884134,0.2857937874470861,0.2857902624078124,0.28579244948880467,0.2857944424792884,0.28586587942542807,0.28584202414994303,0.2858314905049921,0.28586213634685137,0.2858424325364331,0.2858275002890318,0.2857785353327204,0.2857793058680715,0.2858267776402586,0.285826180053523
0.2858423830311985,0.28583961864288715,0.28582714228932327,0.28582379224466736,0.2858216829096323,0.2858248503861978,0.28580635457358494,0.28580983271112587,0.2858082889414177,0.2858055128142603,0.2857925194663779,0.2857896021434646,0.2857909976721379,0.28579297261322595,0.2857738184348004,0.285776705475403,0.28578026700002956,0.2857769020488353,0.28576565382860064,0.28576211856814226,0.2857642740891094,0.2857662728905283,0.28583853255690983,0.28581407158588157,0.2858036710471368,0.28583472985994535,0.2858144815391296,0.28579966617652036,0.2857502202632965,0.2857510435028716,0.28579971673114707,0.2857990362578867,0.28580056934881604,0.2857557619106661
0.2858245676792193,0.28582179818849385,0.2858092988574242,0.2858059426299542,0.28580379924562477,0.2858069725778557,0.28578844262402503,0.2857919271909507,0.2857903550765953,0.28578757381046155,0.2857745564616801,0.2857716337389392,0.2857730168989155,0.2857749954985892,0.28575580588936944,0.2857586982776807,0.28576225135994804,0.2857588801687452,0.2857476111487799,0.285744069333648,0.2857462136899274,0.2857482162141051,0.28582036209451867,0.2857961761217395,0.2857855798260754,0.2858165184346577,0.28579658694595195,0.2857815657804632,0.28573203195254493,0.28573290846968447,0.28578093292806495,0.2857801676316444,0.28578263542987953,0.28573767568033703,0.28581905840653127
0.2858162543093799,0.2858134824378434,0.28580097238542096,0.2857976132730212,0.28579543921939726,0.28579861528874745,0.28578006937631567,0.2857835569485342,0.2857819583821832,0.28577917471015035,0.28576614612500656,0.28576322087424566,0.2857645901498699,0.2857665704640178,0.2857473642513974,0.2857502591457348,0.2857538001757095,0.2857504260577647,0.2857391472812019,0.2857356023917112,0.28573773340602904,0.28573973767902144,0.2858124006830872,0.28578777318606924,0.28577730865047557,0.28580853220195224,0.2857881843889498,0.2857732903047544,0.28572343611129214,0.2857243658198589,0.2857734378110769,0.28577259158137586,0.28577420907812484,0.28572917802392134,0.285811693410387
0.2857947656411471,0.28579198761615443,0.2857794498534502,0.2857760832846478,0.2857738233776657,0.2857770065235385,0.28575841935208185,0.28576191469415296,0.28576023447339427,0.2857574445773795,0.28574438692431364,0.2857414551336494,0.2857427843966953,0.28574476914696334,0.2857255199740346,0.2857284213525895,0.2857319271060729,0.2857285454147004,0.285717241388071,0.28571368854280593,0.2857157809657396,0.28571778975002904,0.2857905654045642,0.2857661547114782,0.28575553941340104,0.2857866750263073,0.2857665668285523,0.28575151159093126,0.28570134641946193,0.28570233156919034,0.28575170802448013,0.2857507776969679,0.2857525342043469,0.2857071683633385,0.28578928476425886,0.2857468771064352,0.28570679676958455
0.28577961299865057,0.2857768306350441,0.285764273334827,0.28576090150874506,0.2857585725678653,0.2857617607059539,0.2857431444279932,0.28574664525139665,0.2857449254863555,0.28574213120473735,0.28572905306970925,0.2857261166708362,0.2857274248819432,0.28572941275657815,0.2857101333267942,0.28571303927219305,0.2857165273157141,0.28571314029188605,0.2857018184909341,0.2856982600442823,0.28570033243241316,0.28570234439182607,0.28577540898438164,0.28575083688416875,0.28574006954632264,0.2857715048264224,0.28575124964540605,0.28573603506792755,0.2856857669846869,0.28568680851744876,0.2857355455935144,0.2857345291804457,0.2857371373152141,0.28569168555953683,0.285774149307393,0.28573173305549976,0.2856912283633789,0.2857373458616716
0.28576824298926745,0.28576545737037234,0.2857528323738741,0.28574945658485507,0.28574714417654057,0.2857503360553159,0.2857317354197267,0.2857352403368748,0.28573345548199536,0.28573065791479674,0.28571768885966753,0.28571474904583316,0.2857159184668187,0.28571790868185426,0.28569847453435687,0.28570138393987504,0.2857049921734869,0.28570160115680465,0.285690630410604,0.2856870679016851,0.28568876223051903,0.28569077656485714,0.28576438015154776,0.28573941264215297,0.2857285840223828,0.28576046725184795,0.28573982588096725,0.28572454472846776,0.2856740533856173,0.28567513511474196,0.2857240958136703,0.28572301613336354,0.2857257897856576,0.2856800911718404,0.28576350423991015,0.2857202359831083,0.28567957806926975,0.28572600455657643
0.08,0.08,0.08,0.08,0.08,0.08,0.08,0.08,0.08,0.08,0.08,0.08,0.08,0.08,0.08,0.08,0.08,0.08,0.08,0.08,0.08,0.08,0.08,0.08,0.08,0.08,0.08,0.08,0.08,0.08,0.08,0.08,0.08,0.08,0.08,0.08,0.08,0.08,0.08
0.08,0.08,0.08,0.08,0.08,0.08,0.08,0.08,0.08,0.08,0.08,0.08,0.08,0.08,0.08,0.08,0.08,0.08,0.08,0.08,0.08,0.08,0.08,0.08,0.08,0.08,0.08,0.08,0.08,0.08,0.08,0.08,0.08,0.08,0.08,0.08,0.08,0.08,0.08
0.08,0.08,0.08,0.08,0.08,0.08,0.08,0.08,0.08,0.08,0.08,0.08,0.08,0.08,0.08,0.08,0.08,0.08,0.08,0.08,0.08,0.08,0.08,0.08,0.08,0.08,0.08,0.08,0.08,0.08,0.08,0.08,0.08,0.08,0.08,0.08,0.08,0.08,0.08
0.08,0.08,0.08,0.08,0.08,0.08,0.08,0.08,0.08,0.08,0.08,0.08,0.08,0.08,0.08,0.08,0.08,0.08,0.08,0.08,0.08,0.08,0.08,0.08,0.08,0.08,0.08,0.08,0.08,0.08,0.08,0.08,0.08,0.08,0.08,0.08,0.08,0.08,0.08
0.08,0.08,0.08,0.08,0.08,0.08,0.08,0.08,0.08,0.08,0.08,0.08,0.08,0.08,0.08,0.08,0.08,0.08,0.08,0.08,0.08,0.08,0.08,0.08,0.08,0.08,0.08,0.08,0.08,0.08,0.08,0.08,0.08,0.08,0.08,0.08,0.08,0.08,0.08
0.08,0.08,0.08,0.08,0.08,0.08,0.08,0.08,0.08,0.08,0.08,0.08,0.08,0.08,0.08,0.08,0.08,0.08,0.08,0.08,0.08,0.08,0.08,0.08,0.08,0.08,0.08,0.08,0.08,0.08,0.08,0.08,0.08,0.08,0.08,0.08,0.08,0.08,0.08
0.08,0.08,0.08,0.08,0.08,0.08,0.08,0.08,0.08,0.08,0.08,0.08,0.08,0.08,0.08,0.08,0.08,0.08,0.08,0.08,0.08,0.08,0.08,0.08,0.08,0.08,0.08,0.08,0.08,0.08,0.08,0.08,0.08,0.08,0.08,0.08,0.08,0.08,0.08
0.08,0.08,0.08,0.08,0.08,0.08,0.08,0.08,0.08,0.08,0.08,0.08,0.08,0.08,0.08,0.08,0.08,0.08,0.08,0.08,0.08,0.08,0.08,0.08,0.08,0.08,0.08,0.08,0.08,0.08,0.08,0.08,0.08,0.08,0.08,0.08,0.08,0.08,0.08
0.2857461740274063,0.2857433820907413,0.28573078168445265,0.2857273982583047,0.2857249925932702,0.28572819172181446,0.2857095489053544,0.28571306178253797,0.2857112465033878,0.28570844257512135,0.2856953193906655,0.2856923728555023,0.28569365332867036,0.2856956480719341,0.2856763021283487,0.2856792181135203,0.2856826857806548,0.2856792870435154,0.2856679261887523,0.2856643554370203,0.28566640237207847,0.28566842129559095,0.2857422718087011,0.28571721074920303,0.2857064940963352,0.2857383474865258,0.28571762492382546,0.2857024456288516,0.2856516302429106,0.2856527548169638,0.28570275723949384,0.2857016106372977,0.28570336233117444,0.28565769692311327,0.2857413779484367,0.2856977819581998,0.2856571257235651,0.2857035850976756,0.2857408573227813
0.2857226147950961,0.28571981611488584,0.2857071853420015,0.2857037937444277,0.2857013203605473,0.2857045272355573,0.28568583934590697,0.28568936072848256,0.2856874867544702,0.28568467602183084,0.28567152105984617,0.28566856737494,0.28566983471288976,0.28567183429970694,0.28565244145115637,0.28565536451607504,0.2856588242473874,0.2856554172526061,0.2856440288642958,0.28564044943777933,0.2856424848683381,0.28564450870004116,0.28571834944067154,0.2856935346235216,0.2856825440351396,0.28571441415731264,0.28569394979717694,0.28567848564581333,0.2856275973579764,0.28562876501462775,0.2856781113073043,0.28567689739234725,0.2856795982331389,0.2856337436460432,0.28571690935972366,0.28567412491547434,0.2856331152125904,0.28567982943545184,0.2857163376297149,0.2856737490388636
0.2857064169612635,0.28570361364516367,0.2856909086226008,0.2856875113890546,0.28568504617139395,0.28568825837131656,0.2856695018082706,0.28567302905096054,0.28567115650358016,0.28566834109479905,0.28565528951247365,0.28565233095169396,0.2856534579559462,0.2856554608726079,0.28563590288236623,0.285638830853889,0.2856424119310848,0.28563899925725106,0.28562795862873747,0.28562437336937774,0.2856260279993426,0.28562805520781187,0.28570213708392234,0.28567723909846154,0.2856661895169057,0.2856981944913426,0.2856776549605933,0.2856621243482239,0.2856109816852841,0.2856121938794741,0.2856617856171376,0.2856605013710511,0.2856633741815147,0.2856172567215331,0.28570096287837726,0.28565774934183497,0.28561656888718995,0.2856636146356219,0.2857003375782647,0.28565731850521514
0.28567298434418303,0.2856701714609286,0.28565747673190245,0.28565406792393944,0.2856514711186597,0.2856546943027181,0.2856359115191178,0.2856394508085372,0.28563750041338487,0.28563467536865983,0.28562157921429315,0.2856186105286072,0.2856197238841535,0.2856217336588626,0.28560210880119696,0.28560504679713744,0.28560862247505087,0.28560519811099655,0.2855941197605398,0.28559052222085707,0.28559216469384807,0.28559419884965725,0.28566865434995425,0.2856436010072836,0.2856325001274497,0.28566469783920956,0.28564401829236424,0.2856284210241733,0.28557698041551566,0.28557824036910173,0.2856281270891287,0.2856267681824573,0.28562948705808616,0.28558334735014407,0.2856672981830328,0.2856240238695031,0.28558259759333243,0.2856297379515652,0.28566661671530114,0.28562353713700217,0.28565930895184494,0.28563959740010597
0.2856592888426714,0.2856564720408268,0.28564375966668004,0.2856403461104101,0.285637699941141,0.2856409276298341,0.28562211863634196,0.2856256628717102,0.2856236747534582,0.2856208457509183,0.2856077312894635,0.28560475844513106,0.2856058552719313,0.2856078678656957,0.28558821552183145,0.2855911576383867,0.2855947201671847,0.2855912909939938,0.2855801971256252,0.28557659453405115,0.2855782210633944,0.2855802580794509,0.2856549423142668,0.28562980786889625,0.28561865046320134,0.2856509800309905,0.2856302257375247,0.2856145656269132,0.2855629268065969,0.28556423318906715,0.2856143139809354,0.28561288104316723,0.2856156185653023,0.28556937483014455,0.28565363185691767,0.28561015467116696,0.2855685633827762,0.28561588009675776,0.2856528939182191,0.28560961024863185,0.2856455807474758,0.2856257951660998
0.28564716513446226,0.28564434486401685,0.28563161687111177,0.28562819911180576,0.2856255033477271,0.2856287350256917,0.28560990282099497,0.2856134514364601,0.2856114253760004,0.2856085928671516,0.2855954621871652,0.2855924856586041,0.285593565507889,0.2855955805995844,0.28557590390061505,0.2855788496683974,0.285582398211777,0.2855789647764615,0.2855678571553466,0.285564250086506,0.28556586015052404,0.28556789970196916,0.28564280252937363,0.28561759050533786,0.28560637762357877,0.28563883521740396,0.28561800889089184,0.2856022877101234,0.2855504567999205,0.28555181012362274,0.28560207911827784,0.28560057106342096,0.2856033270872193,0.28555698609957586,0.28564153893987304,0.28559786346900834,0.28555611256396307,0.2856035997439632,0.28564074354899793,0.285597261040973,0.2856334262872762,0.28561356924087355
0.2856305034279318,0.28562767839096836,0.28561492893504287,0.2856115053999656,0.2856087575128667,0.2856119946676047,0.28559309261386434,0.285596647256271,0.285594619164475,0.2855917818453654,0.28557850272330915,0.28557552110251444,0.2855767100990466,0.2855787286163596,0.2855591524480638,0.2855621031833566,0.28556550486254995,0.2855620655843843,0.2855505695563193,0.2855469562156318,0.28554891960172063,0.28555096262759755,0.2856264727775668,0.285600796639258,0.28558968700662524,0.2856224988137117,0.28560121573551184,0.2855855901904797,0.28553344718605994,0.2855348495946498,0.28558616918955304,0.28558458295215045,0.2855864560292016,0.2855400129073994,0.28562584815678327,0.285580802818579,0.28553907485531926,0.285586740490521,0.2856249937012379,0.285580140557354,0.28561738397079556,0.2855967417580769
0.285596300805835,0.28559346598578567,0.2855806185044364,0.2855771830961529,0.2855744030739883,0.28557765146274644,0.2855587220287941,0.2855622889921779,0.28556017867568567,0.2855573315005409,0.28554413298210357,0.2855411410430484,0.28554218832973827,0.285544213862034,0.28552443536702027,0.2855273963958199,0.28553092492027826,0.2855274736838778,0.2855163086243141,0.2855126828558444,0.2855142625922036,0.28551631272499534,0.2855918659714342,0.28556639834588476,0.2855550688759013,0.28558787804135616,0.28556681889740293,0.28555095775570927,0.28549859048624554,0.28550004563075776,0.28555083873642967,0.2855491692101242,0.2855520917564161,0.2855053068910876,0.2855909218093929,0.2855464940018156,0.28550430142822747,0.28555238915809744,0.28559000550686764,0.2855457696698349,0.2855824072078394,0.2855623203527866,0.28558202863316123,0.2855627573045823
0.28557501582028183,0.2855721749130194,0.28555935399631205,0.2855559112306053,0.2855530157897633,0.2855562711710845,0.28553726285546394,0.28554083751014303,0.2855387228256187,0.28553586951134435,0.28552251569347176,0.28551951726569,0.2855206741220026,0.2855227040253595,0.28550301759893026,0.28550598497697727,0.28550936673054633,0.2855059080402568,0.2854943472903622,0.2854907135569829,0.285492648619825,0.2854947031841323,0.28557090680770697,0.2855449527383739,0.28553372622522666,0.28556691041965615,0.2855453741973325,0.28552960628605006,0.2854768956725333,0.2854784028019887,0.285530281131304,0.2855285287543045,0.2855304094305472,0.28548365514636403,0.2855703806484235,0.28552477479019855,0.2854825826245325,0.28553072001501273,0.2855694021192545,0.28552398814886537,0.28556172670591523,0.2855408323198929,0.2855612878199108,0.2855413387065734
0.2855505997554714,0.28554775186649395,0.28553484529033085,0.2855313940458714,0.28552848922146745,0.2855317526206502,0.28551273585206327,0.2855163192963986,0.28551412221300976,0.285511261860759,0.28549800239333945,0.28549499660855904,0.28549600891910976,0.2854980438330334,0.28547817386826607,0.28548114861017027,0.2854846534219773,0.28548118618806684,0.2854699695108934,0.2854663269374239,0.28546787368728865,0.2854699333305061,0.28554646342509565,0.28552038853743944,0.28550909437728056,0.2855424571910715,0.28552081103554583,0.28550496426250976,0.2854519309223824,0.2854534918394593,0.28550567703900775,0.2855038389943716,0.28550586692311747,0.2854588388702486,0.28554600085966864,0.28550011186008023,0.285457696973431,0.28550619128834476,0.28554495854486417,0.28549926141598053,0.2855372512282777,0.285516247289935,0.28553675082003344,0.2855168235259622
0.2855255542918657,0.28552269924224727,0.28550976028774444,0.28550630036643765,0.2855033304472253,0.2855066020697316,0.2854874990687013,0.2854910915557225,0.2854888873668915,0.28548601979628196,0.2854725994042558,0.2854695859965871,0.2854707077589755,0.28547274781189685,0.28545296310245993,0.28545594531590535,0.2854593028547787,0.2854558268582405,0.28544420840919876,0.28544055649539485,0.28544245984595007,0.28544452469828124,0.28552103600732265,0.28549521503229863,0.2854836839948074,0.28551701953957886,0.2854956385951744,0.2854795433837554,0.28542642438081467,0.2854280407166321,0.2854795629879511,0.2854776365195685,0.2854806155022062,0.2854333824634922,0.28552024338136406,0.28547502056802165,0.28543216947735106,0.2854809541882777,0.28551913491762404,0.2854741046608889,0.285511481221667,0.28549107581623745,0.28551091905897963,0.2854917219778221
0.2855028710847789,0.2855000095508183,0.28548709575882997,0.28548362799902177,0.2854805387051898,0.28548381777628096,0.2854647098256548,0.28546831047721427,0.28546602305444824,0.28546314894449676,0.28544982584391854,0.2854468056033723,0.2854477815174406,0.285449826226317,0.2854299964315575,0.2854329854505067,0.2854363299957512,0.285432846059596,0.285421201140294,0.2854175408858323,0.2854194277997839,0.2854214973723506,0.28549867919441174,0.28547236250889096,0.285460932226992,0.2854946537336696,0.2854727870380139,0.2854567822242807,0.28540325252396004,0.285404923898431,0.2854575964029126,0.285455582152553,0.2854575188129946,0.28541031007112416,0.285498323191782,0.28545188770558416,0.2854090271831969,0.28545787210367346,0.2854971479399034,0.28545090683473023,0.2854894028081369,0.28546817893520715,0.28548877644280374,0.2854688979649354
0.28548899522584054,0.2854861297256827,0.285473198075541,0.2854697255097543,0.28546657274515136,0.2854698563799713,0.28545072187698345,0.2854543275393585,0.28545199646677993,0.28544911834557174,0.28543577669207093,0.2854327522367396,0.2854337085889557,0.28543575615550687,0.2854158986889818,0.28541889188492764,0.28542222009934815,0.28541873128722794,0.2854070701118652,0.2854034047351483,0.2854052731923193,0.2854073456654412,0.28548442380700173,0.28545839011070706,0.2854467349217342,0.28548039261225144,0.28545881523064576,0.2854425790578405,0.28538897015442893,0.2853906960499113,0.28544270160540464,0.2854405994303656,0.28544345362946166,0.2853961227169583,0.2854835226496274,0.2854380205328185,0.28539477022593024,0.28544382163029686,0.2854822801741882,0.2854369748513955,0.28547481312347195,0.2854542123125275,0.28547412212448875,0.285455004354458
0.2854634674101483,0.28546059461411516,0.2854475754170159,0.2854440939916593,0.2854409293196081,0.2854442213330789,0.28542499945560373,0.2854286143312781,0.28542627600464404,0.28542339052888727,0.2854098865254958,0.28540685430396107,0.28540792098624557,0.28540997378865657,0.28538992941668956,0.2853929303061144,0.285396382580976,0.2853928848412271,0.28538156973717727,0.285377895118099,0.2853793716313846,0.2853814494116121,0.2854592219396398,0.2854326830939269,0.2854211257631165,0.2854551806152663,0.2854331093003288,0.28541695933146305,0.2853628713234014,0.2853646533562085,0.2854178874067593,0.2854156951422157,0.2854177678164924,0.2853701780892492,0.28545920046807177,0.28541202603529986,0.2853687560694291,0.2854181511934988,0.28545788882864936,0.28541091438610605,0.28544988759554685,0.28542845918307946,0.28544913090938057,0.2854293249368254
0.2854345138030849,0.28543163273341804,0.2854186309812466,0.28541513954936326,0.28541181467669646,0.28541511620145,0.2853958776135937,0.28539950291848265,0.28539704177642955,0.2853941479427536,0.2853807336167971,0.28537769265177027,0.2853785759751882,0.2853806347347743,0.28536066888366546,0.28536367844019644,0.285366982648575,0.28536347475194185,0.28535174995148527,0.28534806452629063,0.28534990070854854,0.28535198452623517,0.2854298800345254,0.28540354942764434,0.28539171199867824,0.28542582691875656,0.28540397686517177,0.285387533431258,0.28533329744848196,0.28533513719044024,0.2853877560407233,0.28538547110133955,0.28538839483535394,0.28534065915094814,0.2854290868914461,0.2853829302173293,0.28533916180081276,0.28538879412933493,0.28542770401212986,0.2853817512526633,0.28542019516130424,0.28539932461344675,0.28541937147116697,0.28540026526932294,0.28537367521896284
0.2854063953186518,0.28540350621535004,0.2853904132848539,0.28538691209934275,0.28538356707791646,0.2853868778291356,0.2853675467151994,0.28537118216432134,0.28536870630765765,0.28536580437439635,0.2853522235216378,0.2853491740073725,0.28535016226537296,0.28535222679208777,0.2853320681142177,0.28533508614097686,0.2853385146263333,0.2853349968964532,0.28532361729676836,0.2853199216785939,0.28532136281441,0.28532345247740853,0.28540208763039265,0.2853752353022423,0.2853634865672078,0.2853980233476367,0.28537566393615105,0.2853592963563021,0.2853045532694972,0.28530645150192274,0.2853603302552743,0.28535795153262433,0.2853600957066255,0.28531207345913745,0.28540218066408596,0.2853543145518498,0.28531049939906405,0.28536051128864165,0.28540072559472884,0.2853530671327549,0.2853926777221646,0.2853709624919941,0.2853917861577315,0.28537197904401024,0.28534536517822334
0.08,0.08,0.08,0.08,0.08,0.08,0.08,0.08,0.08,0.08,0.08,0.08,0.08,0.08,0.08,0.08,0.08,0.08,0.08,0.08,0.08,0.08,0.08,0.08,0.08,0.08,0.08,0.08,0.08,0.08,0.08,0.08,0.08,0.08,0.08,0.08,0.08,0.08,0.08,0.08,0.08,0.08,0.08,0.08,0.08
0.08,0.08,0.08,0.08,0.08,0.08,0.08,0.08,0.08,0.08,0.08,0.08,0.08,0.08,0.08,0.08,0.08,0.08,0.08,0.08,0.08,0.08,0.08,0.08,0.08,0.08,0.08,0.08,0.08,0.08,0.08,0.08,0.08,0.08,0.08,0.08,0.08,0.08,0.08,0.08,0.08,0.08,0.08,0.08,0.08
0.08,0.08,0.08,0.08,0.08,0.08,0.08,0.08,0.08,0.08,0.08,0.08,0.08,0.08,0.08,0.08,0.08,0.08,0.08,0.08,0.08,0.08,0.08,0.08,0.08,0.08,0.08,0.08,0.08,0.08,0.08,0.08,0.08,0.08,0.08,0.08,0.08,0.08,0.08,0.08,0.08,0.08,0.08,0.08,0.08
0.08,0.08,0.08,0.08,0.08,0.08,0.08,0.08,0.08,0.08,0.08,0.08,0.08,0.08,0.08,0.08,0.08,0.08,0.08,0.08,0.08,0.08,0.08,0.08,0.08,0.08,0.08,0.08,0.08,0.08,0.08,0.08,0.08,0.08,0.08,0.08,0.08,0.08,0.08,0.08,0.08,0.08,0.08,0.08,0.08
0.08,0.08,0.08,0.08,0.08,0.08,0.08,0.08,0.08,0.08,0.08,0.08,0.08,0.08,0.08,0.08,0.08,0.08,0.08,0.08,0.08,0.08,0.08,0.08,0.08,0.08,0.08,0.08,0.08,0.08,0.08,0.08,0.08,0.08,0.08,0.08,0.08,0.08,0.08,0.08,0.08,0.08,0.08,0.08,0.08
0.08,0.08,0.08,0.08,0.08,0.08,0.08,0.08,0.08,0.08,0.08,0.08,0.08,0.08,0.08,0.08,0.08,0.08,0.08,0.08,0.08,0.08,0.08,0.08,0.08,0.08,0.08,0.08,0.08,0.08,0.08,0.08,0.08,0.08,0.08,0.08,0.08,0.08,0.08,0.08,0.08,0.08,0.08,0.08,0.08
0.08,0.08,0.08,0.08,0.08,0.08,0.08,0.08,0.08,0.08,0.08,0.08,0.08,0.08,0.08,0.08,0.08,0.08,0.08,0.08,0.08,0.08,0.08,0.08,0.08,0.08,0.08,0.08,0.08,0.08,0.08,0.08,0.08,0.08,0.08,0.08,0.08,0.08,0.08,0.08,0.08,0.08,0.08,0.08,0.08
0.08,0.08,0.08,0.08,0.08,0.08,0.08,0.08,0.08,0.08,0.08,0.08,0.08,0.08,0.08,0.08,0.08,0.08,0.08,0.08,0.08,0.08,0.08,0.08,0.08,0.08,0.08,0.08,0.08,0.08,0.08,0.08,0.08,0.08,0.08,0.08,0.08,0.08,0.08,0.08,0.08,0.08,0.08,0.08,0.08
0.2853838699339562,0.2853809743959712,0.2853679075014135,0.28536439853780354,0.28536092315511696,0.28536424130136584,0.2853449060100388,0.2853485495647229,0.28534598136335865,0.28534307293524286,0.28532959110940653,0.28532653480945597,0.28532736863060265,0.28532943778303793,0.28530923400731373,0.2853122587954503,0.28531567240124833,0.2853121467824834,0.2853007417310798,0.28529703782578536,0.28529845950079263,0.28530055385438524,0.28537917377530947,0.2853525767689069,0.2853405836639279,0.28537510028642604,0.28535300636018146,0.2853363840061198,0.28528150113766954,0.28528345813870043,0.28533671020201806,0.2853342359112675,0.28533720280485175,0.2852891265879929,0.28537849400331394,0.2853317364750058,0.28528747433030294,0.2853376350326528,0.2853769646272936,0.28533041931441266,0.2853694168384271,0.2853483049978935,0.28536845538904065,0.2853493991893801,0.2853223814089054
0.2853451410977755,0.28534223449838036,0.2853291178017318,0.2853255954346667,0.285322002399168,0.2853253332538003,0.28530592402639793,0.2853095815344104,0.28530691837867833,0.28530399878829504,0.2852904653375158,0.28528739730896463,0.2852881693168801,0.2852902464229272,0.2852699651052076,0.2852730015190646,0.2852764060122903,0.28527286683493946,0.28526141804004657,0.28525769989183997,0.28525910460163534,0.28526120701342933,0.285340768046235,0.28531358034742277,0.28530162560883005,0.2853366791325015,0.2853140115858493,0.28529740988552715,0.28524197103941684,0.28524398930682143,0.28529854137868954,0.2852959688852213,0.285298081090033,0.2852497131271914,0.28534075251771723,0.28529237628252113,0.2852479806512789,0.2852985305518761,0.28533914813355804,0.2852909884242994,0.28533127736701847,0.2853092555370957,0.28533024656176054,0.28531042729475536,0.28528324378158654,0.2852839665024539
0.28531501752379246,0.28531210232250853,0.2852989468979246,0.28529541410769044,0.28529173108994565,0.28529507182672126,0.28527560510661865,0.2852792734648453,0.2852765430786111,0.2852736148102599,0.28526004122489484,0.2852569640780935,0.28525769992067307,0.285259783207738,0.2852394416301495,0.28524248707873695,0.2852458787130679,0.2852423289969006,0.2852308462016733,0.28522711698274517,0.28522850272119965,0.28523061139764955,0.28531025000524946,0.2852832880124605,0.28527106702447963,0.2853061488359863,0.28528372053024986,0.2852668387011534,0.28521120518168797,0.2852132843308733,0.28526727089463855,0.2852645986411826,0.2852676635183824,0.28521905963689287,0.28530968415801494,0.28526213760150737,0.2852172452176569,0.28526813049297095,0.2853080027905465,0.2852606780885066,0.28530040265681533,0.28527896074448295,0.2852993006010357,0.28528021159588124,0.28525255501575236,0.28525341758486444
0.28528590623959854,0.2852829827269496,0.2852697898829337,0.2852662470215732,0.2852624728072653,0.2852658230937918,0.28524630081529034,0.2852499796587717,0.28524718133312443,0.2852442446778571,0.2852306323044855,0.2852275463452576,0.28522824533067925,0.2852303345918353,0.2852099347722456,0.28521298895309505,0.2852163669277953,0.2852128070252107,0.2852012913670573,0.2851975514475986,0.28519891761590455,0.28520103234777916,0.2852814672360317,0.28525396052401397,0.2852418151170022,0.2852773545101297,0.28525439428022575,0.2852375747339086,0.285181456822925,0.2851835967392062,0.28523881884241786,0.2852360457260707,0.2852382203911533,0.2851894229631589,0.28528180137008535,0.2852324891157686,0.28518752417925103,0.28523870513805033,0.28528004226210907,0.2852309571591792,0.2852718963243757,0.28524958299562847,0.2852707224207043,0.2852509150885424,0.28522317935912184,0.28522418216378187
0.2852550779469372,0.2852521456342786,0.28523885734138316,0.28523530379751827,0.2852314924139186,0.2852348528104767,0.28521523228553286,0.28521892224353224,0.28521609411483984,0.28521314858138397,0.2851993641438193,0.2851962688167296,0.2851970616451436,0.28519915722995387,0.28517883480455003,0.2851818981874703,0.2851851237688429,0.28518155308417864,0.2851696189696365,0.2851658675850549,0.2851675979173259,0.28516971905850014,0.28525024120892395,0.2852229576750802,0.2852105426631335,0.28524611594763005,0.28522339274021496,0.2852062893892654,0.2851500234236803,0.28515222383859873,0.2852068271406194,0.2852039502938963,0.2852072414482357,0.2851580492433157,0.28525001595483473,0.2852015374396491,0.28515606358504036,0.2852077440679851,0.2852481770724182,0.28519993192678905,0.2852403102254221,0.2852185765550474,0.2852390618306513,0.2852199914736822,0.2851917721019072,0.2851929162678132
0.28522100703103276,0.28521806499462377,0.28520478875464694,0.28520122344752147,0.2851972608762193,0.28520063244161276,0.28518098636899303,0.2851846885758195,0.28518175018601527,0.28517879484619557,0.28516509606182516,0.28516199047010465,0.2851626148957879,0.2851647174645993,0.2851441879091739,0.28514726154165193,0.28515061363452254,0.2851470310426662,0.28513544218724685,0.28513167843340015,0.28513300555824683,0.28513513377705435,0.28521649776966423,0.2851886518844051,0.28517630610329164,0.2852123589650736,0.28518908839761636,0.285172038719391,0.28511520988003464,0.28511746965969187,0.2851733997891965,0.2851704168229567,0.2851726554291086,0.2851233987476918,0.2852168663135343,0.28516689704758924,0.2851213226310823,0.2851731764548476,0.2852149455267595,0.2851652164407617,0.28520683945732106,0.2851842173993114,0.28520551499454017,0.28518571706026247,0.28515724869193004,0.2851585360840952
0.2851890750734829,0.2851861239255637,0.2851727504768889,0.2851691741097041,0.2851651717497851,0.285168553782941,0.2851488071300592,0.2851525208442477,0.28514955084425003,0.28514658631223755,0.2851327131677842,0.28512959787804165,0.2851303166281092,0.28513242574402275,0.28511183236205084,0.28511491556433377,0.2851182545705834,0.2851146608159484,0.2851030359494741,0.2850992604694798,0.2851005680305264,0.2851027028847649,0.285184530243157,0.2851565142143208,0.2851440669610028,0.2851803786103437,0.28515695208385744,0.28513978629164494,0.2850826143633577,0.28508492888923426,0.2851412191886774,0.2851381282625488,0.2851405131199065,0.28509090349032246,0.2851850568418473,0.285134615744617,0.2850887328838455,0.28514105278394436,0.2851830529278751,0.2851328557304762,0.28517482808647215,0.28515205080837663,0.2851734263552369,0.2851536364424386,0.28512487362973427,0.2851263051167439
0.28516002137235025,0.28515706193570883,0.2851436510138136,0.2851400646029147,0.28513596659739177,0.2851393581557969,0.2851195559774209,0.28512328014997285,0.28512023933895336,0.2851172664406917,0.2851033542338557,0.28510023015332003,0.28510091156323625,0.285103026638685,0.28508237515877444,0.2850854670720182,0.2850887927156778,0.2850851887995728,0.28507353115276673,0.28506974499847293,0.28507103329642913,0.28507317419199724,0.28515544180589264,0.28512726248412856,0.2851147166957773,0.2851512785019601,0.28512770158802264,0.2851104239327258,0.285052942390516,0.28505530310571103,0.2851119173690869,0.28510871715615155,0.28511113458736953,0.2850613112647973,0.28515603461774186,0.28510522553340484,0.285059039603443,0.28511169308890255,0.28515394662204485,0.28510338502336824,0.285145698066999,0.28512277092851357,0.2851442180421884,0.28512444370356893,0.2850953903707208,0.2850969707223556
0.28512751350272125,0.28512454479361676,0.2851110919515814,0.2851074943049443,0.28510329916250265,0.28510670137342065,0.2850868370989755,0.2850905729675762,0.28508746059114176,0.2850844783387183,0.28507052245747455,0.28506738854811026,0.28506803376590706,0.28507015550347686,0.28504943907688857,0.28505254072804453,0.28505585544587264,0.28505224017172587,0.28504054588509575,0.28503674779955124,0.28503801855884586,0.2850401662175642,0.28512289726352663,0.2850945451766787,0.2850818966737159,0.2851187209042112,0.2850949856609211,0.28507759038913877,0.28501980929865955,0.28502220529914074,0.2850791461605472,0.28507583283031995,0.28507828320078904,0.2850282324573384,0.2851235575747989,0.2850723618058002,0.28502584900487443,0.2850788610854226,0.2851213832719622,0.28507043776174135,0.2851131082541843,0.2850900235638033,0.2851115480203326,0.28509178531295776,0.2850624303616429,0.2850641636000462
0.28509261477775094,0.2850896361162167,0.28507613828062883,0.2850725285743252,0.28506823538451437,0.2850716490270646,0.2850517181155494,0.28505546653563396,0.2850522823498155,0.2850492900605097,0.28503528731792477,0.285032142862374,0.28503275305222503,0.28503488193737664,0.28501409583221887,0.28501720793086954,0.2850205139324601,0.285016886473673,0.28500515288137795,0.2850013419962755,0.28500259694063235,0.2850047518580169,0.285087960442715,0.2850594290913749,0.28504667532718275,0.2850837700712487,0.2850598710568743,0.2850423545344669,0.28498429070179804,0.28498671087504174,0.2850439741093103,0.2850405444074618,0.2850430272249424,0.28499274115517864,0.28508868949908217,0.285037094065714,0.2849902355230429,0.2850436249986332,0.2850864268413922,0.2850350842593343,0.28507812353946965,0.2850548759641355,0.2850764816990975,0.28505672837828294,0.28502706389424026,0.2850289541180404
0.2850625770284466,0.2850595898023927,0.28504605324834803,0.2850424331641574,0.2850380425711307,0.28504146605535263,0.285021477775502,0.2850252370013484,0.2850219816086739,0.2850189806757956,0.28500493757767026,0.2850017840399498,0.285002358626162,0.28500449366777025,0.2849836475466465,0.2849867686440745,0.2849900654345646,0.28498642748015074,0.28497466003123634,0.2849708381208357,0.2849720777343665,0.2849742389055052,0.28505751598328416,0.2850292124244427,0.28501618340770557,0.2850533134034161,0.2850296556643433,0.2850118500563147,0.2849537007375407,0.2849561359548727,0.28501274307440716,0.2850091959267558,0.28501270095829734,0.2849621545082785,0.28505768077820587,0.28500692716089876,0.28495952145758213,0.2850133186860717,0.28505532892607777,0.285004830824763,0.2850473113179381,0.2850246539022863,0.285045587466347,0.28502659739190184,0.28499674703640476,0.2849988045250999
0.28502717032710423,0.2850241730076726,0.28501064789174596,0.28500701559679426,0.2850024676889331,0.28500590276689947,0.28498588721147683,0.2849896591523852,0.28498629034790945,0.28498327923576244,0.2849693225338748,0.28496615834043504,0.28496656385083574,0.28496870614132486,0.2849477893554636,0.2849509210484384,0.2849542108404003,0.28495056052931445,0.28493875322111706,0.2849349183304606,0.2849361437578956,0.28493831228433397,0.2850224405452893,0.28499355918067343,0.2849805978384827,0.2850182239031993,0.2849940039238916,0.28497624983452585,0.28491769620832086,0.2849201433997492,0.2849779869675949,0.28497431917008803,0.2849767510583234,0.2849261463363651,0.28502316845914183,0.2849709262741828,0.2849233801675185,0.28497738935410505,0.2850207249133224,0.2849687406341148,0.28501251081823953,0.2849889436886734,0.28501070335904843,0.2849909803550076,0.2849606923356717,0.2849629211984034
0.28500003403854035,0.28499702898481544,0.28498341183712383,0.2849797701506293,0.2849751814051643,0.2849786253739839,0.2849585176885119,0.2849622994056069,0.28495889958985465,0.28495588066723804,0.28494175357939633,0.28493858113911125,0.28493908479445196,0.284941232648738,0.2849204041367033,0.28492354392006625,0.28492668199390114,0.2849230221972608,0.2849107910451273,0.28490694604811256,0.2849085500925495,0.28491072426516073,0.2849948959070646,0.28496622595555166,0.2849530156321922,0.2849906682234871,0.28496667185112745,0.28494865627178806,0.28489010458689296,0.2848925597616613,0.2849496749147943,0.28494588705787094,0.28494941157765463,0.28489848569947995,0.2849950649570676,0.2849436729750386,0.2848955873907364,0.2849500701687651,0.28499252951842924,0.2849413982284702,0.28498459855667024,0.284961581212119,0.2849827076000215,0.28496371053479397,0.28493328885128655,0.2849356922553637
0.2849636713567378,0.2849606559410042,0.28494704936282905,0.2849433951401925,0.28493864582492645,0.2849421016960907,0.28492196518146723,0.2849257599523556,0.28492224529611027,0.284919215923523,0.2849051747814499,0.28490199140125005,0.2849023252074984,0.284904480503225,0.28488343693940044,0.28488658764185293,0.28488986231369373,0.2848861898326111,0.28487431101180866,0.28487045283236284,0.28487165025188427,0.2848738319683076,0.2849588647861816,0.2849296594368957,0.2849164665356682,0.2849546226615388,0.28493010687383574,0.2849120921309344,0.28485308560941736,0.28485555001639123,0.2849139603124862,0.2849100486304938,0.28491256101181456,0.2848615102761549,0.2849598801856887,0.28490670443879546,0.28485847828416766,0.2849132408132102,0.28495724918044196,0.28490433674020493,0.28494884171966806,0.28492500446522523,0.2849468600003124,0.2849272353458747,0.284896263696232,0.2848988462076436
0.28493194008186984,0.28492891562574046,0.284915268352201,0.2849116031751299,0.28490675207983357,0.2849102183390353,0.28489002139548203,0.2848938275719498,0.28489024004115027,0.28488720154587976,0.28487311821943134,0.2848699252537796,0.2848702237696767,0.28487238556253625,0.2848512786640933,0.2848544388632561,0.2848577068567058,0.28485402330029125,0.2848421087552397,0.284838238941564,0.28483942324956346,0.2848416115524052,0.2849267191042682,0.2848976880699749,0.28488426565562597,0.2849224640980888,0.2848981368543633,0.2848798779969434,0.2848208020286864,0.2848232741743246,0.2848810274702654,0.28487699295129093,0.28488044904646154,0.28482921316383664,0.28492703176683265,0.28487482953768606,0.28482605207057554,0.28488114992284247,0.2849243039646869,0.28487236805216515,0.28491632008036827,0.2848929750267986,0.28491424662814274,0.2848953083212703,0.28486423355635127,0.28486699567762513
0.2849012621596032,0.28489822896480893,0.2848844846041292,0.28488080881834427,0.2848759143146045,0.2848793906160262,0.28485909446698515,0.28486291168389316,0.28485929305882957,0.2848562457441775,0.2848421216364123,0.2848389194040036,0.2848391833783413,0.28484135145240197,0.28482018332482495,0.28482335270506864,0.28482661466436143,0.2848229204008571,0.2848109713198948,0.28480709025882117,0.2848082623141644,0.28481045698386537,0.2848963766830721,0.2848668232992241,0.28485342749314924,0.2848921095197398,0.28486727338423606,0.2848490271406955,0.28478958675903004,0.28479206622325165,0.2848510352215847,0.28484688118201773,0.28484959194628295,0.2847979851481916,0.28489754283687535,0.2848435735491912,0.28479470102547466,0.28485031387484416,0.28489471696906443,0.28484101610523027,0.28488625837697723,0.28486210152873986,0.2848840920850002,0.2848645388428875,0.28483292704667307,0.284835870165519
0.08,0.08,0.08,0.08,0.08,0.08,0.08,0.08,0.08,0.08,0.08,0.08,0.08,0.08,0.08,0.08,0.08,0.08,0.08,0.08,0.08,0.08,0.08,0.08,0.08,0.08,0.08,0.08,0.08,0.08,0.08,0.08,0.08,0.08,0.08,0.08,0.08,0.08,0.08,0.08,0.08,0.08,0.08,0.08,0.08,0.08
0.08,0.08,0.08,0.08,0.08,0.08,0.08,0.08,0.08,0.08,0.08,0.08,0.08,0.08,0.08,0.08,0.08,0.08,0.08,0.08,0.08,0.08,0.08,0.08,0.08,0.08,0.08,0.08,0.08,0.08,0.08,0.08,0.08,0.08,0.08,0.08,0.08,0.08,0.08,0.08,0.08,0.08,0.08,0.08,0.08,0.08
0.08,0.08,0.08,0.08,0.08,0.08,0.08,0.08,0.08,0.08,0.08,0.08,0.08,0.08,0.08,0.08,0.08,0.08,0.08,0.08,0.08,0.08,0.08,0.08,0.08,0.08,0.08,0.08,0.08,0.08,0.08,0.08,0.08,0.08,0.08,0.08,0.08,0.08,0.08,0.08,0.08,0.08,0.08,0.08,0.08,0.08
0.08,0.08,0.08,0.08,0.08,0.08,0.08,0.08,0.08,0.08,0.08,0.08,0.08,0.08,0.08,0.08,0.08,0.08,0.08,0.08,0.08,0.08,0.08,0.08,0.08,0.08,0.08,0.08,0.08,0.08,0.08,0.08,0.08,0.08,0.08,0.08,0.08,0.08,0.08,0.08,0.08,0.08,0.08,0.08,0.08,0.08
0.08,0.08,0.08,0.08,0.08,0.08,0.08,0.08,0.08,0.08,0.08,0.08,0.08,0.08,0.08,0.08,0.08,0.08,0.08,0.08,0.08,0.08,0.08,0.08,0.08,0.08,0.08,0.08,0.08,0.08,0.08,0.08,0.08,0.08,0.08,0.08,0.08,0.08,0.08,0.08,0.08,0.08,0.08,0.08,0.08,0.08
0.08,0.08,0.08,0.08,0.08,0.08,0.08,0.08,0.08,0.08,0.08,0.08,0.08,0.08,0.08,0.08,0.08,0.08,0.08,0.08,0.08,0.08,0.08,0.08,0.08,0.08,0.08,0.08,0.08,0.08,0.08,0.08,0.08,0.08,0.08,0.08,0.08,0.08,0.08,0.08,0.08,0.08,0.08,0.08,0.08,0.08
0.08,0.08,0.08,0.08,0.08,0.08,0.08,0.08,0.08,0.08,0.08,0.08,0.08,0.08,0.08,0.08,0.08,0.08,0.08,0.08,0.08,0.08,0.08,0.08,0.08,0.08,0.08,0.08,0.08,0.08,0.08,0.08,0.08,0.08,0.08,0.08,0.08,0.08,0.08,0.08,0.08,0.08,0.08,0.08,0.08,0.08
0.08,0.08,0.08,0.08,0.08,0.08,0.08,0.08,0.08,0.08,0.08,0.08,0.08,0.08,0.08,0.08,0.08,0.08,0.08,0.08,0.08,0.08,0.08,0.08,0.08,0.08,0.08,0.08,0.08,0.08,0.08,0.08,0.08,0.08,0.08,0.08,0.08,0.08,0.08,0.08,0.08,0.08,0.08,0.08,0.08,0.08
0.28488043069219227,0.28487739156442615,0.28486362038417756,0.28485993740925963,0.28485494481416357,0.2848584279431815,0.2848380919974675,0.28484191671077497,0.28483822910214485,0.2848351757855432,0.2848210239247288,0.28481781538591533,0.28481804432716884,0.28482021667817164,0.2847991509957047,0.2848023265849017,0.28480543575874373,0.284801734202696,0.28478936386818654,0.28478547500291446,0.284787031995915,0.28478923100553616,0.2848751324489537,0.2848457838450021,0.2848321727623736,0.2848708567727709,0.2848462348167916,0.2848277636523435,0.2847683736586245,0.28477085806557434,0.2848290247454428,0.28482475928568296,0.28482839405146926,0.2847766981049787,0.2848757312033748,0.28482265476122826,0.2847732956049142,0.28482913655832726,0.28487280594066455,0.2848199984137403,0.28486464552477575,0.28484100717353245,0.2848623849394034,0.2848435498201371,0.28481186243659967,0.28481498846211345
0.28484531276510894,0.28484226363713955,0.2848285053061401,0.2848248102337266,0.2848196600327433,0.28482315464843655,0.2848027927534397,0.2848066300639716,0.2848028324212828,0.28479976902047316,0.2847854342844077,0.28478221510914686,0.28478254859718294,0.28478472812861955,0.2847634483159845,0.28476663444318434,0.28476988593188335,0.2847661721376693,0.28475416006304366,0.284750258485684,0.2847514087196792,0.28475361500651575,0.2848403492716886,0.2848104676923067,0.28479688471936204,0.28483605966371867,0.2848109201519399,0.28479246107556583,0.28473263440889474,0.284735127068745,0.2847945642398147,0.2847902005665622,0.2847927876380053,0.28474101014456055,0.28484141802379087,0.28478694087083783,0.28473750131478487,0.28479355086966857,0.28483839128484223,0.284784178898899,0.2848301396768194,0.2848056794337428,0.2848277836909338,0.28480832995173283,0.28477609515050567,0.28477940543967334
0.2848165819254994,0.2848135246176758,0.2847996712573198,0.2847959662531835,0.28479077923628787,0.2847942832520924,0.28477382556309544,0.28477767320915315,0.28477385259462407,0.2847707809392984,0.28475654428168284,0.28475331647391455,0.28475348329746514,0.28475566870738994,0.284734476595479,0.2847376712723214,0.28474077631381955,0.28473705250044096,0.28472460798568233,0.28472069573913716,0.2847222389328695,0.28472445117972217,0.2848111990461894,0.2847815091608046,0.2847677120918311,0.2848068977606083,0.2847819628407619,0.2847632764174464,0.2847034685155016,0.28470596790309416,0.28476461942396847,0.28476018222774047,0.2847638153355744,0.2847117873425854,0.28481195166682477,0.2847580962046209,0.2847081900255764,0.2847645984580986,0.28480882075177577,0.28475522078567345,0.2848006103841896,0.28477666105329574,0.2847981559184587,0.28477942284958196,0.2847470981653128,0.2847505968501348
0.28477447256068744,0.28477140326659217,0.28475755416323284,0.2847538346551775,0.28474846531413456,0.2847519830993337,0.2847314864291148,0.28473534917860877,0.2847313965389601,0.28472831279317545,0.28471388308036366,0.2847106425278938,0.2847108919520001,0.2847130859742295,0.2846916649098035,0.2846948722177973,0.284698100432938,0.2846943619312836,0.28468227017911013,0.2846783426486708,0.28467945523515903,0.28468167621945806,0.28476942158800395,0.28473915619078977,0.284725365347188,0.28476510357159635,0.2847396116549235,0.28472091222651935,0.28466055617414676,0.2846630654460911,0.28472307842365296,0.28471858859374993,0.28472115539521764,0.2846689168665162,0.2847706516278267,0.28471531106706965,0.2846652466243568,0.28472195812021744,0.28476741105312403,0.2847123114146794,0.28475910368973884,0.2847342912413973,0.2847565454974697,0.2847371713625934,0.2847042254207546,0.2847079185644527,0.284654052175901
0.2847419186135849,0.2847388400551966,0.2847249492520774,0.2847212185183315,0.2847157585428798,0.28471928696882265,0.2846986870028702,0.28470256145012207,0.284698591983234,0.2846954988976033,0.28468116315091646,0.284677912825824,0.28467799778600317,0.28468019845819165,0.2846587125729947,0.28466192960103986,0.28466516031947325,0.2846614104795117,0.28464928218251045,0.2846453427434269,0.28464645126167765,0.2846486789862887,0.2847364426283559,0.2847063672663451,0.2846923689698109,0.2847321114039802,0.28470682411209175,0.28468790225407714,0.2846274950095053,0.2846300118947245,0.28468928149005607,0.28468476009423044,0.28468821794512805,0.2846358663933484,0.28473735618124385,0.28468263941390987,0.2846321453725078,0.2846890373218707,0.2847340069969252,0.28467951564734484,0.28472573819476366,0.28470143850788443,0.28472307568108723,0.2847044384484571,0.284671398403219,0.2846752798786897,0.2846209606879543
0.2847106051558199,0.2847075176878613,0.2846935867821933,0.28468984525258545,0.2846842997958535,0.2846878384545511,0.28466717884691306,0.2846710645292398,0.2846670419022893,0.284663939835705,0.2846494245980967,0.28464616479532007,0.28464636308218594,0.28464857014848527,0.2846271683764973,0.2846303947074373,0.284633482840311,0.28462972209799886,0.28461715457446723,0.28461320353906316,0.28461471378851605,0.2846169479930383,0.28470546757917464,0.28467487865532176,0.28466093909715257,0.28470112394806396,0.2846753368283099,0.28465645944082335,0.2845957575757874,0.2845982817667642,0.28465866394140416,0.2846541218859331,0.284656579428939,0.2846040880487706,0.28470711608495186,0.2846507786202067,0.2846003316273843,0.2846574120997556,0.28470365930190605,0.2846475348535371,0.28469504474395163,0.28466993539289565,0.284692274913816,0.2846730611175677,0.2846394924384226,0.2846435541249687,0.28458934170690514
0.2846870794365949,0.2846839852759956,0.28466996533548033,0.28466621567602884,0.2846606526950372,0.28466419904428714,0.2846435362231646,0.2846474303345117,0.28464331986989483,0.28464021105178117,0.284625802563545,0.28462253570798596,0.2846225733291064,0.2846247852030733,0.2846031901294496,0.28460642353078963,0.2846096606194508,0.2846058916776278,0.28459370182842375,0.28458974232760986,0.2845908461533617,0.2845930852309332,0.28468190194575965,0.2846511839336145,0.28463718893141676,0.2846775488676748,0.2846516431068513,0.2846326994964115,0.28457179357645424,0.28457432328319987,0.28463489808477477,0.2846303427089511,0.28463293192397865,0.284580190110532,0.2846833719501166,0.28462698547195725,0.28457641113623544,0.2846337735714987,0.284679812639193,0.2846236333387976,0.2846714329447857,0.284646202358247,0.28466855301116906,0.2846494604068967,0.2846152371241366,0.28461946748216976,0.2845652083855927
0.28465416770466984,0.28465106418285874,0.2846370610191647,0.2846333000368786,0.2846275736755013,0.2846311307809462,0.28461036365771913,0.28461426959367486,0.2846101256177729,0.2846070073538491,0.28459241650608436,0.2845891396842174,0.28458926580298893,0.2845914844069188,0.28456997093929715,0.2845732141342147,0.2845762793990408,0.2845724989698558,0.28455986590686017,0.2845558941952052,0.2845573730165088,0.28455961892653625,0.284648561393214,0.28461802544096676,0.28460380740821534,0.28464419494847126,0.2846184860135975,0.2845993042399973,0.2845383177817907,0.2845408551918271,0.28460070141584715,0.28459613033981357,0.2845995099337945,0.28454664825575826,0.2846497007946084,0.2845939364932586,0.284542849448897,0.2846003581687534,0.28464604521135634,0.2845904849591236,0.2846376985928878,0.2846129730434948,0.2846346983389961,0.28461637787256416,0.2845822174828226,0.2845865999813442,0.2845317771173437,0.2845313201598493
0.28463437700258676,0.28463126785251575,0.28461718016000764,0.28461341233752024,0.2846076855113799,0.28461124908276914,0.2845904860863056,0.2845943991066458,0.28459017805523057,0.2845870541158982,0.2845725757140075,0.2845692929702683,0.2845692616987407,0.2845714843439618,0.28454978428005806,0.28455303342539195,0.28455624361559395,0.28455245629807996,0.28454020722406304,0.2845362284230251,0.28453729466005323,0.28453954466362674,0.2846291200032566,0.28459812402008533,0.28458399538458834,0.28462474574762486,0.28459858543325517,0.28457948407959105,0.28451814934726055,0.2845206913943529,0.2845816945532249,0.28457711497932064,0.28457970568430613,0.2845265414528437,0.2846307125933576,0.2845737105114397,0.28452273185457594,0.28458055737510096,0.28462698725049146,0.2845701866591603,0.2846185478101864,0.2845930568543669,0.28461542490129105,0.28459660639226375,0.28456178013905536,0.2845662635453869,0.2845114300337904,0.28451091118684385
0.2846077326990866,0.2846046159727185,0.2845905533769591,0.2845867763945443,0.28458090551085524,0.28458447778761553,0.2845636641555715,0.2845675867339384,0.28456330400805796,0.2845601724236895,0.28454565867522763,0.2845423678986965,0.2845422913813704,0.2845445194744539,0.28452276630940776,0.28452602341769834,0.28452923326912066,0.28452543666672153,0.2845131576489885,0.2845091690946037,0.2845102296066399,0.28451248512741695,0.28460205321701953,0.28457127515063635,0.2845569431592394,0.284597668091733,0.28457173769645255,0.28455242073549464,0.2844910374355569,0.28449358571523853,0.2845538292172536,0.284549237784538,0.2845526410189136,0.2844994412491505,0.2846032761342888,0.2845470070928437,0.28449562001299034,0.28455349567440447,0.28459950323373584,0.2845434277747479,0.2845910881419562,0.2845661387042185,0.284587831902725,0.2845698362768531,0.28453510656426617,0.2845396728268443,0.2844842818655821,0.28448369822297004,0.2845345722655412
0.2845884512998823,0.2845853290916103,0.2845712325875786,0.2845674489594983,0.2845615000222383,0.2845650786062669,0.28454418629891054,0.2845481158172736,0.28454380762775966,0.2845406704978979,0.2845259915850967,0.28452269494017823,0.28452273859112603,0.2845249706332203,0.28450332707326365,0.28450658991004807,0.28450964597485706,0.2845058426402075,0.28449313324622955,0.28448913747260374,0.2844905971486383,0.2844928566709265,0.28458274172561365,0.28455183534982037,0.2845375516961475,0.28457834883612193,0.2845522987160423,0.28453302129622793,0.2844714266384962,0.2844739794257514,0.28453525406053154,0.28453065478013284,0.28453329542027916,0.28447977781917944,0.28458398129890755,0.2845271710390231,0.28447594828255723,0.2845341519462039,0.28458018294490806,0.284523555009539,0.28457172852471263,0.2845466603943906,0.2845683419016151,0.2845504943880583,0.28451513691353875,0.28451976238636373,0.2844647798386786,0.2844641066363694,0.28451359223378886,0.28451393945995407
0.2845779967780735,0.28457487159773504,0.284560761708293,0.2845569744789233,0.2845509816521662,0.2845545636546213,0.2845336514237983,0.2845375846954192,0.2845332488478346,0.28453010871493506,0.2845154157843658,0.28451211598406084,0.2845121413572841,0.28451437553947284,0.2844927112619004,0.284495977226747,0.28449902403135535,0.2844952170462215,0.28448249548746857,0.2844784958790472,0.28447994469826915,0.2844822063915557,0.28457226499596655,0.2845413189086279,0.2845268245475746,0.2845678678842119,0.2845417827195825,0.2845222897290121,0.28446075580326036,0.2844633110430022,0.2845236974614963,0.28451909331685127,0.28452278489484206,0.28446910254237356,0.2845735120770519,0.2845168119506747,0.28446526848627646,0.2845236423898456,0.28456970188359415,0.2845131744036946,0.2845612152196116,0.2845361386259055,0.2845577124105951,0.2845400904586153,0.2845048934074036,0.28450955595985644,0.2844540730657265,0.28445330526665735,0.2845036421150783,0.2845037445021697
0.28456614094918375,0.2845630123986337,0.2845488873307113,0.2845450960176144,0.2845390677164124,0.28454265359058784,0.2845217187944612,0.28452565631703236,0.28452129793499026,0.2845181544033429,0.28450344560796287,0.2845001422364871,0.28450015403179685,0.2845023906346435,0.2844807029234834,0.2844839724264753,0.2844870136475268,0.28448320253501796,0.28447046722238895,0.28446646327820413,0.28446790471563904,0.28447016886254034,0.28456077745471825,0.28452935726961387,0.28451501961565495,0.2845563757232949,0.2845298215855397,0.2845104799409024,0.28444869504253634,0.28445125305402374,0.28451271738088135,0.2845081086393559,0.2845107764206398,0.2844570417618754,0.2845626922483952,0.2845046062067069,0.28445320319478984,0.28451163491017845,0.28455887491881343,0.28450095444270657,0.2845500333268759,0.28452412568137175,0.2845464317574642,0.2845281703677677,0.28449288665067324,0.28449757374470575,0.2844419832658615,0.2844411461852897,0.2844916283154062,0.2844913559462147
0.2845429763749159,0.2845398412401486,0.2845256865190072,0.28452188722773786,0.2845157631871019,0.2845193566338471,0.284498377703224,0.28450232354008537,0.28449791085700216,0.2844947606749535,0.28448002083679547,0.28447671047753786,0.2844766809225068,0.2844789222648863,0.2844571886721059,0.2844604651026168,0.28446350374017004,0.28445968454932713,0.28444692231706503,0.28444290988668,0.2844443452327859,0.2844466141803361,0.28453720344928785,0.2845060201001463,0.28449145777125223,0.2845327922731149,0.28450648539892043,0.284486908415064,0.2844250949062976,0.28442765834087413,0.2844883207919437,0.2844837018739279,0.28448742563900675,0.2844334500273423,0.28453845822138,0.2844814036995424,0.28442960311591997,0.2844882859662015,0.284534631140292,0.2844777385926143,0.28452608076631064,0.2845007586513693,0.2845224020280418,0.2845048732135268,0.28446936169515114,0.2844740701218832,0.2844183463927629,0.2844174373372342,0.2844680502946361,0.2844683023192376,0.28450453630288075,0.28446854875544575
0.2845051393065196,0.2845019934190421,0.28448779027175775,0.2844839779513108,0.2844777251699445,0.28448133097448725,0.28446028002073503,0.2844642394258119,0.2844597113181684,0.28445655027561767,0.28444190033201944,0.2844385786032311,0.2844383486303228,0.2844405977110707,0.2844186399799542,0.28442192776516106,0.28442507826843005,0.284421245876508,0.28440885144152994,0.2844048252919388,0.2844058056050581,0.2844080824042588,0.2844996953329352,0.28446791460734455,0.28445335324748544,0.28449526914945,0.28446838150921605,0.28444878824543507,0.28438643271759817,0.2843890050347261,0.2844510383720131,0.28444640391704296,0.2844492301195096,0.28439482452274545,0.2845016223507272,0.28444283611785715,0.2843909641622764,0.2844500934207433,0.28449778196879505,0.2844391552058792,0.28448883016399557,0.2844625974730343,0.28448509416697065,0.28446676452530295,0.2844306085942361,0.284435339857291,0.2843794491590052,0.28437846416911455,0.28442969888356595,0.2844294665239386,0.28446636722169033,0.28443029714368,0.2844748868603338,0.2844288991406648,0.2843815178631073
0.2844926204130192,0.284489470968402,0.28447526111709404,0.2844714444896264,0.28446512995128587,0.28446873984714527,0.2844477074048713,0.28445167128691523,0.28444705644245627,0.28444389180254864,0.284429084478987,0.2844257589284227,0.2844256438116413,0.2844278954567944,0.2844059127309269,0.2844092042644279,0.2844123450793272,0.2844085083135855,0.2843960997739412,0.2843920690298646,0.28439303710226055,0.284395316502379,0.2844871632939857,0.2844553020135426,0.2844406774413128,0.2844827320891168,0.28445576944666484,0.2844361072317664,0.28437364212578886,0.28437621738107305,0.2844383472426265,0.284433707497141,0.284436462580656,0.284382030074362,0.2844889435643273,0.284430134457877,0.28437816522599313,0.2844373268772099,0.2844850985819914,0.2844264477500821,0.28447627635341194,0.284449970330081,0.284472509797297,0.2844541641056909,0.2844178812591424,0.28442262142458097,0.2843666226893684,0.2843655615236357,0.2844161981625011,0.28441657375760476,0.284453759144324,0.2844168996190833,0.28446273800292177,0.28441590370047143,0.28436870570474276
0.08,0.08,0.08,0.08,0.08,0.08,0.08,0.08,0.08,0.08,0.08,0.08,0.08,0.08,0.08,0.08,0.08,0.08,0.08,0.08,0.08,0.08,0.08,0.08,0.08,0.08,0.08,0.08,0.08,0.08,0.08,0.08,0.08,0.08,0.08,0.08,0.08,0.08,0.08,0.08,0.08,0.08,0.08,0.08,0.08,0.08,0.08,0.08,0.08,0.08,0.08,0.08,0.08,0.08,0.08,0.08
0.08,0.08,0.08,0.08,0.08,0.08,0.08,0.08,0.08,0.08,0.08,0.08,0.08,0.08,0.08,0.08,0.08,0.08,0.08,0.08,0.08,0.08,0.08,0.08,0.08,0.08,0.08,0.08,0.08,0.08,0.08,0.08,0.08,0.08,0.08,0.08,0.08,0.08,0.08,0.08,0.08,0.08,0.08,0.08,0.08,0.08,0.08,0.08,0.08,0.08,0.08,0.08,0.08,0.08,0.08,0.08
0.08,0.08,0.08,0.08,0.08,0.08,0.08,0.08,0.08,0.08,0.08,0.08,0.08,0.08,0.08,0.08,0.08,0.08,0.08,0.08,0.08,0.08,0.08,0.08,0.08,0.08,0.08,0.08,0.08,0.08,0.08,0.08,0.08,0.08,0.08,0.08,0.08,0.08,0.08,0.08,0.08,0.08,0.08,0.08,0.08,0.08,0.08,0.08,0.08,0.08,0.08,0.08,0.08,0.08,0.08,0.08
0.08,0.08,0.08,0.08,0.08,0.08,0.08,0.08,0.08,0.08,0.08,0.08,0.08,0.08,0.08,0.08,0.08,0.08,0.08,0.08,0.08,0.08,0.08,0.08,0.08,0.08,0.08,0.08,0.08,0.08,0.08,0.08,0.08,0.08,0.08,0.08,0.08,0.08,0.08,0.08,0.08,0.08,0.08,0.08,0.08,0.08,0.08,0.08,0.08,0.08,0.08,0.08,0.08,0.08,0.08,0.08
0.08,0.08,0.08,0.08,0.08,0.08,0.08,0.08,0.08,0.08,0.08,0.08,0.08,0.08,0.08,0.08,0.08,0.08,0.08,0.08,0.08,0.08,0.08,0.08,0.08,0.08,0.08,0.08,0.08,0.08,0.08,0.08,0.08,0.08,0.08,0.08,0.08,0.08,0.08,0.08,0.08,0.08,0.08,0.08,0.08,0.08,0.08,0.08,0.08,0.08,0.08,0.08,0.08,0.08,0.08,0.08
0.08,0.08,0.08,0.08,0.08,0.08,0.08,0.08,0.08,0.08,0.08,0.08,0.08,0.08,0.08,0.08,0.08,0.08,0.08,0.08,0.08,0.08,0.08,0.08,0.08,0.08,0.08,0.08,0.08,0.08,0.08,0.08,0.08,0.08,0.08,0.08,0.08,0.08,0.08,0.08,0.08,0.08,0.08,0.08,0.08,0.08,0.08,0.08,0.08,0.08,0.08,0.08,0.08,0.08,0.08,0.08
0.08,0.08,0.08,0.08,0.08,0.08,0.08,0.08,0.08,0.08,0.08,0.08,0.08,0.08,0.08,0.08,0.08,0.08,0.08,0.08,0.08,0.08,0.08,0.08,0.08,0.08,0.08,0.08,0.08,0.08,0.08,0.08,0.08,0.08,0.08,0.08,0.08,0.08,0.08,0.08,0.08,0.08,0.08,0.08,0.08,0.08,0.08,0.08,0.08,0.08,0.08,0.08,0.08,0.08,0.08,0.08
0.08,0.08,0.08,0.08,0.08,0.08,0.08,0.08,0.08,0.08,0.08,0.08,0.08,0.08,0.08,0.08,0.08,0.08,0.08,0.08,0.08,0.08,0.08,0.08,0.08,0.08,0.08,0.08,0.08,0.08,0.08,0.08,0.08,0.08,0.08,0.08,0.08,0.08,0.08,0.08,0.08,0.08,0.08,0.08,0.08,0.08,0.08,0.08,0.08,0.08,0.08,0.08,0.08,0.08,0.08,0.08
