1,3,4,5,6,7,8,9,10,11,12,13,14,15,16,17,18,19,20,21,22,23,24,25,26,27,28,29,30,31,32,33,34,35,36,37,38,39,40,41,42,43,44,45,46,47,48,2,49,50,51,52,53,54,55,56,57,58,59,60,61,62,63,64,65,66,67,68,69,70,71,72,73,74,75,76,77,78,79,80,81,82,83,84
1,3,4,5,6,7,8,9,10,11,12,13,14,15,16,17,18,19,20,21,22,23,24,25,26,27,28,29,30,31,32,33,34,35,36,37,38,39,40,41,42,43,44,45,46,47,48,2,49,50,51,52,53,54,55,56,57,58,59,60,61,62,63,64,65,66,67,68,69,70,71,72,73,74,75,76,77,78,79,80,81,82,83,84
1,3,4,5,6,7,8,9,10,11,12,13,14,15,16,17,18,19,20,21,22,23,24,25,26,27,28,29,30,31,32,33,34,35,36,37,38,39,40,41,42,43,44,45,46,47,48,2,49,50,51,52,53,54,55,56,57,58,59,60,61,62,63,64,65,66,67,68,69,70,71,72,73,74,75,76,77,78,79,80,81,82,83,84
1,3,4,5,6,7,8,9,10,11,12,13,14,15,16,17,18,19,20,21,22,23,24,25,26,27,28,29,30,31,32,33,34,35,36,37,38,39,40,41,42,43,44,45,46,47,48,85,2,49,50,51,52,53,54,55,56,57,58,59,60,61,62,63,64,65,66,67,68,69,70,71,72,73,74,75,76,77,78,79,80,81,82,83,84
1,3,4,5,6,7,8,9,10,11,12,13,14,15,16,17,18,19,20,21,22,23,24,25,26,27,28,29,30,31,32,33,34,35,36,37,38,39,40,41,42,43,44,45,46,47,48,85,2,49,50,51,52,53,54,55,56,57,58,59,60,61,62,63,64,65,66,67,68,69,70,71,72,73,74,75,76,77,78,79,80,81,82,83,84
1,3,4,5,6,7,8,9,10,11,12,13,14,15,16,17,18,19,20,21,22,23,24,25,26,27,28,29,30,31,32,33,34,35,36,37,38,39,40,41,42,43,44,45,46,47,48,85,2,49,50,51,52,53,54,55,56,57,58,59,60,61,62,63,64,65,66,67,68,69,70,71,72,73,74,75,76,77,78,79,80,81,82,83,84
1,3,4,5,6,7,8,9,10,11,12,13,14,15,16,17,18,19,20,21,22,23,24,25,26,27,28,29,30,31,32,33,34,35,36,37,38,39,40,41,42,43,44,45,46,47,48,85,2,49,50,51,52,53,54,55,56,57,58,59,60,61,62,63,64,65,66,67,68,69,70,71,72,73,74,75,76,77,78,79,80,81,82,83,84
1,3,4,5,6,7,8,9,10,11,12,13,14,15,16,17,18,19,20,21,22,23,24,25,26,27,28,29,30,31,32,33,34,35,36,37,38,39,40,41,42,43,44,45,46,47,48,85,2,49,50,51,52,53,54,55,56,57,58,59,60,61,62,63,64,65,66,67,68,69,70,71,72,73,74,75,76,77,78,79,80,81,82,83,84
1,3,4,5,6,7,8,9,10,11,12,13,14,15,16,17,18,19,20,21,22,23,24,25,26,27,28,29,30,31,32,33,34,35,36,37,38,39,40,41,42,43,44,45,46,47,48,85,2,49,50,51,52,53,54,55,56,57,58,59,60,61,62,63,64,65,66,67,68,69,70,71,72,73,74,75,76,77,78,79,80,81,82,83,84
1,3,4,5,6,7,8,9,10,11,12,13,14,15,16,17,18,19,20,21,22,23,24,25,26,27,28,29,30,31,32,33,34,35,36,37,38,39,40,41,42,43,44,45,46,47,48,85,2,49,50,51,52,53,54,55,56,57,58,59,60,61,62,63,64,65,66,67,68,69,70,71,72,73,74,75,76,77,78,79,80,81,82,83,84
1,3,4,5,6,7,8,9,10,11,12,13,14,15,16,17,18,19,20,21,22,23,24,25,26,27,28,29,30,31,32,33,34,35,36,37,38,39,40,41,42,43,44,45,46,47,48,85,2,49,50,51,52,53,54,55,56,57,58,59,60,61,62,63,64,65,66,67,68,69,70,71,72,73,74,75,76,77,78,79,80,81,82,83,84
1,3,4,5,6,7,8,9,10,11,12,13,14,15,16,17,18,19,20,21,22,23,24,25,26,27,28,29,30,31,32,33,34,35,36,37,38,39,40,41,42,43,44,45,46,47,48,85,2,49,50,51,52,53,54,55,56,57,58,59,60,61,62,63,64,65,66,67,68,69,70,71,72,73,74,75,76,77,78,79,80,81,82,83,84
1,3,4,5,6,7,8,9,10,11,12,13,14,15,16,17,18,19,20,21,22,23,24,25,26,27,28,29,30,31,32,33,34,35,36,37,38,39,40,41,42,43,44,45,46,47,48,85,2,49,50,51,52,53,54,55,56,57,58,59,60,61,62,63,64,65,66,67,68,69,70,71,72,73,74,75,76,77,78,79,80,81,82,83,84
1,3,4,5,6,7,8,9,10,11,12,13,14,15,16,17,18,19,20,21,22,23,24,25,26,27,28,29,30,31,32,33,34,35,36,37,38,39,40,41,42,43,44,45,46,47,48,85,2,49,50,51,52,53,54,55,56,57,58,59,60,61,62,63,64,65,66,67,68,69,70,71,72,73,74,75,76,77,78,79,80,81,82,83,84
1,3,4,5,6,7,8,9,10,11,12,13,14,15,16,17,18,19,20,21,22,23,24,25,26,27,28,29,30,31,32,33,34,35,36,37,38,39,40,41,42,43,44,45,46,47,48,85,2,49,50,51,52,53,54,55,56,57,58,59,60,61,62,63,64,65,66,67,68,69,70,71,72,73,74,75,76,77,78,79,80,81,82,83,84
1,3,4,5,6,7,8,9,10,11,12,13,14,15,16,17,18,19,20,21,22,23,24,25,26,27,28,29,30,31,32,33,34,35,36,37,38,39,40,41,42,43,44,45,46,47,48,85,2,49,50,51,52,53,54,55,56,57,58,59,60,61,62,63,64,65,66,67,68,69,70,71,72,73,74,75,76,77,78,79,80,81,82,83,84
1,3,4,5,6,7,8,9,10,11,12,13,14,15,16,17,18,19,20,21,22,23,24,25,26,27,28,29,30,31,32,33,34,35,36,37,38,39,40,41,42,43,44,45,46,47,48,85,2,49,50,51,52,53,54,55,56,57,58,59,60,61,62,63,64,65,66,67,68,69,70,71,72,73,74,75,76,77,78,79,80,81,82,83,84
1,3,4,5,6,7,8,9,10,11,12,13,14,15,16,17,18,19,20,21,22,23,24,25,26,27,28,29,30,31,32,33,34,35,36,37,38,39,40,41,42,43,44,45,46,47,48,85,2,49,86,87,50,51,52,53,54,55,56,57,58,59,60,61,62,63,64,65,66,67,68,69,70,71,72,73,74,75,76,77,78,79,80,81,82,83,84
1,3,4,5,6,7,8,9,10,11,12,13,14,15,16,17,18,19,20,21,22,23,24,25,26,27,28,29,30,31,32,33,34,35,36,37,38,39,40,41,42,43,44,45,46,47,48,85,2,49,86,87,50,51,52,53,54,55,88,89,56,57,58,59,60,61,90,91,62,63,64,65,66,67,68,69,70,71,72,73,74,75,76,77,78,79,80,81,82,83,84
1,3,4,5,6,7,8,9,10,11,12,13,14,15,16,17,18,19,20,21,22,23,24,25,26,27,28,29,30,31,32,33,34,35,36,37,38,39,40,41,42,43,44,45,46,47,48,85,2,49,86,92,93,94,95,87,50,51,52,53,54,55,88,89,56,57,58,59,60,61,90,91,62,63,64,65,66,67,68,69,70,71,72,73,74,75,76,77,78,79,80,81,82,83,84
1,3,4,5,6,7,8,9,10,11,12,13,14,15,16,17,18,19,20,21,22,23,24,25,26,27,28,29,30,31,32,33,34,35,36,37,38,39,40,41,42,43,44,45,46,47,48,85,2,49,86,92,93,94,95,87,50,51,52,53,54,55,88,89,56,57,58,59,60,61,90,91,62,63,64,65,66,67,68,69,70,71,72,73,74,75,76,77,78,79,80,81,82,83,84
1,3,4,5,6,7,8,9,10,11,12,13,14,15,16,17,18,19,20,21,22,23,24,25,26,27,28,29,30,31,32,33,34,35,36,37,38,39,40,41,42,43,44,45,46,47,48,85,2,49,86,92,93,94,95,87,50,51,52,53,54,55,88,89,56,57,58,59,60,61,90,91,62,63,64,65,66,67,68,69,70,71,72,73,74,75,76,77,78,79,80,81,82,83,84
1,3,4,5,6,7,8,9,10,11,12,13,14,15,16,17,18,19,20,21,22,23,24,25,26,27,28,29,30,31,32,33,34,35,36,37,38,39,40,41,42,43,44,45,46,47,48,85,2,49,86,92,93,94,95,87,50,51,52,53,54,55,88,89,56,57,58,59,60,61,90,91,62,63,64,65,66,67,68,69,70,71,72,73,74,75,76,77,78,79,80,81,82,83,84
1,3,4,5,6,7,8,9,10,11,12,13,14,15,16,17,18,19,20,21,22,23,24,25,26,27,28,29,30,31,32,33,34,35,36,37,38,39,40,41,42,43,44,45,46,47,48,85,2,49,86,92,93,94,95,87,50,51,52,53,54,55,88,89,56,57,58,59,60,61,90,91,62,63,64,65,66,67,68,69,70,71,72,73,74,75,76,77,78,79,80,81,82,83,84
1,3,4,5,6,7,8,9,10,11,12,13,14,15,16,17,18,19,20,21,22,23,24,25,26,27,28,29,30,31,32,33,34,35,36,37,38,39,40,41,42,43,44,45,46,47,48,85,2,49,86,92,93,94,95,87,50,51,52,53,54,55,88,89,56,57,58,59,60,61,90,91,62,63,64,65,66,67,68,69,70,71,72,73,74,75,76,77,78,79,80,81,82,83,84
1,3,4,5,6,7,8,9,10,11,12,13,14,15,16,17,18,19,20,21,22,23,24,25,26,27,28,29,30,31,32,33,34,35,36,37,38,39,40,41,42,43,44,45,46,47,48,85,2,49,86,92,93,94,95,87,50,51,52,53,54,55,88,89,56,57,58,59,60,61,90,91,62,63,64,65,66,67,68,69,70,71,72,73,74,75,76,77,78,79,80,81,82,83,84
1,3,4,5,6,7,8,9,10,11,12,13,14,15,16,17,18,19,20,21,22,23,24,25,26,27,28,29,30,31,32,33,34,35,36,37,38,39,40,41,42,43,44,45,46,47,48,85,2,49,86,92,93,94,95,87,50,51,52,53,54,55,88,89,56,57,58,59,60,61,90,91,62,63,64,65,66,67,68,69,70,71,72,73,74,75,76,77,78,79,80,81,82,83,84
1,3,4,5,6,7,8,9,10,11,12,13,14,15,16,17,18,19,20,21,22,23,24,25,26,27,28,29,30,31,32,33,34,35,36,37,38,39,40,41,42,43,44,45,46,47,48,85,2,49,86,92,93,94,95,87,50,51,52,53,54,55,88,96,97,98,99,89,56,57,58,59,60,61,90,100,101,102,103,91,62,63,64,65,66,67,68,69,70,71,72,73,74,75,76,77,78,79,80,81,82,83,84
1,3,4,5,6,7,8,9,10,11,12,13,14,15,16,17,18,19,20,21,22,23,24,25,26,27,28,29,30,31,32,33,34,35,36,37,38,39,40,41,42,43,44,45,46,47,48,85,2,49,86,92,93,94,95,87,50,51,52,53,54,55,88,96,97,98,99,89,56,57,58,59,60,61,90,100,101,102,103,91,62,63,64,65,66,67,68,69,70,71,72,73,74,75,76,77,78,79,80,81,82,83,84
1,3,4,5,6,7,8,9,10,11,12,13,14,15,16,17,18,19,20,21,22,23,24,25,26,27,28,29,30,31,32,33,34,35,36,37,38,39,40,41,42,43,44,45,46,47,48,85,2,49,86,92,93,94,95,87,50,51,52,53,54,55,88,96,97,98,99,89,56,57,58,59,60,61,90,100,101,102,103,91,62,63,64,65,66,67,68,69,70,71,72,73,74,75,76,77,78,79,80,81,82,83,84
1,3,4,5,6,7,8,9,10,11,12,13,14,15,16,17,18,19,20,21,22,23,24,25,26,27,28,29,30,31,32,33,34,35,36,37,38,39,40,41,42,43,44,45,46,47,48,85,2,49,86,92,93,94,95,87,50,51,52,53,54,55,88,96,97,98,99,89,56,57,58,59,60,61,90,100,101,102,103,91,62,63,64,65,66,67,68,69,70,71,72,73,74,75,76,77,78,79,80,81,82,83,84
1,3,4,5,6,7,8,9,10,11,12,13,14,15,16,17,18,19,20,21,22,23,24,25,26,27,28,29,30,31,32,33,34,35,36,37,38,39,40,41,42,43,44,45,46,47,48,85,2,49,86,92,93,94,95,87,50,51,52,53,54,55,88,96,97,98,99,89,56,57,58,59,60,61,90,100,101,102,103,91,62,63,64,65,66,67,68,69,70,71,72,73,74,75,76,77,78,79,80,81,82,83,84,104,105
1,3,4,5,6,7,8,9,10,11,12,13,14,15,16,17,18,19,20,21,22,23,24,25,26,27,28,29,30,31,32,33,34,35,36,37,38,39,40,41,42,43,44,45,46,47,48,85,2,49,86,92,93,94,95,87,50,51,52,53,54,55,88,96,97,98,99,89,56,57,58,59,60,61,90,100,101,102,103,91,62,63,64,65,66,67,68,69,70,71,72,73,74,75,76,77,78,79,80,81,82,83,84,104,105
1,3,4,5,6,7,8,9,10,11,12,13,14,15,16,17,18,19,20,21,22,23,24,25,26,27,28,29,30,31,32,33,34,35,36,37,38,39,40,41,42,43,44,45,46,47,48,85,2,49,86,92,93,94,95,87,50,51,52,53,54,55,88,96,97,98,99,89,56,57,58,59,60,61,90,100,101,102,103,91,62,63,64,65,66,67,68,69,70,71,72,73,74,75,76,77,78,79,80,81,82,83,84,104,105
1,3,4,5,6,7,8,9,10,11,12,13,14,15,16,17,18,19,20,21,22,23,24,25,26,27,28,29,30,31,32,33,34,35,36,37,38,39,40,41,42,43,44,45,46,47,48,85,106,2,49,86,92,93,94,95,87,50,51,52,53,54,55,88,96,97,98,99,89,56,57,58,59,60,61,90,100,101,102,103,91,62,63,64,65,66,67,68,69,70,71,72,73,74,75,76,77,78,79,80,81,82,83,84,104,105
1,3,4,5,6,7,8,9,10,11,12,13,14,15,16,17,18,19,20,21,22,23,24,25,26,27,28,29,30,31,32,33,34,35,36,37,38,39,40,41,42,43,44,45,46,47,48,85,106,2,49,86,92,93,94,95,87,50,51,52,53,54,55,88,96,97,98,99,89,56,57,58,59,60,61,90,100,101,102,103,91,62,63,64,65,66,67,68,69,70,71,72,73,74,75,76,77,78,79,80,81,82,83,84,104,105
1,3,4,5,6,7,8,9,10,11,12,13,14,15,16,17,18,19,20,21,22,23,24,25,26,27,28,29,30,31,32,33,34,35,36,37,38,39,40,41,42,43,44,45,46,47,48,85,106,2,49,86,92,93,94,95,87,50,51,52,53,54,55,88,96,97,98,99,89,56,57,58,59,60,61,90,100,101,102,103,91,62,63,64,65,66,67,68,69,70,71,72,73,74,75,76,77,78,79,80,81,82,83,84,104,105
1,3,4,5,6,7,8,9,10,11,12,13,14,15,16,17,18,19,20,21,22,23,24,25,26,27,28,29,30,31,32,33,34,35,36,37,38,39,40,41,42,43,44,45,46,47,48,85,106,2,49,86,92,93,94,95,87,50,51,52,53,54,55,88,96,97,98,99,89,56,57,58,59,60,61,90,100,101,102,103,91,62,63,64,65,66,67,68,69,70,71,72,73,74,75,76,77,78,79,80,81,82,83,84,104,105
1,3,4,5,6,7,8,9,10,11,12,13,14,15,16,17,18,19,20,21,22,23,24,25,26,27,28,29,30,31,32,33,34,35,36,37,38,39,40,41,42,43,44,45,46,47,48,85,106,2,49,86,92,93,94,95,87,50,51,52,53,54,55,88,96,97,98,99,89,56,57,58,59,60,61,90,100,101,102,103,91,62,63,64,65,66,67,68,69,70,71,72,73,74,75,76,77,78,79,80,81,82,83,84,104,105
1,3,4,5,6,7,8,9,10,11,12,13,14,15,16,17,18,19,20,21,22,23,24,25,26,27,28,29,30,31,32,33,34,35,36,37,38,39,40,41,42,43,44,45,46,47,48,85,106,2,49,86,92,93,94,95,87,50,51,52,53,54,55,88,96,97,98,99,89,56,57,58,59,60,61,90,100,101,102,103,91,62,63,64,65,66,67,68,69,70,71,72,73,74,75,76,77,78,79,80,81,82,83,84,104,105
1,3,4,5,6,7,8,9,10,11,12,13,14,15,16,17,18,19,20,21,22,23,24,25,26,27,28,29,30,31,32,33,34,35,36,37,38,39,40,41,42,43,44,45,46,47,48,85,106,2,49,86,92,93,94,95,87,50,51,52,53,54,55,88,96,97,98,99,89,56,57,58,59,60,61,90,100,101,102,103,91,62,63,64,65,66,67,68,69,70,71,72,73,74,75,76,77,78,79,80,81,82,83,84,104,105
1,3,4,5,6,7,8,9,10,11,12,13,14,15,16,17,18,19,20,21,22,23,24,25,26,27,28,29,30,31,32,33,34,35,36,37,38,39,40,41,42,43,44,45,46,47,48,85,106,2,49,86,92,93,94,95,87,50,51,52,53,54,55,88,96,97,98,99,89,56,57,58,59,60,61,90,100,101,102,103,91,62,63,64,65,66,67,68,69,70,71,72,73,74,75,76,77,78,79,80,81,82,83,84,104,105
1,3,4,5,6,7,8,9,10,11,12,13,14,15,16,17,18,19,20,21,22,23,24,25,26,27,28,29,30,31,32,33,34,35,36,37,38,39,40,41,42,43,44,45,46,47,48,85,106,2,49,86,92,93,94,95,87,50,51,52,53,54,55,88,96,97,98,99,89,56,57,58,59,60,61,90,100,101,102,103,91,62,63,64,65,66,67,68,69,70,71,72,73,74,75,76,77,78,79,80,81,82,83,84,104,105
1,3,4,5,6,7,8,9,10,11,12,13,14,15,16,17,18,19,20,21,22,23,24,25,26,27,28,29,30,31,32,33,34,35,36,37,38,39,40,41,42,43,44,45,46,47,48,85,106,2,49,86,92,93,94,95,87,50,51,52,53,54,55,88,96,97,98,99,89,56,57,58,59,60,61,90,100,101,102,103,91,62,63,64,65,66,67,68,69,70,71,72,73,74,75,76,77,78,79,80,81,82,83,84,104,105
1,3,4,5,6,7,8,9,10,11,12,13,14,15,16,17,18,19,20,21,22,23,24,25,26,27,28,29,30,31,32,33,34,35,36,37,38,39,40,41,42,43,44,45,46,47,48,85,106,2,49,86,92,93,94,95,87,50,51,52,53,54,55,88,96,97,98,99,89,56,57,58,59,60,61,90,100,101,102,103,91,62,63,64,65,66,67,68,69,70,71,72,73,74,75,76,77,78,79,80,81,82,83,84,104,105
1,3,4,5,6,7,8,9,10,11,12,13,14,15,16,17,18,19,20,21,22,23,24,25,26,27,28,29,30,31,32,33,34,35,36,37,38,39,40,41,42,43,44,45,46,47,48,85,106,2,49,86,92,93,94,95,87,50,51,52,53,54,55,88,96,97,98,99,89,56,57,58,59,60,61,90,100,101,102,103,91,62,63,64,65,66,67,68,69,70,71,72,73,74,75,76,77,78,79,80,81,82,83,84,104,105
1,3,4,5,6,7,8,9,10,11,12,13,14,15,16,17,18,19,20,21,22,23,24,25,26,27,28,29,30,31,32,33,34,35,36,37,38,39,40,41,42,43,44,45,46,47,48,85,106,2,49,86,92,93,94,95,87,50,51,52,53,54,55,88,96,97,98,99,89,56,57,58,59,60,61,90,100,101,102,103,91,62,63,64,65,66,67,68,69,70,71,72,73,74,75,76,77,78,79,80,81,82,83,84,104,105
1,3,4,5,6,7,8,9,10,11,12,13,14,15,16,17,18,19,20,21,22,23,24,25,26,27,28,29,30,31,32,33,34,35,36,37,38,39,40,41,42,43,44,45,46,47,48,85,106,2,49,86,92,93,94,95,87,50,51,52,53,54,55,88,96,97,98,99,89,56,57,58,59,60,61,90,100,101,102,103,91,62,63,64,65,66,67,68,69,70,71,72,73,74,75,76,77,78,79,80,81,82,83,84,104,105
1,3,4,5,6,7,8,9,10,11,12,13,14,15,16,17,18,19,20,21,22,23,24,25,26,27,28,29,30,31,32,33,34,35,36,37,38,39,40,41,42,43,44,45,46,47,48,85,106,2,49,86,92,93,94,95,87,50,51,52,53,54,55,88,96,97,98,99,89,56,57,58,59,60,61,90,100,101,102,103,91,62,63,64,65,66,67,68,69,70,71,72,73,74,75,76,77,78,79,80,81,82,83,84,104,105
1,3,4,5,6,7,8,9,10,11,12,13,14,15,16,17,18,19,20,21,22,23,24,25,26,27,28,29,30,31,32,33,34,35,36,37,38,39,40,41,42,43,44,45,46,47,48,85,106,2,49,86,92,93,94,95,87,50,51,52,53,54,55,88,96,97,98,99,89,56,57,58,59,60,61,90,100,101,102,103,91,62,63,64,65,66,67,68,69,70,71,72,73,74,75,76,77,78,79,80,81,82,83,84,104,105
1,3,4,5,6,7,8,9,10,11,12,13,14,15,16,17,18,19,20,21,22,23,24,25,26,27,28,29,30,31,32,33,34,35,36,37,38,39,40,41,42,43,44,45,46,47,48,85,106,2,49,86,92,93,94,95,87,50,51,52,53,54,55,88,96,97,98,99,89,56,57,58,59,60,61,90,100,101,102,103,91,62,63,64,65,66,67,68,69,70,71,72,73,74,75,76,77,78,79,80,81,82,83,84,104,105
1,3,4,5,6,7,8,9,10,11,12,13,14,15,16,17,18,19,20,21,22,23,24,25,26,27,28,29,30,31,32,33,34,35,36,37,38,39,40,41,42,43,44,45,46,47,48,85,106,2,49,86,92,93,94,95,87,50,51,52,53,54,55,88,96,97,98,99,89,56,57,58,59,60,61,90,100,101,102,103,91,62,63,64,65,66,67,68,69,70,71,72,73,74,75,76,77,78,79,80,81,82,83,84,104,105
1,3,4,5,6,7,8,9,10,11,12,13,14,15,16,17,18,19,20,21,22,23,24,25,26,27,28,29,30,31,32,33,34,35,36,37,38,39,40,41,42,43,44,45,46,47,48,85,106,2,49,86,92,93,94,95,87,50,51,52,53,54,55,88,96,97,98,99,89,56,57,58,59,60,61,90,100,101,102,103,91,62,63,64,65,66,67,68,69,70,71,72,73,74,75,76,77,78,79,80,81,82,83,84,104,105
1,3,4,5,6,7,8,9,10,11,12,13,14,15,16,17,18,19,20,21,22,23,24,25,26,27,28,29,30,31,32,33,34,35,36,37,38,39,40,41,42,43,44,45,46,47,48,85,106,2,49,86,92,93,94,95,87,50,51,52,53,54,55,88,96,97,98,99,89,56,57,58,59,60,61,90,100,101,102,103,91,62,63,64,65,66,67,68,69,70,71,72,73,74,75,76,77,78,79,80,81,82,83,84,104,105
1,3,4,5,6,7,8,9,10,11,12,13,14,15,16,17,18,19,20,21,22,23,24,25,26,27,28,29,30,31,32,33,34,35,36,37,38,39,40,41,42,43,44,45,46,47,48,85,106,2,49,86,92,93,94,95,87,50,51,52,53,54,55,88,96,97,98,99,89,56,57,58,59,60,61,90,100,101,102,103,91,62,63,64,65,66,67,68,69,70,71,72,73,74,75,76,77,78,79,80,81,82,83,84,104,105
1,3,4,5,6,7,8,9,10,11,12,13,14,15,16,17,18,19,20,21,22,23,24,25,26,27,28,29,30,31,32,33,34,35,36,37,38,39,40,41,42,43,44,45,46,47,48,85,106,2,49,86,92,93,94,95,87,50,51,52,53,54,55,88,96,97,98,99,89,56,57,58,59,60,61,90,100,101,102,103,91,62,63,64,65,66,67,68,69,70,71,72,73,74,75,76,77,78,79,80,81,82,83,84,104,105
1,3,4,5,6,7,8,9,10,11,12,13,14,15,16,17,18,19,20,21,22,23,24,25,26,27,28,29,30,31,32,33,34,35,36,37,38,39,40,41,42,43,44,45,46,47,48,85,106,2,49,86,92,93,94,95,87,50,51,52,53,54,55,88,96,97,98,99,89,56,57,58,59,60,61,90,100,101,102,103,91,62,63,64,65,66,67,68,69,70,71,72,73,74,75,76,77,78,79,80,81,82,83,84,104,105
1,3,4,5,6,7,8,9,10,11,12,13,14,15,16,17,18,19,20,21,22,23,24,25,26,27,28,29,30,31,32,33,34,35,36,37,38,39,40,41,42,43,44,45,46,47,48,85,106,2,49,86,92,93,94,95,87,50,51,52,53,54,55,88,96,97,98,99,89,56,57,58,59,60,61,90,100,101,102,103,91,62,63,64,65,66,67,68,69,70,71,72,73,74,75,76,77,78,79,80,81,82,83,84,104,105
1,3,4,5,6,7,8,9,10,11,12,13,14,15,16,17,18,19,20,21,22,23,24,25,26,27,28,29,30,31,32,33,34,35,36,37,38,39,40,41,42,43,44,45,46,47,48,85,106,2,49,86,92,93,94,95,87,50,51,52,53,54,55,88,96,97,98,99,89,56,57,58,59,60,61,90,100,101,102,103,91,62,63,64,65,66,67,68,69,70,71,72,73,74,75,76,77,78,79,80,81,82,83,84,104,105
1,3,4,5,6,7,8,9,10,11,12,13,14,15,16,17,18,19,20,21,22,23,24,25,26,27,28,29,30,31,32,33,34,35,36,37,38,39,40,41,42,43,44,45,46,47,48,85,106,2,49,86,92,93,94,95,87,50,51,52,53,54,55,88,96,97,98,99,89,56,57,58,59,60,61,90,100,101,102,103,91,62,63,64,65,66,67,68,69,70,71,72,73,74,75,76,77,78,79,80,81,82,83,84,104,105
1,3,4,5,6,7,8,9,10,11,12,13,14,15,16,17,18,19,20,21,22,23,24,25,26,27,28,29,30,31,32,33,34,35,36,37,38,39,40,41,42,43,44,45,46,47,48,85,106,2,49,86,92,93,94,95,87,50,51,52,53,54,55,88,96,97,98,99,89,56,57,58,59,60,61,90,100,101,102,103,91,62,63,64,65,66,67,68,69,70,71,72,73,74,75,76,77,78,79,80,81,82,83,84,104,105
1,3,4,5,6,7,8,9,10,11,12,13,14,15,16,17,18,19,20,21,22,23,24,25,26,27,28,29,30,31,32,33,34,35,36,37,38,39,40,41,42,43,44,45,46,47,48,85,106,107,2,49,86,92,93,94,95,87,50,51,52,53,54,55,88,96,97,98,99,89,56,57,58,59,60,61,90,100,101,102,103,91,62,63,64,65,66,67,68,69,70,71,72,73,74,75,76,77,78,79,80,81,82,83,84,104,105
1,3,4,5,6,7,8,9,10,11,12,13,14,15,16,17,18,19,20,21,22,23,24,25,26,27,28,29,30,31,32,33,34,35,36,37,38,39,40,41,42,43,44,45,46,47,48,85,106,107,2,49,86,92,93,94,95,87,50,51,52,53,54,55,88,96,97,98,99,89,56,57,58,59,60,61,90,100,101,102,103,91,62,63,64,65,66,67,68,69,70,71,72,73,74,75,76,77,78,79,80,81,82,83,84,104,105
1,3,4,5,6,7,8,9,10,11,12,13,14,15,16,17,18,19,20,21,22,23,24,25,26,27,28,29,30,31,32,33,34,35,36,37,38,39,40,41,42,43,44,45,46,47,48,85,106,107,2,49,86,92,93,94,95,87,50,51,52,53,54,55,88,96,97,98,99,89,56,57,58,59,60,61,90,100,101,102,103,91,62,63,64,65,66,67,68,69,70,71,72,73,74,75,76,77,78,79,80,81,82,83,84,104,105
1,3,4,5,6,7,8,9,10,11,12,13,14,15,16,17,18,19,20,21,22,23,24,25,26,27,28,29,30,31,32,33,34,35,36,37,38,39,40,41,42,43,44,45,46,47,48,85,106,107,2,49,86,92,93,94,95,87,50,51,52,53,54,55,88,96,97,98,99,89,56,57,58,59,60,61,90,100,101,102,103,91,62,63,64,65,66,67,68,69,70,71,72,73,74,75,76,77,78,79,80,81,82,83,84,104,105
1,3,4,5,6,7,8,9,10,11,12,13,14,15,16,17,18,19,20,21,22,23,24,25,26,27,28,29,30,31,32,33,34,35,36,37,38,39,40,41,42,43,44,45,46,47,48,85,106,107,2,49,86,92,93,94,95,87,50,51,52,53,54,55,88,96,97,98,99,89,56,57,58,59,60,61,90,100,101,102,103,91,62,63,64,65,66,67,68,69,70,71,72,73,74,75,76,77,78,79,80,81,82,83,84,104,105
1,3,4,5,6,7,8,9,10,11,12,13,14,15,16,17,18,19,20,21,22,23,24,25,26,27,28,29,30,31,32,33,34,35,36,37,38,39,40,41,42,43,44,45,46,47,48,85,106,107,2,49,86,92,93,94,95,87,50,51,52,53,54,55,88,96,97,98,99,89,56,57,58,59,60,61,90,100,101,102,103,91,62,63,64,65,66,67,68,69,70,71,72,73,74,75,76,77,78,79,80,81,82,83,84,104,105
1,3,4,5,6,7,8,9,10,11,12,13,14,15,16,17,18,19,20,21,22,23,24,25,26,27,28,29,30,31,32,33,34,35,36,37,38,39,40,41,42,43,44,45,46,47,48,85,106,107,2,49,86,92,93,94,95,87,50,51,52,53,54,55,88,96,97,98,99,89,56,57,58,59,60,61,90,100,101,102,103,91,62,63,64,65,66,67,68,69,70,71,72,73,74,75,76,77,78,79,80,81,82,83,84,104,105
1,3,4,5,6,7,8,9,10,11,12,13,14,15,16,17,18,19,20,21,22,23,24,25,26,27,28,29,30,31,32,33,34,35,36,37,38,39,40,41,42,43,44,45,46,47,48,85,106,107,2,49,86,92,93,94,95,87,50,51,52,53,54,55,88,96,97,98,99,89,56,57,58,59,60,61,90,100,101,102,103,91,62,63,64,65,66,67,68,69,70,71,72,73,74,75,76,77,78,79,80,81,82,83,84,104,105
1,3,4,5,6,7,8,9,10,11,12,13,14,15,16,17,18,19,20,21,22,23,24,25,26,27,28,29,30,31,32,33,34,35,36,37,38,39,40,41,42,43,44,45,46,47,48,85,106,107,2,49,86,92,93,94,95,87,50,51,52,53,54,55,88,96,97,98,99,89,56,57,58,59,60,61,90,100,101,102,103,91,62,63,64,65,66,67,68,69,70,71,72,73,74,75,76,77,78,79,80,81,82,83,84,104,105
1,3,4,5,6,7,8,9,10,11,12,13,14,15,16,17,18,19,20,21,22,23,24,25,26,27,28,29,30,31,32,33,34,35,36,37,38,39,40,41,42,43,44,45,46,47,48,85,106,107,2,49,86,92,93,94,95,87,50,51,52,53,54,55,88,96,97,98,99,89,56,57,58,59,60,61,90,100,101,102,103,91,62,63,64,65,66,67,68,69,70,71,72,73,74,75,76,77,78,79,80,81,82,83,84,104,105
1,3,4,5,6,7,8,9,10,11,12,13,14,15,16,17,18,19,20,21,22,23,24,25,26,27,28,29,30,31,32,33,34,35,36,37,38,39,40,41,42,43,44,45,46,47,48,85,106,107,2,49,86,92,93,94,95,87,50,51,52,53,54,55,88,96,97,98,99,89,56,57,58,59,60,61,90,100,101,102,103,91,62,63,64,65,66,67,68,69,70,71,72,73,74,75,76,77,78,79,80,81,82,83,84,104,105
1,3,4,5,6,7,8,9,10,11,12,13,14,15,16,17,18,19,20,21,22,23,24,25,26,27,28,29,30,31,32,33,34,35,36,37,38,39,40,41,42,43,44,45,46,47,48,85,106,107,2,49,86,92,93,94,95,87,50,51,52,53,54,55,88,96,97,98,99,89,56,57,58,59,60,61,90,100,101,102,103,91,62,63,64,65,66,67,68,69,70,71,72,73,74,75,76,77,78,79,80,81,82,83,84,104,105
1,3,4,5,6,7,8,9,10,11,12,13,14,15,16,17,18,19,20,21,22,23,24,25,26,27,28,29,30,31,32,33,34,35,36,37,38,39,40,41,42,43,44,45,46,47,48,85,106,107,2,49,86,92,93,94,95,87,50,51,52,53,54,55,88,96,97,98,99,89,56,57,58,59,60,61,90,100,101,102,103,91,62,63,64,65,66,67,68,69,70,71,72,73,74,75,76,77,78,79,80,81,82,83,84,104,105
1,3,4,5,6,7,8,9,10,11,12,13,14,15,16,17,18,19,20,21,22,23,24,25,26,27,28,29,30,31,32,33,34,35,36,37,38,39,40,41,42,43,44,45,46,47,48,85,106,107,2,49,86,92,93,94,95,87,50,51,52,53,54,55,88,96,97,98,99,89,56,57,58,59,60,61,90,100,101,102,103,91,62,63,64,65,66,67,68,69,70,71,72,73,74,75,76,77,78,79,80,81,82,83,84,104,105
1,3,4,5,6,7,8,9,10,11,12,13,14,15,16,17,18,19,20,21,22,23,24,25,26,27,28,29,30,31,32,33,34,35,36,37,38,39,40,41,42,43,44,45,46,47,48,85,106,107,2,49,86,92,93,94,95,87,50,51,52,53,54,55,88,96,97,98,99,89,56,57,58,59,60,61,90,100,101,102,103,91,62,63,64,65,66,67,68,69,70,71,72,73,74,75,76,77,78,79,80,81,82,83,84,104,105
1,3,4,5,6,7,8,9,10,11,12,13,14,15,16,17,18,19,20,21,22,23,24,25,26,27,28,29,30,31,32,33,34,35,36,37,38,39,40,41,42,43,44,45,46,47,48,85,106,107,2,49,86,92,93,94,95,87,50,51,52,53,54,55,88,96,97,98,99,89,56,57,58,59,60,61,90,100,101,102,103,91,62,63,64,65,66,67,68,69,70,71,72,73,74,75,76,77,78,79,80,81,82,83,84,104,105,108,109
1,3,4,5,6,7,8,9,10,11,12,13,14,15,16,17,18,19,20,21,22,23,24,25,26,27,28,29,30,31,32,33,34,35,36,37,38,39,40,41,42,43,44,45,46,47,48,85,106,107,2,49,86,92,93,94,95,87,50,51,52,53,54,55,88,96,97,98,99,89,56,57,58,59,60,61,90,100,101,102,103,91,62,63,64,65,66,67,68,69,70,71,72,73,74,75,76,77,78,79,80,81,82,83,84,104,105,108,109
1,3,4,5,6,7,8,9,10,11,12,13,14,15,16,17,18,19,20,21,22,23,24,25,26,27,28,29,30,31,32,33,34,35,36,37,38,39,40,41,42,43,44,45,46,47,48,85,106,107,2,49,86,92,93,94,95,87,50,51,52,53,54,55,88,96,97,98,99,89,56,57,58,59,60,61,90,100,101,102,103,91,62,63,64,65,66,67,68,69,70,71,72,73,74,75,76,77,78,79,80,81,82,83,84,104,105,108,109
1,3,4,5,6,7,8,9,10,11,12,13,14,15,16,17,18,19,20,21,22,23,24,25,26,27,28,29,30,31,32,33,34,35,36,37,38,39,40,41,42,43,44,45,46,47,48,85,106,107,2,49,86,92,93,94,95,87,50,51,52,53,54,55,88,96,97,98,99,89,56,57,58,59,60,61,90,100,101,102,103,91,62,63,64,65,66,67,68,69,70,71,72,73,74,75,76,77,78,79,80,81,82,83,84,104,105,108,109
1,3,4,5,6,7,8,9,10,11,12,13,14,15,16,17,18,19,20,21,22,23,24,25,26,27,28,29,30,31,32,33,34,35,36,37,38,39,40,41,42,43,44,45,46,47,48,85,106,107,2,49,86,92,93,94,95,87,50,51,52,53,54,55,88,96,97,98,99,89,56,57,58,59,60,61,90,100,101,102,103,91,62,63,64,65,66,67,68,69,70,71,72,73,74,75,76,77,78,79,80,81,82,83,84,104,105,110,111,112,113,108,109
1,3,4,5,6,7,8,9,10,11,12,13,14,15,16,17,18,19,20,21,22,23,24,25,26,27,28,29,30,31,32,33,34,35,36,37,38,39,40,41,42,43,44,45,46,47,48,85,106,107,2,49,86,92,93,94,95,87,50,51,52,53,54,55,88,96,97,98,99,89,56,57,58,59,60,61,90,100,101,102,103,91,62,63,64,65,66,67,68,69,70,71,72,73,74,75,76,77,78,79,80,81,82,83,84,104,105,110,111,112,113,108,109
1,3,4,5,6,7,8,9,10,11,12,13,14,15,16,17,18,19,20,21,22,23,24,25,26,27,28,29,30,31,32,33,34,35,36,37,38,39,40,41,42,43,44,45,46,47,48,85,106,107,2,49,86,92,93,94,95,87,50,51,52,53,54,55,88,96,97,98,99,89,56,57,58,59,60,61,90,100,101,102,103,91,114,62,63,64,65,66,67,68,69,70,71,72,73,74,75,76,77,78,79,80,81,82,83,84,104,105,110,111,112,113,108,109
1,3,4,5,6,7,8,9,10,11,12,13,14,15,16,17,18,19,20,21,22,23,24,25,26,27,28,29,30,31,32,33,34,35,36,37,38,39,40,41,42,43,44,45,46,47,48,85,106,107,2,49,86,92,93,94,95,87,50,51,52,53,54,55,88,96,97,98,99,89,56,57,58,59,60,61,90,100,101,102,103,91,115,116,117,118,114,62,63,64,65,66,67,68,69,70,71,72,73,74,75,76,77,78,79,80,81,82,83,84,104,105,110,111,112,113,108,109
1,3,4,5,6,7,8,9,10,11,12,13,14,15,16,17,18,19,20,21,22,23,24,25,26,27,28,29,30,31,32,33,34,35,36,37,38,39,40,41,42,43,44,45,46,47,48,85,106,107,2,49,86,92,93,94,95,87,50,51,52,53,54,55,88,96,97,98,99,89,56,57,58,59,60,61,90,100,101,102,103,91,115,116,117,118,114,62,63,64,65,66,67,68,69,70,71,72,73,74,75,76,77,78,79,80,81,82,83,84,104,105,110,111,112,113,108,109
1,3,4,5,6,7,8,9,10,11,12,13,14,15,16,17,18,19,20,21,22,23,24,25,26,27,28,29,30,31,32,33,34,35,36,37,38,39,40,41,42,43,44,45,46,47,48,85,106,107,2,49,86,92,93,94,95,87,50,51,52,53,54,55,88,96,97,98,99,89,56,57,58,59,60,61,90,100,101,102,103,91,115,116,117,118,114,62,63,64,65,66,67,68,69,70,71,72,73,74,75,76,77,78,79,80,81,82,83,84,104,105,110,111,112,113,108,109
1,3,4,5,6,7,8,9,10,11,12,13,14,15,16,17,18,19,20,21,22,23,24,25,26,27,28,29,30,31,32,33,34,35,36,37,38,39,40,41,42,43,44,45,46,47,48,85,106,107,2,49,86,92,93,94,95,87,50,51,52,53,54,55,88,96,97,98,99,89,56,57,58,59,60,61,90,100,101,102,103,91,115,116,117,118,114,62,63,64,65,66,67,68,69,70,71,72,73,74,75,76,77,78,79,80,81,82,83,84,104,105,110,111,112,113,108,109
1,3,4,5,6,7,8,9,10,11,12,13,14,15,16,17,18,19,20,21,22,23,24,25,26,27,28,29,30,31,32,33,34,35,36,37,38,39,40,41,42,43,44,45,46,47,48,85,106,107,119,2,49,86,92,93,94,95,87,50,51,52,53,54,55,88,96,97,98,99,89,56,57,58,59,60,61,90,100,101,102,103,91,115,116,117,118,114,62,63,64,65,66,67,68,69,70,71,72,73,74,75,76,77,78,79,80,81,82,83,84,104,105,110,111,112,113,108,109
1,3,4,5,6,7,8,9,10,11,12,13,14,15,16,17,18,19,20,21,22,23,24,25,26,27,28,29,30,31,32,33,34,35,36,37,38,39,40,41,42,43,44,45,46,47,48,85,106,107,119,2,49,86,92,93,94,95,87,50,51,52,53,54,55,88,96,97,98,99,89,120,56,57,58,59,60,61,90,100,101,102,103,91,115,116,117,118,114,62,63,64,65,66,67,68,69,70,71,72,73,74,75,76,77,78,79,80,81,82,83,84,104,105,110,111,112,113,108,109
1,3,4,5,6,7,8,9,10,11,12,13,14,15,16,17,18,19,20,21,22,23,24,25,26,27,28,29,30,31,32,33,34,35,36,37,38,39,40,41,42,43,44,45,46,47,48,85,106,107,119,2,49,86,92,93,94,95,87,121,50,51,52,53,54,55,88,96,97,98,99,89,122,123,124,125,120,56,57,58,59,60,61,90,100,101,102,103,91,115,116,117,118,114,62,63,64,65,66,67,68,69,70,71,72,73,74,75,76,77,78,79,80,81,82,83,84,104,105,110,111,112,113,108,109
1,3,4,5,6,7,8,9,10,11,12,13,14,15,16,17,18,19,20,21,22,23,24,25,26,27,28,29,30,31,32,33,34,35,36,37,38,39,40,41,42,43,44,45,46,47,48,85,106,107,119,2,49,86,92,93,94,95,87,126,127,128,129,121,50,51,52,53,54,55,88,96,97,98,99,89,122,123,124,125,120,56,57,58,59,60,61,90,100,101,102,103,91,115,116,117,118,114,62,63,64,65,66,67,68,69,70,71,72,73,74,75,76,77,78,79,80,81,82,83,84,104,105,110,111,112,113,108,109
1,3,4,5,6,7,8,9,10,11,12,13,14,15,16,17,18,19,20,21,22,23,24,25,26,27,28,29,30,31,32,33,34,35,36,37,38,39,40,41,42,43,44,45,46,47,48,85,106,107,119,2,49,86,92,93,94,95,87,126,127,128,129,121,50,51,52,53,54,55,88,96,97,98,99,89,122,123,124,125,120,56,57,58,59,60,61,90,100,101,102,103,91,115,116,117,118,114,62,63,64,65,66,67,68,69,70,71,72,73,74,75,76,77,78,79,80,81,82,83,84,104,105,110,111,112,113,108,109
1,3,4,5,6,7,8,9,10,11,12,13,14,15,16,17,18,19,20,21,22,23,24,25,26,27,28,29,30,31,32,33,34,35,36,37,38,39,40,41,42,43,44,45,46,47,48,85,106,107,119,2,49,86,92,93,94,95,87,126,127,128,129,121,50,51,52,53,54,55,88,96,97,98,99,89,122,123,124,125,120,56,57,58,59,60,61,90,100,101,102,103,91,115,116,117,118,114,62,63,64,65,66,67,68,69,70,71,72,73,74,75,76,77,78,79,80,81,82,83,84,104,105,110,111,112,113,108,109
1,3,4,5,6,7,8,9,10,11,12,13,14,15,16,17,18,19,20,21,22,23,24,25,26,27,28,29,30,31,32,33,34,35,36,37,38,39,40,41,42,43,44,45,46,47,48,85,106,107,119,2,49,86,92,93,94,95,87,126,127,128,129,121,50,51,52,53,54,55,88,96,97,98,99,89,122,123,124,125,120,56,57,58,59,60,61,90,100,101,102,103,91,115,116,117,118,114,62,63,64,65,66,67,68,69,70,71,72,73,74,75,76,77,78,79,80,81,82,83,84,104,105,110,111,112,113,108,109
1,3,4,5,6,7,8,9,10,11,12,13,14,15,16,17,18,19,20,21,22,23,24,25,26,27,28,29,30,31,32,33,34,35,36,37,38,39,40,41,42,43,44,45,46,47,48,85,106,107,119,2,49,86,92,93,94,95,87,126,127,128,129,121,50,51,52,53,54,55,88,96,97,98,99,89,122,123,124,125,120,56,57,58,59,60,61,90,100,101,102,103,91,115,116,117,118,114,62,63,64,65,66,67,68,69,70,71,72,73,74,75,76,77,78,79,80,81,82,83,84,104,105,110,111,112,113,108,109
1,3,4,5,6,7,8,9,10,11,12,13,14,15,16,17,18,19,20,21,22,23,24,25,26,27,28,29,30,31,32,33,34,35,36,37,38,39,40,41,42,43,44,45,46,47,48,85,106,107,119,2,49,86,92,93,94,95,87,126,127,128,129,121,50,51,52,53,54,55,88,96,97,98,99,89,122,123,124,125,120,56,57,58,59,60,61,90,100,101,102,103,91,115,116,117,118,114,62,63,64,65,66,67,68,69,70,71,72,73,74,75,76,77,78,79,80,81,82,83,84,104,105,110,111,112,113,108,109
1,3,4,5,6,7,8,9,10,11,12,13,14,15,16,17,18,19,20,21,22,23,24,25,26,27,28,29,30,31,32,33,34,35,36,37,38,39,40,41,42,43,44,45,46,47,48,85,106,107,119,2,49,86,92,93,94,95,87,126,127,128,129,121,50,51,52,53,54,55,88,96,97,98,99,89,122,123,124,125,120,56,57,58,59,60,61,90,100,101,102,103,91,115,116,117,118,114,62,63,64,65,66,67,68,69,70,71,72,73,74,75,76,77,78,79,80,81,82,83,84,104,105,110,111,112,113,108,109
1,3,4,5,6,7,8,9,10,11,12,13,14,15,16,17,18,19,20,21,22,23,24,25,26,27,28,29,30,31,32,33,34,35,36,37,38,39,40,41,42,43,44,45,46,47,48,85,106,107,119,2,49,86,92,93,94,95,87,126,127,128,129,121,50,51,52,53,54,55,88,96,97,98,99,89,122,123,124,125,120,56,57,58,59,60,61,90,100,101,102,103,91,115,116,117,118,114,62,63,64,65,66,67,68,69,70,71,72,73,74,75,76,77,78,79,80,81,82,83,84,104,105,110,111,112,113,108,109
1,3,4,5,6,7,8,9,10,11,12,13,14,15,16,17,18,19,20,21,22,23,24,25,26,27,28,29,30,31,32,33,34,35,36,37,38,39,40,41,42,43,44,45,46,47,48,85,106,107,119,2,49,86,92,93,94,95,87,126,127,128,129,121,50,51,52,53,54,55,88,96,97,98,99,89,122,123,124,125,120,56,57,58,59,60,61,90,100,101,102,103,91,115,116,117,118,114,62,63,64,65,66,67,68,69,70,71,72,73,74,75,76,77,78,79,80,81,82,83,84,104,105,110,111,112,113,108,109
1,3,4,5,6,7,8,9,10,11,12,13,14,15,16,17,18,19,20,21,22,23,24,25,26,27,28,29,30,31,32,33,34,35,36,37,38,39,40,41,42,43,44,45,46,47,48,85,106,107,119,2,49,86,92,93,94,95,87,126,127,128,129,121,50,51,52,53,54,55,88,96,97,98,99,89,122,123,124,125,120,56,57,58,59,60,61,90,100,101,102,103,91,115,116,117,118,114,62,63,64,65,66,67,68,69,70,71,72,73,74,75,76,77,78,79,80,81,82,83,84,104,105,110,111,112,113,108,109
1,3,4,5,6,7,8,9,10,11,12,13,14,15,16,17,18,19,20,21,22,23,24,25,26,27,28,29,30,31,32,33,34,35,36,37,38,39,40,41,42,43,44,45,46,47,48,85,106,107,119,2,49,86,92,93,94,95,87,126,127,128,129,121,50,51,52,53,54,55,88,96,97,98,99,89,122,123,124,125,120,56,57,58,59,60,61,90,100,101,102,103,91,115,116,117,118,114,62,63,64,65,66,67,68,69,70,71,72,73,74,75,76,77,78,79,80,81,82,83,84,104,105,110,111,112,113,108,109
1,3,4,5,6,7,8,9,10,11,12,13,14,15,16,17,18,19,20,21,22,23,24,25,26,27,28,29,30,31,32,33,34,35,36,37,38,39,40,41,42,43,44,45,46,47,48,85,106,107,119,2,49,86,92,93,94,95,87,126,127,128,129,121,50,51,52,53,54,55,88,96,97,98,99,89,122,123,124,125,120,56,57,58,59,60,61,90,100,101,102,103,91,115,116,117,118,114,62,63,64,65,66,67,68,69,70,71,72,73,74,75,76,77,78,79,80,81,82,83,84,104,105,110,111,112,113,108,109
1,3,4,5,6,7,8,9,10,11,12,13,14,15,16,17,18,19,20,21,22,23,24,25,26,27,28,29,30,31,32,33,34,35,36,37,38,39,40,41,42,43,44,45,46,47,48,85,106,107,119,2,49,86,92,93,94,95,87,126,127,128,129,121,50,51,52,53,54,55,88,96,97,98,99,89,122,123,124,125,120,56,57,58,59,60,61,90,100,101,102,103,91,115,116,117,118,114,62,63,64,65,66,67,68,69,70,71,72,73,74,75,76,77,78,79,80,81,82,83,84,104,105,110,111,112,113,108,109
1,3,4,5,6,7,8,9,10,11,12,13,14,15,16,17,18,19,20,21,22,23,24,25,26,27,28,29,30,31,32,33,34,35,36,37,38,39,40,41,42,43,44,45,46,47,48,85,106,107,119,2,49,86,92,93,94,95,87,126,127,128,129,121,50,51,52,53,54,55,88,96,97,98,99,89,122,123,124,125,120,56,57,58,59,60,61,90,100,101,102,103,91,115,116,117,118,114,62,63,64,65,66,67,68,69,70,71,72,73,74,75,76,77,78,79,80,81,82,83,84,104,105,110,111,112,113,108,109
1,3,4,5,6,7,8,9,10,11,12,13,14,15,16,17,18,19,20,21,22,23,24,25,26,27,28,29,30,31,32,33,34,35,36,37,38,39,40,41,42,43,44,45,46,47,48,85,106,107,119,2,49,86,92,93,94,95,87,126,127,128,129,121,50,51,52,53,54,55,88,96,97,98,99,89,122,123,124,125,120,56,57,58,59,60,61,90,100,101,102,103,91,115,116,117,118,114,62,63,64,65,66,67,68,69,70,71,72,73,74,75,76,77,78,79,80,81,82,83,84,104,105,110,111,112,113,108,109
1,3,4,5,6,7,8,9,10,11,12,13,14,15,16,17,18,19,20,21,22,23,24,25,26,27,28,29,30,31,32,33,34,35,36,37,38,39,40,41,42,43,44,45,46,47,48,85,106,107,119,2,49,86,92,93,94,95,87,126,127,128,129,121,50,51,52,53,54,55,88,96,97,98,99,89,122,123,124,125,120,56,57,58,59,60,61,90,100,101,102,103,91,115,116,117,118,114,62,63,64,65,66,67,68,69,70,71,72,73,74,75,76,77,78,79,80,81,82,83,84,104,105,110,111,112,113,108,109
1,3,4,5,6,7,8,9,10,11,12,13,14,15,16,17,18,19,20,21,22,23,24,25,26,27,28,29,30,31,32,33,34,35,36,37,38,39,40,41,42,43,44,45,46,47,48,85,106,107,119,2,49,86,92,93,94,95,87,126,127,128,129,121,50,51,52,53,54,55,88,96,97,98,99,89,122,123,124,125,120,56,57,58,59,60,61,90,100,101,102,103,91,115,116,117,118,114,62,63,64,65,66,67,130,131,68,69,70,71,72,73,74,75,76,77,78,79,80,81,82,83,84,104,105,110,111,112,113,108,109
1,3,4,5,6,7,8,9,10,11,12,13,14,15,16,17,18,19,20,21,22,23,24,25,26,27,28,29,30,31,32,33,34,35,36,37,38,39,40,41,42,43,44,45,46,47,48,85,106,107,119,2,49,86,92,93,94,95,87,126,127,128,129,121,50,51,52,53,54,55,88,96,97,98,99,89,122,123,124,125,120,56,57,58,59,60,61,90,100,101,102,103,91,115,116,117,118,114,62,63,64,65,66,67,130,131,68,69,70,71,72,73,74,75,76,77,78,79,80,81,82,83,84,104,105,110,111,112,113,108,109
1,3,4,5,6,7,8,9,10,11,12,13,14,15,16,17,18,19,20,21,22,23,24,25,26,27,28,29,30,31,32,33,34,35,36,37,38,39,40,41,42,43,44,45,46,47,48,85,106,107,119,2,49,86,92,93,94,95,87,126,127,128,129,121,50,51,52,53,54,55,88,96,97,98,99,89,122,123,124,125,120,56,57,58,59,60,61,90,100,101,102,103,91,115,116,117,118,114,62,63,64,65,66,67,130,132,133,134,135,131,68,69,70,71,72,73,74,75,76,77,78,79,80,81,82,83,84,104,105,110,111,112,113,108,109
1,3,4,5,6,7,8,9,10,11,12,13,14,15,16,17,18,19,20,21,22,23,24,25,26,27,28,29,30,31,32,33,34,35,36,37,38,39,40,41,42,43,44,45,46,47,48,85,106,107,119,2,49,86,92,93,94,95,87,126,127,128,129,121,50,51,52,53,54,55,88,96,97,98,99,89,122,123,124,125,120,56,57,58,59,60,61,90,100,101,102,103,91,115,116,117,118,114,62,63,64,65,66,67,130,132,133,134,135,131,68,69,70,71,72,73,74,75,76,77,78,79,80,81,82,83,84,104,105,110,111,112,113,108,109
1,3,4,5,6,7,8,9,10,11,12,13,14,15,16,17,18,19,20,21,22,23,24,25,26,27,28,29,30,31,32,33,34,35,36,37,38,39,40,41,42,43,44,45,46,47,48,85,106,107,119,2,49,86,92,93,94,95,87,126,127,128,129,121,50,51,52,53,54,55,88,96,97,98,99,89,122,123,124,125,120,56,57,58,59,60,61,90,100,101,102,103,91,115,116,117,118,114,62,63,64,65,66,67,130,132,133,134,135,131,68,69,70,71,72,73,74,75,76,77,78,79,80,81,82,83,84,104,105,110,111,112,113,108,109
1,3,4,5,6,7,8,9,10,11,12,13,14,15,16,17,18,19,20,21,22,23,24,25,26,27,28,29,30,31,32,33,34,35,36,37,38,39,40,41,42,43,44,45,46,47,48,85,106,107,119,136,2,49,86,92,93,94,95,87,126,127,128,129,121,50,51,52,53,54,55,88,96,97,98,99,89,122,123,124,125,120,56,57,58,59,60,61,90,100,101,102,103,91,115,116,117,118,114,62,63,64,65,66,67,130,132,133,134,135,131,68,69,70,71,72,73,74,75,76,77,78,79,80,81,82,83,84,104,105,110,111,112,113,108,109
1,3,4,5,6,7,8,9,10,11,12,13,14,15,16,17,18,19,20,21,22,23,24,25,26,27,28,29,30,31,32,33,34,35,36,37,38,39,40,41,42,43,44,45,46,47,48,85,106,107,119,136,2,49,86,92,93,94,95,87,126,127,128,129,121,50,51,52,53,54,55,88,96,97,98,99,89,122,123,124,125,120,56,57,58,59,60,61,90,100,101,102,103,91,115,116,117,118,114,62,63,64,65,66,67,130,132,133,134,135,131,68,69,70,71,72,73,74,75,76,77,78,79,80,81,82,83,84,104,105,110,111,112,113,108,109
1,3,4,5,6,7,8,9,10,11,12,13,14,15,16,17,18,19,20,21,22,23,24,25,26,27,28,29,30,31,32,33,34,35,36,37,38,39,40,41,42,43,44,45,46,47,48,85,106,107,119,136,2,49,86,92,93,94,95,87,126,127,128,129,121,50,51,52,53,54,55,88,96,97,98,99,89,122,123,124,125,120,56,57,58,59,60,61,90,100,101,102,103,91,115,116,117,118,114,62,63,64,65,66,67,130,132,133,134,135,131,68,69,70,71,72,73,74,75,76,77,78,79,80,81,82,83,84,104,105,110,111,112,113,108,109
1,3,4,5,6,7,8,9,10,11,12,13,14,15,16,17,18,19,20,21,22,23,24,25,26,27,28,29,30,31,32,33,34,35,36,37,38,39,40,41,42,43,44,45,46,47,48,85,106,107,119,136,2,49,86,92,93,94,95,87,126,127,128,129,121,50,51,52,53,54,55,88,96,97,98,99,89,122,123,124,125,120,56,57,58,59,60,61,90,100,101,102,103,91,115,116,117,118,114,62,63,64,65,66,67,130,132,133,134,135,131,68,69,70,71,72,73,74,75,76,77,78,79,80,81,82,83,84,104,105,110,111,112,113,108,109
1,3,4,5,6,7,8,9,10,11,12,13,14,15,16,17,18,19,20,21,22,23,24,25,26,27,28,29,30,31,32,33,34,35,36,37,38,39,40,41,42,43,44,45,46,47,48,85,106,107,119,136,2,49,86,92,93,94,95,87,126,127,128,129,121,50,51,52,53,54,55,88,96,97,98,99,89,122,123,124,125,120,56,57,58,59,60,61,90,100,101,102,103,91,115,116,117,118,114,62,63,64,65,66,67,130,132,133,134,135,131,68,69,70,71,72,73,74,75,76,77,78,79,80,81,82,83,84,104,105,110,111,112,113,108,109
1,3,4,5,6,7,8,9,10,11,12,13,14,15,16,17,18,19,20,21,22,23,24,25,26,27,28,29,30,31,32,33,34,35,36,37,38,39,40,41,42,43,44,45,46,47,48,85,106,107,119,136,2,49,86,92,93,94,95,87,126,127,128,129,121,50,51,52,53,54,55,88,96,97,98,99,89,122,123,124,125,120,56,57,58,59,60,61,90,100,101,102,103,91,115,116,117,118,114,62,63,64,65,66,67,130,132,133,134,135,131,68,69,70,71,72,73,74,75,76,77,78,79,80,81,82,83,84,104,105,110,111,112,113,108,109
1,3,4,5,6,7,8,9,10,11,12,13,14,15,16,17,18,19,20,21,22,23,24,25,26,27,28,29,30,31,32,33,34,35,36,37,38,39,40,41,42,43,44,45,46,47,48,85,106,107,119,136,2,49,86,92,93,94,95,87,126,127,128,129,121,50,51,52,53,54,55,88,96,97,98,99,89,122,123,124,125,120,56,57,58,59,60,61,90,100,101,102,103,91,115,116,117,118,114,62,63,64,65,66,67,130,132,133,134,135,131,68,69,70,71,72,73,74,75,76,77,78,79,80,81,82,83,84,104,105,110,111,112,113,108,109
1,3,4,5,6,7,8,9,10,11,12,13,14,15,16,17,18,19,20,21,22,23,24,25,26,27,28,29,30,31,32,33,34,35,36,37,38,39,40,41,42,43,44,45,46,47,48,85,106,107,119,136,2,49,86,92,93,94,95,87,126,127,128,129,121,50,51,52,53,54,55,88,96,97,98,99,89,122,123,124,125,120,56,57,58,59,60,61,90,100,101,102,103,91,115,116,117,118,114,62,63,64,65,66,67,130,132,133,134,135,131,68,69,70,71,72,73,74,75,76,77,78,79,80,81,82,83,84,104,105,110,111,112,113,108,109
1,3,4,5,6,7,8,9,10,11,12,13,14,15,16,17,18,19,20,21,22,23,24,25,26,27,28,29,30,31,32,33,34,35,36,37,38,39,40,41,42,43,44,45,46,47,48,85,106,107,119,136,2,49,86,92,93,94,95,87,126,127,128,129,121,50,51,52,53,54,55,88,96,97,98,99,89,122,123,124,125,120,56,57,58,59,60,61,90,100,101,102,103,91,115,116,117,118,114,62,63,64,65,66,67,130,132,133,134,135,131,68,69,70,71,72,73,74,75,76,77,78,79,80,81,82,83,84,104,105,110,111,112,113,108,109
1,3,4,5,6,7,8,9,10,11,12,13,14,15,16,17,18,19,20,21,22,23,24,25,26,27,28,29,30,31,32,33,34,35,36,37,38,39,40,41,42,43,44,45,46,47,48,85,106,107,119,136,2,49,86,92,93,94,95,87,126,127,128,129,121,50,51,52,53,54,55,88,96,97,98,99,89,122,123,124,125,120,56,57,58,59,60,61,90,100,101,102,103,91,115,116,117,118,114,62,63,64,65,66,67,130,132,133,134,135,131,68,69,70,71,72,73,74,75,76,77,78,79,80,81,82,83,84,104,105,110,111,112,113,108,109
1,3,4,5,6,7,8,9,10,11,12,13,14,15,16,17,18,19,20,21,22,23,24,25,26,27,28,29,30,31,32,33,34,35,36,37,38,39,40,41,42,43,44,45,46,47,48,85,106,107,119,136,2,49,86,92,93,94,95,87,126,127,128,129,121,50,51,52,53,54,55,88,96,97,98,99,89,122,123,124,125,120,56,57,58,59,60,61,90,100,101,102,103,91,115,116,117,118,114,62,63,64,65,66,67,130,132,133,134,135,131,68,69,70,71,72,73,74,75,76,77,78,79,80,81,82,83,84,104,105,110,111,112,113,108,109
1,3,4,5,6,7,8,9,10,11,12,13,14,15,16,17,18,19,20,21,22,23,24,25,26,27,28,29,30,31,32,33,34,35,36,37,38,39,40,41,42,43,44,45,46,47,48,85,106,107,119,136,2,49,86,92,93,94,95,87,126,127,128,129,121,50,51,52,53,54,55,88,96,97,98,99,89,122,123,124,125,120,56,57,58,59,60,61,90,100,101,102,103,91,115,116,117,118,114,62,63,64,65,66,67,130,132,133,134,135,131,68,69,70,71,72,73,74,75,76,77,78,79,80,81,82,83,84,104,105,110,111,112,113,108,109
1,3,4,5,6,7,8,9,10,11,12,13,14,15,16,17,18,19,20,21,22,23,24,25,26,27,28,29,30,31,32,33,34,35,36,37,38,39,40,41,42,43,44,45,46,47,48,85,106,107,119,136,2,49,86,92,93,94,95,87,126,127,128,129,121,50,51,52,53,54,55,88,96,97,98,99,89,122,123,124,125,120,56,57,58,59,60,61,90,100,101,102,103,91,115,116,117,118,114,62,63,64,65,66,67,130,132,133,134,135,131,68,69,70,71,72,73,74,75,76,77,78,79,80,81,82,83,84,104,105,110,111,112,113,108,109
1,3,4,5,6,7,8,9,10,11,12,13,14,15,16,17,18,19,20,21,22,23,24,25,26,27,28,29,30,31,32,33,34,35,36,37,38,39,40,41,42,43,44,45,46,47,48,85,106,107,119,136,2,49,86,92,93,94,95,87,126,127,128,129,121,50,51,52,53,54,55,88,96,97,98,99,89,122,123,124,125,120,56,57,58,59,60,61,90,100,101,102,103,91,115,116,117,118,114,62,63,64,65,66,67,130,132,133,134,135,131,68,69,70,71,72,73,74,75,76,77,78,79,80,81,82,83,84,104,105,110,111,112,113,108,109
1,3,4,5,6,7,8,9,10,11,12,13,14,15,16,17,18,19,20,21,22,23,24,25,26,27,28,29,30,31,32,33,34,35,36,37,38,39,40,41,42,43,44,45,46,47,48,85,106,107,119,136,2,49,86,92,93,94,95,87,126,127,128,129,121,50,51,52,53,54,55,88,96,97,98,99,89,122,123,124,125,120,56,57,58,59,60,61,90,100,101,102,103,91,115,116,117,118,114,62,63,64,65,66,67,130,132,133,134,135,131,68,69,70,71,72,73,74,75,76,77,78,79,80,81,82,83,84,104,105,110,111,112,113,108,109
1,3,4,5,6,7,8,9,10,11,12,13,14,15,16,17,18,19,20,21,22,23,24,25,26,27,28,29,30,31,32,33,34,35,36,37,38,39,40,41,42,43,44,45,46,47,48,85,106,107,119,136,2,49,86,92,93,94,95,87,126,127,128,129,121,50,51,52,53,54,55,88,96,97,98,99,89,122,123,124,125,120,56,57,58,59,60,61,90,100,101,102,103,91,115,116,117,118,114,62,63,64,65,66,67,130,132,133,134,135,131,68,69,70,71,72,73,74,75,76,77,78,79,80,81,82,83,84,104,105,110,111,112,113,108,109
1,3,4,5,6,7,8,9,10,11,12,13,14,15,16,17,18,19,20,21,22,23,24,25,26,27,28,29,30,31,32,33,34,35,36,37,38,39,40,41,42,43,44,45,46,47,48,85,106,107,119,136,2,49,86,92,93,94,95,87,126,127,128,129,121,50,51,52,53,54,55,88,96,97,98,99,89,122,123,124,125,120,56,57,58,59,60,61,90,100,101,102,103,91,115,116,117,118,114,62,63,64,65,66,67,130,132,133,134,135,131,68,69,70,71,72,73,74,75,76,77,78,79,80,81,82,83,84,104,105,110,111,112,113,108,109
1,3,4,5,6,7,8,9,10,11,12,13,14,15,16,17,18,19,20,21,22,23,24,25,26,27,28,29,30,31,32,33,34,35,36,37,38,39,40,41,42,43,44,45,46,47,48,85,106,107,119,136,2,49,86,92,93,94,95,87,126,127,128,129,121,50,51,52,53,54,55,88,96,97,98,99,89,122,123,124,125,120,56,57,58,59,60,61,90,100,101,102,103,91,115,116,117,118,114,62,63,64,65,66,67,130,132,133,134,135,131,68,69,70,71,72,73,74,75,76,77,78,79,80,81,82,83,84,104,105,110,111,112,113,108,109
1,3,4,5,6,7,8,9,10,11,12,13,14,15,16,17,18,19,20,21,22,23,24,25,26,27,28,29,30,31,32,33,34,35,36,37,38,39,40,41,42,43,44,45,46,47,48,85,106,107,119,136,2,49,86,92,93,94,95,87,126,127,128,129,121,50,51,52,53,54,55,88,96,97,98,99,89,122,123,124,125,120,56,57,58,59,60,61,90,100,101,102,103,91,115,116,117,118,114,62,63,64,65,66,67,130,132,133,134,135,131,68,69,70,71,72,73,74,75,76,77,78,79,80,81,82,83,84,104,105,110,111,112,113,108,109
1,3,4,5,6,7,8,9,10,11,12,13,14,15,16,17,18,19,20,21,22,23,24,25,26,27,28,29,30,31,32,33,34,35,36,37,38,39,40,41,42,43,44,45,46,47,48,85,106,107,119,136,2,49,86,92,93,94,95,87,126,127,128,129,121,50,51,52,53,54,55,88,96,97,98,99,89,122,123,124,125,120,56,57,58,59,60,61,90,100,101,102,103,91,115,116,117,118,114,62,63,64,65,66,67,130,132,133,134,135,131,68,69,70,71,72,73,74,75,76,77,78,79,80,81,82,83,84,104,105,110,111,112,113,108,109
1,3,4,5,6,7,8,9,10,11,12,13,14,15,16,17,18,19,20,21,22,23,24,25,26,27,28,29,30,31,32,33,34,35,36,37,38,39,40,41,42,43,44,45,46,47,48,85,106,107,119,136,2,49,86,92,93,94,95,87,126,127,128,129,121,50,51,52,53,54,55,88,96,97,98,99,89,122,123,124,125,120,56,57,58,59,60,61,90,100,101,102,103,91,115,116,117,118,114,62,63,64,65,66,67,130,132,133,134,135,131,68,69,70,71,72,73,74,75,76,77,78,79,80,81,82,83,84,104,105,110,111,112,113,108,109
1,3,4,5,6,7,8,9,10,11,12,13,14,15,16,17,18,19,20,21,22,23,24,25,26,27,28,29,30,31,32,33,34,35,36,37,38,39,40,41,42,43,44,45,46,47,48,85,106,107,119,136,2,49,86,92,93,94,95,87,126,127,128,129,121,50,51,52,53,54,55,88,96,97,98,99,89,122,123,124,125,120,56,57,58,59,60,61,90,100,101,102,103,91,115,116,117,118,114,62,63,64,65,66,67,130,132,133,134,135,131,68,69,70,71,72,73,74,75,76,77,78,79,80,81,82,83,84,104,105,110,111,112,113,108,109
1,3,4,5,6,7,8,9,10,11,12,13,14,15,16,17,18,19,20,21,22,23,24,25,26,27,28,29,30,31,32,33,34,35,36,37,38,39,40,41,42,43,44,45,46,47,48,85,106,107,119,136,2,49,86,92,93,94,95,87,126,127,128,129,121,50,51,52,53,54,55,88,96,97,98,99,89,122,123,124,125,120,56,57,58,59,60,61,90,100,101,102,103,91,115,116,117,118,114,62,63,64,65,66,67,130,132,133,134,135,131,68,69,70,71,72,73,74,75,76,77,78,79,80,81,82,83,84,104,105,110,111,112,113,108,109
1,3,4,5,6,7,8,9,10,11,12,13,14,15,16,17,18,19,20,21,22,23,24,25,26,27,28,29,30,31,32,33,34,35,36,37,38,39,40,41,42,43,44,45,46,47,48,85,106,107,119,136,2,49,86,92,93,94,95,87,126,127,128,129,121,50,51,52,53,54,55,88,96,97,98,99,89,122,123,124,125,120,56,57,58,59,60,61,90,100,101,102,103,91,115,116,117,118,114,62,63,64,65,66,67,130,132,133,134,135,131,68,69,70,71,72,73,74,75,76,77,78,79,80,81,82,83,84,104,105,110,111,112,113,108,109
1,3,4,5,6,7,8,9,10,11,12,13,14,15,16,17,18,19,20,21,22,23,24,25,26,27,28,29,30,31,32,33,34,35,36,37,38,39,40,41,42,43,44,45,46,47,48,85,106,107,119,136,137,2,49,86,92,93,94,95,87,126,127,128,129,121,50,51,52,53,54,55,88,96,97,98,99,89,122,123,124,125,120,56,57,58,59,60,61,90,100,101,102,103,91,115,116,117,118,114,62,63,64,65,66,67,130,132,133,134,135,131,68,69,70,71,72,73,74,75,76,77,78,79,80,81,82,83,84,104,105,110,111,112,113,108,109
1,3,4,5,6,7,8,9,10,11,12,13,14,15,16,17,18,19,20,21,22,23,24,25,26,27,28,29,30,31,32,33,34,35,36,37,38,39,40,41,42,43,44,45,46,47,48,85,106,107,119,136,137,2,49,86,92,93,94,95,87,126,127,128,129,121,50,51,52,53,54,55,88,96,97,98,99,89,122,123,124,125,120,56,57,58,59,60,61,90,100,101,102,103,91,115,116,117,118,114,62,63,64,65,66,67,130,132,133,134,135,131,68,69,70,71,72,73,74,75,76,77,78,79,80,81,82,83,84,104,105,110,111,112,113,108,109
1,3,4,5,6,7,8,9,10,11,12,13,14,15,16,17,18,19,20,21,22,23,24,25,26,27,28,29,30,31,32,33,34,35,36,37,38,39,40,41,42,43,44,45,46,47,48,85,106,107,119,136,137,2,49,86,92,93,94,95,87,126,127,128,129,121,50,51,52,53,54,55,88,96,97,98,99,89,122,123,124,125,120,56,57,58,59,60,61,90,100,101,102,103,91,115,116,117,118,114,62,63,64,65,66,67,130,132,133,134,135,131,68,69,70,71,72,73,74,75,76,77,78,79,80,81,82,83,84,104,105,110,111,112,113,108,109
1,3,4,5,6,7,8,9,10,11,12,13,14,15,16,17,18,19,20,21,22,23,24,25,26,27,28,29,30,31,32,33,34,35,36,37,38,39,40,41,42,43,44,45,46,47,48,85,106,107,119,136,137,2,49,86,92,93,94,95,87,126,127,128,129,121,50,51,52,53,54,55,88,96,97,98,99,89,122,123,124,125,120,56,57,58,59,60,61,90,100,101,102,103,91,115,116,117,118,114,62,63,64,65,66,67,130,132,133,134,135,131,68,69,70,71,72,73,74,75,76,77,78,79,80,81,82,83,84,104,105,110,111,112,113,108,109
1,3,4,5,6,7,8,9,10,11,12,13,14,15,16,17,18,19,20,21,22,23,24,25,26,27,28,29,30,31,32,33,34,35,36,37,38,39,40,41,42,43,44,45,46,47,48,85,106,107,119,136,137,2,49,86,92,93,94,95,87,126,127,128,129,121,50,51,52,53,54,55,88,96,97,98,99,89,122,123,124,125,120,56,57,58,59,60,61,90,100,101,102,103,91,115,116,117,118,114,62,63,64,65,66,67,130,132,133,134,135,131,68,69,70,71,72,73,74,75,76,77,78,79,80,81,82,83,84,104,105,110,111,112,113,108,109
1,3,4,5,6,7,8,9,10,11,12,13,14,15,16,17,18,19,20,21,22,23,24,25,26,27,28,29,30,31,32,33,34,35,36,37,38,39,40,41,42,43,44,45,46,47,48,85,106,107,119,136,137,2,49,86,92,93,94,95,87,126,127,128,129,121,50,51,52,53,54,55,88,96,97,98,99,89,122,123,124,125,120,56,57,58,59,60,61,90,100,101,102,103,91,115,116,117,118,114,62,63,64,65,66,67,130,132,133,134,135,131,68,69,70,71,72,73,74,75,76,77,78,79,80,81,82,83,84,104,105,110,111,112,113,108,109
1,3,4,5,6,7,8,9,10,11,12,13,14,15,16,17,18,19,20,21,22,23,24,25,26,27,28,29,30,31,32,33,34,35,36,37,38,39,40,41,42,43,44,45,46,47,48,85,106,107,119,136,137,2,49,86,92,93,94,95,87,126,127,128,129,121,50,51,52,53,54,55,88,96,97,98,99,89,122,123,124,125,120,56,57,58,59,60,61,90,100,101,102,103,91,115,116,117,118,114,62,63,64,65,66,67,130,132,133,134,135,131,68,69,70,71,72,73,74,75,76,77,78,79,80,81,82,83,84,104,105,110,111,112,113,108,109
1,3,4,5,6,7,8,9,10,11,12,13,14,15,16,17,18,19,20,21,22,23,24,25,26,27,28,29,30,31,32,33,34,35,36,37,38,39,40,41,42,43,44,45,46,47,48,85,106,107,119,136,137,2,49,86,92,93,94,95,87,126,127,128,129,121,50,51,52,53,54,55,88,96,97,98,99,89,122,123,124,125,120,56,57,58,59,60,61,90,100,101,102,103,91,115,116,117,118,114,62,63,64,65,66,67,130,132,133,134,135,131,68,69,70,71,72,73,74,75,76,77,78,79,80,81,82,83,84,104,105,110,111,112,113,108,109
1,3,4,5,6,7,8,9,10,11,12,13,14,15,16,17,18,19,20,21,22,23,24,25,26,27,28,29,30,31,32,33,34,35,36,37,38,39,40,41,42,43,44,45,46,47,48,85,106,107,119,136,137,2,49,86,92,93,94,95,87,126,127,128,129,121,50,51,52,53,54,55,88,96,97,98,99,89,122,123,124,125,120,56,57,58,59,60,61,90,100,101,102,103,91,115,116,117,118,114,62,63,64,65,66,67,130,132,133,134,135,131,68,69,70,71,72,73,74,75,76,77,78,79,80,81,82,83,84,104,105,110,111,112,113,108,109
1,3,4,5,6,7,8,9,10,11,12,13,14,15,16,17,18,19,20,21,22,23,24,25,26,27,28,29,30,31,32,33,34,35,36,37,38,39,40,41,42,43,44,45,46,47,48,85,106,107,119,136,137,2,49,86,92,93,94,95,87,126,127,128,129,121,50,51,52,53,54,55,88,96,97,98,99,89,122,123,124,125,120,56,57,58,59,60,61,90,100,101,102,103,91,115,116,117,118,114,62,63,64,65,66,67,130,132,133,134,135,131,68,69,70,71,72,73,74,75,76,77,78,79,80,81,82,83,84,104,105,110,111,112,113,108,109
1,3,4,5,6,7,8,9,10,11,12,13,14,15,16,17,18,19,20,21,22,23,24,25,26,27,28,29,30,31,32,33,34,35,36,37,38,39,40,41,42,43,44,45,46,47,48,85,106,107,119,136,137,2,49,86,92,93,94,95,87,126,127,128,129,121,50,51,52,53,54,55,88,96,97,98,99,89,122,123,124,125,120,56,57,58,59,60,61,90,100,101,102,103,91,115,116,117,118,114,62,63,64,65,66,67,130,132,133,134,135,131,68,69,70,71,72,73,74,75,76,77,78,79,80,81,82,83,84,104,105,110,111,112,113,108,109
1,3,4,5,6,7,8,9,10,11,12,13,14,15,16,17,18,19,20,21,22,23,24,25,26,27,28,29,30,31,32,33,34,35,36,37,38,39,40,41,42,43,44,45,46,47,48,85,106,107,119,136,137,2,49,86,92,93,94,95,87,126,127,128,129,121,50,51,52,53,54,55,88,96,97,98,99,89,122,123,124,125,120,56,57,58,59,60,61,90,100,101,102,103,91,115,116,117,118,114,62,63,64,65,66,67,130,132,133,134,135,131,68,69,70,71,72,73,74,75,76,77,78,79,80,81,82,83,84,104,105,110,111,112,113,108,109
1,3,4,5,6,7,8,9,10,11,12,13,14,15,16,17,18,19,20,21,22,23,24,25,26,27,28,29,30,31,32,33,34,35,36,37,38,39,40,41,42,43,44,45,46,47,48,85,106,107,119,136,137,2,49,86,92,93,94,95,87,126,127,128,129,121,50,51,52,53,54,55,88,96,97,98,99,89,122,123,124,125,120,56,57,58,59,60,61,90,100,101,102,103,91,115,116,117,118,114,62,63,64,65,66,67,130,132,133,134,135,131,68,69,70,71,72,73,74,75,76,77,78,79,80,81,82,83,84,104,105,110,111,112,113,108,109
1,3,4,5,6,7,8,9,10,11,12,13,14,15,16,17,18,19,20,21,22,23,24,25,26,27,28,29,30,31,32,33,34,35,36,37,38,39,40,41,42,43,44,45,46,47,48,85,106,107,119,136,137,2,49,86,92,93,94,95,87,126,127,128,129,121,50,51,52,53,54,55,88,96,97,98,99,89,122,123,124,125,120,56,57,58,59,60,61,90,100,101,102,103,91,115,116,117,118,114,62,63,64,65,66,67,130,132,133,134,135,131,68,69,70,71,72,73,74,75,76,77,78,79,80,81,82,83,84,104,105,110,111,112,113,108,109
1,3,4,5,6,7,8,9,10,11,12,13,14,15,16,17,18,19,20,21,22,23,24,25,26,27,28,29,30,31,32,33,34,35,36,37,38,39,40,41,42,43,44,45,46,47,48,85,106,107,119,136,137,2,49,86,92,93,94,95,87,126,127,128,129,121,50,51,52,53,54,55,88,96,97,98,99,89,122,123,124,125,120,56,57,58,59,60,61,90,100,101,102,103,91,115,116,117,118,114,62,63,64,65,66,67,130,132,133,134,135,131,68,69,70,71,72,73,74,75,76,77,78,79,80,81,82,83,84,104,105,110,111,112,113,108,109
1,3,4,5,6,7,8,9,10,11,12,13,14,15,16,17,18,19,20,21,22,23,24,25,26,27,28,29,30,31,32,33,34,35,36,37,38,39,40,41,42,43,44,45,46,47,48,85,106,107,119,136,137,2,49,86,92,93,94,95,87,126,127,128,129,121,50,51,52,53,54,55,88,96,97,98,99,89,122,123,124,125,120,56,57,58,59,60,61,90,100,101,102,103,91,115,116,117,118,114,62,63,64,65,66,67,130,132,133,134,135,131,68,69,70,71,72,73,74,75,76,77,78,79,80,81,82,83,84,104,105,110,111,112,113,108,109
1,3,4,5,6,7,8,9,10,11,12,13,14,15,16,17,18,19,20,21,22,23,24,25,26,27,28,29,30,31,32,33,34,35,36,37,38,39,40,41,42,43,44,45,46,47,48,85,106,107,119,136,137,2,49,86,92,93,94,95,87,126,127,128,129,121,50,51,52,53,54,55,88,96,97,98,99,89,122,123,124,125,120,56,57,58,59,60,61,90,100,101,102,103,91,115,116,117,118,114,62,63,64,65,66,67,130,132,133,134,135,131,68,69,70,71,72,73,74,75,76,77,78,79,80,81,82,83,84,104,105,110,111,112,113,108,109
1,3,4,5,6,7,8,9,10,11,12,13,14,15,16,17,18,19,20,21,22,23,24,25,26,27,28,29,30,31,32,33,34,35,36,37,38,39,40,41,42,43,44,45,46,47,48,85,106,107,119,136,137,2,49,86,92,93,94,95,87,126,127,128,129,121,50,51,52,53,54,55,88,96,97,98,99,89,122,123,124,125,120,56,57,58,59,60,61,90,100,101,102,103,91,115,116,117,118,114,62,63,64,65,66,67,130,132,133,134,135,131,68,69,70,71,72,73,74,75,76,77,78,79,80,81,82,83,84,104,105,110,111,112,113,108,109
1,3,4,5,6,7,8,9,10,11,12,13,14,15,16,17,18,19,20,21,22,23,24,25,26,27,28,29,30,31,32,33,34,35,36,37,38,39,40,41,42,43,44,45,46,47,48,85,106,107,119,136,137,2,49,86,92,93,94,95,87,126,127,128,129,121,50,51,52,53,54,55,88,96,97,98,99,89,122,123,124,125,120,56,57,58,59,60,61,90,100,101,102,103,91,115,116,117,118,114,62,63,64,65,66,67,130,132,133,134,135,131,68,69,70,71,72,73,74,75,76,77,78,79,80,81,82,83,84,104,105,110,111,112,113,108,109
1,3,4,5,6,7,8,9,10,11,12,13,14,15,16,17,18,19,20,21,22,23,24,25,26,27,28,29,30,31,32,33,34,35,36,37,38,39,40,41,42,43,44,45,46,47,48,85,106,107,119,136,137,2,49,86,92,93,94,95,87,126,127,128,129,121,50,51,52,53,54,55,88,96,97,98,99,89,122,123,124,125,120,56,57,58,59,60,61,90,100,101,102,103,91,115,116,117,118,114,62,63,64,65,66,67,130,132,133,134,135,131,68,69,70,71,72,73,74,75,76,77,78,79,80,81,82,83,84,104,105,110,111,112,113,108,109
1,3,4,5,6,7,8,9,10,11,12,13,14,15,16,17,18,19,20,21,22,23,24,25,26,27,28,29,30,31,32,33,34,35,36,37,38,39,40,41,42,43,44,45,46,47,48,85,106,107,119,136,137,2,49,86,92,93,94,95,87,126,127,128,129,121,50,51,52,53,54,55,88,96,97,98,99,89,122,123,124,125,120,56,57,58,59,60,61,90,100,101,102,103,91,115,116,117,118,114,62,63,64,65,66,67,130,132,133,134,135,131,68,69,70,71,72,73,74,75,76,77,78,79,80,81,82,83,84,104,105,110,111,112,113,108,109,138,139,140,141
1,3,4,5,6,7,8,9,10,11,12,13,14,15,16,17,18,19,20,21,22,23,24,25,26,27,28,29,30,31,32,33,34,35,36,37,38,39,40,41,42,43,44,45,46,47,48,85,106,107,119,136,137,2,49,86,92,93,94,95,87,126,127,128,129,121,50,51,52,53,54,55,88,96,97,98,99,89,122,123,124,125,120,56,57,58,59,60,61,90,100,101,102,103,91,115,116,117,118,114,62,63,64,65,66,67,130,132,133,134,135,131,68,69,70,71,72,73,74,75,76,77,78,79,80,81,82,83,84,104,105,110,111,112,113,108,109,138,139,140,141
1,3,4,5,6,7,8,9,10,11,12,13,14,15,16,17,18,19,20,21,22,23,24,25,26,27,28,29,30,31,32,33,34,35,36,37,38,39,40,41,42,43,44,45,46,47,48,85,106,107,119,136,137,2,49,86,92,93,94,95,87,126,127,128,129,121,50,51,52,53,54,55,88,96,97,98,99,89,122,123,124,125,120,56,57,58,59,60,61,90,100,101,102,103,91,115,116,117,118,114,62,63,64,65,66,67,130,132,133,134,135,131,68,69,70,71,72,73,74,75,76,77,78,79,80,81,82,83,84,104,105,110,111,112,113,108,109,138,139,140,141
1,3,4,5,6,7,8,9,10,11,12,13,14,15,16,17,18,19,20,21,22,23,24,25,26,27,28,29,30,31,32,33,34,35,36,37,38,39,40,41,42,43,44,45,46,47,48,85,106,107,119,136,137,2,49,86,92,93,94,95,87,126,127,128,129,121,50,51,52,53,54,55,88,96,97,98,99,89,122,123,124,125,120,56,57,58,59,60,61,90,100,101,102,103,91,115,116,117,118,114,142,62,63,64,65,66,67,130,132,133,134,135,131,68,69,70,71,72,73,74,75,76,77,78,79,80,81,82,83,84,104,105,110,111,112,113,108,109,138,139,140,141
1,3,4,5,6,7,8,9,10,11,12,13,14,15,16,17,18,19,20,21,22,23,24,25,26,27,28,29,30,31,32,33,34,35,36,37,38,39,40,41,42,43,44,45,46,47,48,85,106,107,119,136,137,143,2,49,86,92,93,94,95,87,126,127,128,129,121,50,51,52,53,54,55,88,96,97,98,99,89,122,123,124,125,120,56,57,58,59,60,61,90,100,101,102,103,91,115,116,117,118,114,144,145,146,147,142,62,63,64,65,66,67,130,132,133,134,135,131,148,68,69,70,71,72,73,74,75,76,77,78,79,80,81,82,83,84,104,105,110,111,112,113,108,109,138,139,140,141
1,3,4,5,6,7,8,9,10,11,12,13,14,15,16,17,18,19,20,21,22,23,24,25,26,27,28,29,30,31,32,33,34,35,36,37,38,39,40,41,42,43,44,45,46,47,48,85,106,107,119,136,137,143,2,49,86,92,93,94,95,87,126,127,128,129,121,50,51,52,53,54,55,88,96,97,98,99,89,122,123,124,125,120,56,57,58,59,60,61,90,100,101,102,103,91,115,116,117,118,114,144,145,146,147,142,62,63,64,65,66,67,130,132,133,134,135,131,149,150,151,152,148,68,69,70,71,72,73,74,75,76,77,78,79,80,81,82,83,84,104,105,110,111,112,113,108,109,138,139,140,141
1,3,4,5,6,7,8,9,10,11,12,13,14,15,16,17,18,19,20,21,22,23,24,25,26,27,28,29,30,31,32,33,34,35,36,37,38,39,40,41,42,43,44,45,46,47,48,85,106,107,119,136,137,143,2,49,86,92,93,94,95,87,126,127,128,129,121,50,51,52,53,54,55,88,96,97,98,99,89,122,123,124,125,120,56,57,58,59,60,61,90,100,101,102,103,91,115,116,117,118,114,144,145,146,147,142,62,63,64,65,66,67,130,132,133,134,135,131,149,150,151,152,148,68,69,70,71,72,73,74,75,76,77,78,79,80,81,82,83,84,104,105,110,111,112,113,108,109,138,139,140,141
1,3,4,5,6,7,8,9,10,11,12,13,14,15,16,17,18,19,20,21,22,23,24,25,26,27,28,29,30,31,32,33,34,35,36,37,38,39,40,41,42,43,44,45,46,47,48,85,106,107,119,136,137,143,2,49,86,92,93,94,95,87,126,127,128,129,121,50,51,52,53,54,55,88,96,97,98,99,89,122,123,124,125,120,56,57,58,59,60,61,90,100,101,102,103,91,115,116,117,118,114,144,145,146,147,142,62,63,64,65,66,67,130,132,133,134,135,131,149,150,151,152,148,68,69,70,71,72,73,74,75,76,77,78,79,80,81,82,83,84,104,105,110,111,112,113,108,109,138,139,140,141
1,3,4,5,6,7,8,9,10,11,12,13,14,15,16,17,18,19,20,21,22,23,24,25,26,27,28,29,30,31,32,33,34,35,36,37,38,39,40,41,42,43,44,45,46,47,48,85,106,107,119,136,137,143,2,49,86,92,93,94,95,87,126,127,128,129,121,50,51,52,53,54,55,88,96,97,98,99,89,122,123,124,125,120,56,57,58,59,60,61,90,100,101,102,103,91,115,116,117,118,114,144,145,146,147,142,62,63,64,65,66,67,130,132,133,134,135,131,149,150,151,152,148,68,69,70,71,72,73,74,75,76,77,78,79,80,81,82,83,84,104,105,110,111,112,113,108,109,138,139,140,141
1,3,4,5,6,7,8,9,10,11,12,13,14,15,16,17,18,19,20,21,22,23,24,25,26,27,28,29,30,31,32,33,34,35,36,37,38,39,40,41,42,43,44,45,46,47,48,85,106,107,119,136,137,143,2,49,86,92,93,94,95,87,126,127,128,129,121,50,51,52,53,54,55,88,96,97,98,99,89,122,123,124,125,120,56,57,58,59,60,61,90,100,101,102,103,91,115,116,117,118,114,144,145,146,147,142,62,63,64,65,66,67,130,132,133,134,135,131,149,150,151,152,148,68,69,70,71,72,73,74,75,76,77,78,79,80,81,82,83,84,104,105,110,111,112,113,108,109,138,139,140,141
1,3,4,5,6,7,8,9,10,11,12,13,14,15,16,17,18,19,20,21,22,23,24,25,26,27,28,29,30,31,32,33,34,35,36,37,38,39,40,41,42,43,44,45,46,47,48,85,106,107,119,136,137,143,2,49,86,92,93,94,95,87,126,127,128,129,121,50,51,52,53,54,55,88,96,97,98,99,89,122,123,124,125,120,56,57,58,59,60,61,90,100,101,102,103,91,115,116,117,118,114,144,145,146,147,142,62,63,64,65,66,67,130,132,133,134,135,131,149,150,151,152,148,68,69,70,71,72,73,74,75,76,77,78,79,80,81,82,83,84,104,105,110,111,112,113,108,109,138,139,140,141
1,3,4,5,6,7,8,9,10,11,12,13,14,15,16,17,18,19,20,21,22,23,24,25,26,27,28,29,30,31,32,33,34,35,36,37,38,39,40,41,42,43,44,45,46,47,48,85,106,107,119,136,137,143,2,49,86,92,93,94,95,87,126,127,128,129,121,50,51,52,53,54,55,88,96,97,98,99,89,122,123,124,125,120,56,57,58,59,60,61,90,100,101,102,103,91,115,116,117,118,114,144,145,146,147,142,62,63,64,65,66,67,130,132,133,134,135,131,149,150,151,152,148,68,69,70,71,72,73,74,75,76,77,78,79,80,81,82,83,84,104,105,110,111,112,113,108,109,138,139,140,141
1,3,4,5,6,7,8,9,10,11,12,13,14,15,16,17,18,19,20,21,22,23,24,25,26,27,28,29,30,31,32,33,34,35,36,37,38,39,40,41,42,43,44,45,46,47,48,85,106,107,119,136,137,143,2,49,86,92,93,94,95,87,126,127,128,129,121,50,51,52,53,54,55,88,96,97,98,99,89,122,123,124,125,120,56,57,58,59,60,61,90,100,101,102,103,91,115,116,117,118,114,144,145,146,147,142,62,63,64,65,66,67,130,132,133,134,135,131,149,150,151,152,148,68,69,70,71,72,73,74,75,76,77,78,79,80,81,82,83,84,104,105,110,111,112,113,108,109,138,139,140,141
