psi err 

0 , maxErr[5] 2 0.00497476 -1704.14 -1695.71 0 35 nan 0 0 0
1 , maxErr[5] 2 0.00497993 -1701.82 -1693.39 1 35 nan 0 0 0
2 , maxErr[5] 2 0.00498482 -1699.6 -1691.17 2 35 nan 0 0 0
3 , maxErr[5] 2 0.00498976 -1697.35 -1688.93 3 35 nan 0 0 0
4 , maxErr[5] 2 0.00499496 -1695.04 -1686.61 4 35 nan 0 0 0
5 , maxErr[5] 2 0.00500066 -1692.55 -1684.13 5 35 0.00567225 -0.0179342 -0.0178325 0.00570461
6 , maxErr[5] 2 0.00500646 -1690.32 -1681.9 6 35 nan 0 0 0.00570461
7 , maxErr[5] 2 0.00500646 -1650.39 -1642.24 7 35 nan 0 0 0.00570461
8 , maxErr[5] 2 0.00500646 -1597.65 -1589.8 8 35 nan 0 0 0.00570461
9 , maxErr[5] 2 0.00500646 -1545.48 -1537.91 9 35 nan 0 0 0.00570461
10 , maxErr[5] 2 0.00500646 -1491.9 -1484.63 10 35 nan 0 0 0.00570461
11 , maxErr[5] 2 0.00500646 -1438.99 -1432.01 11 35 nan 0 0 0.00570461
12 , maxErr[5] 2 0.00500646 -1385.68 -1378.99 12 35 0.00567055 -0.0197005 -0.0195888 0.00570461
13 , maxErr[5] 2 0.00500646 -1357.98 -1351.43 13 35 nan 0 0 0.00570461
14 , maxErr[5] 2 0.00500646 -1645.97 -1637.86 14 35 0.005673 -0.0217414 -0.021618 0.00570537
15 , maxErr[5] 2 0.00500646 -1616.58 -1608.63 15 35 nan 0 0 0.00570537
16 , maxErr[5] 4 0.00500646 -1706.19 -1697.75 16 35 nan 0 0 0.00570537
17 , maxErr[5] 4 0.00500646 -1708.23 -1699.79 17 35 nan 0 0 0.00570537
18 , maxErr[5] 4 0.00500646 -1710.25 -1701.81 18 35 nan 0 0 0.00570537
19 , maxErr[5] 4 0.00500646 -1712.26 -1703.82 19 35 0.00571354 0.00989687 0.00984033 0.00574637
20 , maxErr[5] 4 0.00500646 -1714.24 -1705.8 20 35 0.00569659 0.00989652 0.00984015 0.00574637
21 , maxErr[5] 4 0.00500646 -1716.18 -1707.75 21 35 0.00567987 0.00989618 0.00983997 0.00574637
22 , maxErr[5] 4 0.00500646 -1718.09 -1709.65 22 35 0.00566339 0.00989584 0.0098398 0.00574637
23 , maxErr[5] 4 0.00500646 -1719.96 -1711.52 23 35 0.00564715 0.00989551 0.00983963 0.00574637
24 , maxErr[5] 4 0.00500646 -1721.8 -1713.36 24 35 0.00563116 0.00989519 0.00983947 0.00574637
25 , maxErr[5] 4 0.00500646 -1723.59 -1715.15 25 35 nan 0 0 0.00574637
26 , maxErr[5] 3 0.00500646 -1706.12 -1697.68 26 35 nan 0 0 0.00574637
27 , maxErr[5] 3 0.00500646 -1707.92 -1699.48 27 35 nan 0 0 0.00574637
28 , maxErr[5] 3 0.00500646 -1709.36 -1700.93 28 35 nan 0 0 0.00574637
29 , maxErr[5] 3 0.00500646 -1710.72 -1702.29 29 35 nan 0 0 0.00574637
30 , maxErr[5] 4 0.00500646 -1706.09 -1697.65 30 35 nan 0 0 0.00574637
31 , maxErr[5] 4 0.00500646 -1707.85 -1699.41 31 35 nan 0 0 0.00574637
32 , maxErr[5] 3 0.00500646 -1706.05 -1697.61 32 35 nan 0 0 0.00574637
33 , maxErr[5] 3 0.00500646 -1707.68 -1699.25 33 35 nan 0 0 0.00574637
34 , maxErr[5] 3 0.00500646 -1709.25 -1700.81 34 35 nan 0 0 0.00574637
35 , maxErr[5] 3 0.00500646 -1710.11 -1701.68 35 35



0 0 0 0 0 0.00574637 0 an: 0 an_old: 0 gco2: 0 gco2_old> 0 ci: 0 ci_old:0 0 0 ks: 0 ksold: 0
1 0 0 0 0 0.00574637 0 an: 0 an_old: 0 gco2: 0 gco2_old> 0 ci: 0 ci_old:0 0 0 ks: 0 ksold: 0
2 0 0 0 0 0.00574637 0 an: 0 an_old: 0 gco2: 0 gco2_old> 0 ci: 0 ci_old:0 0 0 ks: 0 ksold: 0
3 0.00134655 0.00659443 4.93987e-05 0.00213734 0.00574637 0.0057724 an: 3.33559e-05 an_old: 3.34008e-05 gco2: 0.0771538 gco2_old> 0.0766484 ci: 0.000262288 ci_old:0.000262275 -1702.8 -1706.44 ks: 2.82404e-09 ksold: 2.80783e-09
4 0.00137314 0.00659443 4.94393e-05 0.00213734 0.00574637 0.0057724 an: 3.33551e-05 an_old: 3.34009e-05 gco2: 0.0771513 gco2_old> 0.0766472 ci: 0.000262281 ci_old:0.000262268 -1711.85 -1715.45 ks: 2.82394e-09 ksold: 2.80778e-09
5 0.00139936 0.00659443 4.94791e-05 0.00213734 0.00574637 0.0057724 an: 3.33543e-05 an_old: 3.3401e-05 gco2: 0.0771487 gco2_old> 0.0766459 ci: 0.000262274 ci_old:0.000262261 -1713.81 -1717.41 ks: 2.82384e-09 ksold: 2.80773e-09
6 0.00142512 0.00659443 4.95176e-05 0.00213734 0.00574637 0.0057724 an: 3.33536e-05 an_old: 3.34011e-05 gco2: 0.0771463 gco2_old> 0.0766448 ci: 0.000262267 ci_old:0.000262254 -1715.74 -1719.34 ks: 2.82375e-09 ksold: 2.80769e-09
7 0.00145042 0.00659443 4.95549e-05 0.00213734 0.00574637 0.0057724 an: 3.33529e-05 an_old: 3.34012e-05 gco2: 0.0771438 gco2_old> 0.0766436 ci: 0.00026226 ci_old:0.000262247 -1717.63 -1721.23 ks: 2.82366e-09 ksold: 2.80764e-09
8 0.00147523 0.00659443 4.95909e-05 0.00213734 0.00574637 0.0057724 an: 3.33522e-05 an_old: 3.34014e-05 gco2: 0.0771414 gco2_old> 0.0766425 ci: 0.000262253 ci_old:0.00026224 -1719.48 -1723.08 ks: 2.82357e-09 ksold: 2.8076e-09
9 0.00149954 0.00659443 4.96256e-05 0.00213734 0.00574637 0.0057724 an: 3.33515e-05 an_old: 3.34015e-05 gco2: 0.0771391 gco2_old> 0.0766414 ci: 0.000262247 ci_old:0.000262234 -1721.29 -1724.89 ks: 2.82348e-09 ksold: 2.80756e-09
10 0.00149954 0.00659443 4.96256e-05 0.00213734 0.00574637 0.0057724 an: 0 an_old: 0 gco2: 0 gco2_old> 0 ci: 0 ci_old:0 0 0 ks: 0 ksold: 0
11 0.00149954 0.00659443 4.96256e-05 0.00213734 0.00574637 0.0057724 an: 0 an_old: 0 gco2: 0 gco2_old> 0 ci: 0 ci_old:0 0 0 ks: 0 ksold: 0
