psi err 

0 , maxErr[5] 2 1.19401e-06 -1703.92 -1703.92 0 35 nan 0 0 0
1 , maxErr[5] 2 1.19524e-06 -1701.6 -1701.6 1 35 nan 0 0 0
2 , maxErr[5] 2 1.19641e-06 -1699.38 -1699.38 2 35 nan 0 0 0
3 , maxErr[5] 2 1.19759e-06 -1697.13 -1697.14 3 35 nan 0 0 0
4 , maxErr[5] 2 1.19883e-06 -1694.82 -1694.82 4 35 nan 0 0 0
5 , maxErr[5] 2 1.20019e-06 -1692.33 -1692.33 5 35 1.36821e-06 -0.0179316 -0.0179316 1.36821e-06
6 , maxErr[5] 2 1.20158e-06 -1690.1 -1690.1 6 35 nan 0 0 1.36821e-06
7 , maxErr[5] 2 1.20158e-06 -1650.17 -1650.18 7 35 nan 0 0 1.36821e-06
8 , maxErr[5] 2 1.20158e-06 -1597.45 -1597.45 8 35 nan 0 0 1.36821e-06
9 , maxErr[5] 2 1.20158e-06 -1545.28 -1545.28 9 35 nan 0 0 1.36821e-06
10 , maxErr[5] 2 1.20158e-06 -1491.71 -1491.71 10 35 nan 0 0 1.36821e-06
11 , maxErr[5] 2 1.20158e-06 -1438.81 -1438.81 11 35 nan 0 0 1.36821e-06
12 , maxErr[5] 2 1.20158e-06 -1385.51 -1385.51 12 35 1.3678e-06 -0.0196976 -0.0196976 1.36821e-06
13 , maxErr[5] 2 1.20158e-06 -1357.81 -1357.81 13 35 nan 0 0 1.36821e-06
14 , maxErr[5] 2 1.20158e-06 -1645.76 -1645.76 14 35 1.36839e-06 -0.0217381 -0.0217381 1.36839e-06
15 , maxErr[5] 2 1.20158e-06 -1616.37 -1616.37 15 35 nan 0 0 1.36839e-06
16 , maxErr[5] 4 1.20158e-06 -1705.97 -1705.97 16 35 nan 0 0 1.36839e-06
17 , maxErr[5] 4 1.20158e-06 -1708.01 -1708.01 17 35 nan 0 0 1.36839e-06
18 , maxErr[5] 4 1.20158e-06 -1710.03 -1710.03 18 35 nan 0 0 1.36839e-06
19 , maxErr[5] 4 1.20158e-06 -1712.04 -1712.04 19 35 1.37108e-06 0.0098954 0.00989542 1.37108e-06
20 , maxErr[5] 4 1.20158e-06 -1714.02 -1714.02 20 35 1.37113e-06 0.00989505 0.00989507 1.37113e-06
21 , maxErr[5] 4 1.20158e-06 -1715.96 -1715.96 21 35 1.38413e-06 0.00989471 0.00989472 1.38413e-06
22 , maxErr[5] 4 1.20158e-06 -1717.87 -1717.87 22 35 1.37122e-06 0.00989437 0.00989438 1.38413e-06
23 , maxErr[5] 4 1.20158e-06 -1719.74 -1719.74 23 35 1.35831e-06 0.00989404 0.00989405 1.38413e-06
24 , maxErr[5] 4 1.20158e-06 -1721.57 -1721.58 24 35 1.38426e-06 0.00989371 0.00989373 1.38426e-06
25 , maxErr[5] 4 1.20158e-06 -1723.37 -1723.37 25 35 nan 0 0 1.38426e-06
26 , maxErr[5] 3 1.20158e-06 -1705.9 -1705.9 26 35 nan 0 0 1.38426e-06
27 , maxErr[5] 3 1.20158e-06 -1707.69 -1707.7 27 35 nan 0 0 1.38426e-06
28 , maxErr[5] 3 1.20158e-06 -1709.14 -1709.14 28 35 nan 0 0 1.38426e-06
29 , maxErr[5] 3 1.20158e-06 -1710.5 -1710.5 29 35 nan 0 0 1.38426e-06
30 , maxErr[5] 4 1.20158e-06 -1705.87 -1705.87 30 35 nan 0 0 1.38426e-06
31 , maxErr[5] 4 1.20158e-06 -1707.63 -1707.63 31 35 nan 0 0 1.38426e-06
32 , maxErr[5] 3 1.20158e-06 -1705.83 -1705.83 32 35 nan 0 0 1.38426e-06
33 , maxErr[5] 3 1.20158e-06 -1707.46 -1707.46 33 35 nan 0 0 1.38426e-06
34 , maxErr[5] 3 1.20158e-06 -1709.03 -1709.03 34 35 nan 0 0 1.38426e-06
35 , maxErr[5] 3 1.20158e-06 -1709.89 -1709.89 35 35



0 0 0 0 0 1.38426e-06 0 an: 0 an_old: 0 gco2: 0 gco2_old> 0 ci: 0 ci_old:0 0 0 ks: 0 ksold: 0
1 0 0 0 0 1.38426e-06 0 an: 0 an_old: 0 gco2: 0 gco2_old> 0 ci: 0 ci_old:0 0 0 ks: 0 ksold: 0
2 0 0 0 0 1.38426e-06 0 an: 0 an_old: 0 gco2: 0 gco2_old> 0 ci: 0 ci_old:0 0 0 ks: 0 ksold: 0
3 2.96115e-06 1.74335e-06 5.17452e-07 2.2227e-05 1.38426e-06 1.36714e-06 an: 3.33541e-05 an_old: 3.3354e-05 gco2: 0.0771422 gco2_old> 0.0771423 ci: 0.000262258 ci_old:0.000262259 -1711.02 -1710.98 ks: 2.82362e-09 ksold: 2.82362e-09
4 2.96363e-06 1.74476e-06 5.17878e-07 2.2227e-05 1.38426e-06 1.36876e-06 an: 3.33533e-05 an_old: 3.33532e-05 gco2: 0.0771396 gco2_old> 0.0771397 ci: 0.000262251 ci_old:0.000262251 -1720.07 -1720.03 ks: 2.82352e-09 ksold: 2.82352e-09
5 2.96604e-06 1.74613e-06 5.18294e-07 2.2227e-05 1.38426e-06 1.37011e-06 an: 3.33526e-05 an_old: 3.33525e-05 gco2: 0.0771371 gco2_old> 0.0771372 ci: 0.000262244 ci_old:0.000262244 -1722.03 -1721.99 ks: 2.82342e-09 ksold: 2.82343e-09
6 2.96839e-06 1.74746e-06 5.18698e-07 2.2227e-05 1.38426e-06 1.37142e-06 an: 3.33519e-05 an_old: 3.33518e-05 gco2: 0.0771346 gco2_old> 0.0771347 ci: 0.000262237 ci_old:0.000262237 -1723.96 -1723.92 ks: 2.82333e-09 ksold: 2.82333e-09
7 2.97066e-06 1.74874e-06 5.19088e-07 2.2227e-05 1.38426e-06 1.3727e-06 an: 3.33511e-05 an_old: 3.3351e-05 gco2: 0.0771321 gco2_old> 0.0771323 ci: 0.000262231 ci_old:0.000262231 -1725.85 -1725.81 ks: 2.82324e-09 ksold: 2.82324e-09
8 2.97285e-06 1.74998e-06 5.19466e-07 2.2227e-05 1.38426e-06 1.37393e-06 an: 3.33504e-05 an_old: 3.33503e-05 gco2: 0.0771297 gco2_old> 0.0771299 ci: 0.000262224 ci_old:0.000262224 -1727.7 -1727.66 ks: 2.82315e-09 ksold: 2.82315e-09
9 2.97497e-06 1.75118e-06 5.1983e-07 2.2227e-05 1.38426e-06 1.37512e-06 an: 3.33497e-05 an_old: 3.33496e-05 gco2: 0.0771274 gco2_old> 0.0771275 ci: 0.000262217 ci_old:0.000262218 -1729.51 -1729.47 ks: 2.82306e-09 ksold: 2.82307e-09
10 2.97497e-06 1.75118e-06 5.1983e-07 2.2227e-05 1.38426e-06 1.37512e-06 an: 0 an_old: 0 gco2: 0 gco2_old> 0 ci: 0 ci_old:0 0 0 ks: 0 ksold: 0
11 2.97497e-06 1.75118e-06 5.1983e-07 2.2227e-05 1.38426e-06 1.37512e-06 an: 0 an_old: 0 gco2: 0 gco2_old> 0 ci: 0 ci_old:0 0 0 ks: 0 ksold: 0
