psi err 

0 , maxErr[5] 2 0.00214571 -1695.71 -1699.34 0 35 nan 0 0 0
1 , maxErr[5] 2 0.00214795 -1693.39 -1697.02 1 35 nan 0 0 0
2 , maxErr[5] 2 0.00215006 -1691.17 -1694.8 2 35 nan 0 0 0
3 , maxErr[5] 2 0.00215219 -1688.93 -1692.56 3 35 nan 0 0 0
4 , maxErr[5] 2 0.00215443 -1686.61 -1690.25 4 35 nan 0 0 0
5 , maxErr[5] 2 0.00215688 -1684.13 -1687.76 5 35 0.00246051 -0.0178325 -0.0178764 0.00246051
6 , maxErr[5] 2 0.00215939 -1681.9 -1685.53 6 35 nan 0 0 0.00246051
7 , maxErr[5] 2 0.00215939 -1642.24 -1645.76 7 35 nan 0 0 0.00246051
8 , maxErr[5] 2 0.00215939 -1589.8 -1593.19 8 35 nan 0 0 0.00246051
9 , maxErr[5] 2 0.00215939 -1537.91 -1541.18 9 35 nan 0 0 0.00246051
10 , maxErr[5] 2 0.00215939 -1484.63 -1487.77 10 35 nan 0 0 0.00246051
11 , maxErr[5] 2 0.00215939 -1432.01 -1435.02 11 35 nan 0 0 0.00246051
12 , maxErr[5] 2 0.00215939 -1378.99 -1381.88 12 35 0.00245977 -0.0195888 -0.019637 0.00246051
13 , maxErr[5] 2 0.00215939 -1351.43 -1354.26 13 35 nan 0 0 0.00246051
14 , maxErr[5] 2 0.00215939 -1637.86 -1641.36 14 35 0.00246084 -0.021618 -0.0216712 0.00246084
15 , maxErr[5] 2 0.00215939 -1608.63 -1612.06 15 35 nan 0 0 0.00246084
16 , maxErr[5] 4 0.00215939 -1697.75 -1701.39 16 35 nan 0 0 0.00246084
17 , maxErr[5] 4 0.00215939 -1699.79 -1703.43 17 35 nan 0 0 0.00246084
18 , maxErr[5] 4 0.00215939 -1701.81 -1705.45 18 35 nan 0 0 0.00246084
19 , maxErr[5] 4 0.00215939 -1703.82 -1707.46 19 35 0.00249266 0.00984033 0.00986486 0.00249266
20 , maxErr[5] 4 0.00215939 -1705.8 -1709.44 20 35 0.00247968 0.00984015 0.00986455 0.00249266
21 , maxErr[5] 4 0.00215939 -1707.75 -1711.39 21 35 0.00246672 0.00983997 0.00986424 0.00249266
22 , maxErr[5] 4 0.00215939 -1709.65 -1713.29 22 35 0.00245385 0.0098398 0.00986394 0.00249266
23 , maxErr[5] 4 0.00215939 -1711.52 -1715.16 23 35 0.00244104 0.00983963 0.00986365 0.00249266
24 , maxErr[5] 4 0.00215939 -1713.36 -1717 24 35 0.00242835 0.00983947 0.00986336 0.00249266
25 , maxErr[5] 4 0.00215939 -1715.15 -1718.79 25 35 nan 0 0 0.00249266
26 , maxErr[5] 3 0.00215939 -1697.68 -1701.32 26 35 nan 0 0 0.00249266
27 , maxErr[5] 3 0.00215939 -1699.48 -1703.12 27 35 nan 0 0 0.00249266
28 , maxErr[5] 3 0.00215939 -1700.93 -1704.56 28 35 nan 0 0 0.00249266
29 , maxErr[5] 3 0.00215939 -1702.29 -1705.93 29 35 nan 0 0 0.00249266
30 , maxErr[5] 4 0.00215939 -1697.65 -1701.29 30 35 nan 0 0 0.00249266
31 , maxErr[5] 4 0.00215939 -1699.41 -1703.05 31 35 nan 0 0 0.00249266
32 , maxErr[5] 3 0.00215939 -1697.61 -1701.25 32 35 nan 0 0 0.00249266
33 , maxErr[5] 3 0.00215939 -1699.25 -1702.88 33 35 nan 0 0 0.00249266
34 , maxErr[5] 3 0.00215939 -1700.81 -1704.45 34 35 nan 0 0 0.00249266
35 , maxErr[5] 3 0.00215939 -1701.68 -1705.32 35 35



0 0 0 0 0 0.00249266 0 an: 0 an_old: 0 gco2: 0 gco2_old> 0 ci: 0 ci_old:0 0 0 ks: 0 ksold: 0
1 0 0 0 0 0.00249266 0 an: 0 an_old: 0 gco2: 0 gco2_old> 0 ci: 0 ci_old:0 0 0 ks: 0 ksold: 0
2 0 0 0 0 0.00249266 0 an: 0 an_old: 0 gco2: 0 gco2_old> 0 ci: 0 ci_old:0 0 0 ks: 0 ksold: 0
3 0.0013782 0.00200656 0.00754399 0.364081 0.00249266 0.00250561 an: 3.34008e-05 an_old: 3.33548e-05 gco2: 0.0766484 gco2_old> 0.0768022 ci: 0.000262275 ci_old:0.000264253 -1706.44 -1085.16 ks: 2.80783e-09 ksold: 2.81487e-09
4 0.00138186 0.00200656 0.00755017 0.364081 0.00249266 0.00250561 an: 3.34009e-05 an_old: 3.33548e-05 gco2: 0.0766472 gco2_old> 0.0767998 ci: 0.000262268 ci_old:0.000264248 -1715.45 -1094.15 ks: 2.80778e-09 ksold: 2.81479e-09
5 0.00138548 0.00200656 0.0075562 0.364081 0.00249266 0.00250561 an: 3.3401e-05 an_old: 3.33548e-05 gco2: 0.0766459 gco2_old> 0.0767974 ci: 0.000262261 ci_old:0.000264242 -1717.41 -1096.08 ks: 2.80773e-09 ksold: 2.81471e-09
6 0.00138905 0.00200656 0.00756207 0.364081 0.00249266 0.00250561 an: 3.34011e-05 an_old: 3.33548e-05 gco2: 0.0766448 gco2_old> 0.076795 ci: 0.000262254 ci_old:0.000264237 -1719.34 -1097.98 ks: 2.80769e-09 ksold: 2.81462e-09
7 0.00139257 0.00200656 0.00756775 0.364081 0.00249266 0.00250561 an: 3.34012e-05 an_old: 3.33548e-05 gco2: 0.0766436 gco2_old> 0.0767927 ci: 0.000262247 ci_old:0.000264232 -1721.23 -1099.85 ks: 2.80764e-09 ksold: 2.81454e-09
8 0.00139602 0.00200656 0.00757325 0.364081 0.00249266 0.00250561 an: 3.34014e-05 an_old: 3.33548e-05 gco2: 0.0766425 gco2_old> 0.0767904 ci: 0.00026224 ci_old:0.000264226 -1723.08 -1101.68 ks: 2.8076e-09 ksold: 2.81447e-09
9 0.00139942 0.00200656 0.00757857 0.364081 0.00249266 0.00250561 an: 3.34015e-05 an_old: 3.33548e-05 gco2: 0.0766414 gco2_old> 0.0767881 ci: 0.000262234 ci_old:0.000264221 -1724.89 -1103.49 ks: 2.80756e-09 ksold: 2.81439e-09
10 0.00139942 0.00200656 0.00757857 0.364081 0.00249266 0.00250561 an: 0 an_old: 0 gco2: 0 gco2_old> 0 ci: 0 ci_old:0 0 0 ks: 0 ksold: 0
11 0.00139942 0.00200656 0.00757857 0.364081 0.00249266 0.00250561 an: 0 an_old: 0 gco2: 0 gco2_old> 0 ci: 0 ci_old:0 0 0 ks: 0 ksold: 0
