shape leaf 15 0 0 0
an calc 0 0 0 0.000117203 0.000128411 0.000354779 0.282236  3.08856e-05 0.21 0
forgco2 0 0.008 0 0.5 0 3.6943e-07 3.276e-05
forJW, Jw 0 drout_in 1700.37 0.264384 0.118973 1013.15 18 1000
forpg 0 0 -0 0 0 2 -1699.34 -1701.39 0 numleaf: 0
diff Ev and lat fluw: 0
shape leaf 16 0 0 0
an calc 0 0 0 0.000117203 0.000128411 0.000354779 0.282236  3.08856e-05 0.21 0
forgco2 0 0.008 0 0.5 0 3.6943e-07 3.276e-05
forJW, Jw 0 drout_in 1702.41 0.264384 0.118973 1013.15 18 1000
forpg 0 0 -0 0 0 2 -1701.39 -1703.43 0 numleaf: 1
diff Ev and lat fluw: 0
shape leaf 17 0 0 0
an calc 0 0 0 0.000117203 0.000128411 0.000354779 0.282236  3.08856e-05 0.21 0
forgco2 0 0.008 0 0.5 0 3.6943e-07 3.276e-05
forJW, Jw 0 drout_in 1704.44 0.264384 0.118973 1013.15 18 1000
forpg 0 0 -0 0 0 2 -1703.43 -1705.45 0 numleaf: 2
diff Ev and lat fluw: 0
shape leaf 18 7.99361e-16 0.000264253 0.000262275
an calc 3.34008e-05 3.39374e-05 3.37702e-05 0.000117203 0.000128411 0.000354779 0.282236  3.08856e-05 0.21 0
forgco2 0.0766484 0.008 0.941164 0.5 3.34008e-05 3.6943e-07 3.276e-05
forJW, Jw 0.00273349 drout_in 0.016594 0.264178 0.118973 1013.15 18 1000
forpg 7.99361e-16 0.00273349 -1.56093e-19 3.62779e-10 -1.45112e-09 2 -1705.45 -1707.46 -1706.44 numleaf: 3
diff Ev and lat fluw: 2.18504e-18
shape leaf 19 3.6 0.000264248 0.000262268
an calc 3.34009e-05 3.39369e-05 3.37703e-05 0.000117203 0.000128411 0.000354779 0.282236  3.08856e-05 0.21 0
forgco2 0.0766472 0.008 0.941121 0.5 3.34009e-05 3.6943e-07 3.276e-05
forJW, Jw 0.00273341 drout_in -7.00036 0.264176 0.118973 1013.15 18 1000
forpg 3.6 0.00273341 -0.000702981 0.0243457 -0.0974213 2 -1707.46 -1709.44 -1715.45 numleaf: 4
diff Ev and lat fluw: 0.00984029
shape leaf 20 3.6 0.000264242 0.000262261
an calc 3.3401e-05 3.39363e-05 3.37704e-05 0.000117203 0.000128411 0.000354779 0.282236  3.08856e-05 0.21 0
forgco2 0.0766459 0.008 0.941079 0.5 3.3401e-05 3.6943e-07 3.276e-05
forJW, Jw 0.00273336 drout_in -7.00023 0.264176 0.118973 1013.15 18 1000
forpg 3.6 0.00273336 -0.000702981 0.0243457 -0.0974213 2 -1709.44 -1711.39 -1717.41 numleaf: 5
diff Ev and lat fluw: 0.00984011
shape leaf 21 3.6 0.000264237 0.000262254
an calc 3.34011e-05 3.39357e-05 3.37706e-05 0.000117203 0.000128411 0.000354779 0.282236  3.08856e-05 0.21 0
forgco2 0.0766448 0.008 0.941037 0.5 3.34011e-05 3.6943e-07 3.276e-05
forJW, Jw 0.00273332 drout_in -7.0001 0.264176 0.118973 1013.15 18 1000
forpg 3.6 0.00273332 -0.000702981 0.0243457 -0.0974213 2 -1711.39 -1713.29 -1719.34 numleaf: 6
diff Ev and lat fluw: 0.00983993
shape leaf 22 3.6 0.000264232 0.000262247
an calc 3.34012e-05 3.39351e-05 3.37707e-05 0.000117203 0.000128411 0.000354779 0.282236  3.08856e-05 0.21 0
forgco2 0.0766436 0.008 0.940997 0.5 3.34012e-05 3.6943e-07 3.276e-05
forJW, Jw 0.00273327 drout_in -6.99998 0.264175 0.118973 1013.15 18 1000
forpg 3.6 0.00273327 -0.000702981 0.0243457 -0.0974213 2 -1713.29 -1715.16 -1721.23 numleaf: 7
diff Ev and lat fluw: 0.00983976
shape leaf 23 3.6 0.000264226 0.00026224
an calc 3.34014e-05 3.39346e-05 3.37708e-05 0.000117203 0.000128411 0.000354779 0.282236  3.08856e-05 0.21 0
forgco2 0.0766425 0.008 0.940957 0.5 3.34014e-05 3.6943e-07 3.276e-05
forJW, Jw 0.00273322 drout_in -6.99986 0.264175 0.118973 1013.15 18 1000
forpg 3.6 0.00273322 -0.000702981 0.0243457 -0.0974213 2 -1715.16 -1717 -1723.08 numleaf: 8
diff Ev and lat fluw: 0.00983959
shape leaf 24 3.6 0.000264221 0.000262234
an calc 3.34015e-05 3.3934e-05 3.37709e-05 0.000117203 0.000128411 0.000354779 0.282236  3.08856e-05 0.21 0
forgco2 0.0766414 0.008 0.940918 0.5 3.34015e-05 3.6943e-07 3.276e-05
forJW, Jw 0.00273318 drout_in -6.99974 0.264175 0.118973 1013.15 18 1000
forpg 3.6 0.00273318 -0.000702981 0.0243457 -0.0974213 2 -1717 -1718.79 -1724.89 numleaf: 9
diff Ev and lat fluw: 0.00983943
shape leaf 29 0 0 0
an calc 0 0 0 0.000117203 0.000128411 0.000354779 0.282236  3.08856e-05 0.21 0
forgco2 0 0.008 0 0.5 0 3.6943e-07 3.276e-05
forJW, Jw 0 drout_in 1700.32 0.264384 0.118973 1013.15 18 1000
forpg 0 0 -0 0 0 2 -1699.34 -1701.29 0 numleaf: 10
diff Ev and lat fluw: 0
shape leaf 30 0 0 0
an calc 0 0 0 0.000117203 0.000128411 0.000354779 0.282236  3.08856e-05 0.21 0
forgco2 0 0.008 0 0.5 0 3.6943e-07 3.276e-05
forJW, Jw 0 drout_in 1702.17 0.264384 0.118973 1013.15 18 1000
forpg 0 0 -0 0 0 1.81959 -1701.29 -1703.05 0 numleaf: 11
diff Ev and lat fluw: 0
