shape leaf 15 0 0 0
an calc 0 0 0 0.000117203 0.000128411 0.000354779 0.282236  3.08856e-05 0.21 0
forgco2 0 0.008 0 0.5 0 3.6943e-07 3.276e-05
forJW, Jw 0 drout_in 1704.95 0.264384 0.118973 1013.15 18 1000
forpg 0 0 -0 0 0 2 -1703.92 -1705.97 0 numleaf: 0
diff Ev and lat fluw: 0
shape leaf 16 0 0 0
an calc 0 0 0 0.000117203 0.000128411 0.000354779 0.282236  3.08856e-05 0.21 0
forgco2 0 0.008 0 0.5 0 3.6943e-07 3.276e-05
forJW, Jw 0 drout_in 1706.99 0.264384 0.118973 1013.15 18 1000
forpg 0 0 -0 0 0 2 -1705.97 -1708.01 0 numleaf: 1
diff Ev and lat fluw: 0
shape leaf 17 0 0 0
an calc 0 0 0 0.000117203 0.000128411 0.000354779 0.282236  3.08856e-05 0.21 0
forgco2 0 0.008 0 0.5 0 3.6943e-07 3.276e-05
forJW, Jw 0 drout_in 1709.02 0.264384 0.118973 1013.15 18 1000
forpg 0 0 -0 0 0 2 -1708.01 -1710.03 0 numleaf: 2
diff Ev and lat fluw: 0
shape leaf 18 7.99361e-16 0.000262259 0.000262258
an calc 3.33541e-05 3.37235e-05 3.38147e-05 0.000117203 0.000128411 0.000354779 0.282236  3.08856e-05 0.21 0
forgco2 0.0771422 0.008 0.941065 0.5 3.33541e-05 3.6943e-07 3.276e-05
forJW, Jw 0.00274885 drout_in 0.0166872 0.264059 0.118973 1013.15 18 1000
forpg 7.99361e-16 0.00274885 -1.56093e-19 3.62779e-10 -1.45112e-09 2 -1710.03 -1712.04 -1711.02 numleaf: 3
diff Ev and lat fluw: 2.19732e-18
shape leaf 19 3.6 0.000262251 0.000262251
an calc 3.33533e-05 3.37228e-05 3.38148e-05 0.000117203 0.000128411 0.000354779 0.282236  3.08856e-05 0.21 0
forgco2 0.0771396 0.008 0.941023 0.5 3.33533e-05 3.6943e-07 3.276e-05
forJW, Jw 0.00274872 drout_in -7.03956 0.264058 0.118973 1013.15 18 1000
forpg 3.6 0.00274872 -0.000702981 0.0243457 -0.0974213 2 -1712.04 -1714.02 -1720.07 numleaf: 4
diff Ev and lat fluw: 0.0098954
shape leaf 20 3.6 0.000262244 0.000262244
an calc 3.33526e-05 3.3722e-05 3.3815e-05 0.000117203 0.000128411 0.000354779 0.282236  3.08856e-05 0.21 0
forgco2 0.0771371 0.008 0.94098 0.5 3.33526e-05 3.6943e-07 3.276e-05
forJW, Jw 0.00274863 drout_in -7.03931 0.264057 0.118973 1013.15 18 1000
forpg 3.6 0.00274863 -0.000702981 0.0243457 -0.0974213 2 -1714.02 -1715.96 -1722.03 numleaf: 5
diff Ev and lat fluw: 0.00989505
shape leaf 21 3.6 0.000262237 0.000262237
an calc 3.33519e-05 3.37213e-05 3.38151e-05 0.000117203 0.000128411 0.000354779 0.282236  3.08856e-05 0.21 0
forgco2 0.0771346 0.008 0.940939 0.5 3.33519e-05 3.6943e-07 3.276e-05
forJW, Jw 0.00274853 drout_in -7.03907 0.264057 0.118973 1013.15 18 1000
forpg 3.6 0.00274853 -0.000702981 0.0243457 -0.0974213 2 -1715.96 -1717.87 -1723.96 numleaf: 6
diff Ev and lat fluw: 0.00989471
shape leaf 22 3.6 0.000262231 0.000262231
an calc 3.33511e-05 3.37206e-05 3.38153e-05 0.000117203 0.000128411 0.000354779 0.282236  3.08856e-05 0.21 0
forgco2 0.0771321 0.008 0.940898 0.5 3.33511e-05 3.6943e-07 3.276e-05
forJW, Jw 0.00274844 drout_in -7.03883 0.264056 0.118973 1013.15 18 1000
forpg 3.6 0.00274844 -0.000702981 0.0243457 -0.0974213 2 -1717.87 -1719.74 -1725.85 numleaf: 7
diff Ev and lat fluw: 0.00989437
shape leaf 23 3.6 0.000262224 0.000262224
an calc 3.33504e-05 3.37198e-05 3.38154e-05 0.000117203 0.000128411 0.000354779 0.282236  3.08856e-05 0.21 0
forgco2 0.0771297 0.008 0.940858 0.5 3.33504e-05 3.6943e-07 3.276e-05
forJW, Jw 0.00274834 drout_in -7.03859 0.264056 0.118973 1013.15 18 1000
forpg 3.6 0.00274834 -0.000702981 0.0243457 -0.0974213 2 -1719.74 -1721.58 -1727.7 numleaf: 8
diff Ev and lat fluw: 0.00989404
shape leaf 24 3.6 0.000262218 0.000262217
an calc 3.33497e-05 3.37191e-05 3.38156e-05 0.000117203 0.000128411 0.000354779 0.282236  3.08856e-05 0.21 0
forgco2 0.0771274 0.008 0.940819 0.5 3.33497e-05 3.6943e-07 3.276e-05
forJW, Jw 0.00274825 drout_in -7.03836 0.264056 0.118973 1013.15 18 1000
forpg 3.6 0.00274825 -0.000702981 0.0243457 -0.0974213 2 -1721.58 -1723.37 -1729.51 numleaf: 9
diff Ev and lat fluw: 0.00989371
shape leaf 29 0 0 0
an calc 0 0 0 0.000117203 0.000128411 0.000354779 0.282236  3.08856e-05 0.21 0
forgco2 0 0.008 0 0.5 0 3.6943e-07 3.276e-05
forJW, Jw 0 drout_in 1704.9 0.264384 0.118973 1013.15 18 1000
forpg 0 0 -0 0 0 2 -1703.92 -1705.87 0 numleaf: 10
diff Ev and lat fluw: 0
shape leaf 30 0 0 0
an calc 0 0 0 0.000117203 0.000128411 0.000354779 0.282236  3.08856e-05 0.21 0
forgco2 0 0.008 0 0.5 0 3.6943e-07 3.276e-05
forJW, Jw 0 drout_in 1706.75 0.264384 0.118973 1013.15 18 1000
forpg 0 0 -0 0 0 1.81959 -1705.87 -1707.63 0 numleaf: 11
diff Ev and lat fluw: 0
