shape leaf 15 0 0 0
an calc 0 0 0 0.000117203 0.000128411 0.000354779 0.282236  3.08856e-05 0.21 0
forgco2 0 0.008 0 0.5 0 3.6943e-07 3.276e-05
forJW, Jw 0 drout_in 1079.21 0.264384 0.118973 1013.15 18 1000
forpg 0 0 -0 0 0 2 -1078.21 -1080.22 0 numleaf: 0
diff Ev and lat fluw: 0
shape leaf 16 0 0 0
an calc 0 0 0 0.000117203 0.000128411 0.000354779 0.282236  3.08856e-05 0.21 0
forgco2 0 0.008 0 0.5 0 3.6943e-07 3.276e-05
forJW, Jw 0 drout_in 1081.21 0.264384 0.118973 1013.15 18 1000
forpg 0 0 -0 0 0 2 -1080.22 -1082.21 0 numleaf: 1
diff Ev and lat fluw: 0
shape leaf 17 0 0 0
an calc 0 0 0 0.000117203 0.000128411 0.000354779 0.282236  3.08856e-05 0.21 0
forgco2 0 0.008 0 0.5 0 3.6943e-07 3.276e-05
forJW, Jw 0 drout_in 1083.2 0.264384 0.118973 1013.15 18 1000
forpg 0 0 -0 0 0 2 -1082.21 -1084.19 0 numleaf: 2
diff Ev and lat fluw: 0
shape leaf 18 7.99361e-16 0.000266358 0.000264253
an calc 3.33548e-05 3.4162e-05 3.37242e-05 0.000117203 0.000128411 0.000354779 0.282236  3.08856e-05 0.21 0
forgco2 0.0768022 0.008 0.953144 0.5 3.33548e-05 3.6943e-07 3.276e-05
forJW, Jw 0.00274209 drout_in 0.0166462 0.264343 0.118973 1013.15 18 1000
forpg 7.99361e-16 0.00274209 -1.56093e-19 3.62779e-10 -1.45112e-09 2 -1084.19 -1086.16 -1085.16 numleaf: 3
diff Ev and lat fluw: 2.19192e-18
shape leaf 19 3.6 0.000266358 0.000264248
an calc 3.33548e-05 3.4162e-05 3.37242e-05 0.000117203 0.000128411 0.000354779 0.282236  3.08856e-05 0.21 0
forgco2 0.0767998 0.008 0.95311 0.5 3.33548e-05 3.6943e-07 3.276e-05
forJW, Jw 0.00274199 drout_in -7.02231 0.264342 0.118973 1013.15 18 1000
forpg 3.6 0.00274199 -0.000702981 0.0243457 -0.0974213 2 -1086.16 -1088.1 -1094.15 numleaf: 4
diff Ev and lat fluw: 0.00987115
shape leaf 20 3.6 0.000266358 0.000264242
an calc 3.33548e-05 3.4162e-05 3.37242e-05 0.000117203 0.000128411 0.000354779 0.282236  3.08856e-05 0.21 0
forgco2 0.0767974 0.008 0.953077 0.5 3.33548e-05 3.6943e-07 3.276e-05
forJW, Jw 0.0027419 drout_in -7.02209 0.264342 0.118973 1013.15 18 1000
forpg 3.6 0.0027419 -0.000702981 0.0243457 -0.0974213 2 -1088.1 -1090.01 -1096.08 numleaf: 5
diff Ev and lat fluw: 0.00987084
shape leaf 21 3.6 0.000266358 0.000264237
an calc 3.33548e-05 3.4162e-05 3.37242e-05 0.000117203 0.000128411 0.000354779 0.282236  3.08856e-05 0.21 0
forgco2 0.076795 0.008 0.953044 0.5 3.33548e-05 3.6943e-07 3.276e-05
forJW, Jw 0.00274182 drout_in -7.02187 0.264342 0.118973 1013.15 18 1000
forpg 3.6 0.00274182 -0.000702981 0.0243457 -0.0974213 2 -1090.01 -1091.9 -1097.98 numleaf: 6
diff Ev and lat fluw: 0.00987054
shape leaf 22 3.6 0.000266358 0.000264232
an calc 3.33548e-05 3.4162e-05 3.37242e-05 0.000117203 0.000128411 0.000354779 0.282236  3.08856e-05 0.21 0
forgco2 0.0767927 0.008 0.953012 0.5 3.33548e-05 3.6943e-07 3.276e-05
forJW, Jw 0.00274173 drout_in -7.02166 0.264342 0.118973 1013.15 18 1000
forpg 3.6 0.00274173 -0.000702981 0.0243457 -0.0974213 2 -1091.9 -1093.75 -1099.85 numleaf: 7
diff Ev and lat fluw: 0.00987024
shape leaf 23 3.6 0.000266358 0.000264226
an calc 3.33548e-05 3.4162e-05 3.37242e-05 0.000117203 0.000128411 0.000354779 0.282236  3.08856e-05 0.21 0
forgco2 0.0767904 0.008 0.95298 0.5 3.33548e-05 3.6943e-07 3.276e-05
forJW, Jw 0.00274165 drout_in -7.02145 0.264342 0.118973 1013.15 18 1000
forpg 3.6 0.00274165 -0.000702981 0.0243457 -0.0974213 2 -1093.75 -1095.57 -1101.68 numleaf: 8
diff Ev and lat fluw: 0.00986995
shape leaf 24 3.6 0.000266358 0.000264221
an calc 3.33548e-05 3.4162e-05 3.37242e-05 0.000117203 0.000128411 0.000354779 0.282236  3.08856e-05 0.21 0
forgco2 0.0767881 0.008 0.952949 0.5 3.33548e-05 3.6943e-07 3.276e-05
forJW, Jw 0.00274157 drout_in -7.02125 0.264342 0.118973 1013.15 18 1000
forpg 3.6 0.00274157 -0.000702981 0.0243457 -0.0974213 2 -1095.57 -1097.36 -1103.49 numleaf: 9
diff Ev and lat fluw: 0.00986966
shape leaf 29 0 0 0
an calc 0 0 0 0.000117203 0.000128411 0.000354779 0.282236  3.08856e-05 0.21 0
forgco2 0 0.008 0 0.5 0 3.6943e-07 3.276e-05
forJW, Jw 0 drout_in 1079.18 0.264384 0.118973 1013.15 18 1000
forpg 0 0 -0 0 0 2 -1078.21 -1080.16 0 numleaf: 10
diff Ev and lat fluw: 0
shape leaf 30 0 0 0
an calc 0 0 0 0.000117203 0.000128411 0.000354779 0.282236  3.08856e-05 0.21 0
forgco2 0 0.008 0 0.5 0 3.6943e-07 3.276e-05
forJW, Jw 0 drout_in 1081.04 0.264384 0.118973 1013.15 18 1000
forpg 0 0 -0 0 0 1.81959 -1080.16 -1081.92 0 numleaf: 11
diff Ev and lat fluw: 0
