shape leaf 15 0 0 0
an calc 0 0 0 0.000117203 0.000128411 0.000354779 0.282236  3.08856e-05 0.21 0
forgco2 0 0.008 0 0.5 0 3.6943e-07 3.276e-05
forJW, Jw 0 drout_in 1705.17 0.264384 0.118973 1013.15 18 1000
forpg 0 0 -0 0 0 2 -1704.14 -1706.19 0 numleaf: 0
diff Ev and lat fluw: 0
shape leaf 16 0 0 0
an calc 0 0 0 0.000117203 0.000128411 0.000354779 0.282236  3.08856e-05 0.21 0
forgco2 0 0.008 0 0.5 0 3.6943e-07 3.276e-05
forJW, Jw 0 drout_in 1707.21 0.264384 0.118973 1013.15 18 1000
forpg 0 0 -0 0 0 2 -1706.19 -1708.23 0 numleaf: 1
diff Ev and lat fluw: 0
shape leaf 17 0 0 0
an calc 0 0 0 0.000117203 0.000128411 0.000354779 0.282236  3.08856e-05 0.21 0
forgco2 0 0.008 0 0.5 0 3.6943e-07 3.276e-05
forJW, Jw 0 drout_in 1709.24 0.264384 0.118973 1013.15 18 1000
forpg 0 0 -0 0 0 2 -1708.23 -1710.25 0 numleaf: 2
diff Ev and lat fluw: 0
shape leaf 18 7.99361e-16 0.000262288 0.000262258
an calc 3.33572e-05 3.37267e-05 3.3814e-05 0.000117203 0.000128411 0.000354779 0.282236  3.08856e-05 0.21 0
forgco2 0.0771395 0.008 0.941061 0.5 3.33572e-05 3.6943e-07 3.276e-05
forJW, Jw 0.00274878 drout_in 0.0166868 0.264061 0.118973 1013.15 18 1000
forpg 7.99361e-16 0.00274878 -1.56093e-19 3.62779e-10 -1.45112e-09 2 -1710.25 -1712.26 -1711.24 numleaf: 3
diff Ev and lat fluw: 2.19727e-18
shape leaf 19 3.6 0.000262281 0.00026225
an calc 3.33565e-05 3.37259e-05 3.38142e-05 0.000117203 0.000128411 0.000354779 0.282236  3.08856e-05 0.21 0
forgco2 0.0771369 0.008 0.941018 0.5 3.33565e-05 3.6943e-07 3.276e-05
forJW, Jw 0.00274866 drout_in -7.03939 0.264059 0.118973 1013.15 18 1000
forpg 3.6 0.00274866 -0.000702981 0.0243457 -0.0974213 2 -1712.26 -1714.24 -1720.29 numleaf: 4
diff Ev and lat fluw: 0.00989516
shape leaf 20 3.6 0.000262274 0.000262243
an calc 3.33557e-05 3.37252e-05 3.38143e-05 0.000117203 0.000128411 0.000354779 0.282236  3.08856e-05 0.21 0
forgco2 0.0771344 0.008 0.940975 0.5 3.33557e-05 3.6943e-07 3.276e-05
forJW, Jw 0.00274856 drout_in -7.03914 0.264059 0.118973 1013.15 18 1000
forpg 3.6 0.00274856 -0.000702981 0.0243457 -0.0974213 2 -1714.24 -1716.18 -1722.25 numleaf: 5
diff Ev and lat fluw: 0.00989481
shape leaf 21 3.6 0.000262267 0.000262237
an calc 3.3355e-05 3.37244e-05 3.38145e-05 0.000117203 0.000128411 0.000354779 0.282236  3.08856e-05 0.21 0
forgco2 0.0771319 0.008 0.940934 0.5 3.3355e-05 3.6943e-07 3.276e-05
forJW, Jw 0.00274846 drout_in -7.03889 0.264058 0.118973 1013.15 18 1000
forpg 3.6 0.00274846 -0.000702981 0.0243457 -0.0974213 2 -1716.18 -1718.09 -1724.18 numleaf: 6
diff Ev and lat fluw: 0.00989447
shape leaf 22 3.6 0.00026226 0.00026223
an calc 3.33543e-05 3.37237e-05 3.38146e-05 0.000117203 0.000128411 0.000354779 0.282236  3.08856e-05 0.21 0
forgco2 0.0771294 0.008 0.940893 0.5 3.33543e-05 3.6943e-07 3.276e-05
forJW, Jw 0.00274837 drout_in -7.03865 0.264058 0.118973 1013.15 18 1000
forpg 3.6 0.00274837 -0.000702981 0.0243457 -0.0974213 2 -1718.09 -1719.96 -1726.07 numleaf: 7
diff Ev and lat fluw: 0.00989413
shape leaf 23 3.6 0.000262253 0.000262223
an calc 3.33536e-05 3.3723e-05 3.38148e-05 0.000117203 0.000128411 0.000354779 0.282236  3.08856e-05 0.21 0
forgco2 0.077127 0.008 0.940853 0.5 3.33536e-05 3.6943e-07 3.276e-05
forJW, Jw 0.00274828 drout_in -7.03842 0.264058 0.118973 1013.15 18 1000
forpg 3.6 0.00274828 -0.000702981 0.0243457 -0.0974213 2 -1719.96 -1721.8 -1727.92 numleaf: 8
diff Ev and lat fluw: 0.00989379
shape leaf 24 3.6 0.000262247 0.000262217
an calc 3.33529e-05 3.37223e-05 3.38149e-05 0.000117203 0.000128411 0.000354779 0.282236  3.08856e-05 0.21 0
forgco2 0.0771247 0.008 0.940814 0.5 3.33529e-05 3.6943e-07 3.276e-05
forJW, Jw 0.00274819 drout_in -7.03819 0.264057 0.118973 1013.15 18 1000
forpg 3.6 0.00274819 -0.000702981 0.0243457 -0.0974213 2 -1721.8 -1723.59 -1729.73 numleaf: 9
diff Ev and lat fluw: 0.00989347
shape leaf 29 0 0 0
an calc 0 0 0 0.000117203 0.000128411 0.000354779 0.282236  3.08856e-05 0.21 0
forgco2 0 0.008 0 0.5 0 3.6943e-07 3.276e-05
forJW, Jw 0 drout_in 1705.11 0.264384 0.118973 1013.15 18 1000
forpg 0 0 -0 0 0 2 -1704.14 -1706.09 0 numleaf: 10
diff Ev and lat fluw: 0
shape leaf 30 0 0 0
an calc 0 0 0 0.000117203 0.000128411 0.000354779 0.282236  3.08856e-05 0.21 0
forgco2 0 0.008 0 0.5 0 3.6943e-07 3.276e-05
forJW, Jw 0 drout_in 1706.97 0.264384 0.118973 1013.15 18 1000
forpg 0 0 -0 0 0 1.81959 -1706.09 -1707.85 0 numleaf: 11
diff Ev and lat fluw: 0
