shape leaf 15 0 0.00045 0
an calc 0 0 0 0.000117203 0.000128411 0.000354779 0.282236  3.08856e-05 0.21 0
forgco2 0 0.008 0 0.5 0 3.6943e-07 3.276e-05
forJW, Jw 0 drout_in 217 0.264384 0.118973 1013.15 18 1000
forpg 0 0 -0 0 0 2 -217 -217 0 numleaf: 0
diff Ev and lat fluw: 0
shape leaf 16 0 0.00045 0
an calc 0 0 0 0.000117203 0.000128411 0.000354779 0.282236  3.08856e-05 0.21 0
forgco2 0 0.008 0 0.5 0 3.6943e-07 3.276e-05
forJW, Jw 0 drout_in 217 0.264384 0.118973 1013.15 18 1000
forpg 0 0 -0 0 0 2 -217 -217 0 numleaf: 1
diff Ev and lat fluw: 0
shape leaf 17 0 0.00045 0
an calc 0 0 0 0.000117203 0.000128411 0.000354779 0.282236  3.08856e-05 0.21 0
forgco2 0 0.008 0 0.5 0 3.6943e-07 3.276e-05
forJW, Jw 0 drout_in 217 0.264384 0.118973 1013.15 18 1000
forpg 0 0 -0 0 0 2 -217 -217 0 numleaf: 2
diff Ev and lat fluw: 0
shape leaf 18 7.99361e-16 0.00045 0.000266358
an calc 3.12624e-05 5.03567e-05 3.16318e-05 0.000117203 0.000128411 0.000354779 0.282236  3.08856e-05 0.21 0
forgco2 0.044617 0.008 0.965993 0.5 3.12624e-05 3.6943e-07 3.276e-05
forJW, Jw 0.00159342 drout_in 0.00967307 0.264384 0.118973 1013.15 18 1000
forpg 7.99361e-16 0.00159342 -1.56093e-19 3.62779e-10 -1.45112e-09 2 -217 -217 -216.99 numleaf: 3
diff Ev and lat fluw: 1.27372e-18
shape leaf 19 3.6 0.00045 0.000266358
an calc 3.12624e-05 5.03567e-05 3.16318e-05 0.000117203 0.000128411 0.000354779 0.282236  3.08856e-05 0.21 0
forgco2 0.044617 0.008 0.965993 0.5 3.12624e-05 3.6943e-07 3.276e-05
forJW, Jw 0.00159342 drout_in -4.0808 0.264384 0.118973 1013.15 18 1000
forpg 3.6 0.00159342 -0.000702981 0.0243457 -0.0974213 2 -217 -217 -221.081 numleaf: 4
diff Ev and lat fluw: 0.00573632
shape leaf 20 3.6 0.00045 0.000266358
an calc 3.12624e-05 5.03567e-05 3.16318e-05 0.000117203 0.000128411 0.000354779 0.282236  3.08856e-05 0.21 0
forgco2 0.044617 0.008 0.965993 0.5 3.12624e-05 3.6943e-07 3.276e-05
forJW, Jw 0.00159342 drout_in -4.0808 0.264384 0.118973 1013.15 18 1000
forpg 3.6 0.00159342 -0.000702981 0.0243457 -0.0974213 2 -217 -217 -221.081 numleaf: 5
diff Ev and lat fluw: 0.00573632
shape leaf 21 3.6 0.00045 0.000266358
an calc 3.12624e-05 5.03567e-05 3.16318e-05 0.000117203 0.000128411 0.000354779 0.282236  3.08856e-05 0.21 0
forgco2 0.044617 0.008 0.965993 0.5 3.12624e-05 3.6943e-07 3.276e-05
forJW, Jw 0.00159342 drout_in -4.0808 0.264384 0.118973 1013.15 18 1000
forpg 3.6 0.00159342 -0.000702981 0.0243457 -0.0974213 2 -217 -217 -221.081 numleaf: 6
diff Ev and lat fluw: 0.00573632
shape leaf 22 3.6 0.00045 0.000266358
an calc 3.12624e-05 5.03567e-05 3.16318e-05 0.000117203 0.000128411 0.000354779 0.282236  3.08856e-05 0.21 0
forgco2 0.044617 0.008 0.965993 0.5 3.12624e-05 3.6943e-07 3.276e-05
forJW, Jw 0.00159342 drout_in -4.0808 0.264384 0.118973 1013.15 18 1000
forpg 3.6 0.00159342 -0.000702981 0.0243457 -0.0974213 2 -217 -217 -221.081 numleaf: 7
diff Ev and lat fluw: 0.00573632
shape leaf 23 3.6 0.00045 0.000266358
an calc 3.12624e-05 5.03567e-05 3.16318e-05 0.000117203 0.000128411 0.000354779 0.282236  3.08856e-05 0.21 0
forgco2 0.044617 0.008 0.965993 0.5 3.12624e-05 3.6943e-07 3.276e-05
forJW, Jw 0.00159342 drout_in -4.0808 0.264384 0.118973 1013.15 18 1000
forpg 3.6 0.00159342 -0.000702981 0.0243457 -0.0974213 2 -217 -217 -221.081 numleaf: 8
diff Ev and lat fluw: 0.00573632
shape leaf 24 3.6 0.00045 0.000266358
an calc 3.12624e-05 5.03567e-05 3.16318e-05 0.000117203 0.000128411 0.000354779 0.282236  3.08856e-05 0.21 0
forgco2 0.044617 0.008 0.965993 0.5 3.12624e-05 3.6943e-07 3.276e-05
forJW, Jw 0.00159342 drout_in -4.0808 0.264384 0.118973 1013.15 18 1000
forpg 3.6 0.00159342 -0.000702981 0.0243457 -0.0974213 2 -217 -217 -221.081 numleaf: 9
diff Ev and lat fluw: 0.00573632
shape leaf 29 0 0.00045 0
an calc 0 0 0 0.000117203 0.000128411 0.000354779 0.282236  3.08856e-05 0.21 0
forgco2 0 0.008 0 0.5 0 3.6943e-07 3.276e-05
forJW, Jw 0 drout_in 217 0.264384 0.118973 1013.15 18 1000
forpg 0 0 -0 0 0 2 -217 -217 0 numleaf: 10
diff Ev and lat fluw: 0
shape leaf 30 0 0.00045 0
an calc 0 0 0 0.000117203 0.000128411 0.000354779 0.282236  3.08856e-05 0.21 0
forgco2 0 0.008 0 0.5 0 3.6943e-07 3.276e-05
forJW, Jw 0 drout_in 217 0.264384 0.118973 1013.15 18 1000
forpg 0 0 -0 0 0 1.81959 -217 -217 0 numleaf: 11
diff Ev and lat fluw: 0
