shape leaf 15 0 0 0
an calc 0 0 0 0.000117203 0.000128411 0.000354779 0.282236  3.08856e-05 0.21 0
forgco2 0 0.008 0 0.5 0 3.6943e-07 3.276e-05
forJW, Jw 0 drout_in 1696.73 0.264384 0.118973 1013.15 18 1000
forpg 0 0 -0 0 0 2 -1695.71 -1697.75 0 numleaf: 0
diff Ev and lat fluw: 0
shape leaf 16 0 0 0
an calc 0 0 0 0.000117203 0.000128411 0.000354779 0.282236  3.08856e-05 0.21 0
forgco2 0 0.008 0 0.5 0 3.6943e-07 3.276e-05
forJW, Jw 0 drout_in 1698.77 0.264384 0.118973 1013.15 18 1000
forpg 0 0 -0 0 0 2 -1697.75 -1699.79 0 numleaf: 1
diff Ev and lat fluw: 0
shape leaf 17 0 0 0
an calc 0 0 0 0.000117203 0.000128411 0.000354779 0.282236  3.08856e-05 0.21 0
forgco2 0 0.008 0 0.5 0 3.6943e-07 3.276e-05
forJW, Jw 0 drout_in 1700.8 0.264384 0.118973 1013.15 18 1000
forpg 0 0 -0 0 0 2 -1699.79 -1701.81 0 numleaf: 2
diff Ev and lat fluw: 0
shape leaf 18 7.99361e-16 0.000262275 0.000262288
an calc 3.33559e-05 3.37253e-05 3.38143e-05 0.000117203 0.000128411 0.000354779 0.282236  3.08856e-05 0.21 0
forgco2 0.0771538 0.008 0.941242 0.5 3.33559e-05 3.6943e-07 3.276e-05
forJW, Jw 0.00274928 drout_in 0.0166899 0.26406 0.118973 1013.15 18 1000
forpg 7.99361e-16 0.00274928 -1.56093e-19 3.62779e-10 -1.45112e-09 2 -1701.81 -1703.82 -1702.8 numleaf: 3
diff Ev and lat fluw: 2.19767e-18
shape leaf 19 3.6 0.000262268 0.000262281
an calc 3.33551e-05 3.37245e-05 3.38145e-05 0.000117203 0.000128411 0.000354779 0.282236  3.08856e-05 0.21 0
forgco2 0.0771513 0.008 0.941199 0.5 3.33551e-05 3.6943e-07 3.276e-05
forJW, Jw 0.00274916 drout_in -7.04067 0.264058 0.118973 1013.15 18 1000
forpg 3.6 0.00274916 -0.000702981 0.0243457 -0.0974213 2 -1703.82 -1705.8 -1711.85 numleaf: 4
diff Ev and lat fluw: 0.00989696
shape leaf 20 3.6 0.000262261 0.000262274
an calc 3.33543e-05 3.37238e-05 3.38146e-05 0.000117203 0.000128411 0.000354779 0.282236  3.08856e-05 0.21 0
forgco2 0.0771487 0.008 0.941157 0.5 3.33543e-05 3.6943e-07 3.276e-05
forJW, Jw 0.00274906 drout_in -7.04042 0.264058 0.118973 1013.15 18 1000
forpg 3.6 0.00274906 -0.000702981 0.0243457 -0.0974213 2 -1705.8 -1707.75 -1713.81 numleaf: 5
diff Ev and lat fluw: 0.00989661
shape leaf 21 3.6 0.000262254 0.000262267
an calc 3.33536e-05 3.3723e-05 3.38148e-05 0.000117203 0.000128411 0.000354779 0.282236  3.08856e-05 0.21 0
forgco2 0.0771463 0.008 0.941116 0.5 3.33536e-05 3.6943e-07 3.276e-05
forJW, Jw 0.00274896 drout_in -7.04018 0.264058 0.118973 1013.15 18 1000
forpg 3.6 0.00274896 -0.000702981 0.0243457 -0.0974213 2 -1707.75 -1709.65 -1715.74 numleaf: 6
diff Ev and lat fluw: 0.00989627
shape leaf 22 3.6 0.000262247 0.00026226
an calc 3.33529e-05 3.37223e-05 3.38149e-05 0.000117203 0.000128411 0.000354779 0.282236  3.08856e-05 0.21 0
forgco2 0.0771438 0.008 0.941075 0.5 3.33529e-05 3.6943e-07 3.276e-05
forJW, Jw 0.00274887 drout_in -7.03994 0.264057 0.118973 1013.15 18 1000
forpg 3.6 0.00274887 -0.000702981 0.0243457 -0.0974213 2 -1709.65 -1711.52 -1717.63 numleaf: 7
diff Ev and lat fluw: 0.00989593
shape leaf 23 3.6 0.00026224 0.000262253
an calc 3.33522e-05 3.37216e-05 3.38151e-05 0.000117203 0.000128411 0.000354779 0.282236  3.08856e-05 0.21 0
forgco2 0.0771414 0.008 0.941035 0.5 3.33522e-05 3.6943e-07 3.276e-05
forJW, Jw 0.00274878 drout_in -7.0397 0.264057 0.118973 1013.15 18 1000
forpg 3.6 0.00274878 -0.000702981 0.0243457 -0.0974213 2 -1711.52 -1713.36 -1719.48 numleaf: 8
diff Ev and lat fluw: 0.0098956
shape leaf 24 3.6 0.000262234 0.000262247
an calc 3.33515e-05 3.37209e-05 3.38152e-05 0.000117203 0.000128411 0.000354779 0.282236  3.08856e-05 0.21 0
forgco2 0.0771391 0.008 0.940996 0.5 3.33515e-05 3.6943e-07 3.276e-05
forJW, Jw 0.00274869 drout_in -7.03947 0.264057 0.118973 1013.15 18 1000
forpg 3.6 0.00274869 -0.000702981 0.0243457 -0.0974213 2 -1713.36 -1715.15 -1721.29 numleaf: 9
diff Ev and lat fluw: 0.00989527
shape leaf 29 0 0 0
an calc 0 0 0 0.000117203 0.000128411 0.000354779 0.282236  3.08856e-05 0.21 0
forgco2 0 0.008 0 0.5 0 3.6943e-07 3.276e-05
forJW, Jw 0 drout_in 1696.68 0.264384 0.118973 1013.15 18 1000
forpg 0 0 -0 0 0 2 -1695.71 -1697.65 0 numleaf: 10
diff Ev and lat fluw: 0
shape leaf 30 0 0 0
an calc 0 0 0 0.000117203 0.000128411 0.000354779 0.282236  3.08856e-05 0.21 0
forgco2 0 0.008 0 0.5 0 3.6943e-07 3.276e-05
forJW, Jw 0 drout_in 1698.53 0.264384 0.118973 1013.15 18 1000
forpg 0 0 -0 0 0 1.81959 -1697.65 -1699.41 0 numleaf: 11
diff Ev and lat fluw: 0
