0.9599341837244639,0.9599223579409315,0.9598704199638619,0.9598560891500278,0.9598612108292306,0.9598747560117864,0.9597970986697322,0.9598119719751292,0.9598153399813227,0.9598034714977239,0.9597493609224486,0.9597368891010565,0.9597484180488314,0.9597568599573147,0.9596860004790493,0.9596983380152464,0.9597076937364575,0.9596941094701568,0.9596794429924229,0.9596666931865043,0.9596924263202613,0.9596938487107831
0.9599451628148077,0.9599333401963961,0.9598811910193354,0.9598668639622709,0.9598721955038114,0.9598857370659168,0.9598082593596269,0.9598231286324821,0.9598263229643109,0.9598144576487528,0.9597603615097161,0.9597478930171459,0.9597594049297051,0.9597678445878148,0.9596939716003827,0.9597063067542713,0.959718665910769,0.9597050239953548,0.9596900051099961,0.9596771510951605,0.9597033899856244,0.9597048250494773
0.9599479522303009,0.9599361304160461,0.9598839847842227,0.9598696587015849,0.9598749769897557,0.9598885176351006,0.9598110451720931,0.9598259134383798,0.9598290946512325,0.9598172301351744,0.9597631376393267,0.9597506699868315,0.9597621682024582,0.9597706072945782,0.9596937534038363,0.9597060886229378,0.9597214082515071,0.9597077106042791,0.9596923470490055,0.9596793918735527,0.9597061240080202,0.9597075698070883
0.9599433217790616,0.9599314986299023,0.9598793471129679,0.9598650194127751,0.9598703249734599,0.9598838671520789,0.9598063859197277,0.9598212558694916,0.9598244240956109,0.959812558232322,0.9597584595973612,0.9597459905292614,0.9597574766776724,0.9597659167307353,0.959686026387133,0.959698363915588,0.9597166874594312,0.9597029289873726,0.9596871414176822,0.9596740805964716,0.9597013910123557,0.9597028486848767
0.9599388698726956,0.9599270454401096,0.9598748882650259,0.9598605590096578,0.959865852048692,0.959879395701549,0.9598019060374965,0.9598167776059174,0.9598199330608363,0.9598080659021069,0.9597539613640351,0.9597414909347524,0.9597529651956673,0.9597614061727919,0.9596809810150972,0.959693320051437,0.9597121477375412,0.9596983318201444,0.959682088721018,0.9596689223539101,0.9596968382115847,0.9596983079248784
0.9599344886532508,0.9599226629576254,0.9598705002142542,0.9598561694284109,0.9598614501820188,0.9598749952856858,0.9597974973239263,0.959812370485283,0.9598155134092117,0.9598036449756382,0.9597495346283167,0.9597370628594881,0.9597485254591331,0.9597569673456172,0.9596759734090101,0.9596883139419403,0.9597076807143521,0.9596938107781803,0.9596768528639372,0.9596635810730758,0.9596923571678015,0.9596938390974887
0.959930236743372,0.9599184098219891,0.9598662416747177,0.9598519094035773,0.9598571781099834,0.9598707246216773,0.9597932186069262,0.9598080933142417,0.9598112239525194,0.9597993542816619,0.9597452382962499,0.9597327652273475,0.9597442163852312,0.9597526591543084,0.959671656752916,0.959683998575928,0.9597033453816415,0.9596894248957981,0.9596719365631088,0.9596585597653309,0.95968800687255,0.9596895012006519
0.9599315304946763,0.9599197039462601,0.9598675374432588,0.9598532056240567,0.9598584618258053,0.9598720079143999,0.9597945043194887,0.9598093785622597,0.9598124967515638,0.9598006274478414,0.9597465131354086,0.9597340404522725,0.9597454788857755,0.9597539213962645,0.9596729214749369,0.9596852629199746,0.9597045880633259,0.9596906223610837,0.9596725662067169,0.95965908669785,0.9596892356672952,0.9596907423789267
0.9599275693801599,0.9599157416898236,0.959863570152512,0.9598492369496021,0.9598544816170851,0.9598680290175057,0.9597905179197974,0.9598053936029023,0.9598085000354579,0.9597966295788987,0.9597425100131667,0.9597300361186858,0.959741463581244,0.9597499069141526,0.9596688991051505,0.959681241752314,0.9597005486376831,0.9596865393571363,0.9596678701553205,0.9596542868875129,0.95968517938701,0.9596866988655681
0.9599236739791293,0.9599118451658213,0.9598596686777439,0.9598453341140853,0.9598505675294937,0.9598641162199417,0.9597865977441173,0.9598014748436228,0.9598045698053967,0.959792698215181,0.9597385734835775,0.9597260983979059,0.9597375151625362,0.959745959304162,0.9596649437389111,0.959677287568172,0.9596965770907395,0.9596825276148131,0.9596639290492923,0.9596502431678042,0.9596811900110935,0.959682722449354
0.9599198667257991,0.9599080368149349,0.9598560807205574,0.9598417449055048,0.9598467420470584,0.959860291998323,0.9597826073263718,0.9597974858676508,0.9598007285803705,0.9597888558821772,0.9597352541390325,0.9597227780489364,0.9597336561954191,0.9597421011274359,0.9596616383014789,0.9596739831185965,0.9596926960037349,0.9596786096251448,0.9596585711167847,0.9596447832912389,0.9596772901375481,0.9596788357322332
0.9599161310482951,0.9599043000605143,0.9598521139860023,0.9598377767874533,0.9598429885795161,0.9598565397678576,0.9597790070056802,0.9597938868477798,0.9597969597628859,0.9597850859776058,0.9597309512434684,0.9597184738513329,0.9597298700659869,0.9597383157734716,0.9596578455615894,0.9596701915121904,0.9596888887350647,0.95967476862276,0.9596539657279215,0.9596400776283243,0.9596734631352781,0.9596750220861512
0.9599124822570277,0.9599006502173832,0.9598484595055872,0.959834121032453,0.9598393224752932,0.9598528748719135,0.9597753351991669,0.9597902163679102,0.9597932787291177,0.9597814038820769,0.9597272643096713,0.9597147858018904,0.9597261721867638,0.9597346186516387,0.9596541412260156,0.9596664882836763,0.9596851706976472,0.9596710198815115,0.9596493933965886,0.95963540676932,0.9596697244435908,0.9596712969529548
0.9599089663602205,0.9598971333070265,0.9598449381268666,0.9598305984255777,0.9598357898372432,0.9598493433981479,0.9597717970664408,0.9597866795135253,0.9597897316462731,0.9597778557761123,0.9597237115415185,0.9597112319586938,0.9597226088127842,0.9597310560074976,0.959650571630557,0.959662919755006,0.959681588175122,0.9596674095391633,0.9596451177376359,0.9596310347708306,0.9596661203884627,0.9596677066594903
0.9599120089083621,0.9599001767322606,0.959847985418885,0.9598336467804045,0.9598388276638805,0.9598523802235801,0.9597748396181187,0.9597897209659174,0.9597927627210838,0.9597808877252065,0.9597267474745681,0.9597142688103961,0.959725634660971,0.9597340812359412,0.9596536027617302,0.9596659499803148,0.9596846022826462,0.9596704007585313,0.9596481243052315,0.9596339499830189,0.9596691145378053,0.9596707145257051
0.9599088250482426,0.9598969919543119,0.9598447965945613,0.9598304568439102,0.9598356283738765,0.9598491819879971,0.9597716353519341,0.9597865178574465,0.9597895500801576,0.9597776741576278,0.9597235296843922,0.9597110500465398,0.9597224069961168,0.9597308542321639,0.9596503694615282,0.959662717646395,0.9596813575059557,0.959667133422853,0.9596456723789684,0.9596314077998038,0.9596658465861967,0.9596674607446463
0.959911183125018,0.9598993507108633,0.9598473836280637,0.9598330447796943,0.9598379812725073,0.9598515341111604,0.959773832891333,0.9597887146028665,0.9597918962235965,0.9597800209777847,0.9597264077388765,0.9597139289719028,0.9597247475609254,0.9597331943175893,0.959652153672006,0.9596645013236573,0.9596836873220058,0.9596694448840901,0.9596438582922588,0.9596295070940832,0.9596681544736412,0.9596697828055878
0.9623547902736418,0.9623436633314291,0.9622955902588992,0.962282106536374,0.9622904780623911,0.9623032214135199,0.9622309580299024,0.9622449506577511,0.9622505601167686,0.96223939509935,0.9621897860780477,0.9621780538210454,0.9621897302122258,0.9621976713493019,0.9621222807919851,0.9621338891375961,0.9621523080082852,0.9621389024493578,0.9621142251815791,0.9621006557411718,0.962137523486986,0.9621390679352912
0.9623571222168867,0.9623459959489,0.9622979257890181,0.9622844428834678,0.9622928138838789,0.9623055564628895,0.9622332974573444,0.9622472892374416,0.9622528983384884,0.9622417339975093,0.9621921279814885,0.9621803964352418,0.9621920721011863,0.9622000127571773,0.9621246267667456,0.9621362344091591,0.9621546521307731,0.962141247286991,0.9621165646140277,0.962102995609371,0.9621398684615505,0.9621414128487409
0.9623571228331957,0.9623459965653882,0.9622979264062732,0.9622844435009379,0.9622928145012186,0.9623055570800254,0.9622332980756392,0.9622472898555132,0.9622528989564674,0.9622417346156671,0.9621921286004385,0.9621803970543787,0.9621920727201394,0.962200013376006,0.9621246273867796,0.9621362350290072,0.9621546527503253,0.9621412479067597,0.9621165652341905,0.9621029962297512,0.9621398690813405,0.9621414134685062
0.9623571228317702,0.9623459965639622,0.9622979264048463,0.9622844434995104,0.9622928144997904,0.9623055570785974,0.9622332980742088,0.9622472898540833,0.9622528989550361,0.9622417346142345,0.9621921285990078,0.9621803970529468,0.9621920727187068,0.9622000133745698,0.9621246273853423,0.9621362350275704,0.9621546527488889,0.9621412479053209,0.9621165652327506,0.9621029962283096,0.9621398690799026,0.9621414134670683
0.9623571228341576,0.9623459965663503,0.9622979264072373,0.9622844435019025,0.9622928145021885,0.9623055570809946,0.9622332980766106,0.962247289856484,0.9622528989574433,0.9622417346166423,0.9621921286014159,0.9621803970553566,0.9621920727211255,0.962200013376989,0.9621246273877655,0.9621362350299927,0.9621546527513167,0.9621412479077505,0.9621165652351806,0.9621029962307408,0.9621398690823326,0.9621414134694992
0.9623571228317682,0.9623459965639602,0.9622979264048444,0.9622844434995084,0.9622928144997884,0.9623055570785954,0.9622332980742068,0.962247289854081,0.9622528989550341,0.9622417346142325,0.9621921285990029,0.962180397052943,0.9621920727187061,0.9622000133745701,0.9621246273853417,0.9621362350275697,0.9621546527488882,0.9621412479053202,0.9621165652327499,0.962102996228309,0.9621398690799019,0.9621414134670676
0.9623571228341576,0.9623459965663503,0.9622979264072373,0.9622844435019025,0.9622928145021885,0.9623055570809946,0.9622332980766106,0.962247289856484,0.9622528989574433,0.9622417346166423,0.9621921286014159,0.9621803970553566,0.9621920727211255,0.962200013376989,0.9621246273877655,0.9621362350299927,0.9621546527513167,0.9621412479077505,0.9621165652351806,0.9621029962307408,0.9621398690823326,0.9621414134694992
0.9623571228317682,0.9623459965639602,0.9622979264048444,0.9622844434995084,0.9622928144997884,0.9623055570785954,0.9622332980742068,0.962247289854081,0.9622528989550341,0.9622417346142325,0.9621921285990029,0.962180397052943,0.9621920727187061,0.9622000133745701,0.9621246273853417,0.9621362350275697,0.9621546527488882,0.9621412479053202,0.9621165652327499,0.962102996228309,0.9621398690799019,0.9621414134670676
0.9599147963753101,0.9599029650027717,0.9598510024922469,0.9598366649060373,0.9598415919310124,0.9598551435796641,0.9597774491798459,0.959792329584797,0.9597955018859023,0.959783627680111,0.9597300191341409,0.9597175414599546,0.9597283500497018,0.9597367960685126,0.9596557624995252,0.9596681090726604,0.9596872810549422,0.9596730227101591,0.9596462363086293,0.9596318032199622,0.9596717259108902,0.9596733686118883
0.9599121073922097,0.9599002752445003,0.9598483093312822,0.9598339708057733,0.9598388896384888,0.9598524421777628,0.9597747426737007,0.9597896240565258,0.9597927880391481,0.9597809130505728,0.959727300972399,0.959714822475713,0.9597256232346818,0.9597340698119929,0.9596530308865459,0.9596653782760372,0.9596845400907559,0.9596702657538096,0.9596421966467588,0.9596276844990823,0.9596689595798811,0.959670617051906
0.9599161849575697,0.9599043539853298,0.9598523932319467,0.9598380561307904,0.9598429663381178,0.9598565175337896,0.9597788257300317,0.959793705637628,0.9597968611642629,0.9597849873505429,0.9597313805737455,0.9597189033115252,0.9597296948499503,0.9597381405933241,0.9596571096660174,0.9596694558365437,0.9596886050376878,0.9596743187135888,0.9596448655758643,0.9596302810531432,0.9596730008983634,0.9596746731439796
0.9599140324958015,0.9599022009030547,0.9598502374259001,0.9598358995728569,0.9598408023717728,0.9598543542806484,0.9597766583894674,0.9597915390801364,0.9597946870964162,0.959782812655606,0.9597292030491473,0.9597167251280188,0.959727509545482,0.9597359557364438,0.9596549205163925,0.9596672673411595,0.9596864075912319,0.9596721086820719,0.9596422089230805,0.959627555280119,0.9596707767132495,0.9596724642223418
0.9599120748799024,0.9599002427228196,0.959848051493289,0.9598337128778525,0.9598388340626733,0.9598523866202642,0.9597748460268671,0.9597897273723497,0.9597927093697329,0.9597808343584662,0.9597266940377052,0.9597142153573635,0.959725521367756,0.9597339679659287,0.9596534892707067,0.9596658365232071,0.959684408203415,0.9596700981857706,0.9596375542355524,0.9596228362219688,0.9596687499331906,0.9596704529430644
0.9599103126512336,0.9598984799861419,0.9598465118018347,0.9598321726493972,0.9598370619578593,0.9598506150994996,0.9597729121432277,0.9597877941874309,0.9597909285363713,0.959779053011441,0.9597254385130434,0.9597129594527898,0.9597237308750175,0.9597321778399137,0.9596511351971986,0.9596634831532238,0.9596826074098608,0.9596682876155,0.9596351718697849,0.9596203959981342,0.9596669211171698,0.9596686398674401
0.95990874513461,0.9598969120176422,0.9598447165563297,0.9598303767777627,0.9598354853802744,0.9598490390415226,0.9597714921359195,0.959786374693177,0.9597893439181358,0.9597774679361388,0.9597233231919293,0.9597108434915929,0.9597221373866693,0.9597305846779378,0.9596500993813599,0.9596624476469402,0.9596810045032595,0.9596666761289545,0.9596321052369581,0.9596172770928735,0.9596652895790618,0.9596670243115906
0.9599073704838925,0.9598955369706452,0.9598435650632842,0.9598292248831104,0.9598341024775194,0.9598476565945406,0.9597699480482738,0.9597848311634134,0.9597879536572871,0.9597760772742843,0.9597224589039604,0.9597099789420953,0.9597207390396043,0.9597291866172764,0.9596481380975421,0.9596604869492573,0.9596795975911283,0.9596652617062811,0.9596285958312143,0.9596137211855178,0.9596638534366724,0.9596656044004408
0.959906174734307,0.9598943408763556,0.9598423674558827,0.9598280268580195,0.9598328992253173,0.9598464537389049,0.959768742919882,0.959783626470436,0.959786743679409,0.9597748669474029,0.9597212470022507,0.9597087666736748,0.9597195217012537,0.9597279695282561,0.9596469186172463,0.9596592678334066,0.9596783724722773,0.9596640300365231,0.9596254360295613,0.9596105205435395,0.9596625985321978,0.9596643659612389
0.9599051502410578,0.9598933160877732,0.959841341370901,0.9598270004151725,0.9598318679470923,0.959845422800564,0.9597677100336286,0.9597825939573661,0.9597857062810622,0.9597738292498303,0.9597202079544667,0.9597077273114853,0.9597184776375591,0.9597269256784009,0.959645872716494,0.9596582222452228,0.9596773213662948,0.959662973230254,0.9596223553809433,0.9596074044811354,0.9596615170951646,0.95966330122776
0.9599098019531778,0.9598979691408651,0.9598460003103124,0.9598316609794824,0.959836523358794,0.9598500766779445,0.9597723727043423,0.9597872549434476,0.9597903623126716,0.959778486624419,0.9597248713890598,0.9597123921571966,0.959723136662155,0.9597315837487548,0.9596505399387942,0.9596628880727125,0.959681979538318,0.9596676283687993,0.9596249006448072,0.9596099213810521,0.9596661464620657,0.9596679473341825
0.9599090095429497,0.9598971765022044,0.9598452066689276,0.9598308670612974,0.9598357252913561,0.9598492788735347,0.9597715733925007,0.9597864559204001,0.959789559101353,0.9597776831814242,0.9597240669006517,0.9597115874253552,0.9597223278836915,0.9597307751359427,0.9596497297372566,0.9596620781133052,0.9596811649180117,0.9596668094290848,0.9596218827590923,0.9596068777022699,0.9596653003690294,0.9596671184592647
0.9599141710591697,0.9599023395063655,0.9598503762045556,0.9598360383999138,0.9598408920616439,0.9598544439409593,0.9597767482191859,0.9597916288773998,0.9597947277110868,0.9597828532819916,0.959729243728396,0.9597167658195758,0.9597275009703816,0.9597359471630986,0.9596549119262041,0.9596672587535366,0.9596863385358938,0.9596719813541084,0.9596268506426229,0.9596118267860048,0.9596704442948243,0.9596722795613291
0.9599136685874132,0.9599018368897589,0.9598498729521077,0.959835534971947,0.9598403850193551,0.959853937065781,0.9597762403862811,0.9597911212279766,0.9597942164215625,0.9597823418449896,0.9597287316259224,0.9597162535621429,0.9597269851614991,0.9597354314598627,0.9596543952097347,0.959666742191492,0.9596858179447076,0.9596714575639063,0.959626326427736,0.9596112854318277,0.9596698913107757,0.9596717442285017
0.9599132532042596,0.9599014213868615,0.9598492316548668,0.9598348934510381,0.9598399654212122,0.9598535176059304,0.9597759791451244,0.9597908600812075,0.9597937928747788,0.9597819181760376,0.9597277792794083,0.9597153009274542,0.9597265574392373,0.9597350038252048,0.9596545271511245,0.9596668740934506,0.9596853858063108,0.9596710226594678,0.9596243451501361,0.9596092893434858,0.9596694262383758,0.9596712970689274
0.9623555714680325,0.9623444447516822,0.9622963726548779,0.9622828892060362,0.9622912250345474,0.962303968138762,0.9622317061552044,0.9622456985119527,0.9622512722979661,0.9622401074865778,0.9621904993806278,0.9621787673401092,0.9621904078955152,0.962198348893379,0.9621229596576024,0.9621345677997237,0.9621529344668072,0.9621394289919227,0.9620977958160262,0.962083631242322,0.9621377434035179,0.962139519327557
0.9623556740354358,0.9623445473487413,0.9622962635398646,0.9622827800528542,0.9622913277674401,0.9623040708376955,0.962231958562161,0.9622459508274424,0.96225137513134,0.962240210349701,0.962190105830983,0.9621783736710228,0.9621905108850497,0.9621984518617555,0.9621235897015672,0.962135197654836,0.9621530375483403,0.9621395320979531,0.9620964454697349,0.9620822803130313,0.9621378464386403,0.9621396224064891
0.9623556752854667,0.9623445485991335,0.9622964766319997,0.9622829932195294,0.9622913290194857,0.9623040720893272,0.9622318103006724,0.962245802619679,0.9622513763845943,0.9622402116033182,0.9621906036311518,0.962178871622271,0.9621905121402239,0.9621984531166738,0.9621230640841814,0.9621346721950024,0.9621530388046473,0.9621395333546985,0.9620979002937173,0.962083735668759,0.9621378476954405,0.9621396236632316
0.9623556753198801,0.962344548633556,0.962296264826286,0.9622827813397254,0.962291329054042,0.9623040721238711,0.9622319598507452,0.9622459521155604,0.9622513764192824,0.9622402116380162,0.9621901071209684,0.9621783749614015,0.9621905121750265,0.9621984531514682,0.96212359099378,0.9621351989466624,0.9621530388395736,0.9621395333896372,0.9620964467628557,0.9620822816066268,0.9621378477303824,0.9621396236981727
0.9623556752849938,0.9623445485986606,0.9622964766315267,0.9622829932190564,0.962291329019014,0.9623040720888549,0.9622318103001992,0.9622458026192078,0.962251376384125,0.9622402116028486,0.9621906036306815,0.9621788716218005,0.9621905121397571,0.9621984531162053,0.9621230640837148,0.962134672194537,0.9621530388041812,0.9621395333542315,0.962097900293249,0.9620837356682923,0.9621378476949736,0.9621396236627646
0.9623556753208224,0.9623445486345008,0.9622962648272337,0.9622827813406727,0.9622913290549884,0.9623040721248173,0.9622319598516929,0.9622459521165079,0.9622513764202312,0.9622402116389643,0.9621901071219185,0.962178374962352,0.9621905121759793,0.9621984531524219,0.9621235909947343,0.9621351989476166,0.9621530388405288,0.9621395333905927,0.9620964467638151,0.9620822816075854,0.9621378477313376,0.962139623699128
0.9623556752850062,0.9623445485986732,0.9622964766315394,0.9622829932190691,0.9622913290190267,0.9623040720888676,0.9622318103002119,0.9622458026192207,0.9622513763841376,0.9622402116028612,0.9621906036306944,0.9621788716218134,0.96219051213977,0.962198453116218,0.9621230640837275,0.9621346721945496,0.9621530388041941,0.9621395333542444,0.9620979002932619,0.9620837356683054,0.9621378476949864,0.9621396236627775
0.9623556753208224,0.9623445486345008,0.9622962648272337,0.9622827813406727,0.9622913290549884,0.9623040721248173,0.9622319598516929,0.9622459521165079,0.9622513764202312,0.9622402116389643,0.9621901071219185,0.962178374962352,0.9621905121759793,0.9621984531524219,0.9621235909947343,0.9621351989476166,0.9621530388405288,0.9621395333905927,0.9620964467638151,0.9620822816075854,0.9621378477313376,0.962139623699128
0.959913173441636,0.959901341601245,0.959849377037026,0.9598350388839025,0.9598398822087757,0.9598534344209182,0.9597757367916819,0.9597906178153279,0.9597937062576567,0.9597818315339326,0.9597282206508664,0.9597157424324696,0.9597264673641528,0.9597349137685702,0.9596538765013014,0.9596662236380762,0.9596852918854215,0.9596709264343801,0.9596257953201865,0.9596107284759534,0.9596692989025486,0.9596711879215956
0.9599126572117469,0.9599008252225381,0.9598486347330912,0.9598342963210733,0.959839361935271,0.9598529143188854,0.9597753747205218,0.9597902558749838,0.9597931822742158,0.9597813073993529,0.9597271677001726,0.9597146891631583,0.9597259393934425,0.9597343859059975,0.9596539080262445,0.9596662551535997,0.9596847598825664,0.9596703923168353,0.9596237148826765,0.959608638118876,0.9596687330423623,0.9596706403786557
0.959912386400404,0.9599005543331265,0.9598485887729737,0.9598342503449255,0.9598390876200207,0.9598526400940439,0.9597749409639431,0.9597898222751253,0.9597929046268914,0.9597810296719453,0.9597274177455193,0.9597149392841673,0.959725658263674,0.9597341048338088,0.9596530659771714,0.959665413356174,0.9596844751171367,0.9596701057714119,0.9596249746872252,0.9596098909587896,0.9596684138986249,0.9596703398442776
0.9599240198546188,0.9599121911410191,0.9598600150925258,0.959845680649688,0.9598507388892346,0.9598642875232051,0.9597867693703903,0.9598016464078862,0.9598045660283563,0.9597926944370498,0.959738569700483,0.9597260946136672,0.9597373357644376,0.9597457799428075,0.9596653242949404,0.959677668010467,0.9596961610616583,0.9596817943392233,0.9596351308017719,0.9596200449032919,0.9596800696943875,0.9596820138944788
0.959929339001806,0.9599175118216188,0.9598653425333765,0.9598510099486359,0.9598560646651606,0.9598696115438317,0.9597921034302075,0.9598069785404499,0.9598098949167682,0.9597980248625559,0.9597439071302631,0.9597314336585485,0.9597426704880339,0.9597511135737427,0.9596706683328855,0.9596830104512957,0.9597014980064635,0.9596871318956139,0.9596404749145304,0.9596253862593827,0.9596853735332844,0.9596873365222538
0.9599358512916973,0.959924025988899,0.959871864977371,0.9598575346675315,0.9598625857662817,0.9598761304956729,0.9597986346745382,0.9598135074249536,0.9598164205256661,0.9598045523537477,0.9597504431987518,0.9597379717048597,0.9597492039407844,0.9597576456883001,0.9596772131930289,0.9596895533554333,0.9597080349659968,0.9596936700587855,0.9596470209839989,0.9596319309998649,0.9596918774153638,0.9596938593521216
0.9599358402569347,0.9599240149509543,0.9598718539253948,0.9598575236117024,0.9598625719160279,0.9598761166499852,0.9597986208027409,0.9598134935581701,0.9598164038609152,0.9598045356841909,0.9597504265072907,0.9597379550083478,0.9597491844452926,0.9597576261968015,0.9596771936635022,0.9596895338317422,0.9597080124603374,0.9596936465844352,0.9596469980297082,0.959631905095824,0.9596918183156076,0.9596938200104781
0.9599358399686477,0.959924014662584,0.9598718536366591,0.9598575233228641,0.9598625688552,0.9598761135901661,0.9597986177371534,0.9598134904936892,0.9598163980215073,0.9598045298430986,0.9597504206585239,0.9597379491578111,0.9597491758166627,0.9597576175699405,0.9596771850198063,0.9596895251906297,0.959708000881849,0.9596936341744111,0.9596469861222261,0.9596318908756478,0.9596917696609466,0.9596937913580019
0.9599358529170161,0.9599240276146856,0.9598718666052177,0.959857536295947,0.959862579070228,0.9598761238018274,0.9597986279680715,0.9598135007209108,0.9598164054884524,0.9598045373121984,0.9597504281374356,0.9597379566389848,0.9597491805317464,0.9597576222840567,0.9596771897431202,0.9596895299125321,0.9597080026983562,0.9596936352802796,0.9596469877114857,0.9596318906684105,0.9596917339493107,0.9596937758784643
0.9599433403619091,0.9599315172181062,0.959879590828377,0.959865263213187,0.9598700771078779,0.9598836193681919,0.9598059787737778,0.9598208488706501,0.9598239091719252,0.9598120431601067,0.9597584715882941,0.9597460025238227,0.959756693698679,0.9597651339121154,0.9596841560214,0.9596964941088431,0.9597155204810228,0.9597011550664827,0.9596560614546672,0.9596409663079055,0.9596992166789957,0.9597012787180537
0.9599433992639725,0.9599315761371494,0.9598794247187004,0.9598650970455753,0.9598701333593969,0.9598836756011724,0.9598061940076168,0.9598210640267222,0.959823962727913,0.9598120967315431,0.9597579974901471,0.9597455282822132,0.9597567445787445,0.9597651847817603,0.9596847669970443,0.959697104901887,0.9597155685443679,0.959701202616736,0.9596545644451839,0.9596394676417175,0.9596953819315075,0.959697464884177
0.9599435008992763,0.9599316778017544,0.9598797516151785,0.9598654240560704,0.959870232527279,0.9598837747363675,0.9598061344355282,0.9598210044761581,0.9598240593552807,0.9598121933867827,0.9597586220104484,0.9597461529914966,0.9597568387080353,0.9597652788917694,0.9596843012859202,0.9596966393299471,0.9597156600059917,0.9597012935737879,0.9596562009778999,0.9596411038840327,0.9596952960888723,0.9596973990298439
0.9599435985194171,0.959931775450038,0.9598796242848315,0.9598652966813115,0.9598703276614511,0.9598838698391845,0.9598063886118997,0.95982125856069,0.9598241519331572,0.9598122859913634,0.9597581869986684,0.9597457178480797,0.9597569287694772,0.9597653689347652,0.9596849515093762,0.9596972893590763,0.9597157473976019,0.9597013805279544,0.9596547434281812,0.9596396450843601,0.9596952028485475,0.959697326011715
0.9599436868097262,0.9599318637658016,0.9598799378144847,0.95986561032032,0.9598704134244667,0.9598839555739329,0.9598063156147907,0.9598211855899563,0.9598242351045145,0.95981236918671,0.959758798039128,0.9597463290734425,0.9597570093846182,0.9597654495333943,0.9596844722628237,0.9596968102557533,0.9597158253186364,0.9597014580609198,0.959656366426958,0.9596412680631408,0.9596950953963352,0.9596972390555969
0.9599436918093756,0.9599318687668923,0.9598797177202545,0.9598653901493244,0.9598704157242732,0.9598839578729808,0.9598064768116976,0.9598213467286196,0.9598242346951553,0.9598123687772353,0.9597582698933258,0.9597458007678223,0.9597570062581797,0.9597654464075955,0.9596850291333789,0.9596973669598772,0.9597158193992237,0.9597014517696669,0.9596548154550548,0.9596397160004391,0.9596948993457879,0.9596970637794728
0.9599436300556239,0.9599318069953362,0.9598796558702076,0.959865328277705,0.9598703511201125,0.9598838932901139,0.959806412107046,0.9598212820473473,0.9598241672751759,0.9598123013378086,0.9597582023652778,0.9597457332193382,0.9597569359802705,0.9597653761440825,0.9596849587327623,0.9596972965803026,0.9597157462364465,0.9597013782475612,0.9596547421537907,0.9596396422093865,0.9596946304866327,0.9596968159961092
0.962366388136241,0.9623552645473028,0.9623069941796152,0.9622935144462379,0.9623020408259637,0.962314780354939,0.9622426881176644,0.9622566764947917,0.9622620803177042,0.9622509186330581,0.9622008280113747,0.9621890991055537,0.9622012139507694,0.9622091527287735,0.9621343112947276,0.9621459160342294,0.9621637299197998,0.9621502155622321,0.9621071505804728,0.9620929479018065,0.9621435468819048,0.9621456226696283
0.9623664929628233,0.9623553694041946,0.9623070991680127,0.9622936194713609,0.9623021458238903,0.9623148853181573,0.9622427932772795,0.962256781616299,0.962262185420528,0.9622510237662898,0.9622009332810468,0.962189204407174,0.9622013192154415,0.9622092579718193,0.9621344167416106,0.9621460214495059,0.9621638352822126,0.9621503209589224,0.9621072560968751,0.9620930534526386,0.9621436502539662,0.9621457261007402
0.9623664945822976,0.962355371024137,0.9623071007899886,0.9622936210939053,0.9623021474460711,0.9623148869398019,0.9622427949019583,0.962256783240389,0.9622621870443897,0.9622510253906205,0.9622009349074854,0.9621892060341062,0.9622013208418609,0.9622092595979057,0.9621344183708458,0.9621460230782524,0.9621638369102057,0.9621503225874839,0.962107257727246,0.9620930550836082,0.9621436518828077,0.962145727729494
0.9623664945822941,0.9623553710241335,0.962307100789985,0.9622936210939017,0.9623021474460673,0.9623148869397982,0.9622427949019545,0.9622567832403854,0.9622621870443862,0.9622510253906169,0.9622009349074818,0.9621892060341026,0.9622013208418574,0.9622092595979019,0.962134418370842,0.9621460230782488,0.9621638369102019,0.9621503225874803,0.9621072577272425,0.9620930550836047,0.9621436518828039,0.9621457277294903
0.9623664945822941,0.9623553710241335,0.962307100789985,0.9622936210939017,0.9623021474460673,0.9623148869397982,0.9622427949019545,0.9622567832403854,0.9622621870443862,0.9622510253906169,0.9622009349074818,0.9621892060341026,0.9622013208418574,0.9622092595979019,0.962134418370842,0.9621460230782488,0.9621638369102019,0.9621503225874803,0.9621072577272425,0.9620930550836047,0.9621436518828039,0.9621457277294903
0.9623664945822976,0.962355371024137,0.9623071007899886,0.9622936210939053,0.9623021474460711,0.9623148869398019,0.9622427949019583,0.962256783240389,0.9622621870443897,0.9622510253906205,0.9622009349074854,0.9621892060341062,0.9622013208418609,0.9622092595979057,0.9621344183708458,0.9621460230782524,0.9621638369102057,0.9621503225874839,0.962107257727246,0.9620930550836082,0.9621436518828077,0.962145727729494
0.9623664945822976,0.962355371024137,0.9623071007899886,0.9622936210939053,0.9623021474460711,0.9623148869398019,0.9622427949019583,0.962256783240389,0.9622621870443897,0.9622510253906205,0.9622009349074854,0.9621892060341062,0.9622013208418609,0.9622092595979057,0.9621344183708458,0.9621460230782524,0.9621638369102057,0.9621503225874839,0.962107257727246,0.9620930550836082,0.9621436518828077,0.962145727729494
0.9623664945822976,0.962355371024137,0.9623071007899886,0.9622936210939053,0.9623021474460711,0.9623148869398019,0.9622427949019583,0.962256783240389,0.9622621870443897,0.9622510253906205,0.9622009349074854,0.9621892060341062,0.9622013208418609,0.9622092595979057,0.9621344183708458,0.9621460230782524,0.9621638369102057,0.9621503225874839,0.962107257727246,0.9620930550836082,0.9621436518828077,0.962145727729494
0.9599437669138431,0.959931943893009,0.9598797929418197,0.9598654653971246,0.9598704854415245,0.9598840275672536,0.9598065466373937,0.9598214165290875,0.9598242989632155,0.9598124330638329,0.9597583342643974,0.9597458651583712,0.9597570650947422,0.9597655052321075,0.9596850880726726,0.9596974258815569,0.9597158726299859,0.9597015043801373,0.9596548687089916,0.9596397684003044,0.9596945536870369,0.9596967606262345
0.9599434085240655,0.9599315853999129,0.9598794339932291,0.9598651063233392,0.9598701236225242,0.9598836658675078,0.9598061842555952,0.9598210542782231,0.959823933945209,0.9598120679405355,0.9597579686613131,0.9597454994446553,0.9597566966829822,0.9597651368958073,0.9596847190176552,0.9596970569368382,0.959715500998239,0.9597011323510822,0.9596544965085754,0.9596393957169937,0.9596939778343399,0.9596962063592152
0.9599432232600562,0.9599314000824943,0.9598792484403524,0.9598649207057444,0.9598699351905176,0.9598834774976062,0.9598059955304907,0.9598208656213085,0.9598237424610685,0.9598118764011632,0.9597577768702497,0.9597453075955529,0.9597565020407561,0.9597649422934489,0.9596845240355827,0.959696862013039,0.9597153032648247,0.9597009342962557,0.9596542984670298,0.9596391972876879,0.9596935679969785,0.9596958184977151
0.9599430895045464,0.9599312662884254,0.9598791144762788,0.9598647866949459,0.9598697983254214,0.9598833406776197,0.9598058584525047,0.9598207285928504,0.9598236025681897,0.959811736467931,0.9597576367531337,0.9597451674360371,0.9597563590404861,0.9597647993224676,0.9596843807856281,0.9596967188058969,0.9597151571953797,0.9597007879442438,0.9596541521700945,0.9596390506624664,0.9596932045172977,0.959695477288141
0.9599428493395865,0.959931026054228,0.9598788739368473,0.959864546071618,0.9598695548288687,0.9598830972613226,0.9598056145772009,0.959820484805666,0.9598233558919951,0.9598114897205825,0.9597573896815523,0.9597449202896904,0.9597561090502298,0.9597645493834164,0.9596841303588834,0.9596964684539953,0.9597149040004749,0.9597005344490384,0.9596538985933356,0.9596387967561977,0.9596927289942432,0.9596950243263815
0.9599426269943043,0.9599308036448473,0.9598786512448736,0.9598643233019717,0.9598693291526101,0.9598828716594443,0.9598053885499116,0.9598202588600415,0.9598231270248703,0.9598112607874407,0.9597571604475805,0.9597446909863521,0.9597558768668621,0.9597643172476047,0.9596838977701199,0.9596962359347454,0.9597146686024622,0.9597002987751733,0.9596536628434831,0.9596385607186992,0.9596922668579131,0.9596945850248149
0.9599587533144673,0.959946934614069,0.9598948027100962,0.9598804804006378,0.9598854812718787,0.9598990184550509,0.9598215657934637,0.9598364302584115,0.9598392942953378,0.9598274327214162,0.9597733536323905,0.9597608890713458,0.9597720675648553,0.9597805046293175,0.9597001167376684,0.9597124500549608,0.959730872466938,0.959716508107858,0.959669890660108,0.959654794298147,0.9597082491544586,0.9597105894832934
0.9599638753331299,0.9599520581093772,0.9598999327153894,0.9598856121952393,0.9598906094334863,0.9599041449264174,0.9598267019319198,0.959841564541049,0.9598444252132474,0.9598325651193773,0.9597784927747031,0.9597660297688233,0.9597772038600474,0.9597856398724482,0.9597052620011395,0.9597175937806564,0.9597360108584636,0.9597216481276316,0.9596750366497888,0.9596599420284739,0.9597131561372025,0.9597155195062088
0.959968835454736,0.9599570196609657,0.9599049005712466,0.9598905817838597,0.9598955753822958,0.9599091092384431,0.9598316756053069,0.9598465364173077,0.9598493937093795,0.9598375350487178,0.9597834692349339,0.9597710077349986,0.9597821774411892,0.9597906124348505,0.9597102442664986,0.9597225745569467,0.9597409863491899,0.9597266252050609,0.9596800195001647,0.9596649265852544,0.9597178971792371,0.9597202838317596
0.9599812622889028,0.9599694500777711,0.9599173467825979,0.959903032336433,0.9599080213436413,0.9599215510975354,0.9598441409266636,0.9598589972345459,0.9598618505907401,0.959849995523419,0.9597959460838916,0.9597834883596592,0.9597946516175728,0.9598030840561178,0.9597227402239077,0.9597350667796021,0.9597534699143939,0.9597391129919353,0.9596925215249619,0.9596774330882714,0.9597301497102946,0.9597325593862434
0.959981436254498,0.9599696240935207,0.9599175210194573,0.9599032066340656,0.9599081925591704,0.9599217222566299,0.9598443124085201,0.9598591686544391,0.95986201893452,0.95985016391576,0.9597961146975222,0.9597836570243157,0.9597948171674167,0.9598032495720514,0.9597229060628161,0.9597352325689446,0.9597536325365359,0.9597392755603589,0.9596926843938394,0.9596775959437849,0.9597300737760686,0.9597325073677803
0.9599815589559282,0.9599697468303259,0.9599176439122272,0.9599033295697006,0.9599083123986565,0.9599218420566167,0.959844432434424,0.9598592886369737,0.9598621358241579,0.9598502808391136,0.9597962317745237,0.9597837741367468,0.9597949311585956,0.9598033635398819,0.9597230202530374,0.9597353467250378,0.9597537435307921,0.9597393864975148,0.9596927955588483,0.9596777070919722,0.9597299457661668,0.9597324034523265
0.959981678950544,0.9599698668595362,0.9599177640939494,0.9599034497933441,0.9599084295059805,0.9599219591253432,0.9598445497239148,0.9598594058840837,0.9598622499580267,0.9598503950059079,0.9597963460913448,0.9597838884881633,0.9597950423689281,0.9598034747274329,0.9597231316575563,0.9597354580962583,0.9597538517232278,0.9597394946444586,0.9596929039180009,0.9596778154456309,0.95972981468528,0.9597322966397324
0.9599817682647311,0.9599699561994728,0.9599178535474033,0.9599035392779995,0.9599085158573781,0.9599220454482775,0.9598446362096342,0.959859492338552,0.9598623332806702,0.959850478352587,0.9597964295475498,0.9597839719696237,0.9597951226968915,0.9598035550389443,0.9597232121257797,0.9597355385404316,0.9597539289836694,0.9597395718594037,0.9596929812993582,0.9596778928199463,0.9597296524966457,0.9597321588941068
0.9599904443933123,0.9599786348294035,0.9599265432048725,0.9599122319664504,0.9599172043171356,0.9599307310442371,0.9598533381846961,0.9598681911692706,0.9598710283391674,0.9598591759193118,0.9598051385438655,0.9597926836014623,0.959803828801187,0.9598122593599248,0.9597319334319174,0.9597442572399373,0.95976264061687,0.9597482864588851,0.9597017058180088,0.9596866204987791,0.9597381279338919,0.9597406584631318
0.9599905251248302,0.9599787155841948,0.9599266240622766,0.959912312852057,0.9599172820219584,0.9599308087234468,0.9598534160103918,0.9598682689668439,0.9598711029568843,0.9598592505585544,0.9598052132811983,0.9597927583614132,0.9598039003612773,0.9598123309053568,0.9597320051169607,0.9597443289035543,0.9597627090541729,0.9597483548595085,0.9597017743634246,0.9596866890462805,0.9597379548796332,0.9597405102443033
0.9623830680854193,0.9623719493192149,0.9623236998774132,0.9623102259878713,0.9623187282328611,0.9623314622456021,0.9622594012218342,0.9622733835424009,0.9622787645680484,0.9622676077102084,0.9622175387477001,0.9622058149135986,0.9622179040323828,0.9622258393817287,0.9621510302680221,0.9621626299959765,0.9621804153292328,0.9621669046213897,0.9621238605009841,0.9621096619003271,0.9621567793692671,0.9621592082347865
0.9623850678630916,0.9623739496750938,0.9623257027421515,0.9623122295532403,0.9623207313506201,0.9623334647011965,0.9622614074242701,0.9622753890178142,0.9622807697583993,0.9622696134806745,0.9622195471212938,0.9622078238967422,0.9622199123819501,0.9622278473187154,0.9621530420942168,0.9621646412191163,0.9621824256226463,0.9621689156155264,0.9621258737344058,0.9621116758694523,0.962158787832879,0.9621612166515965
0.9623850707444226,0.9623739525572579,0.9623257056279255,0.962312232440024,0.9623207342367677,0.962333467586391,0.9622614103148606,0.9622753919073561,0.9622807726475373,0.9622696163706475,0.9622195500150186,0.9622078267913452,0.9622199152756457,0.9622278502118156,0.9621530449929234,0.9621646441169549,0.9621824285191485,0.9621689185130415,0.9621258766351433,0.9621116787712551,0.9621587907311502,0.9621612195496865
0.9623850707444224,0.9623739525572579,0.9623257056279255,0.962312232440024,0.9623207342367677,0.962333467586391,0.9622614103148606,0.9622753919073561,0.9622807726475373,0.9622696163706475,0.9622195500150184,0.9622078267913452,0.9622199152756457,0.9622278502118156,0.9621530449929234,0.9621646441169549,0.9621824285191485,0.9621689185130415,0.9621258766351433,0.9621116787712549,0.9621587907311502,0.9621612195496865
0.9623850707444224,0.9623739525572579,0.9623257056279255,0.962312232440024,0.9623207342367677,0.962333467586391,0.9622614103148606,0.9622753919073561,0.9622807726475373,0.9622696163706475,0.9622195500150184,0.9622078267913452,0.9622199152756457,0.9622278502118156,0.9621530449929234,0.9621646441169549,0.9621824285191485,0.9621689185130415,0.9621258766351433,0.9621116787712549,0.9621587907311502,0.9621612195496865
0.9623850707444224,0.9623739525572579,0.9623257056279255,0.962312232440024,0.9623207342367677,0.962333467586391,0.9622614103148606,0.9622753919073561,0.9622807726475373,0.9622696163706475,0.9622195500150184,0.9622078267913452,0.9622199152756457,0.9622278502118156,0.9621530449929234,0.9621646441169549,0.9621824285191485,0.9621689185130415,0.9621258766351433,0.9621116787712549,0.9621587907311502,0.9621612195496865
0.9623850707444224,0.9623739525572579,0.9623257056279255,0.962312232440024,0.9623207342367677,0.962333467586391,0.9622614103148606,0.9622753919073561,0.9622807726475373,0.9622696163706475,0.9622195500150184,0.9622078267913452,0.9622199152756457,0.9622278502118156,0.9621530449929234,0.9621646441169549,0.9621824285191485,0.9621689185130415,0.9621258766351433,0.9621116787712549,0.9621587907311502,0.9621612195496865
0.9623850707444224,0.9623739525572579,0.9623257056279255,0.962312232440024,0.9623207342367677,0.962333467586391,0.9622614103148606,0.9622753919073561,0.9622807726475373,0.9622696163706475,0.9622195500150184,0.9622078267913452,0.9622199152756457,0.9622278502118156,0.9621530449929234,0.9621646441169549,0.9621824285191485,0.9621689185130415,0.9621258766351433,0.9621116787712549,0.9621587907311502,0.9621612195496865
0.9599959853669187,0.9599841774004993,0.9599320928187234,0.9599177835160402,0.9599227488037028,0.9599362737032733,0.9598588912960493,0.9598737422740637,0.9598765726678473,0.959864721847357,0.9598106917599594,0.9597982384980885,0.9598093757955708,0.9598178052180768,0.9597374901120634,0.9597498122592818,0.9597681867365411,0.9597538343949639,0.959707260149786,0.9596921768173545,0.9597431909457459,0.9597457710700148
0.9600004898220975,0.9599886831543438,0.9599366042979056,0.9599222965688652,0.9599272580990819,0.9599407815123231,0.9598634076059505,0.9598782569520328,0.959881083823708,0.9598692343045523,0.9598152101471182,0.9598027582526265,0.959813891114849,0.9598223196124462,0.959742013315716,0.9597543341110157,0.9597727033520651,0.9597583525393671,0.9597117834482014,0.9596967017566318,0.9597474723006694,0.9597500772046788
0.9600004281003529,0.9599886214148052,0.9599365424799184,0.9599222347293146,0.9599271930298272,0.9599407164645164,0.9598633424354706,0.9598781918051,0.9598810154403901,0.959869165901508,0.9598151416541849,0.9598026897389647,0.9598138193734727,0.9598222478857663,0.9597419414490675,0.959754262265847,0.9597726282811574,0.959758277399537,0.9597117082722122,0.9596966265417597,0.959747155353321,0.9597497856354791
0.9600126146582395,0.9600008114861911,0.9599487480410602,0.9599344445479028,0.9599393980773876,0.9599529174890795,0.9598755664690275,0.959890411421557,0.9598932309282227,0.9598813849131802,0.9598273767234347,0.9598149285108919,0.959826051552521,0.9598344775591745,0.9597541949874167,0.9597665121417565,0.959784869414287,0.9597705227595617,0.9597239675069758,0.9597088902490434,0.9597591623996689,0.959761817444819
0.9600126569028355,0.9600008537429676,0.959948790351536,0.959934486873135,0.9599394369957337,0.9599529563945965,0.9598756054479143,0.9598904503863561,0.9598932664847803,0.9598814204799961,0.9598274123369921,0.9598149641352292,0.9598260837561108,0.9598345097561676,0.9597542272472384,0.9597665443919352,0.9597848982091275,0.9597705514265857,0.959723996363238,0.9597089190783927,0.9597589144382641,0.9597615960780113
0.9600126915426181,0.960000888392738,0.9599488250453374,0.9599345215790385,0.9599394682692841,0.9599529876578377,0.9598756367701167,0.959890481697242,0.9598932943615126,0.9598814483647693,0.9598274402584062,0.9598149920650938,0.9598261082408386,0.9598345342358798,0.9597542517747213,0.9597665689120869,0.9597849192543002,0.9597705723590906,0.9597240174566661,0.959708940150507,0.9597586572476753,0.9597613657032011
0.9600182402406257,0.9600064386905058,0.959954382395868,0.9599400808680612,0.9599450234170794,0.9599585409745397,0.9598812005595145,0.9598960434761663,0.9598988522896268,0.9598870078962141,0.9598330070959749,0.9598205605873615,0.9598316717879771,0.9598400966433671,0.9597598250367914,0.9597721405083564,0.959790484879337,0.959776139818445,0.9597295913250437,0.9597145160339151,0.959763946898476,0.9597666820200217
0.960018204418039,0.9600064028575894,0.9599543465174178,0.9599400449770952,0.9599449840495462,0.9599585016199834,0.9598811611307401,0.9598960040616396,0.9598988093929481,0.9598869649871606,0.9598329641305323,0.9598205176089165,0.9598316253305417,0.9598400501954483,0.9597597784982326,0.9597720939837076,0.9597904348635606,0.9597760896929859,0.9597295412493498,0.9597144659217345,0.9597636160714835,0.9597663784475892
0.960018162274751,0.9600063607021507,0.9599543043084167,0.9599400027533718,0.9599449383227552,0.9599584559082643,0.95988111533282,0.9598959582802684,0.9598987601025546,0.959886915682548,0.9598329147611264,0.9598204682245706,0.9598315724415953,0.9598399973173368,0.9597597255169286,0.9597720410182393,0.9597903783844628,0.9597760331123641,0.9597294846994382,0.9597144093361722,0.9597632775725475,0.9597660674236279
0.9600233665534452,0.9600115664813154,0.9599595167026043,0.959945216965735,0.9599501483565307,0.9599636642246903,0.9598863334713823,0.9599011745332453,0.9599039724490241,0.9598921295326648,0.9598381354631285,0.9598256905065323,0.9598367897621531,0.9598452135691582,0.9597649519479068,0.9597772658870709,0.9597955973623755,0.9597812538354946,0.9597347114042327,0.9597196379390984,0.9597682168802928,0.9597710340662926
0.9600281495036529,0.9600163508105228,0.95996430711134,0.9599500090454616,0.9599549362826596,0.9599684505725985,0.9598911288457166,0.9599059681747537,0.9599087621866511,0.9598969206520365,0.9598429328788813,0.9598304893741518,0.9598415837560399,0.9598500065810203,0.9597697543130577,0.9597820668168171,0.9598003925642997,0.9597860506421949,0.9597395137055502,0.9597244419850484,0.9597727310807389,0.9597755758458588
0.9600280343334686,0.9600162356071342,0.9599641917615591,0.9599498936554443,0.9599548173158585,0.9599683316450132,0.9598910096938487,0.9599058490659409,0.9599086394911462,0.9598967979211357,0.9598428099866907,0.9598303664447696,0.9598414572590255,0.9598498801099185,0.9597696275951522,0.9597819401367871,0.9598002623246158,0.9597859202971284,0.9597393832828545,0.9597243115048275,0.9597723155129756,0.9597751884168377
0.9600324224256085,0.9600206249644412,0.9599685866965235,0.9599542901234586,0.9599592095995475,0.9599727224808865,0.95989540881031,0.9599102465927547,0.959913033062336,0.9599011927597894,0.9598472106009759,0.9598347683908426,0.9598458543592405,0.959854276309404,0.9597740323736146,0.9597863435986762,0.959804660154177,0.9597903195838289,0.9597437876252961,0.9597287174421625,0.9597764226633667,0.9597793237872032
0.9600321767087876,0.9600203791767754,0.9599683405965289,0.9599540439376186,0.959958959770576,0.9599724727342656,0.9598951585926974,0.95990999646556,0.9599127792750883,0.9599009388993276,0.9598469564068943,0.9598345141198323,0.9598455964735015,0.9598540184764921,0.959773774037554,0.9597860853398317,0.9598043983098021,0.9597900575793623,0.9597435254043234,0.959728455111938,0.9597758653536195,0.9597787952629606
0.9600318760709887,0.9600200784522972,0.9599680394899142,0.9599537427259701,0.9599586548922179,0.9599721679564028,0.9598948532400564,0.9599096912232603,0.9599124703462245,0.9599006298813444,0.9598466469828031,0.9598342046020987,0.9598452833255702,0.9598537053927088,0.9597734603427983,0.9597857717388367,0.9598040811185213,0.9597897402142039,0.9597432077538761,0.9597281373334439,0.9597752511386612,0.9597782100774768
0.960036062927532,0.9600242665159906,0.9599722328754983,0.9599579375743068,0.9599628454914118,0.9599763571742572,0.9598990503583105,0.9599138868248531,0.9599166619166073,0.9599048226609219,0.9598508452724943,0.9598384041623527,0.9598494780049074,0.9598578992127778,0.959777662346952,0.9597899724870194,0.9598082762378168,0.9597939367364943,0.9597474090841351,0.9597323401888311,0.9597791509457063,0.9597821388277072
0.9623990614469462,0.9623879473050485,0.9623397179281716,0.962326249642028,0.9623347245263587,0.9623474532512168,0.9622754221488263,0.962289398663555,0.9622947536071722,0.9622836013751015,0.9622335531696671,0.9622218341960507,0.9622338944195128,0.9622418264838757,0.962167048336156,0.9621786432625663,0.9621963971481542,0.9621828909096277,0.9621398658458737,0.9621256728749574,0.9621686064466821,0.9621714486685935
0.9623992012971818,0.9623880871957198,0.9623398579942943,0.9623263897571506,0.9623348646050047,0.9623475932835568,0.9622755624431889,0.9622895389070747,0.9622948938255802,0.9622837416340764,0.9622336936106777,0.9622219746796865,0.9622340348536538,0.9622419668891653,0.9621671890134063,0.9621787838976472,0.9621965377127444,0.9621830315214719,0.9621400066160535,0.9621258136942912,0.9621687429930412,0.9621715853001127
0.9623992054801693,0.9623880913799177,0.9623398621837373,0.9623263939480582,0.9623348687949873,0.9623475974721543,0.9622755666396221,0.9622895431019862,0.9622948980199082,0.9622837458296176,0.9622336978116659,0.9622219788819508,0.9622340390545985,0.9622419710892478,0.9621671932216254,0.9621787881046056,0.9621965419177607,0.9621830357279577,0.962140010827214,0.9621258179069949,0.9621687472010827,0.9621715895078446
0.9623992054801624,0.9623880913799108,0.9623398621837305,0.9623263939480513,0.9623348687949806,0.9623475974721474,0.9622755666396152,0.9622895431019793,0.9622948980199013,0.962283745829611,0.9622336978116592,0.9622219788819439,0.9622340390545916,0.9622419710892411,0.9621671932216185,0.9621787881045989,0.9621965419177541,0.962183035727951,0.9621400108272073,0.962125817906988,0.9621687472010758,0.962171589507838
0.9623992054801624,0.9623880913799108,0.9623398621837305,0.9623263939480513,0.9623348687949806,0.9623475974721474,0.9622755666396152,0.9622895431019793,0.9622948980199013,0.962283745829611,0.9622336978116592,0.9622219788819439,0.9622340390545916,0.9622419710892411,0.9621671932216185,0.9621787881045989,0.9621965419177541,0.962183035727951,0.9621400108272073,0.962125817906988,0.9621687472010758,0.962171589507838
0.9623992054801624,0.9623880913799108,0.9623398621837305,0.9623263939480513,0.9623348687949806,0.9623475974721474,0.9622755666396152,0.9622895431019793,0.9622948980199013,0.962283745829611,0.9622336978116592,0.9622219788819439,0.9622340390545916,0.9622419710892411,0.9621671932216185,0.9621787881045989,0.9621965419177541,0.962183035727951,0.9621400108272073,0.962125817906988,0.9621687472010758,0.962171589507838
0.9623992054801624,0.9623880913799108,0.9623398621837305,0.9623263939480513,0.9623348687949806,0.9623475974721474,0.9622755666396152,0.9622895431019793,0.9622948980199013,0.962283745829611,0.9622336978116592,0.9622219788819439,0.9622340390545916,0.9622419710892411,0.9621671932216185,0.9621787881045989,0.9621965419177541,0.962183035727951,0.9621400108272073,0.962125817906988,0.9621687472010758,0.962171589507838
0.9623992054801624,0.9623880913799108,0.9623398621837305,0.9623263939480513,0.9623348687949806,0.9623475974721474,0.9622755666396152,0.9622895431019793,0.9622948980199013,0.962283745829611,0.9622336978116592,0.9622219788819439,0.9622340390545916,0.9622419710892411,0.9621671932216185,0.9621787881045989,0.9621965419177541,0.962183035727951,0.9621400108272073,0.962125817906988,0.9621687472010758,0.962171589507838
0.9600361986455512,0.960024402273141,0.9599723688051613,0.9599580735513846,0.9599629776739074,0.9599764893131817,0.959899182746432,0.9599140191651352,0.9599167904655008,0.9599049512469007,0.9598509740274566,0.959838532956282,0.9598496029756352,0.9598580241579056,0.9597777875359048,0.959790097638554,0.9598083975305887,0.9597940580146891,0.9597475305645573,0.9597324617009706,0.9597789682352003,0.9597819856966527
0.9600357097060548,0.9600239131926736,0.9599718791032064,0.9599575836786103,0.9599624840858361,0.9599759958878114,0.959898688390517,0.959913524987857,0.959916292543012,0.9599044531807686,0.9598504753067745,0.9598380340846675,0.9598491004531085,0.9598575217383185,0.9597772841358625,0.9597895943889758,0.9598078907059846,0.9597935509651869,0.9597470229983298,0.9597319539411406,0.9597781650192536,0.9597812120903559
0.9600354247623939,0.9600236281668568,0.959971593715196,0.9599572981910491,0.9599621948062265,0.9599757067035559,0.959898398660894,0.9599132353629329,0.9599159991068675,0.9599041596599724,0.959850181400236,0.9598377400891824,0.9598488026994638,0.9598572240456686,0.95977698586228,0.9597892962045469,0.9598075888032531,0.959793248908227,0.9597467206569237,0.959731651480467,0.9597775604090206,0.9597806374783231
0.9600407296663953,0.9600289346003714,0.9599769068917843,0.9599626132210086,0.9599675053272856,0.959981015474108,0.9599037174432414,0.9599185522232876,0.9599213117353855,0.9599094738210989,0.9598555025452191,0.9598430628445542,0.9598541201473949,0.9598625404043313,0.9597823125956608,0.9597946213457698,0.9598129076948905,0.9597985696067157,0.9597520474190251,0.9597369801815345,0.9597825794160151,0.9597856863055094
0.9600404900182662,0.9600286948831473,0.9599766668699421,0.9599623731154414,0.9599672613613957,0.9599807715886344,0.9599034730978213,0.9599183079661644,0.9599210636011162,0.9599092256152475,0.9598552540131755,0.9598428142372939,0.9598538677068211,0.9598622880154706,0.9597820597142726,0.9597943685399652,0.9598126510885696,0.9597983128666716,0.959751790440176,0.959736723100451,0.9597820175625031,0.9597851549370449
0.9600402369451586,0.9600284417370726,0.9599764134021909,0.959962119559272,0.9599670039145525,0.9599805142266562,0.9599032152504834,0.9599180502120039,0.9599208019387071,0.9599089638773528,0.9598549919313033,0.9598425520761067,0.9598536016838992,0.9598620220470422,0.9597817932268113,0.9597941021321583,0.959812380854534,0.9597980424960428,0.9597515198131372,0.9597364523663565,0.9597814407990877,0.9597846089095325
0.9600448291807615,0.9600330352967181,0.9599810127990664,0.9599667205605422,0.9599716003992664,0.9599851091962219,0.9599078188857395,0.9599226521836819,0.9599253996330233,0.9599135628980391,0.9598595969960457,0.959847158534533,0.9598582029331282,0.9598666223537105,0.9597864025108969,0.9597987100385232,0.9598169827357332,0.9598026459391651,0.9597561285039464,0.9597410627338621,0.9597857382939232,0.9597889370199242
0.9600446741896136,0.9600328802608835,0.9599808575662145,0.9599665652735407,0.9599714411442515,0.9599849499937019,0.9599076593829763,0.9599224927385561,0.95992523620743,0.9599133994252997,0.9598594333084698,0.9598469947974173,0.9598580352421693,0.9598664546971025,0.95978623452711,0.9597985421049469,0.9598168108670109,0.9598024739704392,0.9597559563872022,0.9597408905461182,0.9597852571785694,0.9597884871419737
0.9600489986585461,0.9600372059766629,0.959985188778899,0.9599708979970787,0.9599757693198261,0.9599892767425646,0.959911994291734,0.9599268260808385,0.9599295652266768,0.9599177296934116,0.9598637692674727,0.9598513320686701,0.9598623673125408,0.959870785880049,0.9597905741623278,0.9598028804430339,0.9598211432358299,0.9598068078100974,0.9597602951667512,0.9597452309040131,0.9597892825458785,0.9597925436457608
0.9600604193475959,0.9600486299585986,0.9599966272779923,0.9599823404862882,0.9599872063628225,0.9600007100154897,0.9599234491270772,0.9599382767767841,0.9599410110774182,0.9599291788461664,0.9598752334669829,0.9598627997377731,0.9598738278257408,0.9598822440455377,0.9598020546885597,0.9598143575376712,0.9598326111590976,0.959818279691846,0.9597717800497665,0.9597567199781754,0.9598004478898912,0.9598037398063228
0.9600602799251257,0.9600484904959281,0.9599964876380989,0.9599822007976826,0.9599870626067233,0.9600005663067792,0.959923305147343,0.9599381328490786,0.9599408630704871,0.9599290307965356,0.9598750852227835,0.9598626514487054,0.9598736754808206,0.9598820917318287,0.9598019020776036,0.9598142049723308,0.9598324545545773,0.9598181229964444,0.959771623219154,0.9597565630826264,0.9597999785878013,0.9598033025003012
0.9600600112130366,0.9600482217063626,0.9599962185069644,0.9599819315726668,0.9599867892944731,0.9600002930846216,0.9599230314099012,0.9599378592105572,0.9599405853261194,0.9599287529720417,0.9598748070331644,0.9598623731748945,0.9598733931505825,0.9598818094594253,0.9598016192543428,0.9598139222336091,0.9598321677986805,0.959817836103595,0.9597713360447846,0.9597562757951901,0.9597993772156388,0.9598027334101675
0.9600638632069551,0.9600520748109216,0.9600000765079406,0.95998579091945,0.9599906440185135,0.9600041465379938,0.9599268921307011,0.9599417185362094,0.9599444402287722,0.9599326089868054,0.9598786681156422,0.9598662354259226,0.9598772501959805,0.9598856657146932,0.9598054830351996,0.9598177848595482,0.959836024534187,0.9598216941472624,0.9597751984874008,0.9597601396421511,0.9598029215303736,0.9598063099292746
0.960063492658646,0.9600517041557723,0.9599997053817744,0.9599854196638233,0.9599902686204584,0.9600037712636842,0.9599265161486434,0.9599413426900214,0.9599440602160634,0.9599322288644654,0.9598782874937313,0.9598658546888177,0.9598768653622773,0.9598852809598231,0.9598050975294672,0.9598173994690469,0.95983563510468,0.9598213045474209,0.9597748084872679,0.9597597494918584,0.9598022151814434,0.9598056363969951
0.9600691725481196,0.9600573856829311,0.9600053941289033,0.9599911103953964,0.9599959544390397,0.9600094552079848,0.9599322108126511,0.9599470352961383,0.9599497482057344,0.9599379184950894,0.9598839846019134,0.9598715535212301,0.9598825584264568,0.9598909728577492,0.9598108005353594,0.9598231007702533,0.9598413296318062,0.9598270010245662,0.9597805114383076,0.9597654545203231,0.9598075964041366,0.959811050199092
0.9600688628257328,0.9600570758712406,0.9600053083381255,0.9599910245746923,0.9599956399058314,0.960009140778461,0.9599317373808693,0.9599465620354413,0.9599494290564348,0.9599375992537138,0.9598841910706692,0.9598717600524747,0.9598822344859401,0.9598906489835952,0.9598099177284891,0.9598222182272635,0.9598410010866971,0.9598266723318543,0.9597817227317973,0.9597666662493165,0.9598071091622891,0.9598105962929511
0.9624103157442758,0.9623992048564913,0.9623509895992337,0.9623375252561857,0.9623459702508872,0.9623586952581955,0.9622866851914973,0.9623006576245325,0.9623059835686911,0.962294834585601,0.9622448009592159,0.9622330853994356,0.9622451146320696,0.9622530443913717,0.9621782879723808,0.9621898795295669,0.9622076006565423,0.9621940977371195,0.9621510858218607,0.962136896843236,0.9621755678351305,0.9621788859535643
0.9624104582944308,0.962399347447864,0.9623511323694522,0.9623376680763491,0.9623461130337829,0.9623588379938903,0.9622868281942749,0.9623008005754874,0.9623061264939621,0.9622949775522214,0.9622449441113896,0.9622332285950577,0.9622452577771554,0.9622531875070481,0.9621784313652679,0.96219002287947,0.9622077439345267,0.9621942410633411,0.9621512293093937,0.9621370403809015,0.962175711046785,0.9621790292529151
0.9624104633331161,0.9623993524880055,0.9623511374159179,0.9623376731245812,0.9623461180809043,0.9623588430393433,0.962286833249169,0.9623008056285494,0.9623061315463259,0.9622949826060478,0.9622449491717715,0.9622332336569765,0.9622452628374998,0.9622531925663529,0.9621784364343755,0.962190027947057,0.9622077489997904,0.962194246130373,0.9621512343820635,0.9621370454554312,0.9621757161162445,0.962179034321939
0.9624104633326727,0.9623993524875609,0.9623511374154712,0.9623376731241331,0.962346118080458,0.9623588430388972,0.962286833248722,0.9623008056281024,0.9623061315458779,0.9622949826055998,0.9622449491713227,0.9622332336565276,0.9622452628370495,0.9622531925659037,0.9621784364339243,0.9621900279466062,0.962207748999337,0.9621942461299193,0.9621512343816097,0.9621370454549771,0.9621757161157884,0.9621790343214838
0.9624104633344528,0.9623993524893433,0.9623511374172566,0.9623376731259201,0.9623461180822457,0.9623588430406842,0.9622868332505152,0.9623008056298943,0.96230613154767,0.9622949826073923,0.9622449491731178,0.9622332336583233,0.9622452628388471,0.9622531925677009,0.9621784364357253,0.9621900279484064,0.9622077490011391,0.9621942461317223,0.9621512343834142,0.9621370454567826,0.9621757161175937,0.9621790343232897
0.9624104633335726,0.962399352488462,0.9623511374163751,0.9623376731250384,0.9623461180813628,0.9623588430398016,0.9622868332496282,0.9623008056290083,0.9623061315467862,0.9622949826065084,0.9622449491722307,0.9622332336574351,0.9622452628379634,0.9622531925668172,0.9621784364348398,0.9621900279475213,0.9622077490002547,0.9621942461308384,0.9621512343825296,0.9621370454558975,0.9621757161167117,0.962179034322407
0.9624104633344528,0.9623993524893433,0.9623511374172566,0.9623376731259201,0.9623461180822457,0.9623588430406842,0.9622868332505152,0.9623008056298943,0.96230613154767,0.9622949826073923,0.9622449491731178,0.9622332336583233,0.9622452628388471,0.9622531925677009,0.9621784364357253,0.9621900279484064,0.9622077490011391,0.9621942461317223,0.9621512343834142,0.9621370454567826,0.9621757161175937,0.9621790343232897
0.9624104633335726,0.962399352488462,0.9623511374163751,0.9623376731250384,0.9623461180813628,0.9623588430398016,0.9622868332496282,0.9623008056290083,0.9623061315467862,0.9622949826065084,0.9622449491722307,0.9622332336574351,0.9622452628379634,0.9622531925668172,0.9621784364348398,0.9621900279475213,0.9622077490002547,0.9621942461308384,0.9621512343825296,0.9621370454558975,0.9621757161167117,0.962179034322407
0.96006894516739,0.9600571582366404,0.9600051663935754,0.9599908825806283,0.9599957180881378,0.9600092189349934,0.9599319740940611,0.9599467986630894,0.9599495030153902,0.959937673234007,0.9598837390184938,0.9598713078634844,0.9598823042472975,0.9598907187306618,0.9598105459123318,0.9598228462233362,0.9598410665889692,0.9598267378241816,0.9597802480158408,0.9597651909848393,0.959807110059868,0.9598106308767387
0.9600683092461928,0.9600565221320874,0.9600045294806749,0.9599902454455473,0.9599950767173158,0.9600085777755951,0.959931331725451,0.9599461565266147,0.9599488566048897,0.9599370266370204,0.9598830915717225,0.9598706602207625,0.9598816524538856,0.9598900670707733,0.9598098929807011,0.9598221934868738,0.9598404098078621,0.9598260807891188,0.9597795902676587,0.9597645329917486,0.9598063879653942,0.9598099425790545
0.9600810395509296,0.9600692561073947,0.9600172796382278,0.9600030000508746,0.960007825408205,0.960021322263948,0.9599441002496836,0.959958920436615,0.9599616152705324,0.9599497889834994,0.9598958706912049,0.9598834432078864,0.9598944276210877,0.9599028396208933,0.9598226904572065,0.9598349871380445,0.9598531933956873,0.9598388688062809,0.9597923927590135,0.9597773401590846,0.9598191164728007,0.9598227041759728
0.960085035696917,0.9600732534056153,0.9600212820162397,0.9600070038250914,0.9600118242824753,0.9600253198199944,0.9599481053451226,0.9599629240846979,0.9599656142257784,0.9599537890924443,0.9598998760573743,0.9598874497863072,0.9598984286945986,0.9599068398747459,0.9598266985178698,0.9598389940006369,0.9598571940443379,0.9598428708195035,0.9597963993267158,0.9597813481849788,0.9598230541040293,0.9598266759969658
0.9600845057571799,0.9600727233130777,0.9600207512500529,0.9600064728737503,0.9600112889397481,0.960024784653744,0.9599475691695485,0.9599623881028856,0.9599650738197418,0.9599532485304993,0.95989933478498,0.959886908350092,0.9598978829359455,0.9599062942278984,0.9598261518061499,0.9598384474523383,0.9598566432605224,0.9598423198163184,0.9597958477326307,0.9597807963831226,0.959822435918517,0.9598260927076327
0.9600640392416908,0.9600522508964124,0.9600002528171994,0.9599859672902127,0.9599907813314634,0.9600042838056806,0.9599270296572711,0.9599418560130812,0.9599445386156187,0.9599327074020376,0.9598787666602124,0.959866334000318,0.9598773095990623,0.9598857251056059,0.9598055425420158,0.9598178443485781,0.9598360447608909,0.9598217141114158,0.9597752187835613,0.9597601598855765,0.9598017526612797,0.959805446470722,0.9600354849859902
0.9600620848757795,0.9600502959670001,0.9599982954035085,0.9599840091937057,0.959988818931216,0.9600023220523175,0.9599249057685011,0.9599397328918218,0.9599425694605042,0.9599307376788346,0.9598773205660283,0.9598648874684759,0.9598753326675362,0.9598837485790599,0.9598030037637568,0.9598153063291812,0.9598340612838241,0.9598197299181717,0.9597747729571833,0.9597597138906482,0.9597996992990909,0.95980342878596,0.9600350882720146
0.9600601084040497,0.9600483189253977,0.959996540312209,0.9599822534901692,0.9599868343460143,0.9600003381213129,0.9599230765315288,0.9599379043158802,0.9599405780559265,0.9599287456997523,0.9598747997513151,0.9598623658908396,0.9598733334100749,0.9598817497311556,0.9598015594095084,0.9598138624066628,0.959832055419134,0.9598177233310696,0.9597712235510585,0.9597561631816485,0.9597976229023428,0.9598013883861038,0.960031745201468
0.9600623448806198,0.960050556046808,0.9599985558138202,0.9599842696948588,0.9599890702030405,0.9600025732413136,0.9599251574321961,0.9599399844645722,0.9599428118069444,0.9599309800951892,0.95987756329787,0.9598651302737782,0.9598755661873077,0.9598839820509966,0.9598032376944907,0.959815540189993,0.959834285796751,0.9598199544655128,0.9597749978001151,0.9597599388063405,0.9597997856937928,0.9598035870892201,0.960035539569551
0.9600602987483156,0.9600485093245461,0.9599967309522648,0.9599824441967266,0.95998701575349,0.9600005194689907,0.9599232582212203,0.9599380859399136,0.9599407503800395,0.9599289180735777,0.95987497235168,0.9598625385434423,0.9598734967134332,0.9598819130010614,0.9598017229980378,0.9598140259462935,0.9598322095665759,0.9598178774931685,0.959771377932235,0.959756317611107,0.9597976376484769,0.959801475664251,0.9600321238259688
0.9600582464788396,0.9600464564633433,0.9599944510207268,0.9599801634698704,0.959984955115295,0.9599984595100624,0.9599210359267398,0.9599358644485021,0.9599386827168321,0.9599268498138689,0.959873427641365,0.9598609933656246,0.9598714209527432,0.9598798376655961,0.9597990851648865,0.9598113889016107,0.9598301270029714,0.9598157941879357,0.9597708330189618,0.9597557724954768,0.9597954826551391,0.9597993575984358,0.9600316253178596
0.9600367542949768,0.9600249580827716,0.9599731499119397,0.9599588549306333,0.9599634197529694,0.9599769312465196,0.9598996255132106,0.9599144617719149,0.9599171183489188,0.9599052792249056,0.9598513024364896,0.9598388614647053,0.9598498165142719,0.9598582376527993,0.9597780014474246,0.959790311486135,0.9598084961166466,0.9597941557508496,0.959747629429262,0.9597325604200431,0.959773762233977,0.9597776762685364,0.9600086956665836,0.9600061534570363
0.9600122466582361,0.960000443380089,0.959948379467211,0.9599340758454888,0.9599387982370835,0.9599523178464942,0.9598748070665342,0.9598896522934715,0.9598924643008391,0.9598806180646429,0.9598271357276607,0.9598146874421871,0.9598251172862367,0.959833543484266,0.9597527000128412,0.9597650176140144,0.9597837672834568,0.9597694182856689,0.9597244065039654,0.9597093290012075,0.9597489405059128,0.9597528943041116,0.959984283959155,0.9599815889305916,0.9599186059443039
0.9600062269221856,0.9599944219084859,0.9599425751026023,0.9599282694562414,0.959932759044352,0.959946280644393,0.9598689171083714,0.9598837644636262,0.9598864134746214,0.9598745654929202,0.9598210752795688,0.9598086251600246,0.9598190517122882,0.959827479152793,0.959746623764989,0.9597589431822848,0.9597776907754836,0.9597633396491876,0.9597183212423555,0.9597032415128235,0.9597388475309945,0.959742840008909,0.9599783728640015,0.959975526821794,0.9599124697120724
0.9600039603565595,0.959992154689389,0.9599400802441611,0.9599257737275659,0.9599304797721704,0.959944002123498,0.9598664756293522,0.9598813238668225,0.9598841268268994,0.9598722781855629,0.9598182580282182,0.9598058070560957,0.9598167565036484,0.959825184414304,0.9597448837079035,0.9597572036452819,0.9597753884298941,0.9597610364373197,0.9597144728102791,0.959699391652171,0.9597362193113341,0.9597402495335012,0.9599762173974897,0.9599732213047498,0.959910095442569
0.959997942390483,0.9599861349882868,0.9599342776978539,0.9599199691572735,0.9599244424190789,0.9599379667604104,0.959860587545954,0.9598754379110421,0.9598780778282765,0.9598662274419778,0.9598127263782124,0.9598002737320686,0.9598106927464019,0.9598191218991492,0.9597382500895337,0.9597505720096073,0.959769313719188,0.9597549595619244,0.9597099321302633,0.9596948492979502,0.9597298170571433,0.9597338856624116,0.9599703103752948,0.9599671612306562,0.9599039629365755
0.9623787596775271,0.9623676396656065,0.9623193848186373,0.9623059094196287,0.9623142958249602,0.9623270313028998,0.9622548125619375,0.9622687965453736,0.9622742448087447,0.9622630866433157,0.9622130118133028,0.9622012866052632,0.9622132942558355,0.9622212305521776,0.9621464125115706,0.9621580136237182,0.9621757177695935,0.9621622033023445,0.9621191563602314,0.9621049555737671,0.9621382541985419,0.9621421211504966,0.9623527535179115,0.9623496399396883,0.9622947700706819
0.9623842690245159,0.9623731506055453,0.962325114353191,0.9623116409584533,0.9623198143633158,0.9623325480170186,0.9622604890248603,0.9622744709512214,0.9622797690756908,0.962268612508461,0.9622190410296461,0.9622073176514934,0.9622188272450725,0.9622267624047589,0.9621514285900419,0.9621630281985982,0.9621812561333218,0.9621677435997378,0.9621261553296656,0.9621119571068137,0.9621437931283436,0.9621476596277778,0.962358270026487,0.9623551524830622,0.9623002896115032
0.9623842742833906,0.9623731558659405,0.9623249079373946,0.9623114344704498,0.962319819631102,0.9623325532830636,0.9622603448957885,0.9622743268743812,0.9622797743490374,0.9622686177833333,0.9622185501317142,0.962206826604572,0.9622188325268133,0.9622267676854157,0.9621519603697546,0.9621635598189071,0.962181261420292,0.9621677488885556,0.9621247081183453,0.9621105093648721,0.9621437984204371,0.9621476649193437,0.9623582752889162,0.962355157745918,0.9623002948819652
0.9623842742461892,0.9623731558287285,0.9623251195828917,0.9623116461899837,0.9623198195937455,0.9623325532457183,0.9622604942633444,0.9622744761878073,0.9622797743115576,0.9622686177458435,0.9622190462737554,0.9622073228971952,0.962218832489218,0.9622267676478273,0.9621514338433392,0.9621630334503217,0.9621812613825713,0.9621677488508227,0.9621261605863951,0.9621119623654706,0.9621437983826808,0.9621476648815912,0.9623582752516906,0.9623551577086895,0.9623002948445898
0.9623842742820283,0.9623731558645787,0.9623249079360312,0.9623114344690857,0.9623198196297358,0.9623325532816978,0.9622603448944156,0.9622743268730087,0.9622797743476696,0.9622686177819653,0.9622185501303464,0.9622068266032044,0.9622188325254422,0.9622267676840439,0.962151960368383,0.9621635598175367,0.9621812614189182,0.9621677488871812,0.9621247081169677,0.962110509363493,0.962143798419062,0.9621476649179685,0.9623582752875539,0.9623551577445555,0.9623002948805983
0.9623842742461892,0.9623731558287285,0.9623251195828917,0.9623116461899837,0.9623198195937455,0.9623325532457183,0.9622604942633444,0.9622744761878073,0.9622797743115576,0.9622686177458435,0.9622190462737554,0.9622073228971952,0.962218832489218,0.9622267676478273,0.9621514338433392,0.9621630334503217,0.9621812613825713,0.9621677488508227,0.9621261605863951,0.9621119623654706,0.9621437983826808,0.9621476648815912,0.9623582752516906,0.9623551577086895,0.9623002948445898
0.9623842742820283,0.9623731558645787,0.9623249079360312,0.9623114344690857,0.9623198196297358,0.9623325532816978,0.9622603448944156,0.9622743268730087,0.9622797743476696,0.9622686177819653,0.9622185501303464,0.9622068266032044,0.9622188325254422,0.9622267676840439,0.962151960368383,0.9621635598175367,0.9621812614189182,0.9621677488871812,0.9621247081169677,0.962110509363493,0.962143798419062,0.9621476649179685,0.9623582752875539,0.9623551577445555,0.9623002948805983
0.9623842742461892,0.9623731558287285,0.9623251195828917,0.9623116461899837,0.9623198195937455,0.9623325532457183,0.9622604942633444,0.9622744761878073,0.9622797743115576,0.9622686177458435,0.9622190462737554,0.9622073228971952,0.962218832489218,0.9622267676478273,0.9621514338433392,0.9621630334503217,0.9621812613825713,0.9621677488508227,0.9621261605863951,0.9621119623654706,0.9621437983826808,0.9621476648815912,0.9623582752516906,0.9623551577086895,0.9623002948445898
