0.14775348318577725,0.14775298696661754,0.14775080761453574,0.14775020628583985,0.14775042119409565,0.14775098955751914,0.14774773102142258,0.14774835511007497,0.1477484964327495,0.14774799842716374,0.14774572793581756,0.1477452046170818,0.14774568837270324,0.14774604259623664,0.14774306933198608,0.14774358701373907,0.1477439795792136,0.14774340958434723,0.14774279418073732,0.147742259201105,0.1477433389595466,0.14774339864291217
0.14775394387827856,0.14775344779144223,0.14775125957513763,0.14775065840349796,0.14775088211790682,0.14775145032997294,0.14774819932824923,0.14774882324831828,0.14774895728368892,0.14774845941054546,0.14774618952271237,0.14774566634313868,0.14774614938443775,0.14774650351389362,0.1477434038001441,0.1477439213823051,0.14774443997217984,0.14774386755779967,0.14774323736660272,0.14774269801387457,0.14774379899484846,0.1477438592100449
0.14775406092453966,0.14775356487132246,0.1477513768032316,0.14775077567232903,0.1477509988306743,0.14775156700441408,0.14774831622189072,0.14774894009987943,0.14774907358480538,0.14774857574508554,0.14774630600955746,0.14774578286510326,0.14774626533179658,0.1477466194375911,0.14774339464464187,0.1477439122295291,0.14774455504080747,0.1477439802877821,0.1477433356341185,0.1477427920365929,0.14774391371428125,0.14774397437994155
0.14775386662665546,0.14775337051763027,0.1477511822035037,0.14775058100497726,0.14775080362917725,0.14775137186701748,0.1477481207178833,0.14774874466625104,0.14774887760619276,0.14774837971015098,0.14774610971797456,0.14774558651434067,0.14774606847448957,0.1477464226204566,0.14774307041966406,0.14774358810109323,0.14774435695616409,0.1477437796511757,0.14774311720619443,0.1477425691760444,0.14774371511784745,0.14774377628169139
0.14775367982073984,0.14775318365805873,0.14775099510738549,0.14775039384384314,0.14775061594253822,0.1477511842420108,0.14774793274038162,0.14774855675641846,0.147748689160422,0.1477481912102233,0.14774592097126482,0.1477453977107265,0.14774587917187984,0.14774623335647752,0.14774285871631682,0.14774337646078262,0.14774416646930089,0.14774358675414542,0.14774290519548525,0.1477423527368975,0.14774352408245656,0.1477435857515054
0.1477534959810905,0.14775299976560602,0.147750810982143,0.14775020965461735,0.147750431237722,0.14775099959784732,0.14774774774932525,0.14774837183195577,0.147748503710102,0.14774800570660768,0.1477457352247915,0.14774521190825324,0.14774569287990735,0.14774604710252104,0.14774264859783176,0.14774316640486201,0.1477439790330628,0.1477433970515168,0.14774268549960382,0.1477421286177167,0.1477433360581731,0.14774339823979588
0.14775331756740495,0.14775282130067557,0.14775063229129565,0.14775003090167554,0.14775025197918826,0.14775082039817788,0.147747568212994,0.14774819236025435,0.14774832372283947,0.14774782566761957,0.14774555495010117,0.1477450315792132,0.14774551207058445,0.14774586633009512,0.1477424674715369,0.14774298533249858,0.14774379712258312,0.14774321302020466,0.14774247921230707,0.1477419179245992,0.1477431535201167,0.1477432162219513
0.1477533718544226,0.1477528756032858,0.1477506866626469,0.14775008529192057,0.14775030584475723,0.14775087424605854,0.14774762216203818,0.14774824628987784,0.1477483771301154,0.14774787909024395,0.14774560844266538,0.1477450850879044,0.14774556504541447,0.14774591929411474,0.14774252053923553,0.14774303838439606,0.1477438492656212,0.14774326326590265,0.14774250563222813,0.14774194003475466,0.14774320508038896,0.14774326830184203
0.14775320564274239,0.14775270934386572,0.14775052019276075,0.14774991876418714,0.14775013883296145,0.14775070728910517,0.1477474548914241,0.14774807907947785,0.1477482094263512,0.14774771133828468,0.14774544047109012,0.14774491706568876,0.1477453965626847,0.14774575084576638,0.1477423517611441,0.147742869656559,0.14774367977138836,0.14774309194334156,0.14774230858659132,0.14774173863565604,0.14774303487917062,0.14774309863629945
0.147753042188441,0.14775254584261677,0.1477503564845387,0.14774975499907742,0.14774997459563177,0.1477505431057066,0.14774729039957765,0.14774791464684484,0.147748044512354,0.14774754637689413,0.14774527529373888,0.14774475183853966,0.1477452308864801,0.14774558520337028,0.14774218579449944,0.14774270373933146,0.14774351312533157,0.14774292361090133,0.14774214321831658,0.1477415689619393,0.14774286748524196,0.1477429317861353
0.14775288243296592,0.14775238604125657,0.14775020593175786,0.14774960439398077,0.14774981407629972,0.1477503826390843,0.14774712296044012,0.14774774726798148,0.14774788333311872,0.14774738515133928,0.14774513601359168,0.14774461251640247,0.14774506896375356,0.14774542331368617,0.14774204709881025,0.14774256508493924,0.1477433502750505,0.14774275921239524,0.14774191840040823,0.14774133986676252,0.14774270384690524,0.14774276869981767
0.1477527256809769,0.14775222924424536,0.14775003948539495,0.14774943788977937,0.14774965657885825,0.14775022519336012,0.14774697188997932,0.14774759625190212,0.14774772519223758,0.14774722696501186,0.1477449554636984,0.14774443191207742,0.14774491009741197,0.1477452644797631,0.14774188795612048,0.14774240598963406,0.1477431905222913,0.14774259804437656,0.14774172515920903,0.14774114241833286,0.147742543266348,0.1477426086796616
0.14775257257483437,0.1477520760941281,0.14774988614141044,0.14774928449250962,0.14774950274725845,0.14775007141227364,0.14774681781999183,0.14774744223737563,0.14774757073482378,0.14774707246321062,0.1477448007596323,0.1477442771613718,0.14774475493409037,0.14774510934810417,0.1477417325228932,0.14774225060268684,0.14774303451370385,0.1477424407476594,0.14774153330516054,0.14774094643033325,0.14774238639132692,0.1477424523735304
0.14775242504521482,0.14775192852213564,0.14774973838261302,0.1477491366823681,0.1477493545161357,0.14774992322982483,0.1477466693591609,0.1477472938299863,0.1477474218982051,0.1477469235838199,0.14774465168533818,0.14774412804213558,0.1477446054147905,0.14774495985931532,0.1477415827435068,0.14774210086789696,0.1477428841914834,0.14774228925831523,0.14774135389961018,0.14774076298263272,0.14774223516581098,0.1477423017254299
0.147752552712833,0.14775205622642193,0.14774986624855477,0.1477492645927415,0.14774948198480087,0.14775005065663366,0.14774679702535903,0.14774742145022834,0.14774754908303578,0.14774705080520048,0.14774477907326838,0.14774425546846998,0.14774473237954716,0.1477450867981635,0.14774170992911687,0.14774222801563786,0.14774301066313644,0.1477424147694248,0.14774148005447646,0.14774088530409624,0.1477423607998472,0.1477424279350414
0.1477524191155207,0.1477519225907385,0.14774973244370782,0.14774913074139923,0.14774934774091852,0.1477499164568325,0.14774666257344443,0.14774728704671244,0.1477474142794984,0.14774691596292394,0.1477446440544657,0.14774412040896256,0.14774459694641545,0.14774495139266816,0.1477415742604012,0.14774209238731711,0.14774287451249188,0.14774227767238274,0.14774137717205937,0.14774077863465795,0.1477422236769766,0.14774229140674466
0.14775251806240608,0.14775202156604286,0.1477498409971602,0.1477492393325724,0.14774944646987903,0.14775001515337371,0.14774675478293411,0.14774737922300948,0.14774751272460257,0.14774701443631855,0.14774476481798865,0.14774424120889268,0.1477446951568488,0.14774504958306092,0.14774164912571364,0.14774216723033873,0.14774297227154812,0.14774237466114998,0.14774130105378802,0.1477406988819797,0.1477423205157771,0.1477423888402764
0.08,0.08,0.08,0.08,0.08,0.08,0.08,0.08,0.08,0.08,0.08,0.08,0.08,0.08,0.08,0.08,0.08,0.08,0.08,0.08,0.08,0.08
0.08,0.08,0.08,0.08,0.08,0.08,0.08,0.08,0.08,0.08,0.08,0.08,0.08,0.08,0.08,0.08,0.08,0.08,0.08,0.08,0.08,0.08
0.08,0.08,0.08,0.08,0.08,0.08,0.08,0.08,0.08,0.08,0.08,0.08,0.08,0.08,0.08,0.08,0.08,0.08,0.08,0.08,0.08,0.08
0.08,0.08,0.08,0.08,0.08,0.08,0.08,0.08,0.08,0.08,0.08,0.08,0.08,0.08,0.08,0.08,0.08,0.08,0.08,0.08,0.08,0.08
0.08,0.08,0.08,0.08,0.08,0.08,0.08,0.08,0.08,0.08,0.08,0.08,0.08,0.08,0.08,0.08,0.08,0.08,0.08,0.08,0.08,0.08
0.08,0.08,0.08,0.08,0.08,0.08,0.08,0.08,0.08,0.08,0.08,0.08,0.08,0.08,0.08,0.08,0.08,0.08,0.08,0.08,0.08,0.08
0.08,0.08,0.08,0.08,0.08,0.08,0.08,0.08,0.08,0.08,0.08,0.08,0.08,0.08,0.08,0.08,0.08,0.08,0.08,0.08,0.08,0.08
0.08,0.08,0.08,0.08,0.08,0.08,0.08,0.08,0.08,0.08,0.08,0.08,0.08,0.08,0.08,0.08,0.08,0.08,0.08,0.08,0.08,0.08
0.14775266967700396,0.14775217322418704,0.14774999284645343,0.14774939123463132,0.14774959797472995,0.14775016660847556,0.14774690652315092,0.14774753090860404,0.14774766401918576,0.14774716577438035,0.14774491635223924,0.14774439278882712,0.14774484631736,0.14774520071272612,0.14774180055121344,0.14774231861075182,0.14774312306410886,0.1477425247860688,0.147741400834675,0.1477407952266402,0.14774247037260474,0.14774253930004888
0.1477525568451954,0.14775206035997132,0.1477498798399842,0.14774927818889383,0.14774948458519144,0.14775005325617036,0.14774679295745913,0.1477474173837927,0.14774755014529634,0.1477470518677662,0.14774480229796072,0.14774427870016404,0.14774473190000642,0.14774508631872074,0.14774168593328268,0.14774220402694832,0.14774300805347884,0.14774240910455755,0.14774123133148664,0.14774062240638244,0.14774235429774799,0.1477424238449646
0.147752727943047,0.1477522315069652,0.14775005120269114,0.14774944961114717,0.147749655645595,0.14775022426040332,0.14774696428360878,0.14774758864826976,0.14774772105500616,0.1477472228265915,0.1477449734784112,0.1477444499322214,0.14774490274533503,0.14774525712918657,0.14774185707810855,0.14774237512081603,0.1477431786183761,0.14774257916625771,0.14774134331921618,0.14774073135713375,0.14774252387096148,0.1477425940381007
0.14775263762401264,0.1477521411619896,0.14774996074384494,0.14774935912086762,0.14774956484441512,0.14775013348903968,0.1477468733413675,0.14774749773876522,0.1477476298303389,0.1477471315757084,0.1477448821092333,0.1477443585354978,0.14774481104972711,0.1477451654522901,0.14774176522175492,0.1477422832918126,0.147743086413629,0.14774248643356175,0.1477412318466655,0.1477406169844673,0.14774243054439404,0.14774250135197198
0.14775255548092486,0.14775205899530888,0.14774986902094675,0.14774926736609684,0.14774948225317425,0.147750050924919,0.14774679729414858,0.147747421718921,0.1477475468442746,0.14774704856579585,0.14774477683093226,0.14774425322545787,0.14774472762563629,0.1477450820452227,0.14774170516693635,0.14774222325487524,0.14774300251947142,0.14774240207340172,0.14774103653726822,0.14774041897435852,0.1477423455009808,0.1477424169589559
0.1477524815365503,0.14775198502969625,0.14774980441476376,0.14774920273746406,0.14774940789487725,0.14774997659103872,0.1477467161480058,0.14774734060198863,0.14774747212003259,0.14774697382007995,0.14774472414909667,0.1477442005277401,0.14774465249653648,0.14774500693145373,0.14774160639061662,0.14774212450796598,0.14774292695842767,0.1477423261022257,0.14774093657395476,0.14774031658347417,0.14774226876422594,0.1477423408826533
0.14775241576217973,0.14775191923643438,0.1477497290851576,0.14774912738168183,0.14774934174073517,0.1477499104586194,0.14774665656396274,0.1477472810393941,0.1477474056287753,0.14774690730971463,0.14774463538992794,0.14774411174181262,0.1477445856334885,0.1477449400820498,0.14774156292779578,0.1477420810580859,0.14774285970043663,0.14774225848430822,0.14774080789877375,0.14774018571513214,0.147742200304957,0.1477422730939863
0.14775235808088655,0.14775186153857411,0.14774968076799516,0.14774907904772994,0.1477492837135616,0.14774985245049976,0.14774659177377353,0.1477472162725273,0.1477473472930942,0.14774684895726925,0.1477445991244195,0.147744075465371,0.14774452695886103,0.1477448814193954,0.14774148063287126,0.14774199878766436,0.14774280066663692,0.1477421991354434,0.14774066064530958,0.14774003651067463,0.14774214004474495,0.1477422135148244
0.14775230790633337,0.14775181134961013,0.14774963051577372,0.14774902877804663,0.14774923322452446,0.1477498019780415,0.14774654120630087,0.1477471657232573,0.14774729652205473,0.14774679817163966,0.1477445482729539,0.1477440245985751,0.14774447587928213,0.14774483035023978,0.14774142946374935,0.14774194763377793,0.1477427492607777,0.1477421474547756,0.14774052806107132,0.1477399022129699,0.14774208738915998,0.14774216155011058
0.1477522649176825,0.1477517683486124,0.14774958746057854,0.14774898570789052,0.14774918995145445,0.1477497587191807,0.14774649786600613,0.14774712239856377,0.1477472529923609,0.14774675462943648,0.14774450467430494,0.14774398098678249,0.14774443207017152,0.14774478655006873,0.147741385577841,0.1477419037609363,0.14774270515633453,0.14774210311120622,0.14774039879796078,0.1477397714640845,0.14774204201209457,0.14774211687391564
0.14775246010720605,0.14775196359419726,0.14774978295224772,0.1477491812674901,0.1477493852949343,0.14774995399851673,0.1477466935129536,0.14774731797508434,0.1477474483610453,0.1477469500542648,0.14774470035247278,0.14774417672394202,0.14774462756326587,0.14774498200327096,0.14774158141363755,0.14774209953842357,0.14774290061293466,0.14774229844027104,0.14774050559671437,0.1477398770725556,0.147742236259761,0.14774231182400008
0.14775242685721485,0.14775193033465617,0.14774974965078683,0.14774914795445737,0.14774935180778287,0.14774992052236147,0.14774665997377923,0.14774728444798318,0.14774741465819438,0.1477469163417286,0.14774466659623314,0.1477441429575257,0.14774459362702114,0.1477449480739513,0.14774154741790196,0.14774206555281,0.14774286643169293,0.14774226407783175,0.14774037896742964,0.14773974936117473,0.14774220075797864,0.14774227704468088
0.1477526434380504,0.14775214697769712,0.14774996656688286,0.14774936494592888,0.14774956860765895,0.1477501372510478,0.1477468771104573,0.14774750150649832,0.14774763153435666,0.14774713328021583,0.14774488381595047,0.14774436024272938,0.1477448106897293,0.14774516509236568,0.14774176486112608,0.14774228293129105,0.14774308351588825,0.14774248109071564,0.14774058741792934,0.14773995702256226,0.1477424165959904,0.14774249360344108
0.14775262235415804,0.14775212588774916,0.14774994545035292,0.1477493438220614,0.14774954733212425,0.14775011598249915,0.1477468558018708,0.14774748020558223,0.1477476100806954,0.14774711182038924,0.14774486232830397,0.14774433874860493,0.1477447890465655,0.1477451434536184,0.1477417431800213,0.14774226125664192,0.1477430616721399,0.1477424591127653,0.1477405654222485,0.14773993430775334,0.14774239339307488,0.14774247114116382
0.14775260492429254,0.14775210845287762,0.14774991854112152,0.14774931690347926,0.1477495297255099,0.14775009838166642,0.1477468448400503,0.14774746924770765,0.14774759230846762,0.1477470940430541,0.14774482236772657,0.1477442987759804,0.14774477109924145,0.14774512550995655,0.14774174871616336,0.1477422667911356,0.14774304353958145,0.1477424408641676,0.1477404822884552,0.1477398505526195,0.14774237387863776,0.14774245237834233
0.08,0.08,0.08,0.08,0.08,0.08,0.08,0.08,0.08,0.08,0.08,0.08,0.08,0.08,0.08,0.08,0.08,0.08,0.08,0.08,0.08,0.08
0.08,0.08,0.08,0.08,0.08,0.08,0.08,0.08,0.08,0.08,0.08,0.08,0.08,0.08,0.08,0.08,0.08,0.08,0.08,0.08,0.08,0.08
0.08,0.08,0.08,0.08,0.08,0.08,0.08,0.08,0.08,0.08,0.08,0.08,0.08,0.08,0.08,0.08,0.08,0.08,0.08,0.08,0.08,0.08
0.08,0.08,0.08,0.08,0.08,0.08,0.08,0.08,0.08,0.08,0.08,0.08,0.08,0.08,0.08,0.08,0.08,0.08,0.08,0.08,0.08,0.08
0.08,0.08,0.08,0.08,0.08,0.08,0.08,0.08,0.08,0.08,0.08,0.08,0.08,0.08,0.08,0.08,0.08,0.08,0.08,0.08,0.08,0.08
0.08,0.08,0.08,0.08,0.08,0.08,0.08,0.08,0.08,0.08,0.08,0.08,0.08,0.08,0.08,0.08,0.08,0.08,0.08,0.08,0.08,0.08
0.08,0.08,0.08,0.08,0.08,0.08,0.08,0.08,0.08,0.08,0.08,0.08,0.08,0.08,0.08,0.08,0.08,0.08,0.08,0.08,0.08,0.08
0.08,0.08,0.08,0.08,0.08,0.08,0.08,0.08,0.08,0.08,0.08,0.08,0.08,0.08,0.08,0.08,0.08,0.08,0.08,0.08,0.08,0.08
0.14775260157745126,0.1477521051050751,0.14774992464148445,0.147749323005962,0.14774952623393503,0.14775009489123794,0.1477468346709052,0.14774745908222314,0.14774758867404564,0.14774709040758782,0.14774484088774398,0.14774431730158116,0.14774476731974515,0.14774512173123155,0.14774172141511333,0.14774223949821427,0.1477430395987296,0.14774243682663712,0.14774054313713245,0.14773991093808225,0.147742368535707,0.14774244779859663
0.14775257991613336,0.1477520834375357,0.14774989349411355,0.14774929184776775,0.1477495044030877,0.14775007306755916,0.14774681947838714,0.14774744389517383,0.14774756668761882,0.1477470684148425,0.14774479670596458,0.14774427310648203,0.14774474516614505,0.14774509958215215,0.1477417227379565,0.14774224082066373,0.14774301727602307,0.1477424144152274,0.14774045584277998,0.1477398232276268,0.1477423447923854,0.14774242482385935
0.14775256855264732,0.14775207207078583,0.14774989156555918,0.14774928991854325,0.14774949289265044,0.1477500615609015,0.14774680127782408,0.1477474257011626,0.14774755503741427,0.14774705676129013,0.1477448071978285,0.1477442836015089,0.14774473336988714,0.14774508778830142,0.14774168740573998,0.14774220549896713,0.14774300532725682,0.14774240239178832,0.14774050870368205,0.14773987579622416,0.14774233140112913,0.14774241221344603
0.14775305670146285,0.14775256035980694,0.14775037102010613,0.14774976953969582,0.14774998178578858,0.14775055029350231,0.14774729760087646,0.14774792184555136,0.147748044353683,0.1477475462181775,0.1477452751348145,0.14774475167956744,0.1477452233587359,0.1477455776771623,0.14774220176236458,0.14774271970244202,0.14774349566859685,0.14774289284256983,0.14774093485122264,0.14774030185213444,0.14774282047672582,0.1477429020550808
0.14775327989739995,0.14775278361985084,0.14775059456277118,0.14774999316004067,0.1477502052584073,0.1477507736927388,0.14774752141980962,0.14774814558391458,0.14774826795597917,0.14774776988473295,0.14774549909418574,0.1477449757064581,0.14774544720453114,0.14774580147727862,0.1477424259975443,0.14774294387085485,0.14774371960676852,0.1477431168061153,0.14774115908893515,0.14774052597387502,0.14774304302545502,0.14774312539222778
0.14775355315848662,0.14775305695942487,0.14775086824836403,0.14775026694073828,0.14775047888742515,0.14775104723190347,0.1477477954728721,0.14774841953832296,0.14774854177301366,0.14774804378045786,0.14774577334848732,0.1477452500434428,0.1477457213490453,0.14774607556584934,0.14774270061894199,0.14774321841048252,0.14774399389741572,0.14774339114691393,0.14774143376033277,0.14774080058913736,0.14774331592777928,0.1477433990896475
0.14775355269532187,0.14775305649612697,0.1477508677844792,0.14775026647669234,0.14775047830612337,0.14775104665079275,0.14774779489066947,0.14774841895633004,0.14774854107361646,0.14774804308085981,0.1477457726479733,0.14774524934271757,0.14774572053087387,0.14774607474784485,0.14774269979934765,0.14774321759113218,0.14774399295294038,0.1477433901617936,0.147741432797038,0.1477407995020733,0.14774331344782077,0.14774339743873702
0.14775355268336082,0.14775305648416248,0.14775086777249968,0.1477502664647085,0.14775047817782574,0.14775104652253723,0.1477477947621732,0.14774841882788,0.14774854082872968,0.1477480428359026,0.14774577240269554,0.14774524909736586,0.14774572016895304,0.14774607438599807,0.1477426994367972,0.14774321722868972,0.14774399246724546,0.1477433896412082,0.1477414322975415,0.14774079890553765,0.14774331140641433,0.14774339623661997
0.1477535532266707,0.14775305702762845,0.14775086831665357,0.14775026700905158,0.1477504786064395,0.14775104695101016,0.1477477951914511,0.14774841925700333,0.1477485411420309,0.14774804314929396,0.14774577271649697,0.14774524941126183,0.14774572036678382,0.14774607458378833,0.14774269963497214,0.14774321742680563,0.14774399254345125,0.14774338968759554,0.14774143236421144,0.14774079889682712,0.14774330990794288,0.1477433955870851
0.14775386740635948,0.14775337129755817,0.14775119242990103,0.1477505912349282,0.1477507932285455,0.14775136146980117,0.147748103633855,0.14774872758837274,0.14774885599973717,0.147748358097486,0.14774611022106077,0.14774558701757853,0.14774603562052158,0.14774638977319304,0.14774299193930066,0.14774350964409816,0.14774430798970217,0.14774370521750865,0.14774181309646556,0.14774117970813486,0.14774362388291362,0.14774371040592355
0.1477538698778571,0.1477533737697656,0.14775118545975646,0.14775058426236157,0.1477507955888081,0.14775136382928883,0.14774811266505394,0.14774873661632057,0.14774885824688427,0.1477483603452789,0.14774609032774982,0.1477455671182702,0.14774603775537287,0.14774639190760877,0.14774301757567476,0.14774353527283868,0.147744310006356,0.14774370721263055,0.14774175028222522,0.1477411168244646,0.1477434629771448,0.14774355037765843
0.14775387414270863,0.1477533780358422,0.14775119917667834,0.1477505979840501,0.14775079975009803,0.1477513679892121,0.14774811016553924,0.14774873411770567,0.14774886230155648,0.14774836440111636,0.1477461165328631,0.14774559333128393,0.14774604170520167,0.14774639585663144,0.14774299803464813,0.1477435157376305,0.14774431384423525,0.14774371102933315,0.1477418189508947,0.14774118548085607,0.14774345937534655,0.14774354761456698
0.1477538782387542,0.14775338213306424,0.14775119383364205,0.14775059263915702,0.14775080374180327,0.14775137197960653,0.14774812083068378,0.1477487447790109,0.14774886618598157,0.14774836828665774,0.1477460982795259,0.1477455750724435,0.14774604548401266,0.1477463996346713,0.1477430253177588,0.14774354301261766,0.14774431751100575,0.14774371467774378,0.14774175779227883,0.14774112426987518,0.1477434554628106,0.14774354455055197
0.14775388194363992,0.14775338583901426,0.14775120698968536,0.14775060579977217,0.14775080734061868,0.14775137557724013,0.14774811776785213,0.14774874171728183,0.14774886967603557,0.14774837177771466,0.14774612391902445,0.14774560071967205,0.147746048866787,0.14774640301675535,0.1477430052087881,0.1477435229096345,0.14774432078072336,0.14774371793117386,0.1477418258930696,0.14774119236973485,0.14774345095427782,0.14774354090203273
0.14775388215340007,0.14775338604883465,0.14775119775436965,0.1477505965612472,0.1477508074370903,0.14775137567368007,0.14774812453169728,0.14774874847869202,0.14774886965882883,0.14774837176050315,0.14774610175791925,0.1477455785518857,0.14774604873557126,0.14774640288556629,0.14774302857497404,0.1477435462688628,0.14774432053231473,0.14774371766716307,0.1477417608146309,0.14774112724561464,0.14774344272798462,0.14774353354743097
0.14775387956217217,0.1477533834568624,0.14775119515911578,0.14775059396509144,0.1477508047262746,0.14775137296375462,0.1477481218166806,0.14774874576465277,0.14774886682987148,0.14774836893073284,0.147746098924444,0.1477455757175561,0.14774604578671163,0.14774639993730865,0.14774302562098457,0.14774354331575304,0.14774431746241695,0.1477437145821919,0.14774175773893905,0.1477411241493756,0.14774343144669078,0.1477435231504733
0.08,0.08,0.08,0.08,0.08,0.08,0.08,0.08,0.08,0.08,0.08,0.08,0.08,0.08,0.08,0.08,0.08,0.08,0.08,0.08,0.08,0.08
0.08,0.08,0.08,0.08,0.08,0.08,0.08,0.08,0.08,0.08,0.08,0.08,0.08,0.08,0.08,0.08,0.08,0.08,0.08,0.08,0.08,0.08
0.08,0.08,0.08,0.08,0.08,0.08,0.08,0.08,0.08,0.08,0.08,0.08,0.08,0.08,0.08,0.08,0.08,0.08,0.08,0.08,0.08,0.08
0.08,0.08,0.08,0.08,0.08,0.08,0.08,0.08,0.08,0.08,0.08,0.08,0.08,0.08,0.08,0.08,0.08,0.08,0.08,0.08,0.08,0.08
0.08,0.08,0.08,0.08,0.08,0.08,0.08,0.08,0.08,0.08,0.08,0.08,0.08,0.08,0.08,0.08,0.08,0.08,0.08,0.08,0.08,0.08
0.08,0.08,0.08,0.08,0.08,0.08,0.08,0.08,0.08,0.08,0.08,0.08,0.08,0.08,0.08,0.08,0.08,0.08,0.08,0.08,0.08,0.08
0.08,0.08,0.08,0.08,0.08,0.08,0.08,0.08,0.08,0.08,0.08,0.08,0.08,0.08,0.08,0.08,0.08,0.08,0.08,0.08,0.08,0.08
0.08,0.08,0.08,0.08,0.08,0.08,0.08,0.08,0.08,0.08,0.08,0.08,0.08,0.08,0.08,0.08,0.08,0.08,0.08,0.08,0.08,0.08
0.1477538853048737,0.14775338920121328,0.1477512009107384,0.14775059971871268,0.1477508103624927,0.14775137859812182,0.14774812746163352,0.14774875140757365,0.147748872355569,0.1477483744580183,0.1477461044589659,0.14774558125374657,0.14774605120438875,0.14774640535388006,0.14774303104808628,0.14774354874123868,0.14774432276590388,0.147743719874722,0.14774176304918035,0.14774112944432455,0.14774342822420272,0.1477435208271739
0.14775387026654566,0.14775337415856588,0.14775118584904864,0.14775058465178903,0.1477507951803711,0.14775136342098583,0.14774811225598364,0.1477487362073975,0.14774885703927865,0.14774835913732617,0.1477460891182163,0.14774556590837196,0.1477460357457882,0.1477463898984341,0.14774301556259437,0.14774353326035783,0.14774430717224973,0.14774370426441696,0.1477417474317502,0.14774111380665333,0.1477434040614868,0.1477434975701864
0.14775386249265188,0.14775336638243922,0.14775117806307836,0.1477505768631131,0.14775078727359706,0.14775135551680818,0.1477481043369564,0.147748728291221,0.1477488490044683,0.14774835110020682,0.14774608107057463,0.1477455578583039,0.14774602757851218,0.14774638173282484,0.1477430073811111,0.14774352508131067,0.14774429887529733,0.14774369595398879,0.14774173912191393,0.14774110548055802,0.14774338686468916,0.14774348129549053
0.14775385688017145,0.1477533607683468,0.1477511724418785,0.14775057123995988,0.14775078153067345,0.1477513497757704,0.14774809858513277,0.1477487225414679,0.14774884313452152,0.14774834522857305,0.1477460751912535,0.14774555197721026,0.14774602157821426,0.14774637573375127,0.14774300137037494,0.14774351907236427,0.14774429274623918,0.14774368981308206,0.14774173298334398,0.1477410993282216,0.14774337161313078,0.14774346697838073
0.14775384680256398,0.14775335068784465,0.14775116234861557,0.14775056114318957,0.1477507713133363,0.14775133956178854,0.14774808835196138,0.1477487123119805,0.14774883278380765,0.14774833487488448,0.14774606482401018,0.14774554160684134,0.14774601108850416,0.14774636524618184,0.14774299086241746,0.14774350856753554,0.1477442821221006,0.1477436791763565,0.1477417223432408,0.14774108867430666,0.14774335166014618,0.14774344797206188
0.14775383747271065,0.14775334135531154,0.14775115300426817,0.14775055179559488,0.14775076184377425,0.14775133009533603,0.14774807886772415,0.14774870283115726,0.14774882318039423,0.14774832526871118,0.14774605520526052,0.1477455319851918,0.14774600134599808,0.14774635550566387,0.14774298110296377,0.14774349881098792,0.1477442722447438,0.14774366928743757,0.14774171245117473,0.14774107877018444,0.14774333226889202,0.14774342953894837
0.14775451414774443,0.14775401822470763,0.14775183073052972,0.14775122975736962,0.1477514395969147,0.1477520076259139,0.1477487576712084,0.14774938139027918,0.1477495015664824,0.14774900384976108,0.14774673467471158,0.1477462116594963,0.14774668071102398,0.14774703473205156,0.14774366164979735,0.1477441791551799,0.14774495215972802,0.14774434943099246,0.14774239336747028,0.14774175992736507,0.14774400288553055,0.14774410108564012
0.1477547290724841,0.1477542332111812,0.14775204598916297,0.14775144509080734,0.14775165477800678,0.14775222273634311,0.14774897318578056,0.14774959682726724,0.14774971686234029,0.14774921920749381,0.14774695031439572,0.1477464273641947,0.14774689623121762,0.1477472502082633,0.14774387754491025,0.14774439498600633,0.14774516776708863,0.14774456510639689,0.1477426092924703,0.1477419759251101,0.14774420878254696,0.14774430794946491
0.147754937204171,0.14775444140265132,0.1477522544441935,0.14775165361827847,0.14775186315284264,0.14775243104275082,0.14774918188355074,0.1477498054499068,0.147749925343202,0.14774942774827227,0.14774715912820213,0.1477466362409578,0.14774710492419318,0.14774745885865004,0.14774408660093052,0.1477446039797761,0.14774537653942107,0.14774477394503888,0.14774281837247222,0.14774218507642978,0.14774440771698635,0.14774450786092289
0.14775545864649686,0.1477549629947565,0.14775277669661585,0.14775217605219187,0.14775238539433888,0.14775295311274622,0.14774970493441397,0.14775032831247106,0.1477504480407484,0.1477499505960419,0.14774768266050847,0.1477471599311091,0.14774762834429683,0.1477479821719356,0.1477446109315934,0.1477451281543078,0.14774590035154922,0.14774529793363472,0.14774334295630176,0.14774270984745516,0.14774492183382854,0.14774502294393904
0.14775546594638694,0.1477549702967434,0.1477527840078466,0.1477521833659634,0.147752392578787,0.14775296029483495,0.14774971212999638,0.1477503355054629,0.1477504551046674,0.14774995766199106,0.14774768973570918,0.14774716700844304,0.14774763529093976,0.14774798911716083,0.14774461789032087,0.1477451351109631,0.14774590717532035,0.1477453047551431,0.14774334979038906,0.14774271668097244,0.14774491864775086,0.14774502076136728
0.14775547109488554,0.1477549754467209,0.14775278916434453,0.14775218852425326,0.14775239760716186,0.14775296532155857,0.14774971716616436,0.14775034053981784,0.14775046000924358,0.14774996256797662,0.1477476946481177,0.14774717192233267,0.14774764007386537,0.1477479938991104,0.1477446226815672,0.1477451399007828,0.1477459118324764,0.14774530940989705,0.14774335445468406,0.14774272134455532,0.1477449132762726,0.14774501640089208
0.14775547612993978,0.14775498048322144,0.1477527942072209,0.1477521935688823,0.14775240252102995,0.14775297023381312,0.14774972208764814,0.14775034545952995,0.1477504647983234,0.14774996735843293,0.1477476994448459,0.1477471767205071,0.1477476447402437,0.14774799856453635,0.14774462735606364,0.14774514457388715,0.14774591637220588,0.1477453139477119,0.14774335900138408,0.14774272589101867,0.1477449077760743,0.14774501191899125
0.14775547987771914,0.14775498423207734,0.14775279796082272,0.14775219732378855,0.14775240614446422,0.14775297385605735,0.14774972571669787,0.14775034908727308,0.1477504682946546,0.14774997085576896,0.14774770294676098,0.14774718022347805,0.1477476481108964,0.14774800193450124,0.14774463073257987,0.14774514794939791,0.1477459196141328,0.14774531718772554,0.14774336224836698,0.1477427291377017,0.14774490097070175,0.14774500613924707
0.14775584393719193,0.14775534839612425,0.14775316258589521,0.14775256207557602,0.14775277071897594,0.14775333831084345,0.14775009085623358,0.14775071409535617,0.14775083314454626,0.14775033581051988,0.14774806837933463,0.14774754576623123,0.14774801342207766,0.14774836717112994,0.14774499667927823,0.14774551378712591,0.14774628515595994,0.14774568285354805,0.14774372832887106,0.14774309535031174,0.147745256600935,0.14774536278213152
0.1477558473248346,0.1477553517847399,0.14775316597880092,0.14775256546966078,0.14775277397959413,0.14775334157039083,0.14775009412190504,0.14775071735985185,0.14775083627561442,0.14775033894248804,0.1477480715154038,0.14774754890324598,0.14774801642482815,0.14774837017326764,0.1477449996872527,0.14774551679420458,0.14774628802766693,0.14774568572371233,0.14774373120509887,0.14774309822662318,0.147745249339633,0.14774535656292448
0.08,0.08,0.08,0.08,0.08,0.08,0.08,0.08,0.08,0.08,0.08,0.08,0.08,0.08,0.08,0.08,0.08,0.08,0.08,0.08,0.08,0.08
0.08,0.08,0.08,0.08,0.08,0.08,0.08,0.08,0.08,0.08,0.08,0.08,0.08,0.08,0.08,0.08,0.08,0.08,0.08,0.08,0.08,0.08
0.08,0.08,0.08,0.08,0.08,0.08,0.08,0.08,0.08,0.08,0.08,0.08,0.08,0.08,0.08,0.08,0.08,0.08,0.08,0.08,0.08,0.08
0.08,0.08,0.08,0.08,0.08,0.08,0.08,0.08,0.08,0.08,0.08,0.08,0.08,0.08,0.08,0.08,0.08,0.08,0.08,0.08,0.08,0.08
0.08,0.08,0.08,0.08,0.08,0.08,0.08,0.08,0.08,0.08,0.08,0.08,0.08,0.08,0.08,0.08,0.08,0.08,0.08,0.08,0.08,0.08
0.08,0.08,0.08,0.08,0.08,0.08,0.08,0.08,0.08,0.08,0.08,0.08,0.08,0.08,0.08,0.08,0.08,0.08,0.08,0.08,0.08,0.08
0.08,0.08,0.08,0.08,0.08,0.08,0.08,0.08,0.08,0.08,0.08,0.08,0.08,0.08,0.08,0.08,0.08,0.08,0.08,0.08,0.08,0.08
0.08,0.08,0.08,0.08,0.08,0.08,0.08,0.08,0.08,0.08,0.08,0.08,0.08,0.08,0.08,0.08,0.08,0.08,0.08,0.08,0.08,0.08
0.14775607644247582,0.1477555809681946,0.1477533954524009,0.14775279502300837,0.14775300337014258,0.14775357088560714,0.14775032386797066,0.14775094702320668,0.14775106578812658,0.1477505685209636,0.1477483013944615,0.14774777885161378,0.1477482461761124,0.14774859987766364,0.1477452298382295,0.1477457468766471,0.14774651787243337,0.14774591564593903,0.14774396138865387,0.1477433284931454,0.14774546904565006,0.147745577307907
0.14775626545410667,0.147755770034119,0.14775358475768324,0.14775298439407936,0.14775319258363218,0.14775376003695823,0.14775051337471107,0.14775113646172244,0.14775125507890016,0.14775075786614097,0.14774849098754567,0.1477479685018621,0.14774843564044482,0.14774878930332958,0.1477454196321706,0.14774593661407118,0.147746707390457,0.1477461052278709,0.14774415118605666,0.1477435183591421,0.14774564869168946,0.14774575799374867
0.14775626286423746,0.14775576744350588,0.14775358216379064,0.14775298179928525,0.14775318985331581,0.14775375730753856,0.14775051064016287,0.14775113372815857,0.14775125220953517,0.1477507549959513,0.1477484881135982,0.14774796562704806,0.14774843263019174,0.14774878629369093,0.1477454166166805,0.14774593359947896,0.1477467042405074,0.14774610207503341,0.1477441480317152,0.14774351520317333,0.14774563539258612,0.14774574575951224
0.14775677422575778,0.14775627895191587,0.14775409431977932,0.1477534941332638,0.1477537019873263,0.14775426927336063,0.14775102356790895,0.1477516464712424,0.14775176477950924,0.1477512677132439,0.14774900150219275,0.14774847917043568,0.14774894589745147,0.14774929945620044,0.14774593077687476,0.1477464476065642,0.14774721788158873,0.14774661589281574,0.1477446624295382,0.14774402978796802,0.14774613921017882,0.14774625061628277
0.1477567759983504,0.14775628072501773,0.14775409609512635,0.1477534959092277,0.14775370362033485,0.1477542709058329,0.14775102520344857,0.14775164810619298,0.1477517662714482,0.14775126920561177,0.14774900299651467,0.1477484806652083,0.14774894724868956,0.14774930080716275,0.1477459321304636,0.1477464489597499,0.14774721908978988,0.14774661709565218,0.1477446636403099,0.14774403099760883,0.14774612880564392,0.14774624132765893
0.1477567774519153,0.14775628217900022,0.14775409755094976,0.14775349736555707,0.14775370493264045,0.14775427221770746,0.14775102651778824,0.1477516494200596,0.1477517674412155,0.14775127037571523,0.14774900416814984,0.1477484818371968,0.14774894827611984,0.14774930183438334,0.14774593315968132,0.14774644998866107,0.14774721997289178,0.14774661797402533,0.14774466452543178,0.14774403188183516,0.14774611801393,0.1477462316611367
0.1477570102816788,0.1477565150756454,0.14775433074244965,0.14775373063809916,0.1477539380315168,0.1477545052400316,0.14775125997793934,0.14775188279616025,0.14775200065579258,0.1477515036573217,0.14774923775519633,0.14774871549467344,0.1477491817250707,0.14774953523569,0.14774616701476956,0.1477466837741101,0.1477474535081707,0.14774685158597242,0.14774489840532773,0.14774426584596578,0.14774633996873426,0.14774645473490572
0.14775700877855086,0.14775651357208563,0.14775432923698634,0.14775372913211254,0.14775393637964968,0.14775450358870698,0.14775125832351188,0.14775188114232835,0.147751998855847,0.14775150185685876,0.14774923595237588,0.14774871369130943,0.14774917977572508,0.14774953328674223,0.14774616506203264,0.14774668182195466,0.14774745140952325,0.14774684948272543,0.14774489630417753,0.14774426374328747,0.14774632608720645,0.14774644199698067
0.14775700701034536,0.14775651180337215,0.14775432746603395,0.1477537273605448,0.1477539344610897,0.14775450167077708,0.14775125640197873,0.14775187922148697,0.14775199678776418,0.14775149978818156,0.1477492338809904,0.14774871161929942,0.14774917755665845,0.1477495310681286,0.14774616283910533,0.1477466795996893,0.1477474490398215,0.1477468471087668,0.14774489393151768,0.147744261369135,0.14774631188391157,0.147746428946537
0.14775722538784464,0.1477567302436022,0.14775454618281814,0.147753946153341,0.1477541530786457,0.14775472021653607,0.14775147535836697,0.14775209809904583,0.14775221550145856,0.1477517185647379,0.14774945294399677,0.14774893074835732,0.14774939647775165,0.14774974994454226,0.14774638214106428,0.14774689883634223,0.14774766802964986,0.14774706617154348,0.1477451132443718,0.14774448076133848,0.14774651913819647,0.14774663734785223
0.14775742608603556,0.14775693099944537,0.14775474719282855,0.14775414723321031,0.1477543539843151,0.14775492105622495,0.14775167657541996,0.1477522992436557,0.14775241648230897,0.1477519196033542,0.1477496542458399,0.147749132110897,0.14774959763598744,0.14774995106172362,0.14774658364926552,0.14774710028453583,0.14774786923783295,0.14774726744680478,0.14774531474934827,0.1477446823392475,0.14774670855500743,0.14774682792193664
0.14775742125340163,0.1477569261654233,0.14775474235268626,0.1477541423913859,0.14775434899240356,0.14775491606595292,0.14775167157577143,0.14775229424580716,0.14775241133395906,0.14775191445352448,0.1477496490892674,0.14774912695276965,0.14774959232815554,0.14774994575497502,0.14774657833219923,0.1477470949690529,0.1477478637729771,0.14774726197753416,0.14774530927684315,0.14774467686433618,0.14774669111774213,0.14774681166537446
0.14775760538310784,0.14775711034802305,0.14775492676847174,0.14775432687126344,0.1477545332967849,0.14775510030980551,0.14775185616580777,0.14775247876938596,0.14775259569160348,0.14775209886415708,0.14774983374135692,0.14774931166053576,0.14774977683277082,0.14775013022193434,0.1477467631578085,0.14774727973962232,0.1477480483075156,0.1477474465729776,0.14774549408365661,0.1477448617378218,0.14774686345485838,0.14774698518665152
0.14775759507260772,0.14775710003456102,0.14775491644195238,0.14775431654115526,0.14775452281380302,0.14775508983026645,0.14775184566657834,0.14775246827393654,0.14775258504257277,0.14775208821206554,0.14774982307531825,0.14774930099128103,0.14774976601182943,0.14775011940320146,0.14774675231804124,0.14774726890308304,0.14774803732050848,0.14774743557926706,0.14774548308090726,0.1477448507305032,0.1477468400700892,0.14774696300972245
0.14775758245739792,0.14775708741572738,0.1477549038071427,0.14775430390195432,0.14775451002073775,0.14775507704140253,0.1477518328536846,0.14775245546565585,0.14775257207959802,0.14775207524536507,0.14774981009163973,0.14774928800368775,0.14774975287189848,0.1477501062659523,0.14774673915524972,0.14774725574421127,0.14774802401096565,0.14774742226244536,0.14774546975217046,0.14774483739641148,0.14774681429740436,0.147746938455114
0.14775775814301506,0.14775726315181242,0.1477550797657206,0.14775447992168547,0.1477546858622488,0.14775525282516402,0.1477520089677356,0.1477526315163006,0.14775274796113402,0.14775225117745322,0.14774998625408475,0.14774946421924984,0.14774992888282962,0.14775028224096082,0.14774691547239968,0.14774743200885482,0.147748200039708,0.1477475983498317,0.14774564604056567,0.14774501374856308,0.14774697793432362,0.14774710330653948
0.08,0.08,0.08,0.08,0.08,0.08,0.08,0.08,0.08,0.08,0.08,0.08,0.08,0.08,0.08,0.08,0.08,0.08,0.08,0.08,0.08,0.08
0.08,0.08,0.08,0.08,0.08,0.08,0.08,0.08,0.08,0.08,0.08,0.08,0.08,0.08,0.08,0.08,0.08,0.08,0.08,0.08,0.08,0.08
0.08,0.08,0.08,0.08,0.08,0.08,0.08,0.08,0.08,0.08,0.08,0.08,0.08,0.08,0.08,0.08,0.08,0.08,0.08,0.08,0.08,0.08
0.08,0.08,0.08,0.08,0.08,0.08,0.08,0.08,0.08,0.08,0.08,0.08,0.08,0.08,0.08,0.08,0.08,0.08,0.08,0.08,0.08,0.08
0.08,0.08,0.08,0.08,0.08,0.08,0.08,0.08,0.08,0.08,0.08,0.08,0.08,0.08,0.08,0.08,0.08,0.08,0.08,0.08,0.08,0.08
0.08,0.08,0.08,0.08,0.08,0.08,0.08,0.08,0.08,0.08,0.08,0.08,0.08,0.08,0.08,0.08,0.08,0.08,0.08,0.08,0.08,0.08
0.08,0.08,0.08,0.08,0.08,0.08,0.08,0.08,0.08,0.08,0.08,0.08,0.08,0.08,0.08,0.08,0.08,0.08,0.08,0.08,0.08,0.08
0.08,0.08,0.08,0.08,0.08,0.08,0.08,0.08,0.08,0.08,0.08,0.08,0.08,0.08,0.08,0.08,0.08,0.08,0.08,0.08,0.08,0.08
0.14775776383780329,0.14775726884823656,0.14775508546935695,0.14775448562730403,0.14775469140864536,0.14775525836973902,0.14775201452272846,0.14775263706929354,0.14775275335503862,0.14775225657290814,0.1477499916566039,0.14774946962339802,0.14774993412656,0.147750287483621,0.14774692072525283,0.14774743726014372,0.14774820512909065,0.14774760343859605,0.14774565113779406,0.14774501884711547,0.1477469702676471,0.14774709688102172
0.14775774332133032,0.14775724832587003,0.14775506492100776,0.14775446507181345,0.1477546706972484,0.14775523766514415,0.1477519937792306,0.1477526163332638,0.14775273246185186,0.14775223567371623,0.1477499707300478,0.14774944869053205,0.147749913040479,0.14775026640184344,0.14774689960248666,0.1477474161436677,0.14774818386257083,0.1477475821626668,0.14774562984027176,0.14774499754149836,0.14774693656453697,0.14774706442033023
0.14775773136478196,0.14775723636588686,0.14775505294588245,0.14775445309252622,0.14775465855883818,0.1477552255307203,0.14775198162200698,0.14775260418041725,0.1477527201490807,0.14775222335740607,0.1477499583976114,0.1477494363543772,0.14774990054661763,0.1477502539105321,0.1477468870868894,0.1477474036317975,0.14774817119465852,0.14774756948829937,0.1477456171540218,0.14774498485026105,0.1477469111949854,0.14774704030950314
0.14775795396507307,0.14775745903012313,0.14775527589202747,0.14775467611615511,0.14775488139336748,0.1477554482920662,0.14775220480191295,0.14775282727997144,0.14775294307111903,0.14775244634351745,0.14775018167569104,0.14774965969978066,0.1477501236695396,0.147750476987916,0.1477471105979955,0.1477476270763427,0.1477483943773353,0.14774779274650549,0.14774584066572713,0.1477452084430238,0.14774712179383087,0.1477472521596693
0.14775794390921437,0.14775744897137574,0.147755265820545,0.14775466604117238,0.1477548711563976,0.1477554380584582,0.14775219454907618,0.147752817030826,0.14775293265928324,0.1477524359286891,0.14775017124722606,0.14774964926817116,0.14775011307707198,0.1477504663976103,0.14774709998709967,0.14774761646860662,0.14774838361011078,0.1477477819736837,0.14774582988293017,0.14774519765595162,0.1477470982183916,0.1477472298633835
0.14775793328992212,0.14775743834903293,0.14775525518475396,0.14775465540168478,0.14775486035364865,0.14775542725925722,0.14775218372958382,0.14775280621522918,0.14775292167969048,0.14775242494594054,0.14775016025009696,0.14774963826772625,0.14775010191457583,0.14775045523739228,0.14774708880518286,0.14774760529001987,0.1477483722709557,0.14774777062881178,0.14774581852734647,0.1477451862958912,0.1477470740172231,0.1477472069518943
0.147758125985889,0.1477576311003548,0.14775544818011405,0.14775484846411982,0.1477550532266495,0.1477556200689142,0.1477523769015252,0.14775299931762204,0.1477531146026497,0.14775261792435077,0.14775035348118631,0.14774983155708005,0.1477502949855405,0.14775064826895223,0.14774728221205063,0.14774779863929133,0.14774856536772565,0.14774796379087246,0.14774601190879588,0.1477453797474339,0.1477472543413301,0.1477473885606892
0.14775811948219347,0.14775762459479097,0.14775544166631316,0.1477548419480551,0.14775504654408037,0.14775561338853976,0.1477523702085983,0.14775299262710476,0.1477531077451073,0.14775261106483734,0.14775034661269126,0.14774982468651382,0.14775028794906195,0.14775064123390977,0.14774727516333008,0.14774779159266987,0.1477485581559722,0.14774795657493212,0.14774600468667465,0.14774537252234315,0.14774723415353141,0.1477473696836143
0.14775830094247705,0.14775780610720227,0.1477556234085352,0.1477550237534415,0.14775522815870937,0.14775579494352215,0.14775255210471971,0.14775317445773728,0.1477532893943866,0.14775279276632738,0.14775052855209642,0.1477500066807791,0.14775046972527547,0.1477508229730235,0.14774745725579772,0.14774797363091022,0.14774873994403792,0.1477481384244813,0.14774618674274498,0.1477455546443954,0.14774740305921927,0.14774753989584616
0.14775878016936944,0.14775828547176245,0.14775610338001882,0.14775550389174025,0.14775570806868937,0.14775627469588615,0.14775303275854024,0.14775365493850354,0.1477537696719622,0.1477532731819492,0.1477510095967677,0.14775048787050055,0.14775095061520682,0.14775130376480589,0.1477479389823902,0.14774845521404276,0.14774922114312353,0.14774861978904835,0.14774666865084232,0.14774603672770348,0.1477478715606137,0.14774800969044963
0.14775877431892154,0.14775827961963378,0.1477560975204808,0.14775549803016572,0.14775570203643584,0.14775626866561384,0.14775302671693713,0.14775364889907555,0.14775376346136473,0.14775326696956653,0.1477510033762507,0.1477504816481076,0.1477509442226217,0.14775129737352571,0.147747932578683,0.14774844881224258,0.1477492145718271,0.14774861321394692,0.14774666207009457,0.1477460301442399,0.14774785186845119,0.14774799134084637
0.14775876304355023,0.14775826834102346,0.14775608622759048,0.14775548673335054,0.14775569056811147,0.14775625720105592,0.147753015230837,0.14775363741711095,0.14775375180711303,0.14775325531196506,0.14775099170338513,0.14775046997172242,0.14775093237601467,0.14775128552933647,0.14774792071146514,0.14774843694855888,0.1477492025395616,0.1477486011759503,0.14774665002033568,0.14774601808975302,0.1477478266348277,0.14774796746177937
0.14775892467828272,0.1477584300221893,0.1477562481134625,0.14775564867548696,0.1477558523163435,0.14775641889616495,0.14775317722977457,0.14775379935772204,0.14775391356217088,0.14775341711351664,0.14775115371679914,0.14775063203398908,0.1477510942200102,0.14775144734029966,0.14774808283704216,0.1477485990258538,0.14774936436995645,0.14774876306102835,0.14774681208932022,0.1477461802174454,0.14774797535547338,0.1477481175337758
0.14775890912951942,0.14775841446895915,0.14775623254054043,0.1477556330971525,0.14775583656418154,0.14775640314917643,0.14775316145319722,0.147753783586825,0.14775389761643898,0.14775340116320138,0.14775113774559878,0.14775061605797285,0.14775107807208238,0.14775143119566753,0.14774806666101942,0.14774858285464837,0.14774934802924608,0.14774874671319166,0.14774679572475524,0.14774616384660177,0.14774794571677352,0.14774808927206423
0.14775914746534524,0.14775865287325296,0.1477564712466825,0.1477558718862586,0.14775607514723743,0.14775664165387378,0.14775340040605267,0.14775402245364677,0.1477541362896091,0.14775363990497445,0.14775137679998174,0.1477508551844393,0.14775131695674643,0.14775167003157477,0.1477483059613059,0.14774882208366924,0.1477495869744141,0.14774898573987663,0.14774703502209083,0.14774640323078364,0.14774817151486838,0.14774831643727118
0.1477591344689888,0.1477586398731629,0.1477564676468112,0.14775586828513615,0.14775606194909902,0.14775662846007018,0.14775338054047876,0.14775400259522528,0.14775412289782996,0.14775362650934593,0.14775138546354008,0.14775086385061012,0.1477513033640053,0.14775165644160815,0.1477482689184294,0.14774878505182448,0.1477495731885124,0.14774897194779907,0.14774708584824778,0.14774645407514586,0.14774815107004063,0.14774829739121487
0.08,0.08,0.08,0.08,0.08,0.08,0.08,0.08,0.08,0.08,0.08,0.08,0.08,0.08,0.08,0.08,0.08,0.08,0.08,0.08,0.08,0.08
0.08,0.08,0.08,0.08,0.08,0.08,0.08,0.08,0.08,0.08,0.08,0.08,0.08,0.08,0.08,0.08,0.08,0.08,0.08,0.08,0.08,0.08
0.08,0.08,0.08,0.08,0.08,0.08,0.08,0.08,0.08,0.08,0.08,0.08,0.08,0.08,0.08,0.08,0.08,0.08,0.08,0.08,0.08,0.08
0.08,0.08,0.08,0.08,0.08,0.08,0.08,0.08,0.08,0.08,0.08,0.08,0.08,0.08,0.08,0.08,0.08,0.08,0.08,0.08,0.08,0.08
0.08,0.08,0.08,0.08,0.08,0.08,0.08,0.08,0.08,0.08,0.08,0.08,0.08,0.08,0.08,0.08,0.08,0.08,0.08,0.08,0.08,0.08
0.08,0.08,0.08,0.08,0.08,0.08,0.08,0.08,0.08,0.08,0.08,0.08,0.08,0.08,0.08,0.08,0.08,0.08,0.08,0.08,0.08,0.08
0.08,0.08,0.08,0.08,0.08,0.08,0.08,0.08,0.08,0.08,0.08,0.08,0.08,0.08,0.08,0.08,0.08,0.08,0.08,0.08,0.08,0.08
0.08,0.08,0.08,0.08,0.08,0.08,0.08,0.08,0.08,0.08,0.08,0.08,0.08,0.08,0.08,0.08,0.08,0.08,0.08,0.08,0.08,0.08
0.14775913792413203,0.14775864332929878,0.14775646169064433,0.1477558623268993,0.14775606522968887,0.14775663173958248,0.1477533904731324,0.14775401252430265,0.1477541260011906,0.14775362961359859,0.14775136649513002,0.14775084487648033,0.14775130629121325,0.1477516593682186,0.14774829527721656,0.14774881140276175,0.14774957593699606,0.14774897469586196,0.14774702396880365,0.1477463921727692,0.14774815110768164,0.1477482988423407
0.14775911124007973,0.1477586166375808,0.14775643496513163,0.14775583559209782,0.1477560383171397,0.14775660483587233,0.1477533635188688,0.1477539855797439,0.14775409887728372,0.14775360248189534,0.14775133932790038,0.1477508177010588,0.1477512789415996,0.14775163202418706,0.1477482678800187,0.14774878401372302,0.14774954837819781,0.14774894712644313,0.147746996369577,0.14774636456330337,0.1477481208083973,0.14774826996117157
0.14775964542112507,0.1477591509720846,0.14775696997617427,0.1477563707890898,0.1477565732661874,0.14775713960922338,0.147753899297088,0.14775452116505683,0.14775463424266833,0.14775413800116405,0.14775187554838973,0.1477513540832398,0.1477518149961793,0.14775216796935609,0.1477488048672606,0.1477493208410438,0.14775008478413115,0.14774948371754504,0.14774753356578574,0.1477469019549927,0.1477486549015009,0.14774880544289404
0.14775981310498293,0.14775931870411485,0.14775713792057815,0.14775653879186523,0.1477567410634284,0.14775730735135284,0.1477540673544171,0.14775468916187656,0.1477548020426132,0.14775430584934152,0.14775204361635347,0.14775152220188342,0.14775198288399896,0.14775233582290875,0.14774897304718543,0.14774948897088225,0.1477502526535037,0.14774965164396023,0.14774770168260914,0.14774707013277555,0.1477488201261256,0.14774897210218807
0.14775979086802132,0.14775929646076502,0.14775711564906477,0.14775651651261112,0.14775671859989722,0.14775728489519974,0.14775404485606725,0.14775466667162723,0.14775477936671388,0.14775428316692418,0.14775202090423467,0.14775149948291588,0.1477519599836366,0.14775231292722063,0.1477489501069793,0.14774946603750816,0.14775022954236755,0.14774962852364887,0.1477476785375999,0.14774704697907937,0.14774879418685888,0.1477489476271706
0.1477589320649103,0.14775843741093878,0.14775625551156724,0.14775565607616298,0.1477558580781168,0.14775642465604594,0.14775318300047868,0.14775380512634845,0.14775391769054752,0.14775342124308005,0.14775115785176962,0.14775063617020645,0.14775109671257983,0.1477514498323605,0.14774808533394845,0.14774860152201655,0.1477493652186583,0.14774876389871242,0.14774681294093184,0.1477461810668431,0.14774792630934214,0.14774808130275446,0.14775773389290098
0.14775885005718098,0.14775835537965076,0.14775617337641792,0.14775557391246713,0.1477557757337961,0.14775634233876958,0.14775309388044483,0.14775371603840165,0.14775383506312775,0.1477533385919103,0.14775109717278317,0.14775057547292314,0.14775101375935462,0.1477513668960659,0.14774797880599067,0.14774849502578344,0.1477492819910859,0.14774868064119576,0.147746794233951,0.14774616235281512,0.14774784014962444,0.1477479966400444,0.14775771724629985
0.14775876712183772,0.1477582724204825,0.14775609973090165,0.14775550024135492,0.14775569245854703,0.1477562590908706,0.14775301712420258,0.14775363930979496,0.1477537515020764,0.14775325500684078,0.14775099139786102,0.14775046966610605,0.1477509298692946,0.14775128302312796,0.14774791820038352,0.1477484344382251,0.14774919782409382,0.14774859644399901,0.14774664530010256,0.14774601336449877,0.14774775302334553,0.14774791102417703,0.1477575769670633
0.14775886096719537,0.14775836629279931,0.14775618430338397,0.14775558484323087,0.1477557862772925,0.14775635287880323,0.1477531044403239,0.14775372659447866,0.14775384523206364,0.147753348763769,0.14775110735783115,0.1477505856610422,0.1477510235578567,0.14775137669256833,0.1477479886216731,0.14774850483854285,0.14774929141162058,0.14774869006316238,0.14774680366828252,0.14774617179018684,0.14774784377464756,0.14774800328237453,0.14775773618315582
0.14775877510887991,0.14775828040981911,0.1477561077303099,0.14775550824354344,0.1477557000705399,0.14775626670036357,0.147753024747994,0.14775364693084136,0.14775375873289234,0.14775326223973498,0.1477509986402259,0.14775047691065482,0.1477509367215507,0.14775128987398561,0.14774792506456136,0.1477484413003587,0.14774920429213823,0.1477486029126502,0.14774665177791918,0.1477460198443326,0.14774775364205,0.14774791468634732,0.14775759285454462
0.14775868899286293,0.14775819426906342,0.1477560120618473,0.14775541254183078,0.14775561360392753,0.14775618026214954,0.1477529314986548,0.14775355371507587,0.14775367197186254,0.14775317545376748,0.14775093382311236,0.14775041207399675,0.1477508496212682,0.14775120279148013,0.14774781438010925,0.14774833064886905,0.1477491169067245,0.14774851549622964,0.14774662891308182,0.14774599697103502,0.14774766321773447,0.1477478258114906,0.14775757193638964
0.14775778715363885,0.14775729217077,0.14775511824546486,0.1477545184148032,0.14775470995881074,0.14775527691381207,0.14775203310164517,0.14775265564152112,0.1477527671133922,0.14775227033521615,0.14775000543693162,0.14774948340788085,0.14774994308686673,0.14775029644209897,0.14774692970114833,0.14774744623336616,0.14774820926591462,0.14774760753975286,0.1477456552862878,0.14774502298949285,0.14774675182284114,0.14774691605655887,0.1477566097816149,0.14775650310775107
0.14775675878423622,0.14775626350595866,0.14775407885426756,0.14775347866237717,0.1477536768176938,0.14775424411199406,0.14775099170309797,0.14775161461790332,0.14775173261148491,0.147751235535974,0.14774899139007308,0.1477484690552672,0.14774890669542445,0.14774926026217397,0.1477458680477099,0.14774638489607922,0.147747171636068,0.14774656954903914,0.14774468085001757,0.14774404819814968,0.14774571029834355,0.14774587620018342,0.14775558544008421,0.14775547235401698,0.1477528295332114
0.14775650618902705,0.14775601083819068,0.14775383529766808,0.14775323502113408,0.14775342340772601,0.1477539907852482,0.1477507445565478,0.14775136756033025,0.14775147871441924,0.1477509815659352,0.14774873709075462,0.1477482146792739,0.14774865218106903,0.14774900579976125,0.14774561308712655,0.14774613001141942,0.14774691666386056,0.1477463144878468,0.147744425511863,0.14774379276690464,0.1477452867956549,0.14774545432034902,0.14775533740418423,0.14775521798149893,0.14775257205185344
0.147756411081629,0.147755915703473,0.14775373061145636,0.14775313029854084,0.1477533277677766,0.14775389517670756,0.14775064211085698,0.14775126515152137,0.14775138276538458,0.14775088558932373,0.14774861887795593,0.14774809643083262,0.1477485558733941,0.14774890951174138,0.14774554007428864,0.14774605702032362,0.14774682005707468,0.147746217844836,0.14774426403182653,0.1477436312271435,0.14774517651550845,0.1477453456239149,0.14775524695885,0.14775512123992424,0.14775247242592218
0.14775615856107246,0.14775566311037983,0.14775348713153086,0.14775288673399914,0.14775307443538654,0.1477536419275131,0.14775039504335413,0.14775101817296613,0.14775112894539186,0.14775063169638064,0.14774838676758917,0.1477478642504823,0.14774830143565523,0.14774865512592905,0.147745261726774,0.14774577875569586,0.1477465651606688,0.14774596285792718,0.14774407350467994,0.14774344063000472,0.1477449078762592,0.14774507859512576,0.14775499909422973,0.1477548669531702,0.14775221510131298
0.08,0.08,0.08,0.08,0.08,0.08,0.08,0.08,0.08,0.08,0.08,0.08,0.08,0.08,0.08,0.08,0.08,0.08,0.08,0.08,0.08,0.08,0.08,0.08,0.08
0.08,0.08,0.08,0.08,0.08,0.08,0.08,0.08,0.08,0.08,0.08,0.08,0.08,0.08,0.08,0.08,0.08,0.08,0.08,0.08,0.08,0.08,0.08,0.08,0.08
0.08,0.08,0.08,0.08,0.08,0.08,0.08,0.08,0.08,0.08,0.08,0.08,0.08,0.08,0.08,0.08,0.08,0.08,0.08,0.08,0.08,0.08,0.08,0.08,0.08
0.08,0.08,0.08,0.08,0.08,0.08,0.08,0.08,0.08,0.08,0.08,0.08,0.08,0.08,0.08,0.08,0.08,0.08,0.08,0.08,0.08,0.08,0.08,0.08,0.08
0.08,0.08,0.08,0.08,0.08,0.08,0.08,0.08,0.08,0.08,0.08,0.08,0.08,0.08,0.08,0.08,0.08,0.08,0.08,0.08,0.08,0.08,0.08,0.08,0.08
0.08,0.08,0.08,0.08,0.08,0.08,0.08,0.08,0.08,0.08,0.08,0.08,0.08,0.08,0.08,0.08,0.08,0.08,0.08,0.08,0.08,0.08,0.08,0.08,0.08
0.08,0.08,0.08,0.08,0.08,0.08,0.08,0.08,0.08,0.08,0.08,0.08,0.08,0.08,0.08,0.08,0.08,0.08,0.08,0.08,0.08,0.08,0.08,0.08,0.08
0.08,0.08,0.08,0.08,0.08,0.08,0.08,0.08,0.08,0.08,0.08,0.08,0.08,0.08,0.08,0.08,0.08,0.08,0.08,0.08,0.08,0.08,0.08,0.08,0.08
