0.004072987756947179,0.004072968238843838,0.004072882537346069,0.004072858896340666,0.004072867345089121,0.004072889690862715,0.004072761608755944,0.004072786133871843,0.004072791687875004,0.004072772116800347,0.004072682910773445,0.004072662355007551,0.004072681356683709,0.004072695271431499,0.004072578501425275,0.004072598828122917,0.00407261425027003,0.004072591868063732,0.004072567716699612,0.00407254671376134,0.0040725891500800705,0.004072591493555409
0.004073005879174966,0.004072986364679671,0.004072900307637255,0.004072876670914254,0.004072885466572293,0.004072907808218871,0.004072780011761591,0.004072804532280818,0.004072809800324292,0.004072790232860875,0.004072701043286142,0.004072680491314682,0.0040726994664751345,0.004072713378657773,0.004072591634033869,0.004072611958016022,0.004072632329797784,0.004072609850768155,0.004072585116578679,0.004072563940315436,0.004072607214007944,0.004072609578556923
0.004073010483657208,0.004072990970078602,0.004072904917076618,0.004072881281464384,0.004072890055441795,0.004072912396043344,0.004072784605562034,0.004072809124933876,0.004072814371451161,0.004072794804899088,0.004072705619476293,0.004072685068462416,0.0040727040214391125,0.00407271793297659,0.004072591274539828,0.004072611598596315,0.004072636848402079,0.004072614277080381,0.004072588974273431,0.004072567630989243,0.0040726117188404545,0.00407261410112641
0.004073002840232148,0.004072983325131833,0.004072897265422706,0.004072873627966592,0.004072882380640684,0.004072904722990038,0.004072776922513965,0.004072801443804797,0.004072806668721157,0.004072787100633381,0.004072697908214177,0.004072677355586685,0.004072696288008506,0.00407271020064134,0.00407257854411419,0.004072598870803002,0.004072629068599148,0.004072606397853778,0.00407258039713517,0.004072558880647463,0.004072603920290141,0.004072606322055373
0.004072995491780421,0.0040729759752170785,0.004072889909059487,0.004072866269830607,0.004072875001554217,0.004072897345584081,0.004072769535498079,0.004072794058634009,0.004072799262313429,0.004072779692748984,0.004072690493602336,0.004072669939423274,0.004072688851613441,0.004072702765299594,0.004072570232151032,0.004072590560558609,0.004072621587463242,0.004072598822838437,0.004072572072272924,0.0040725503827348745,0.004072596418904879,0.004072598840426958
0.004072988260248701,0.004072968742245572,0.004072882669741941,0.004072859028768445,0.004072867739937358,0.004072890085621023,0.004072762266077829,0.004072786791029534,0.0040727919738723604,0.004072772402854728,0.004072683197087624,0.004072662641381647,0.0040726815337246165,0.004072695448447326,0.004072561982715729,0.004072582312829194,0.004072614226398096,0.004072591373533206,0.0040725634459897395,0.0040725415836454365,0.004072589035998414,0.0040725914775666585
0.004072981242380142,0.004072961722979727,0.004072875644317417,0.004072852001650817,0.004072860692667857,0.004072883039956554,0.004072755211235095,0.004072779737949026,0.004072784900366265,0.004072765327938261,0.004072676115745761,0.0040726555585578715,0.0040726744314352565,0.00407268834716401,0.004072554871785114,0.004072575203369075,0.004072607082590502,0.004072584147184151,0.004072555346444154,0.004072533311941132,0.004072581868745611,0.004072584330660972
0.004072983377722086,0.004072963858746832,0.004072877781958456,0.004072854139807024,0.004072862810281029,0.004072885157087425,0.004072757331123942,0.0040727818573083425,0.0040727869992465875,0.004072767427237081,0.004072678216951186,0.00407265766020302,0.004072676512288041,0.004072690427722035,0.004072556955169671,0.004072577286322798,0.004072609129759899,0.004072586119645356,0.004072556382887619,0.00407253417910165,0.004072583893160961,0.004072586375500975
0.004072976839955639,0.004072957319678671,0.004072871237152822,0.004072847593424089,0.004072856244613067,0.004072878592914833,0.004072750758400158,0.004072775286226383,0.004072780408624212,0.004072760835300595,0.00407267161902783,0.004072651060898888,0.0040726698943374185,0.004072683810708868,0.004072550329166937,0.0040725706616903026,0.0040726024737249115,0.004072579392510007,0.004072548646403591,0.004072526272495782,0.004072577210451494,0.004072579713749437
0.004072970410838093,0.0040729508892810105,0.004072864801112914,0.004072841155833045,0.004072849788207928,0.004072872137980215,0.004072744295056466,0.004072768824497231,0.004072773927829907,0.004072754353214038,0.004072665131054052,0.004072644571567312,0.004072663386819878,0.0040726773041131585,0.004072543813731456,0.0040725641476022315,0.004072595929755207,0.004072572783005543,0.004072542153735067,0.004072519611476707,0.004072570638161994,0.004072573162735442
0.004072964127385478,0.004072944604577254,0.004072858882431715,0.004072835235725374,0.004072843478143374,0.004072865829352878,0.004072737716097339,0.004072762247181565,0.0040727675939862,0.004072748018107365,0.004072659660439376,0.004072639099807725,0.004072657026916333,0.004072670945110558,0.0040725383690316105,0.004072558704028392,0.004072589535045023,0.004072566328173089,0.0040725333275422925,0.004072510618285942,0.004072564213510734,0.004072566759684204
0.004072957962236678,0.004072938438200843,0.004072852339107378,0.004072828690823976,0.0040728372870429295,0.0040728596396625875,0.004072731780456245,0.00407275631302326,0.004072761379714072,0.0040727418025960785,0.004072652569036846,0.004072632006921045,0.004072650787234369,0.004072664706312525,0.004072532121815892,0.004072552458104665,0.00407258326216366,0.004072560000380358,0.004072525741204176,0.004072502867585153,0.004072557909088377,0.004072560477191089
0.004072951940647306,0.004072932415412419,0.004072846311033986,0.004072822661297676,0.004072831240210923,0.004072853594207908,0.004072725727125399,0.004072750261204634,0.0040727553103547896,0.004072735732026508,0.00407264649295342,0.004072625929565935,0.0040726446931623516,0.00407265861310383,0.004072526020385758,0.004072546357936405,0.004072577136491109,0.004072553824775051,0.004072518209581187,0.004072495174481066,0.0040725517503165986,0.004072554340682259
0.004072946138531111,0.004072926612140851,0.004072840502669976,0.004072816851533689,0.004072825413675339,0.004072847768999497,0.004072719894327597,0.004072744429863994,0.004072749462016092,0.004072729882521569,0.004072640638135301,0.004072620073522414,0.004072638820914442,0.00407265274168784,0.004072520141047425,0.004072540479814042,0.004072571234263875,0.004072547877344804,0.004072511166837863,0.004072487973819734,0.0040725458134941534,0.004072548426458828
0.0040729511594943275,0.00407293163410389,0.00407284552903986,0.0040728218791150714,0.004072830424087973,0.004072852778270851,0.004072724910125301,0.004072749444408643,0.0040727544595650185,0.004072734881067081,0.004072645641221053,0.0040726250776553065,0.004072643807339489,0.00407265772740646,0.0040725251334933306,0.004072545471227405,0.004072576199610174,0.00407255280446257,0.004072516117895557,0.004072492773910759,0.0040725507455613335,0.00407255338117972
0.00407294590533248,0.004072926378895787,0.004072840269220235,0.004072816618027678,0.004072825147368929,0.004072847502753752,0.00407271962773496,0.004072744163337961,0.004072749162657277,0.0040727295831030665,0.004072640338444829,0.00407261977376922,0.004072638488334675,0.004072652409155186,0.004072519808066076,0.004072540146901559,0.004072570853857446,0.004072547422116052,0.004072512078877639,0.004072488586683767,0.004072545362399619,0.0040725480212958805
0.004072949796735203,0.004072930271073403,0.004072844536404721,0.004072820886240681,0.0040728290280890485,0.004072851382589906,0.004072723250474283,0.004072747785172236,0.004072753030898041,0.0040727334521152075,0.004072645081346289,0.004072624517663363,0.004072642345438325,0.004072656265712406,0.004072522746746817,0.004072543084974518,0.004072574691902894,0.004072551229518837,0.004072509090453361,0.004072485455934402,0.004072549164006184,0.004072551846295581
0.0016206267810959087,0.0016206244180542897,0.0016206142165478444,0.0016206113574878526,0.0016206131322907705,0.00162061583492601,0.0016206005209739656,0.001620603484021897,0.0016206046720570687,0.0016206023073466263,0.0016205918085811142,0.0016205893276635445,0.001620591796699682,0.001620593476368112,0.0016205775440343501,0.001620579995202613,0.001620583886159094,0.0016205810542151164,0.0016205758444582388,0.0016205729807242878,0.0016205807739437153,0.0016205811001483192
0.0016206272766473503,0.0016206249136054415,0.0016206147120977489,0.0016206118530374082,0.0016206136278368438,0.0016206163304724153,0.0016206010165184985,0.001620603979566792,0.0016206051675984078,0.0016206028028876763,0.001620592304120881,0.0016205898232030075,0.001620592292235748,0.0016205939719043834,0.0016205780395686735,0.0016205804907372355,0.0016205843816870108,0.0016205815497222144,0.0016205763385077532,0.0016205734746924738,0.0016205812694622004,0.0016205815956736966
0.0016206272767781908,0.0016206249137362832,0.0016206147122285902,0.0016206118531682497,0.0016206136279676851,0.0016206163306032558,0.0016206010166493396,0.0016206039796976329,0.0016206051677292493,0.001620602803018517,0.001620592304251721,0.0016205898233338477,0.0016205922923665898,0.0016205939720352256,0.0016205780396995135,0.0016205804908680762,0.0016205843818178534,0.0016205815498530572,0.0016205763386385964,0.0016205734748233162,0.0016205812695930437,0.0016205815958045403
0.0016206272767777898,0.0016206249137358812,0.0016206147122281881,0.001620611853167847,0.0016206136279672827,0.0016206163306028533,0.0016206010166489372,0.0016206039796972306,0.0016206051677288458,0.001620602803018114,0.0016205923042513178,0.0016205898233334448,0.0016205922923661846,0.0016205939720348199,0.001620578039699109,0.0016205804908676715,0.001620584381817446,0.0016205815498526507,0.0016205763386381894,0.0016205734748229094,0.0016205812695926367,0.0016205815958041329
0.0016206272767776849,0.001620624913735777,0.0016206147122280847,0.0016206118531677434,0.0016206136279671775,0.0016206163306027486,0.001620601016648832,0.0016206039796971255,0.00162060516772874,0.001620602803018008,0.0016205923042512116,0.0016205898233333388,0.0016205922923660777,0.001620593972034714,0.0016205780396990027,0.0016205804908675661,0.0016205843818173392,0.0016205815498525433,0.0016205763386380816,0.0016205734748228019,0.0016205812695925287,0.001620581595804025
0.0016206272767777877,0.001620624913735879,0.0016206147122281855,0.0016206118531678446,0.001620613627967281,0.0016206163306028516,0.001620601016648935,0.0016206039796972285,0.0016206051677288432,0.0016206028030181124,0.0016205923042513163,0.0016205898233334428,0.0016205922923661828,0.0016205939720348183,0.0016205780396991074,0.0016205804908676698,0.0016205843818174448,0.0016205815498526485,0.0016205763386381872,0.0016205734748229073,0.0016205812695926345,0.0016205815958041307
0.0016206272767776849,0.001620624913735777,0.0016206147122280847,0.0016206118531677434,0.0016206136279671775,0.0016206163306027486,0.001620601016648832,0.0016206039796971255,0.00162060516772874,0.001620602803018008,0.0016205923042512116,0.0016205898233333388,0.0016205922923660777,0.001620593972034714,0.0016205780396990027,0.0016205804908675661,0.0016205843818173392,0.0016205815498525433,0.0016205763386380816,0.0016205734748228019,0.0016205812695925287,0.001620581595804025
0.0016206272767777877,0.001620624913735879,0.0016206147122281855,0.0016206118531678446,0.001620613627967281,0.0016206163306028516,0.001620601016648935,0.0016206039796972285,0.0016206051677288432,0.0016206028030181124,0.0016205923042513163,0.0016205898233334428,0.0016205922923661828,0.0016205939720348183,0.0016205780396991074,0.0016205804908676698,0.0016205843818174448,0.0016205815498526485,0.0016205763386381872,0.0016205734748229073,0.0016205812695926345,0.0016205815958041307
0.004072955759610182,0.004072936235135751,0.0040728505056779295,0.004072826856952632,0.004072834983406186,0.004072857336550557,0.004072729212207881,0.004072753745416483,0.004072758975918035,0.004072739398320704,0.004072651032899999,0.004072630470462698,0.004072648282240308,0.004072662201673336,0.004072528690772876,0.004072549027771243,0.004072580612308658,0.004072557123091801,0.004072513006310844,0.004072489236515143,0.004072555047106965,0.0040725577531379445
0.00407295132201818,0.004072931796660109,0.004072846063324353,0.00407282241352834,0.004072830526305462,0.0040728528804650594,0.004072724750304927,0.004072749284628195,0.004072754501308223,0.004072734922818608,0.004072646553372491,0.004072625989997655,0.004072643788508439,0.004072657708578081,0.004072524191572903,0.0040725445295017836,0.004072576096513019,0.0040725525814329575,0.004072506352520779,0.004072482453249084,0.004072550490138964,0.004072553220445896
0.004072958051204175,0.004072938527186059,0.004072852799730798,0.0040728291515584126,0.004072837250357679,0.004072859602985694,0.004072731481601823,0.004072756014243498,0.004072761217140588,0.004072741639990177,0.004072653276585679,0.004072632714617964,0.0040726504984761385,0.004072664417595205,0.0040725309097054485,0.004072551246244902,0.00407258279331786,0.004072559257777689,0.004072510747525078,0.004072486728591554,0.004072557147315951,0.004072559902041938
0.0040729544989809964,0.004072934974255542,0.004072849243696087,0.004072825594666624,0.004072833681115377,0.004072856034556379,0.004072727908513954,0.004072752442048242,0.004072757632477642,0.004072738054612419,0.004072649687983143,0.004072629125264362,0.004072646897097729,0.004072660816726984,0.004072527303944817,0.0040725476412300015,0.0040725791729371305,0.0040725556170514475,0.004072506371588469,0.004072482239305764,0.004072553483369565,0.004072556263193166
0.004072951268363813,0.004072931742995056,0.004072845638026577,0.004072821988128055,0.00407283043464061,0.004072852788821088,0.004072724920689284,0.004072749454969983,0.0040727543715986005,0.004072734793083119,0.004072645553157175,0.004072624989572994,0.004072643620635451,0.004072657540728871,0.004072524946563845,0.0040725452843365815,0.004072575878920901,0.00407255230508784,0.004072498705236907,0.004072474467791431,0.004072550144660896,0.004072552949976316
0.004072948360232341,0.0040729288342844895,0.004072843098360457,0.004072819447849807,0.004072827511821889,0.004072849866668129,0.004072721732573428,0.004072746267650588,0.0040727514354000115,0.004072731856299015,0.004072643484094739,0.004072622920077513,0.004072640669995328,0.004072654590506764,0.0040725210692650555,0.004072541407839697,0.004072572912136271,0.004072549322515156,0.004072494781336553,0.004072470449047668,0.004072547132096503,0.004072549963301847
0.004072945773455664,0.004072926246992708,0.004072840137201403,0.004072816485977022,0.004072824911525715,0.00407284726696426,0.00407271939163826,0.004072743927300244,0.004072748822746792,0.004072729243124787,0.004072639998157736,0.0040726194334109,0.004072638044038786,0.004072651964922242,0.0040725193632337175,0.004072539702161202,0.004072570271399706,0.004072546667927461,0.004072489730687828,0.0040724653128808045,0.004072544444528862,0.0040725473020260285
0.004072943504981473,0.0040729239780667855,0.004072838237899715,0.004072814586217542,0.0040728226306911055,0.004072844986649187,0.004072716846183422,0.004072741382481324,0.004072746530570164,0.0040727269504910605,0.004072638573874219,0.0040726180088292785,0.004072635739689703,0.0040726496608996235,0.004072516132959925,0.0040725364725555085,0.004072567953586468,0.004072544337990423,0.004072483951059544,0.00407245945732119,0.004072542078851462,0.004072544963054129
0.004072941531751526,0.004072922004443903,0.004072836262552391,0.004072812610394093,0.0040728206461742855,0.004072843002584417,0.004072714859528325,0.004072739396322547,0.004072744535651615,0.004072724955174689,0.004072636576763131,0.004072616011300189,0.00407263373364533,0.004072647655139449,0.004072514124474438,0.004072534464485433,0.004072565935286887,0.004072542309115964,0.004072478747329044,0.004072454186920936,0.00407254001172961,0.004072542923026635
0.00407293984114198,0.004072920313497697,0.004072834570128722,0.0040728109175624935,0.004072818945305886,0.004072841302103452,0.004072713156827268,0.004072737694046881,0.004072742825281803,0.004072723244463792,0.00407263486451349,0.004072614298692171,0.004072632013152174,0.0040726459348900445,0.004072512401887643,0.004072532742254913,0.004072564203674035,0.00407254056829887,0.004072473674104254,0.004072449055949844,0.00407253823035498,0.004072541169142143
0.0040729475174552075,0.004072927991339536,0.004072842254678996,0.004072818603964994,0.004072826623490995,0.004072848978539576,0.0040727208432853965,0.0040727453785847235,0.004072750501830172,0.0040727309225430065,0.004072642549498866,0.0040726219852860275,0.004072639690770791,0.004072653611420952,0.004072520088848943,0.004072540427626352,0.004072571877487548,0.004072548236294164,0.0040724778651694046,0.004072453199846037,0.004072545855803055,0.004072548822265476
0.0040729462097927865,0.004072926683416721,0.004072840945613418,0.0040728172945838905,0.004072825307218628,0.004072847662567039,0.004072719525594799,0.004072744061223317,0.004072749177532677,0.004072729597981427,0.00407264122374591,0.004072620659255591,0.004072638357965361,0.004072652278804344,0.004072518754421686,0.004072539093475082,0.004072570535432197,0.004072546887267386,0.0040724728953979656,0.004072448188159999,0.004072544462044621,0.004072547456850301
0.004072954727649399,0.0040729352029694734,0.00407284947260985,0.004072825823635557,0.004072833829046566,0.004072856182453877,0.0040727280566045165,0.004072752590101812,0.004072757699441741,0.004072738121589868,0.004072649755020831,0.004072629192316079,0.00407264688296416,0.004072660802595417,0.004072527289794043,0.004072547627082152,0.004072579058654476,0.0040725554067881494,0.004072481075920525,0.004072456336813774,0.004072552935321982,0.004072555958536689
0.0040729538984263965,0.004072934373581357,0.004072848642497091,0.004072824993322725,0.004072832992742083,0.00407285534633988,0.004072727219398986,0.0040727517531054264,0.004072756856424089,0.004072737278404108,0.0040726489110766845,0.004072628348195301,0.004072646032922936,0.004072659952674615,0.004072526438718478,0.004072546776182609,0.004072578200969236,0.0040725545439250525,0.004072480212532989,0.004072455445301794,0.0040725520243478945,0.004072555076626509
0.004072953212924525,0.004072933687942984,0.004072847584681193,0.004072823935251865,0.00407283230066595,0.004072854654421389,0.004072726788720155,0.004072751322534186,0.004072756158077174,0.004072736579917936,0.004072647341614977,0.004072626778405115,0.004072645328046378,0.004072659247897914,0.004072526656036363,0.004072546993455551,0.004072577489010863,0.004072553827486484,0.0040724769497878024,0.004072452158535331,0.004072551258187375,0.004072554339962606
0.0016206269469843484,0.0016206245839426323,0.0016206143824357704,0.0016206115233756617,0.001620613290642926,0.0016206159932782712,0.0016206006793256288,0.0016206036423736748,0.001620604822873183,0.0016206024581626513,0.0016205919593967491,0.0016205894784790868,0.0016205919399796306,0.0016205936196481204,0.0016205776873137944,0.0016205801384821439,0.0016205840183036821,0.0016205811652096624,0.0016205723762834055,0.0016205693882427057,0.0016205808202033837,0.0016205811953005607
0.0016206269687728614,0.0016206246057311323,0.0016206143592972862,0.0016206115002371936,0.0016206133124300856,0.001620616015065446,0.0016206007327688003,0.0016206036958168863,0.0016206048446590164,0.0016206024799484727,0.0016205918761649867,0.0016205893952473756,0.0016205919617641137,0.001620593641432613,0.0016205778203371133,0.0016205802715055435,0.001620584040086429,0.0016205811869899691,0.0016205720913806936,0.0016205691033213386,0.0016205808419677513,0.0016205812170751817
0.0016206269690454476,0.0016206246060037192,0.0016206144044968018,0.001620611545436678,0.0016206133127026703,0.001620616015338031,0.0016206007013853053,0.0016206036644333683,0.0016206048449316016,0.0016206024802210579,0.0016205919814550982,0.001620589500537423,0.0016205919620366981,0.001620593641705197,0.0016205777093707835,0.0016205801605391468,0.0016205840403590139,0.001620581187262554,0.0016205723983366892,0.0016205694102771082,0.0016205808422403358,0.0016205812173477666
0.0016206269690448552,0.0016206246060031266,0.0016206143595692776,0.001620611500509186,0.001620613312702077,0.0016206160153374378,0.0016206007330407915,0.0016206036960888775,0.0016206048449310083,0.0016206024802204646,0.001620591876436977,0.001620589395519366,0.0016205919620361049,0.001620593641704604,0.0016205778206091035,0.0016205802717775336,0.0016205840403584195,0.00162058118726196,0.001620572091652684,0.0016205691035933289,0.0016205808422397414,0.001620581217347173
0.0016206269690451469,0.0016206246060034182,0.0016206144044965008,0.0016206115454363776,0.0016206133127023706,0.001620616015337731,0.0016206007013850052,0.0016206036644330684,0.001620604844931301,0.0016206024802207567,0.0016205919814547987,0.0016205895005371226,0.0016205919620363972,0.0016205936417048965,0.0016205777093704825,0.0016205801605388456,0.0016205840403587122,0.001620581187262252,0.0016205723983363876,0.0016205694102768068,0.0016205808422400342,0.0016205812173474645
0.0016206269690448524,0.0016206246060031235,0.0016206143595692752,0.0016206115005091822,0.0016206133127020742,0.0016206160153374345,0.001620600733040789,0.0016206036960888747,0.0016206048449310055,0.0016206024802204611,0.0016205918764369738,0.0016205893955193625,0.0016205919620361016,0.001620593641704601,0.0016205778206091002,0.0016205802717775303,0.0016205840403584167,0.0016205811872619575,0.0016205720916526811,0.0016205691035933254,0.0016205808422397386,0.0016205812173471696
0.0016206269690451469,0.0016206246060034182,0.0016206144044965008,0.0016206115454363776,0.0016206133127023706,0.001620616015337731,0.0016206007013850052,0.0016206036644330684,0.001620604844931301,0.0016206024802207567,0.0016205919814547987,0.0016205895005371226,0.0016205919620363972,0.0016205936417048965,0.0016205777093704825,0.0016205801605388456,0.0016205840403587122,0.001620581187262252,0.0016205723983363876,0.0016205694102768068,0.0016205808422400342,0.0016205812173474645
0.0016206269690448524,0.0016206246060031235,0.0016206143595692752,0.0016206115005091822,0.0016206133127020742,0.0016206160153374345,0.001620600733040789,0.0016206036960888747,0.0016206048449310055,0.0016206024802204611,0.0016205918764369738,0.0016205893955193625,0.0016205919620361016,0.001620593641704601,0.0016205778206091002,0.0016205802717775303,0.0016205840403584167,0.0016205811872619575,0.0016205720916526811,0.0016205691035933254,0.0016205808422397386,0.0016205812173471696
0.004072953081294214,0.004072933556286465,0.004072847824488119,0.0040728241751165906,0.004072832163418175,0.004072854517204873,0.004072726389181538,0.00407275092309538,0.004072756015263298,0.004072736437075584,0.004072648068991448,0.004072627505933823,0.004072645179605754,0.004072659099478319,0.004072525584362957,0.004072545922003782,0.004072577334259984,0.004072553668956497,0.004072479337722913,0.004072454528028817,0.004072551048371436,0.004072554160105013
0.004072952229371427,0.004072932704194038,0.004072846600069007,0.004072822950402364,0.004072831305295599,0.0040728536592777595,0.004072725792280032,0.0040727503263429865,0.004072755151321118,0.0040727355729611205,0.00407264633374356,0.004072625770322755,0.004072644309527503,0.004072658229523331,0.004072525636287693,0.004072545973917781,0.004072576457789468,0.004072552789096428,0.004072475911745868,0.004072451086103027,0.004072550116189523,0.004072553258083196
0.004072951782457959,0.004072932257191574,0.0040728465242582,0.004072822874573285,0.004072830852849276,0.004072853206934493,0.004072725077200583,0.004072749611442182,0.0040727546935376635,0.004072735115086384,0.0040726467458132055,0.004072626182478643,0.0040726438462355165,0.004072657766296979,0.004072524249370226,0.004072544587287152,0.004072575988635525,0.0040725523170606235,0.004072477986223702,0.004072453148880471,0.004072549590413841,0.004072552762954365
0.0040729709816743915,0.004072951460230965,0.004072865372563844,0.004072841727421701,0.004072850070864993,0.0040728724205728985,0.004072744578017279,0.004072769107387364,0.004072773921599889,0.004072754346982779,0.0040726651248171285,0.0040726445653290816,0.004072663091150757,0.004072677008485925,0.004072544440587797,0.004072564774328937,0.004072595241529048,0.00407257157221125,0.004072494711128522,0.004072469868333991,0.004072568791281939,0.004072571994170638
0.004072979760666882,0.0040729602409714455,0.004072874161008799,0.004072850517984723,0.004072858855950707,0.004072881203657725,0.004072753372544107,0.004072777899717333,0.004072782708772807,0.004072763135907821,0.0040726739217245116,0.004072653364077468,0.00407267188351669,0.0040726857996063615,0.0040725532435690655,0.0040725735754897335,0.004072604034838322,0.004072580365585,0.004072503512212511,0.004072478663889785,0.0040725775289397964,0.004072580762909222
0.004072990509359668,0.004072970991804335,0.004072884921274447,0.004072861280843556,0.0040728696132504285,0.00407289195850745,0.004072764141404002,0.004072788665887281,0.004072793469776598,0.004072773899057222,0.00407268469464894,0.004072664139256355,0.004072682652030032,0.004072696566594334,0.004072564025083144,0.004072584354774264,0.0040726148058063015,0.004072591137380609,0.0040725142932603224,0.0040724894415373695,0.004072588244057151,0.004072591509400842
0.004072990491144664,0.004072970973585704,0.004072884903039815,0.004072861262604532,0.004072869590400876,0.004072891935663109,0.004072764118529892,0.004072788643018888,0.0040727934422936235,0.004072773871568771,0.00407268466713552,0.004072664111737176,0.004072682619895119,0.004072696534463971,0.0040725639929094365,0.0040725843226072115,0.004072614768712782,0.004072591098695081,0.0040725142554285335,0.0040724893988521235,0.004072588146616789,0.004072591444511321
0.004072990490670229,0.0040729709731111745,0.004072884902564873,0.004072861262129473,0.00407286958535298,0.0040728919306163595,0.0040727641134765775,0.004072788637966835,0.004072793432665382,0.0040727738619386064,0.004072684657496617,0.004072664102096256,0.004072682605674396,0.004072696520245267,0.004072563978671549,0.004072584308372268,0.00407261474962851,0.004072591078242843,0.004072514235798997,0.004072489375416204,0.004072588066386547,0.0040725913972342615
0.0040729905120422,0.0040729709944874,0.004072884923959854,0.004072861283529612,0.0040728696022040945,0.004072891947463634,0.004072764130345803,0.004072788654831842,0.004072793444978834,0.0040727738742545195,0.004072684669823707,0.004072664114425925,0.004072682613445886,0.004072696528015654,0.004072563986452421,0.004072584316151528,0.0040726147526152,0.004072591080058383,0.004072514238401213,0.00407248937505962,0.004072588007477402,0.004072591371657383
0.004073002870905573,0.004072983355811362,0.004072897667519402,0.004072874030160183,0.004072881971724248,0.004072904314166728,0.004072776251147873,0.0040728007726063935,0.0040728058195197425,0.004072786251262658,0.00407269792797905,0.004072677375355691,0.004072694997385302,0.004072708910200944,0.004072575462756861,0.004072595790082838,0.0040726271403422245,0.00407260346975717,0.004072529183298754,0.004072504321399208,0.004072600335876255,0.004072603733377884
0.0040730029681318915,0.004072983453057036,0.004072897393460152,0.004072873756034893,0.004072882064524188,0.004072904406945541,0.0040727766060577805,0.004072801127427655,0.004072805907842087,0.004072786339602612,0.004072697146492279,0.004072676593705396,0.004072695081252309,0.004072708994056075,0.004072576469310499,0.004072596796428337,0.004072627219537219,0.0040726035480982605,0.004072526717569849,0.004072501853219217,0.0040725940176223685,0.004072597449483606
0.00407300313589867,0.004072983620857219,0.00407289793279679,0.0040728742955015015,0.0040728822281277865,0.004072904570511875,0.004072776507827622,0.00407280102922203,0.004072806067199189,0.0040727864989914845,0.004072698175930653,0.004072677623359185,0.004072695236411448,0.004072709149193232,0.004072575702073822,0.004072596029350306,0.004072627370247952,0.004072603697961457,0.004072529413092224,0.004072504547960078,0.004072593876116816,0.004072597340908186
0.004073003297034539,0.004072983782025164,0.004072897722716891,0.004072874085370976,0.0040728823850735025,0.0040729047274218515,0.004072776926951543,0.004072801448241266,0.004072806219874668,0.0040727866516974,0.0040726974588705025,0.004072676906148985,0.004072695384862037,0.004072709297622795,0.004072576773286743,0.00407259710034173,0.004072627514249222,0.00407260384122651,0.004072527012356791,0.004072502145436164,0.004072593722417987,0.004072597220524603
0.004073003442773504,0.004072983927793148,0.004072898240000834,0.004072874602779574,0.004072882526562658,0.004072904868878782,0.004072776806583971,0.004072801327903756,0.0040728063570406375,0.004072786788890718,0.004072698466090577,0.004072677913579827,0.004072695517745381,0.0040727094304873175,0.004072575983750018,0.004072596310968264,0.004072627642648515,0.004072603968972613,0.004072529685593214,0.004072504818338888,0.004072593545305674,0.004072597077178374
0.004073003451025933,0.00407298393604722,0.0040728978768740836,0.004072874239565319,0.0040728825303564635,0.004072904872671719,0.004072777072390613,0.004072801593644009,0.0040728063563652194,0.004072786788215172,0.004072697595512253,0.0040726770428193325,0.00407269551259161,0.0040727094253342755,0.004072576901170525,0.004072597228199061,0.0040726276328906805,0.004072603958603156,0.0040725271309832054,0.00407250226221985,0.004072593222216666,0.0040725967883116
0.004073003349091493,0.004072983834092486,0.004072897774829891,0.004072874137496534,0.004072882423775809,0.004072904766115342,0.0040727769656954335,0.004072801486975479,0.004072806245177761,0.0040727866770055455,0.0040726974842016294,0.004072676931485412,0.00407269539674931,0.004072709309508389,0.004072576785188376,0.0040725971122409005,0.004072627512327306,0.0040726038374606695,0.0040725270102456666,0.004072502140689258,0.0040725927791686505,0.004072596379980274
0.0016206292458578798,0.0016206268828148243,0.0016206166363752221,0.001620613777313524,0.0016206155854867085,0.0016206182881235841,0.0016206030058183694,0.001620605968868117,0.001620607113690177,0.00162060474897831,0.0016205941451888884,0.0016205916642698882,0.001620594226767364,0.0016205959064368002,0.0016205800853324622,0.0016205825365022612,0.0016205863006097737,0.0016205834448413854,0.0016205743512400226,0.001620571354437678,0.0016205820468491534,0.0016205824853472832
0.0016206292681410425,0.0016206269050979736,0.0016206166586583152,0.0016206137995966007,0.0016206156077689653,0.001620618310405856,0.0016206030281005572,0.0016206059911503207,0.0016206071359715559,0.0016206047712596754,0.0016205941674701943,0.0016205916865511811,0.0016205942490478387,0.001620595928717285,0.0016205801076128602,0.0016205825587826724,0.0016205863228892828,0.0016205834671203434,0.0016205743735194418,0.0016205713767161844,0.0016205820686965389,0.001620582507208316
0.0016206292684856991,0.0016206269054426297,0.0016206166590029697,0.001620613799941256,0.001620615608113623,0.0016206183107505133,0.0016206030284452138,0.0016206059914949773,0.0016206071363162131,0.001620604771604333,0.0016205941678148518,0.001620591686895838,0.001620594249392496,0.0016205959290619427,0.0016205801079575168,0.0016205825591273297,0.001620586323233939,0.001620583467465,0.001620574373864098,0.0016205713770608401,0.0016205820690411953,0.0016205825075529725
0.0016206292684856991,0.0016206269054426297,0.0016206166590029697,0.001620613799941256,0.001620615608113623,0.0016206183107505133,0.0016206030284452138,0.0016206059914949773,0.0016206071363162131,0.001620604771604333,0.0016205941678148518,0.001620591686895838,0.001620594249392496,0.0016205959290619427,0.0016205801079575168,0.0016205825591273297,0.001620586323233939,0.001620583467465,0.001620574373864098,0.0016205713770608401,0.0016205820690411953,0.0016205825075529725
0.0016206292684856991,0.0016206269054426297,0.0016206166590029697,0.001620613799941256,0.001620615608113623,0.0016206183107505133,0.0016206030284452138,0.0016206059914949773,0.0016206071363162131,0.001620604771604333,0.0016205941678148518,0.001620591686895838,0.001620594249392496,0.0016205959290619427,0.0016205801079575168,0.0016205825591273297,0.001620586323233939,0.001620583467465,0.001620574373864098,0.0016205713770608401,0.0016205820690411953,0.0016205825075529725
0.0016206292684856991,0.0016206269054426297,0.0016206166590029697,0.001620613799941256,0.001620615608113623,0.0016206183107505133,0.0016206030284452138,0.0016206059914949773,0.0016206071363162131,0.001620604771604333,0.0016205941678148518,0.001620591686895838,0.001620594249392496,0.0016205959290619427,0.0016205801079575168,0.0016205825591273297,0.001620586323233939,0.001620583467465,0.001620574373864098,0.0016205713770608401,0.0016205820690411953,0.0016205825075529725
0.0016206292684856991,0.0016206269054426297,0.0016206166590029697,0.001620613799941256,0.001620615608113623,0.0016206183107505133,0.0016206030284452138,0.0016206059914949773,0.0016206071363162131,0.001620604771604333,0.0016205941678148518,0.001620591686895838,0.001620594249392496,0.0016205959290619427,0.0016205801079575168,0.0016205825591273297,0.001620586323233939,0.001620583467465,0.001620574373864098,0.0016205713770608401,0.0016205820690411953,0.0016205825075529725
0.0016206292684856991,0.0016206269054426297,0.0016206166590029697,0.001620613799941256,0.001620615608113623,0.0016206183107505133,0.0016206030284452138,0.0016206059914949773,0.0016206071363162131,0.001620604771604333,0.0016205941678148518,0.001620591686895838,0.001620594249392496,0.0016205959290619427,0.0016205801079575168,0.0016205825591273297,0.001620586323233939,0.001620583467465,0.001620574373864098,0.0016205713770608401,0.0016205820690411953,0.0016205825075529725
0.004073003574998347,0.004072984060044312,0.0040728980009799515,0.004072874363701091,0.004072882645372895,0.00407290498766196,0.004072777187530645,0.004072801708755285,0.004072806462355056,0.004072786894226136,0.00407269770161949,0.004072677148948769,0.00407269560957504,0.004072709522303972,0.0040725769982710375,0.004072597325279497,0.004072627720601115,0.004072604045282143,0.004072527218690178,0.004072502348510375,0.004072592652552348,0.004072596288668855
0.004073002983418456,0.004072983468346646,0.004072897408763173,0.004072873771341599,0.004072882048462124,0.004072904390887131,0.004072776589978454,0.004072801111352343,0.004072805860375687,0.0040727862921267465,0.004072697098973317,0.00407267654617649,0.0040726950023049265,0.004072708915119871,0.004072576390267814,0.004072596717401999,0.004072627108209688,0.0040726034323018195,0.004072526605640319,0.004072501734734213,0.004072591703707539,0.004072595375372147
0.004073002677610413,0.00407298316247772,0.004072897102625901,0.004072873465130554,0.00407288173759646,0.004072904080092261,0.004072776278778745,0.004072800800230362,0.004072805544584394,0.004072785976272496,0.004072696782832224,0.004072676229969239,0.004072694681467153,0.0040727085943275424,0.004072576069042723,0.004072596396243333,0.004072626782374751,0.004072603105972279,0.004072526279445759,0.004072501407937755,0.00407259102838479,0.004072594736244629
0.004073002456826283,0.004072982941649633,0.004072896881604058,0.0040728732440554515,0.004072881511804161,0.004072903854351381,0.004072776052743814,0.00407280057425189,0.004072805313877119,0.004072785745519224,0.004072696551869388,0.004072675998958071,0.004072694445754102,0.004072708358647877,0.004072575833045109,0.004072596160294519,0.004072626541674788,0.0040726028648325795,0.004072526038480406,0.004072501166458863,0.004072590429439983,0.0040725941739809
0.0040730020603963624,0.004072982545140787,0.004072896484747343,0.004072872847103102,0.0040728811100967715,0.0040729034527354786,0.004072775650604757,0.0040728001722132815,0.004072804907065379,0.004072785338626373,0.0040726961446070275,0.004072675591610488,0.004072694033684677,0.004072707946636819,0.004072575420478225,0.004072595747812944,0.004072626124449733,0.004072602447157517,0.004072525620816208,0.004072500748298992,0.0040725896458959215,0.004072593427594293
0.004073001693381455,0.004072982178052808,0.004072896117337297,0.004072872479604511,0.00407288073778919,0.004072903080512685,0.004072775277897105,0.004072799799598719,0.0040728045296247435,0.004072784961110485,0.004072695766748297,0.004072675213672687,0.0040726936509679745,0.0040727075639743265,0.0040725750372995004,0.004072595364713452,0.004072625736552062,0.004072602058846976,0.0040725252325156175,0.004072500359568373,0.004072588884408171,0.004072592703714657
0.004073028313900281,0.004073008803871294,0.004072922766514682,0.004072899135203568,0.004072907386176367,0.004072929722831309,0.004072801954918496,0.004072826469957197,0.004072831193749188,0.0040728116305508615,0.004072722460407107,0.004072701912917102,0.004072720340270613,0.004072734249496804,0.004072601758820478,0.004072622080709177,0.004072652439324552,0.004072628767762864,0.004072551962584714,0.004072527096120445,0.004072615217530609,0.004072619073809981
0.004073036769749129,0.004073017261403438,0.004072931231466149,0.004072907602194707,0.004072915847491744,0.0040729381822199396,0.004072810425325136,0.0040728349382483835,0.004072839656672692,0.0040728200951614816,0.004072730932703929,0.004072710386986626,0.004072728807792053,0.004072742715819017,0.004072610236562947,0.004072630556698801,0.004072660907688968,0.004072637237901087,0.004072560439609779,0.0040725355750583355,0.004072623303050301,0.0040726271974365295
0.004073044958638848,0.004073025451923266,0.004072939429170873,0.004072915801874653,0.004072924041474233,0.004072946374336614,0.004072818628111397,0.0040728431389860905,0.004072847852011185,0.004072828292133698,0.004072739137119091,0.004072718593118386,0.0040727370073813446,0.004072750914247064,0.004072618446049553,0.004072638764488073,0.0040726691078959215,0.004072645439842196,0.004072568648206815,0.004072543785542033,0.004072631115418408,0.004072635048310422
0.004073065476004721,0.004073045973373168,0.0040729599686216466,0.004072936346274103,0.004072944579069728,0.004072966907255831,0.004072839187771714,0.004072863693512132,0.004072868400485864,0.004072848844704458,0.00407275970835085,0.00407273916865401,0.004072757574007331,0.0040727714779605,0.004072639037499195,0.0040726593516806076,0.004072689683652704,0.004072666020346467,0.004072589245004244,0.004072564387397284,0.004072651306774711,0.004072655277969649
0.004073065763246066,0.004073046260671686,0.004072960256172165,0.004072936633893899,0.004072944861614188,0.004072967189735957,0.0040728394706197124,0.004072863976289497,0.004072868678194801,0.0040728491224687495,0.004072759986367343,0.004072739446728672,0.004072757846969515,0.0040727717508840305,0.0040726393107908265,0.00407265962491574,0.004072689951703972,0.004072666288280406,0.004072589513340293,0.004072564655681101,0.004072651181532698,0.004072655192138598
0.004073065965840703,0.004073046463306649,0.004072960458984881,0.004072936836755476,0.004072945059374042,0.004072967387450789,0.004072839668592023,0.004072864174212374,0.004072868871019722,0.004072849315332099,0.00407276017940579,0.004072739639807503,0.004072758034918125,0.004072771938806027,0.004072639498966278,0.004072659813052292,0.004072690134653894,0.0040726664711165615,0.0040725896964885575,0.004072564838781029,0.004072650970464342,0.0040726550207740376
0.004073066163967612,0.004073046661472995,0.004072960657325037,0.0040729370351434225,0.004072945252626811,0.00407296758065956,0.004072839862052409,0.004072864367624449,0.004072869059300179,0.004072849503650086,0.0040727603678947545,0.0040727398283359,0.004072758218283217,0.004072772122145149,0.004072639682552684,0.0040726599966007405,0.004072690312987248,0.004072666649355782,0.004072589875015706,0.004072565017279023,0.004072650754334804,0.004072654844634612
0.0040730663114382035,0.004073046808972941,0.004072960804954358,0.004072937182808312,0.00407294539512666,0.00407296772312696,0.0040728400047053475,0.004072864510241764,0.004072869196754124,0.004072849641131432,0.004072760505500927,0.004072739965970862,0.004072758350730139,0.004072772254573318,0.004072639815159461,0.004072660129180102,0.00407269044033644,0.004072666776616309,0.004072590002506455,0.004072565144743814,0.0040726504869388796,0.004072654617515672
0.004073080637387301,0.004073061137773464,0.004072975146322892,0.004072951527631959,0.00407295973350941,0.004072982058245171,0.004072854358491702,0.004072878860443846,0.004072883541039522,0.004072863988275993,0.004072774865671319,0.004072754329145458,0.004072772705991069,0.0040727866078014655,0.004072654187745876,0.004072674498795305,0.004072704800280564,0.004072681139906674,0.004072604377139536,0.0040725795229642125,0.004072664454887324,0.004072668625497483
0.00407308077069554,0.004073061271108232,0.00407297527977461,0.004072951661115828,0.004072959861748925,0.00407298218645549,0.004072854486868979,0.004072878988789062,0.004072883664141483,0.004072864111402491,0.004072774988909617,0.004072754452409538,0.004072772823989113,0.004072786725782799,0.004072654305886331,0.004072674616911333,0.004072704913093997,0.004072681252647529,0.004072604490080052,0.004072579635895443,0.0040726641695630434,0.004072668381098966
0.0016206327921476735,0.00162063042910255,0.0016206201826539852,0.0016206173235897854,0.0016206191274278406,0.001620621830067078,0.001620606547748511,0.0016206095108008466,0.0016206106512872047,0.001620608286573274,0.0016205976827745989,0.0016205952018534333,0.0016205977600164548,0.0016205994396873565,0.0016205836185692272,0.001620586069741162,0.001620589829436793,0.0016205869732052766,0.0016205778800800783,0.0016205748828429776,0.0016205848438669175,0.0016205853571264971
0.0016206332174206748,0.0016206308543753037,0.001620620607925664,0.001620617748861165,0.0016206195526984146,0.0016206222553379356,0.0016206069730177654,0.0016206099360704127,0.0016206110765558954,0.0016206087118417166,0.0016205981080419283,0.0016205956271205036,0.0016205981852827993,0.0016205998649538764,0.0016205840438340883,0.0016205864950062812,0.00162059025470125,0.0016205873984690763,0.0016205783053432783,0.0016205753081053507,0.0016205852684844219,0.0016205857817608096
0.001620633218034277,0.0016206308549889055,0.0016206206085392623,0.0016206177494747628,0.0016206195533120167,0.001620622255951538,0.001620606973631366,0.001620609936684013,0.0016206110771694968,0.001620608712455317,0.0016205981086555282,0.0016205956277341024,0.0016205981858963996,0.0016205998655674765,0.0016205840444476855,0.0016205864956198796,0.0016205902553148505,0.0016205873990826763,0.001620578305956876,0.0016205753087189484,0.0016205852690980216,0.0016205857823744093
0.001620633218034277,0.0016206308549889055,0.0016206206085392623,0.0016206177494747628,0.0016206195533120167,0.001620622255951538,0.001620606973631366,0.001620609936684013,0.0016206110771694968,0.001620608712455317,0.0016205981086555282,0.0016205956277341024,0.0016205981858963996,0.0016205998655674765,0.0016205840444476855,0.0016205864956198796,0.0016205902553148505,0.0016205873990826763,0.001620578305956876,0.0016205753087189484,0.0016205852690980216,0.0016205857823744093
0.001620633218034277,0.0016206308549889055,0.0016206206085392623,0.0016206177494747628,0.0016206195533120167,0.001620622255951538,0.001620606973631366,0.001620609936684013,0.0016206110771694968,0.001620608712455317,0.0016205981086555282,0.0016205956277341024,0.0016205981858963996,0.0016205998655674765,0.0016205840444476855,0.0016205864956198796,0.0016205902553148505,0.0016205873990826763,0.001620578305956876,0.0016205753087189484,0.0016205852690980216,0.0016205857823744093
0.001620633218034277,0.0016206308549889055,0.0016206206085392623,0.0016206177494747628,0.0016206195533120167,0.001620622255951538,0.001620606973631366,0.001620609936684013,0.0016206110771694968,0.001620608712455317,0.0016205981086555282,0.0016205956277341024,0.0016205981858963996,0.0016205998655674765,0.0016205840444476855,0.0016205864956198796,0.0016205902553148505,0.0016205873990826763,0.001620578305956876,0.0016205753087189484,0.0016205852690980216,0.0016205857823744093
0.001620633218034277,0.0016206308549889055,0.0016206206085392623,0.0016206177494747628,0.0016206195533120167,0.001620622255951538,0.001620606973631366,0.001620609936684013,0.0016206110771694968,0.001620608712455317,0.0016205981086555282,0.0016205956277341024,0.0016205981858963996,0.0016205998655674765,0.0016205840444476855,0.0016205864956198796,0.0016205902553148505,0.0016205873990826763,0.001620578305956876,0.0016205753087189484,0.0016205852690980216,0.0016205857823744093
0.001620633218034277,0.0016206308549889055,0.0016206206085392623,0.0016206177494747628,0.0016206195533120167,0.001620622255951538,0.001620606973631366,0.001620609936684013,0.0016206110771694968,0.001620608712455317,0.0016205981086555282,0.0016205956277341024,0.0016205981858963996,0.0016205998655674765,0.0016205840444476855,0.0016205864956198796,0.0016205902553148505,0.0016205873990826763,0.001620578305956876,0.0016205753087189484,0.0016205852690980216,0.0016205857823744093
0.004073089787087636,0.0040730702892948665,0.004072984305870899,0.004072960689386581,0.004072968883950531,0.004072991206603024,0.004072863518762654,0.004072888018427491,0.004072892688039198,0.004072873137098808,0.004072784022800053,0.004072763488189816,0.004072781852770265,0.004072795753285472,0.004072663345563924,0.0040726836547202525,0.004072713942793562,0.004072690284431271,0.004072613529018927,0.0040725886770860776,0.004072672799249507,0.0040726770517581605
0.004073097225484975,0.0040730777291726325,0.004072991752273807,0.0040729681375833385,0.004072976326224552,0.004072998647182723,0.004072870969031248,0.004072895466835826,0.004072900130795072,0.004072880581338095,0.004072791473797486,0.004072770940745915,0.004072789298635038,0.004072803198095947,0.0040726708004145094,0.004072691108029825,0.004072721388496089,0.004072697731853804,0.0040726209823409645,0.004072596132271992,0.004072679855680372,0.004072684149167503
0.004073097123559946,0.004073077627227318,0.004072991650239091,0.004072968035524042,0.004072976218830948,0.004072998539813568,0.0040728708615222755,0.0040728953593536935,0.004072900017971,0.0040728804684915364,0.004072791360848487,0.004072770827773286,0.00407278918033031,0.004072803079807971,0.004072670681967009,0.004072690989606812,0.004072721264738642,0.004072697607996049,0.004072620858467044,0.004072596008347964,0.004072679333161507,0.004072683668466897
0.0040731172490041595,0.004073097756676787,0.004073011797342232,0.004072988187480413,0.00407299636366567,0.004073018680062314,0.004072891027995759,0.0040729155207920465,0.004072920173025443,0.004072900627562872,0.0040728115382200995,0.004072791009365565,0.004072809352735143,0.004072823249356627,0.004072690878715102,0.004072711182180183,0.004072741445675391,0.004072717793731654,0.004072641060036467,0.004072616215010766,0.004072699124267047,0.00407270350078024
0.004073117318771666,0.004073097826458179,0.004073011867184828,0.004072988257339828,0.004072996427904254,0.0040730187442862735,0.004072891092303343,0.004072915585083571,0.004072920231694612,0.004072900686243737,0.004072811596954232,0.004072791068111987,0.004072809405844967,0.0040728233024589335,0.00407269093188901,0.0040727112353431,0.004072741493147608,0.004072717840988061,0.00407264110758917,0.004072616262513766,0.004072698715407968,0.004072703135750281
0.00407311737598048,0.004073097883678378,0.004073011924455213,0.00407298831462401,0.004072996479525099,0.0040730187958953655,0.004072891143979641,0.004072915636746969,0.004072920277692629,0.004072900732250918,0.0040728116430031715,0.00407279111417056,0.0040728094462256555,0.0040728233428339025,0.004072690972318429,0.004072711275764161,0.004072741527843989,0.0040727178754949795,0.004072641142350081,0.004072616297235642,0.004072698291335046,0.004072702755870575
0.004073126539976986,0.004073107049498556,0.004073021098313447,0.004072997490692016,0.004073005649099668,0.004073027963382592,0.004072900323403268,0.004072924813878813,0.00407292944866458,0.004072909905050544,0.0040728208241293615,0.004072800297217137,0.004072818621833212,0.004072832517142368,0.004072700158998153,0.004072720460545077,0.00407275070404177,0.004072727053730347,0.004072650327951106,0.004072625485122001,0.004072707010672696,0.004072711519341633
0.004073126480812974,0.004073106990322769,0.0040730210390857655,0.004072997431450065,0.0040730055841168185,0.004073027898414535,0.004072900258350617,0.004072924748842401,0.004072929377880883,0.0040729098342527385,0.004072820753267293,0.0040728002263402474,0.0040728185452126135,0.0040728324405326175,0.004072700082285101,0.00407272038384788,0.0040727506215771725,0.004072726971093796,0.004072650245426018,0.004072625402546088,0.00407270646519448,0.004072711018778869
0.004073126411211266,0.004073106920707211,0.004073020969409174,0.004072997361756692,0.004073005508638413,0.004073027822953309,0.004072900182791156,0.004072924673301804,0.00407292929654844,0.004072909752904088,0.00407282067184481,0.004072800144900738,0.00407281845798628,0.004072832353318633,0.004072699994953512,0.00407272029653434,0.004072750528457774,0.0040727268778170365,0.004072650152232969,0.004072625309304797,0.0040727059070701154,0.004072710505932778
0.004073135006722564,0.0040731155179289935,0.004073029574170126,0.004073005968590259,0.004073014108894721,0.004073036421251933,0.004072908792284699,0.004072933280645926,0.004072937897627785,0.004072918355697476,0.004072829282447088,0.004072808757304009,0.004072827062924619,0.004072840957038717,0.004072708610275068,0.004072728910075238,0.004072759133468737,0.004072735484780114,0.004072658766056345,0.0040726339252853405,0.0040727140491641,0.0040727186932574605
0.004073142906656539,0.0040731234194349855,0.004073037482604997,0.004073013878929969,0.004073022012672044,0.004073044323230168,0.004072916704550958,0.004072941190936894,0.004072945801643165,0.004072926261287946,0.0040728371952133665,0.004072816671725276,0.004072834969966905,0.004072848862961587,0.004072716526858166,0.004072736825022146,0.004072767040058217,0.004072743393165274,0.00407266668074254,0.004072641841954572,0.00407272149074863,0.004072726180463675
0.004073142716428587,0.004073123229169182,0.004073037292172349,0.004073013688451456,0.004073021816281891,0.0040730441268847185,0.004072916507949877,0.004072940994384896,0.004072945599168178,0.004072926058772608,0.004072836992514214,0.004072816468983728,0.00407283476132404,0.004072848654348261,0.004072716317963549,0.004072736616170701,0.004072766825308095,0.0040727431782645,0.004072666465789143,0.004072641626930606,0.004072720805526444,0.0040727255416139405
0.004073149964427678,0.004073130478610529,0.0040730445479706025,0.004073020945997303,0.004073029067189743,0.004073051376142136,0.0040729237666452586,0.004072948251268192,0.004072952849676147,0.004072933310725392,0.004072844251049342,0.004072823729036967,0.004072842013989127,0.0040728559059865985,0.004072723579379626,0.004072743876086042,0.004072774076932753,0.004072750431511868,0.004072673724842616,0.004072648887794271,0.0040727275762762055,0.0040727323590317895
0.004073149558561171,0.00407313007266326,0.004073044141667372,0.004073020539596217,0.004073028654759291,0.00407305096380556,0.004072923353771864,0.004072947838497867,0.004072952430857051,0.004072932891822841,0.004072843831766574,0.004072823309666509,0.0040728415886214465,0.0040728554806791365,0.004072723153498717,0.004072743450293145,0.004072773645168462,0.004072749999530052,0.00407267329265497,0.004072648455475293,0.004072726657355927,0.004072731487546005
0.004073149061977318,0.0040731295759805965,0.004073043644549182,0.004073020042358293,0.0040730281514497315,0.004073050460610555,0.0040729228499217385,0.004072947334773527,0.004072951921038307,0.004072932381902508,0.0040728433213834065,0.004072822799176598,0.004072841072101248,0.004072854964232059,0.0040727226363552835,0.0040727429332565925,0.004072773122140221,0.004072749476271369,0.004072672769108854,0.004072647931777164,0.004072725644622633,0.004072730522646902
0.00407315597778232,0.0040731364931617135,0.00407305056779571,0.0040730269672722835,0.004073035069605606,0.004073057377191776,0.004072929775507601,0.0040729542586305035,0.0040729588383874625,0.004072939300630059,0.004072850246390703,0.004072829725632216,0.0040728479910823335,0.004072861882233656,0.004072729563684561,0.004072749859154207,0.004072780039706316,0.00407275639540683,0.004072679693758423,0.004072654858159664,0.004072732073681424,0.004072736999563749
0.0016206361938848023,0.0016206338308376962,0.0016206235843805325,0.0016206207253139336,0.001620622524095831,0.0016206252267373324,0.0016206099444059593,0.001620612907460779,0.0016206140428904306,0.001620611678174521,0.0016206010743669741,0.001620598593443734,0.0016206011465512494,0.0016206028262235532,0.0016205870050922087,0.0016205894562661921,0.0016205932108671495,0.0016205903543974889,0.0016205812615342286,0.00162057826424427,0.0016205873445650195,0.0016205879453573381
0.0016206362236360506,0.001620633860588927,0.0016206236141316883,0.001620620755065069,0.0016206225538457886,0.0016206252564873104,0.0016206099741558255,0.0016206129372106667,0.0016206140726391365,0.0016206117079232095,0.001620601104115585,0.0016205986231923263,0.001620601176298671,0.0016206028559709875,0.001620587034839526,0.0016205894860135276,0.001620593240613257,0.0016205903841431813,0.0016205812912802491,0.0016205782939897487,0.0016205873734402574,0.0016205879742527019
0.001620636224526726,0.0016206338614796014,0.0016206236150223604,0.0016206207559557402,0.0016206225547364624,0.0016206252573779847,0.001620609975046497,0.0016206129381013377,0.0016206140735298097,0.0016206117088138818,0.0016206011050062543,0.0016205986240829947,0.001620601177189342,0.0016206028568616583,0.0016205870357301943,0.0016205894869041966,0.0016205932415039247,0.0016205903850338478,0.001620581292170914,0.0016205782948804138,0.0016205873743309234,0.001620587975143369
0.001620636224526726,0.0016206338614796014,0.0016206236150223604,0.0016206207559557402,0.0016206225547364624,0.0016206252573779847,0.001620609975046497,0.0016206129381013377,0.0016206140735298097,0.0016206117088138818,0.0016206011050062543,0.0016205986240829947,0.001620601177189342,0.0016206028568616583,0.0016205870357301943,0.0016205894869041966,0.0016205932415039247,0.0016205903850338478,0.001620581292170914,0.0016205782948804138,0.0016205873743309234,0.001620587975143369
0.001620636224526726,0.0016206338614796014,0.0016206236150223604,0.0016206207559557402,0.0016206225547364624,0.0016206252573779847,0.001620609975046497,0.0016206129381013377,0.0016206140735298097,0.0016206117088138818,0.0016206011050062543,0.0016205986240829947,0.001620601177189342,0.0016206028568616583,0.0016205870357301943,0.0016205894869041966,0.0016205932415039247,0.0016205903850338478,0.001620581292170914,0.0016205782948804138,0.0016205873743309234,0.001620587975143369
0.001620636224526726,0.0016206338614796014,0.0016206236150223604,0.0016206207559557402,0.0016206225547364624,0.0016206252573779847,0.001620609975046497,0.0016206129381013377,0.0016206140735298097,0.0016206117088138818,0.0016206011050062543,0.0016205986240829947,0.001620601177189342,0.0016206028568616583,0.0016205870357301943,0.0016205894869041966,0.0016205932415039247,0.0016205903850338478,0.001620581292170914,0.0016205782948804138,0.0016205873743309234,0.001620587975143369
0.001620636224526726,0.0016206338614796014,0.0016206236150223604,0.0016206207559557402,0.0016206225547364624,0.0016206252573779847,0.001620609975046497,0.0016206129381013377,0.0016206140735298097,0.0016206117088138818,0.0016206011050062543,0.0016205986240829947,0.001620601177189342,0.0016206028568616583,0.0016205870357301943,0.0016205894869041966,0.0016205932415039247,0.0016205903850338478,0.001620581292170914,0.0016205782948804138,0.0016205873743309234,0.001620587975143369
0.001620636224526726,0.0016206338614796014,0.0016206236150223604,0.0016206207559557402,0.0016206225547364624,0.0016206252573779847,0.001620609975046497,0.0016206129381013377,0.0016206140735298097,0.0016206117088138818,0.0016206011050062543,0.0016205986240829947,0.001620601177189342,0.0016206028568616583,0.0016205870357301943,0.0016205894869041966,0.0016205932415039247,0.0016205903850338478,0.001620581292170914,0.0016205782948804138,0.0016205873743309234,0.001620587975143369
0.004073156201962471,0.00407313671738647,0.00407305079221708,0.004073027191747701,0.004073035287824853,0.004073057595361356,0.004072929993961202,0.004072954477029571,0.004072959050534065,0.004072939512818932,0.004072850458772155,0.004072829938058085,0.004072848197219538,0.004072862088341679,0.0040727297700704716,0.004072750065497467,0.004072780239714364,0.004072756595369332,0.004072679893984963,0.004072655058415902,0.004072731772302329,0.0040727367469423036
0.004073155394325585,0.004073135909588885,0.00407304998371118,0.004073026383047077,0.004073034472960717,0.004073056780682688,0.004072929178221928,0.00407295366149393,0.0040729582288005885,0.0040729386909217164,0.004072849636128967,0.004072829115242851,0.0040728473683137294,0.004072861259553213,0.00407272894016455,0.004072749235763053,0.004072779403970515,0.0040727557593445455,0.00407267905740016,0.004072654221606335,0.004072730447949952,0.004072735471373838
0.004073154923653375,0.004073135438823017,0.004073049512532518,0.004073025911754934,0.004073033995390871,0.004073056303221538,0.004072928700139192,0.004072953183530543,0.004072957744537512,0.004072938206562141,0.004072849151329773,0.004072828630342266,0.0040728468771738064,0.00407286076848282,0.004072728448432055,0.004072748744132184,0.004072778906140367,0.004072755261313643,0.004072678559074321,0.004072653723140109,0.004072729451023447,0.0040727345238787335
0.004073163686509391,0.004073144203422638,0.004073058284817293,0.004073034686152461,0.004073042762668796,0.0040730650685039714,0.004072937476832783,0.004072961958033196,0.004072966512238768,0.004072946976010465,0.004072857928737435,0.004072837409585619,0.004072855648392052,0.004072869538459395,0.0040727372302330495,0.004072757524118301,0.00407278767702487,0.004072764034234098,0.004072687338932545,0.004072662505204193,0.004072737725358541,0.004072742847567124
0.004073163290642033,0.004073143807476515,0.004073057888523996,0.004073034289763721,0.0040730423598921905,0.004073064665819037,0.004072937073623615,0.00407296155492468,0.0040729661027231025,0.004072946566413202,0.004072857518768424,0.0040728369995308685,0.004072855231979999,0.00407286912210629,0.004072736813318602,0.004072757107290008,0.00407278725387182,0.004072763610906066,0.00407268691535874,0.0040726620815096405,0.004072736798884647,0.004072741971330044
0.0040731628725980285,0.004073143389349326,0.004073057470030195,0.004073033871169125,0.004073041934858822,0.004073064240882412,0.004072936648133786,0.004072961129541071,0.00407296567088057,0.004072946134484623,0.004072857086447818,0.004072836567119852,0.004072854793162968,0.004072868683351377,0.004072736373972124,0.004072756668034329,0.0040727868082459494,0.004072763165102901,0.004072686469288589,0.004072661635313338,0.00407273584782926,0.004072741070924007
0.004073170458495875,0.004073150976756553,0.004073065064090183,0.004073041467058049,0.00407304952357105,0.004073071827867441,0.004072944244995744,0.004072968724506661,0.004072973258944186,0.004072953724060212,0.004072864682911689,0.004072844165172395,0.004072862383253384,0.004072876272367357,0.004072743973219996,0.004072764265711753,0.004072794397028763,0.004072770755644966,0.004072694065835627,0.004072669233767407,0.004072742932833603,0.004072748206571451
0.004073170202461509,0.0040731507206712425,0.004073064807780324,0.004073041210686458,0.004073049260638791,0.004073071564995024,0.00407294398178111,0.004072968461357732,0.004072972989220314,0.004072953454282596,0.004072864412889224,0.00407284389509346,0.0040728621066297745,0.004072875995782908,0.004072743696262643,0.004072763988811638,0.004072794113600932,0.004072770472082717,0.004072693782128499,0.004072668949975243,0.004072742139439571,0.0040727474646583
0.004073177346270188,0.004073157865901298,0.004073071959275288,0.004073048363903729,0.0040730564066105346,0.0040730787093403815,0.0040729511354269145,0.00407297561321786,0.004072980134093256,0.004072960600579157,0.004072871565671589,0.004072851049371673,0.004072869252922072,0.004072883141063614,0.004072750851176729,0.004072771142247138,0.004072801258172443,0.004072777618311089,0.004072700934009396,0.004072676103651226,0.004072748775971018,0.0040727541526854325
0.004073196213806307,0.004073176737191238,0.004073090847110686,0.00407306725628768,0.0040730752906970365,0.00407309758912916,0.004072970039792053,0.0040729945128643525,0.004072999026132526,0.004072979496382516,0.004072890478623474,0.004072869966278593,0.004072888159592893,0.004072902045058242,0.004072769780656804,0.004072790067815567,0.004072820171208488,0.004072796535840246,0.004072719866377167,0.004072695040792423,0.004072767185383565,0.004072772613359856
0.004073195983462728,0.00407317650680183,0.004073090616519289,0.004073067025640753,0.0040730750533253665,0.004073097351811513,0.004072969802165494,0.004072994275297105,0.004072998781827096,0.0040729792520284094,0.00407289023404762,0.004072869721651588,0.004072887908254284,0.004072901793755212,0.004072769529014983,0.004072789816225744,0.0040728199129221225,0.004072796277431798,0.004072719607836148,0.004072694782173523,0.004072766411370583,0.0040727718920841715
0.004073195539520385,0.004073176062771167,0.00407309017209934,0.004073066581113785,0.004073074602033227,0.004073096900622075,0.00407296935038875,0.004072993823633124,0.0040729983233766115,0.004072978793486586,0.004072889775089676,0.004072869262597679,0.004072887442470065,0.004072901328036918,0.004072769062668866,0.004072789349975991,0.004072819439982726,0.0040727958043174336,0.004072719134422876,0.004072694308627264,0.00407276541959264,0.004072770953509151
0.004073201903550944,0.004073182428067837,0.004073096542976549,0.004073072953525157,0.004073080967045269,0.004073103264185608,0.004072975722235551,0.004073000193889543,0.004073004686463115,0.004072985157840829,0.0040728961452195156,0.0040728756340595645,0.004072893805871629,0.0040729076905377986,0.00407277543374698,0.00407279571973762,0.004072825800901346,0.004072802166709011,0.004072725501848699,0.004072700677649901,0.004072771263595399,0.004072776850759967
0.004073201291344759,0.004073181815739852,0.004073095930111739,0.004073072340512768,0.004073080347170235,0.0040731026444516365,0.004072975101694903,0.004072999573503778,0.00407300405918707,0.004072984530439814,0.004072895517249147,0.0040728750059578845,0.004072893170959209,0.00407290705571524,0.004072774798068628,0.00407279508419062,0.004072825158605388,0.004072801524201249,0.0040727248589052505,0.004072700034531441,0.0040727700986894644,0.004072775739934654
0.004073210675627168,0.004073191201889197,0.004073105324489836,0.004073081737153052,0.004073089736042066,0.004073112031186859,0.004072984500648252,0.004073008970111258,0.004073013448366682,0.004072993921490013,0.004072904916821423,0.004072884407495641,0.004072902563758698,0.0040729164471852925,0.0040727842021989315,0.0040728044863777586,0.00407283455090658,0.004072810918707787,0.004072734260809807,0.004072709438800125,0.004072778971801885,0.004072784666995924
0.004073210163895271,0.004073190690055495,0.004073105182812288,0.00407308159544139,0.00407308921664966,0.004073111511912649,0.0040729837192414065,0.0040730081888994355,0.004073012921535582,0.004072993394553952,0.004072905257478574,0.004072884748224023,0.004072902029289258,0.004072915912791503,0.004072782746444086,0.00407280303092371,0.004072834009007745,0.004072810376623834,0.004072736257803504,0.004072711436286499,0.004072778168148748,0.004072783918289988
0.0016206385884728666,0.001620636225424364,0.0016206259789611477,0.0016206231198928603,0.00162062491285508,0.0016206276154981745,0.001620612333157796,0.0016206152962143614,0.001620616425823954,0.0016206140611066538,0.0016206034572928737,0.0016206009763681756,0.001620603523656481,0.0016206052033297706,0.001620589382189148,0.0016205918333645685,0.001620595582125548,0.0016205927255281641,0.001620583632803847,0.0016205806354864611,0.00162058881668094,0.001620589518194375
0.0016206386188085242,0.0016206362557600043,0.0016206260092967108,0.0016206231502284016,0.001620624943189387,0.0016206276458325018,0.0016206123634920097,0.0016206153265485971,0.0016206164561569495,0.001620614091439632,0.0016206034876257722,0.001620601006701055,0.0016206035539881325,0.0016206052336614342,0.001620589412520694,0.0016205918636961333,0.0016205956124558257,0.0016205927558580328,0.0016205836631340352,0.001620580665816102,0.0016205888469719139,0.001620589548506493
0.0016206386198807433,0.0016206362568322228,0.0016206260103689269,0.0016206231513006164,0.0016206249442616031,0.0016206276469047183,0.0016206123645642224,0.00162061532762081,0.0016206164572291635,0.0016206140925118454,0.0016206034886979829,0.0016206010077732646,0.0016206035550603431,0.0016206052347336453,0.0016205894135929008,0.00162059186476834,0.0016205956135280342,0.0016205927569302415,0.0016205836642062402,0.001620580666888307,0.00162058884804412,0.0016205895495787002
0.0016206386198805527,0.0016206362568320328,0.0016206260103687365,0.0016206231513004263,0.001620624944261412,0.0016206276469045275,0.0016206123645640315,0.0016206153276206196,0.001620616457228972,0.0016206140925116544,0.0016206034886977923,0.0016206010077730736,0.0016206035550601521,0.0016206052347334543,0.0016205894135927093,0.001620591864768149,0.0016205956135278432,0.00162059275693005,0.0016205836642060488,0.0016205806668881152,0.001620588848043929,0.001620589549578509
0.0016206386198807426,0.0016206362568322217,0.0016206260103689258,0.0016206231513006156,0.0016206249442616025,0.0016206276469047172,0.0016206123645642213,0.0016206153276208096,0.001620616457229162,0.0016206140925118448,0.0016206034886979827,0.0016206010077732633,0.0016206035550603431,0.001620605234733645,0.0016205894135929006,0.0016205918647683398,0.0016205956135280336,0.0016205927569302408,0.0016205836642062391,0.0016205806668883058,0.0016205888480441196,0.0016205895495786991
0.0016206386198806474,0.0016206362568321265,0.0016206260103688308,0.0016206231513005212,0.0016206249442615069,0.0016206276469046225,0.0016206123645641272,0.0016206153276207148,0.0016206164572290667,0.0016206140925117492,0.001620603488697887,0.0016206010077731683,0.0016206035550602473,0.001620605234733549,0.0016205894135928043,0.0016205918647682446,0.0016205956135279388,0.0016205927569301452,0.0016205836642061435,0.0016205806668882106,0.0016205888480440242,0.001620589549578604
0.0016206386198807426,0.0016206362568322217,0.0016206260103689258,0.0016206231513006156,0.0016206249442616025,0.0016206276469047172,0.0016206123645642213,0.0016206153276208096,0.001620616457229162,0.0016206140925118448,0.0016206034886979827,0.0016206010077732633,0.0016206035550603431,0.001620605234733645,0.0016205894135929006,0.0016205918647683398,0.0016205956135280336,0.0016205927569302408,0.0016205836642062391,0.0016205806668883058,0.0016205888480441196,0.0016205895495786991
0.0016206386198806474,0.0016206362568321265,0.0016206260103688308,0.0016206231513005212,0.0016206249442615069,0.0016206276469046225,0.0016206123645641272,0.0016206153276207148,0.0016206164572290667,0.0016206140925117492,0.001620603488697887,0.0016206010077731683,0.0016206035550602473,0.001620605234733549,0.0016205894135928043,0.0016205918647682446,0.0016205956135279388,0.0016205927569301452,0.0016205836642061435,0.0016205806668882106,0.0016205888480440242,0.001620589549578604
0.00407321029994211,0.004073190826129399,0.004073104948400617,0.004073081360973275,0.0040730893457527,0.004073111640986309,0.004072984109939819,0.004073008579500335,0.004073013043621934,0.004072993516664629,0.004072904511628672,0.004072884002218163,0.0040729021443881895,0.004072916027874144,0.004072783782322539,0.004072804066588126,0.004072834117045824,0.0040728104846338865,0.004072733826521552,0.004072709004374546,0.004072778169418199,0.004072783975105407
0.004073209249258954,0.004073189775237224,0.004073103896587156,0.0040730803089065355,0.00407308828665301,0.004073110582127632,0.004072983049702903,0.004073007519528042,0.004073011976572762,0.004072992449402873,0.004072903443398432,0.004072882933764555,0.004072901068998003,0.004072914952636165,0.004072782705635099,0.004072802990123157,0.004072833033762189,0.004072809401047991,0.0040727327421379465,0.004072707919709525,0.00407277697849908,0.004072782839882769
0.004073230283528612,0.004073210813691282,0.00407312495348451,0.0040731013708741924,0.004073109339622681,0.004073131630306562,0.004073004125277563,0.004073028589842739,0.00407303303865903,0.004073013515685088,0.004072924528796676,0.004072904023571603,0.004072922147646381,0.004072936028301269,0.004072803809709996,0.004072824089837557,0.004072854119763669,0.0040728304920855515,0.0040727538496856,0.0040727290325848,0.0040727979680635915,0.004072803884573923
0.004073236886775215,0.004073217418251413,0.004073131563834222,0.004073107982815529,0.004073115943713048,0.004073138232894193,0.004073010736458495,0.004073035199373767,0.004073039640576974,0.004073020118918189,0.004072931138021395,0.004072910634178197,0.004072928749715979,0.0040729426294365155,0.004072810419743059,0.004072830698504938,0.0040728607190844614,0.004072837092946766,0.004072760455754644,0.004072735640312615,0.00407280446154761,0.004072810434615682
0.004073236011089827,0.004073216542391836,0.004073130687206868,0.004073107105977104,0.004073115059590248,0.004073137348972575,0.004073009851386463,0.004073034314522612,0.004073038748403768,0.004073019226567254,0.004072930244860765,0.004072909740830823,0.0040729278491623425,0.0040729417290103305,0.004072809518103188,0.004072829797051353,0.004072859810520512,0.004072836184118778,0.004072759546269493,0.004072734730587525,0.00407280344183459,0.004072809472422483
0.0040732021943890575,0.004073182718963809,0.004073096834127556,0.004073073244746276,0.004073081193782875,0.004073103490871613,0.004072975949216628,0.004073000420813968,0.004073004848867345,0.0040729853202774195,0.004072896307803508,0.0040728757966775565,0.004072893903876803,0.004072907788529101,0.004072775531870383,0.004072795817840749,0.004072825834259157,0.004072802199630246,0.004072725535307684,0.004072700711018183,0.004072769334310709,0.004072775425003852,0.004073155085983636
0.004073198965477228,0.004073179489409597,0.00407309360174196,0.004073070011582301,0.004073077953394812,0.004073100251220971,0.00407297244386225,0.004072996916334502,0.004073001598460747,0.004072982069223235,0.004072893921970746,0.004072873410345899,0.004072890642286469,0.0040729045274004085,0.004072771345597823,0.004072791632433209,0.0040728225628845535,0.004072798927426545,0.004072724800331489,0.004072699975847039,0.0040727659483113,0.004072772097736441,0.004073154430573464
0.004073195700091453,0.00407317622337418,0.004073090703502794,0.004073067112645207,0.004073074676422604,0.004073096974994522,0.004072969424858007,0.004072993898083795,0.004072998311376534,0.004072978781484122,0.004072889763076315,0.004072869250581801,0.004072887343911171,0.0040729012294919735,0.004072768963991066,0.0040727892513185825,0.00407281925463491,0.004072795618341497,0.004072718948973853,0.004072694123001655,0.004072762524378705,0.00407276873305966,0.004073148908426959
0.0040731993950410056,0.0040731799190588365,0.0040730940317678785,0.004073070441711772,0.004073078368300193,0.0040731006660319315,0.004072972859214255,0.004072997331582838,0.004073001998488547,0.00407298246933073,0.004072894322437795,0.004072873810896687,0.004072891027549312,0.004072904912608728,0.004072771731329042,0.004072792018084728,0.0040728229331724874,0.004072799297731394,0.004072725170999127,0.004072700346592813,0.004072766090281273,0.004072772358274865,0.004073155175780482
0.0040731960145620255,0.004073176537907317,0.004073091018310494,0.004073067427528718,0.004073074975962348,0.004073097274466099,0.0040729697247194035,0.004072994197870345,0.004072998595818446,0.004072979065982699,0.004072890047833074,0.004072869535398107,0.004072887613326684,0.004072901498869355,0.0040727692337315935,0.004072789521003368,0.004072819508865853,0.004072795872569258,0.004072719203474427,0.004072694377553117,0.00407276254820066,0.004072768876472716,0.004073149533568067
0.0040731926239943195,0.004073173146665055,0.004073087253436582,0.0040730636617481745,0.00407307157345664,0.004073093872734727,0.004072966057056165,0.004072990531122555,0.004072995182905617,0.004072975652389898,0.004072887499370951,0.004072866986403068,0.004072884188783439,0.0040728980748108295,0.004072764884248843,0.004072785172419388,0.0040728160741652,0.00407279243701512,0.004072718305171109,0.0040726934790175405,0.004072758994714537,0.0040727653837692,0.004073148710012862
0.004073157119796733,0.004073137635403368,0.004073052081844714,0.0040730284816859405,0.004073036017656746,0.004073058325027126,0.00407293072457691,0.004072955207462891,0.004072959591650971,0.004072940054043665,0.004072851000488122,0.00407283047988735,0.004072848549451593,0.00407286244052387,0.004072730122727512,0.004072750418081622,0.00407278040227454,0.004072756756510711,0.004072680056936613,0.0040726552211091775,0.004072723184230453,0.00407272963668709,0.004073110838878175,0.004073106641619952
0.004073116641246608,0.004073097148798288,0.004073011188930653,0.004072987578922279,0.0040729953735679555,0.004073017690189984,0.0040728897751272355,0.0040729142682363224,0.004072918908069085,0.004072899362354417,0.004072811140767601,0.004072790611829938,0.004072807811948936,0.004072821708788569,0.004072688414544106,0.004072708718518519,0.004072739628592845,0.004072715972981872,0.004072641783476836,0.00407261693796621,0.004072682267782216,0.004072688784577914,0.004073070527123623,0.004073066078358769,0.004072962109522836
0.004073106699769056,0.004073087205342268,0.004073001607751062,0.004072977995434719,0.004072985405490535,0.004073007724381769,0.0040728800580499885,0.004072904553585189,0.0040729089242763205,0.004072889376571913,0.004072801146008664,0.004072780614980346,0.0040727978088883066,0.004072811707144238,0.004072678399318354,0.004072698705362925,0.004072729610607873,0.004072705952564984,0.0040726317555167015,0.004072606907466813,0.004072665632407576,0.0040726722124578485,0.004073060766923373,0.00407305606906651,0.004072951982706174
0.0040731029567004865,0.004073083461528772,0.004072997489657398,0.004072973876349045,0.004072981643526074,0.0040730039632737285,0.0040728760303005585,0.004072900526841406,0.004072905151456008,0.0040728856029996745,0.004072796500017832,0.004072775968017663,0.004072794023859846,0.004072807922651702,0.00407267553134169,0.004072695837979083,0.004072725814986778,0.00407270215592388,0.0040726254138892136,0.004072600564199962,0.0040726613005519765,0.004072667942676504,0.004073057207864866,0.00407305226238693,0.004072948064427367
0.004073093018770837,0.004073073521621259,0.0040729879120808355,0.004072964296465264,0.004072971679112102,0.00407299400112824,0.0040728663169268325,0.0040728908158929895,0.004072895171306969,0.004072875620861516,0.004072787377932472,0.004072766844024096,0.004072784024424657,0.004072797924632369,0.00407266459809018,0.004072684906987593,0.004072715800595168,0.004072692139040403,0.004072617931772517,0.004072593080167702,0.00407265074902757,0.004072657454087473,0.004073047454961542,0.004073042257062526,0.004072937944400634
0.001620631876003445,0.001620629512958856,0.0016206192665126052,0.0016206164074490524,0.0016206181864994013,0.0016206208891380112,0.001620605575166874,0.0016206085382184988,0.0016206096928157343,0.0016206073281023628,0.0016205967243061946,0.0016205942433856167,0.0016205967840030912,0.0016205984636735882,0.0016205826425592683,0.0016205850937306143,0.0016205888358041486,0.0016205859791257027,0.0016205768865142477,0.001620573889180578,0.0016205809281201642,0.0016205817448757536,0.0016206263617821852,0.0016206257007504857,0.001620614055974157
0.0016206330475531212,0.0016206306845078496,0.0016206204829856351,0.0016206176239212237,0.0016206193580366461,0.0016206220606760368,0.0016206067783566007,0.0016206097414091056,0.0016206108643492677,0.0016206084996352123,0.001620598000853664,0.001620595519932304,0.0016205979555316355,0.0016205996352026176,0.00162058370284465,0.0016205861540166367,0.0016205900073290728,0.0016205871506494217,0.001620578364719578,0.0016205753673842744,0.0016205820986288913,0.001620582915406006,0.001620627534058864,0.0016206268720900213,0.001620615227129087
0.0016206330486619625,0.0016206306856166898,0.0016206204391674757,0.0016206175801030955,0.0016206193591454807,0.0016206220617848719,0.001620606747809305,0.0016206097108617883,0.0016206108654580982,0.0016206085007440423,0.0016205978969448065,0.001620595416023511,0.001620597956640461,0.0016205996363114442,0.0016205838151925485,0.0016205862663646034,0.0016205900084378954,0.001620587151758243,0.0016205780591445334,0.0016205750618094553,0.0016205820997377113,0.0016205829165148262,0.0016206275351677026,0.0016206268731988602,0.001620615228237917
0.0016206330486626737,0.0016206306856174006,0.0016206204840951842,0.0016206176250307715,0.0016206193591461941,0.0016206220617855864,0.0016206067794661452,0.0016206097425186508,0.0016206108654588122,0.001620608500744756,0.0016205980019632052,0.0016205955210418443,0.001620597956641176,0.0016205996363121587,0.0016205837039541867,0.001620586155126174,0.0016205900084386106,0.0016205871517589582,0.001620578365829112,0.001620575368493807,0.0016205820997384267,0.0016205829165155407,0.0016206275351684134,0.001620626873199571,0.0016206152282386339
0.0016206330486618701,0.001620630685616597,0.001620620439167384,0.001620617580103003,0.001620619359145388,0.0016206220617847788,0.0016206067478092125,0.0016206097108616944,0.0016206108654580058,0.00162060850074395,0.001620597896944714,0.0016205954160234183,0.0016205979566403681,0.001620599636311351,0.0016205838151924553,0.0016205862663645097,0.0016205900084378013,0.001620587151758149,0.00162057805914444,0.0016205750618093618,0.001620582099737618,0.001620582916514733,0.0016206275351676098,0.0016206268731987674,0.0016206152282378249
0.0016206330486626737,0.0016206306856174006,0.0016206204840951842,0.0016206176250307715,0.0016206193591461941,0.0016206220617855864,0.0016206067794661452,0.0016206097425186508,0.0016206108654588122,0.001620608500744756,0.0016205980019632052,0.0016205955210418443,0.001620597956641176,0.0016205996363121587,0.0016205837039541867,0.001620586155126174,0.0016205900084386106,0.0016205871517589582,0.001620578365829112,0.001620575368493807,0.0016205820997384267,0.0016205829165155407,0.0016206275351684134,0.001620626873199571,0.0016206152282386339
0.0016206330486618701,0.001620630685616597,0.001620620439167384,0.001620617580103003,0.001620619359145388,0.0016206220617847788,0.0016206067478092125,0.0016206097108616944,0.0016206108654580058,0.00162060850074395,0.001620597896944714,0.0016205954160234183,0.0016205979566403681,0.001620599636311351,0.0016205838151924553,0.0016205862663645097,0.0016205900084378013,0.001620587151758149,0.00162057805914444,0.0016205750618093618,0.001620582099737618,0.001620582916514733,0.0016206275351676098,0.0016206268731987674,0.0016206152282378249
0.0016206330486626737,0.0016206306856174006,0.0016206204840951842,0.0016206176250307715,0.0016206193591461941,0.0016206220617855864,0.0016206067794661452,0.0016206097425186508,0.0016206108654588122,0.001620608500744756,0.0016205980019632052,0.0016205955210418443,0.001620597956641176,0.0016205996363121587,0.0016205837039541867,0.001620586155126174,0.0016205900084386106,0.0016205871517589582,0.001620578365829112,0.001620575368493807,0.0016205820997384267,0.0016205829165155407,0.0016206275351684134,0.001620626873199571,0.0016206152282386339
