1.0533134022766264,20.3250279860306,44.175696527215045
1.0575234544703926,20.434836656354538,44.467507764559215
1.0618087203946962,20.54464532667848,44.75931900190339
1.0660904018195658,20.65445399700241,45.00277110259749
1.0703685017785092,20.76426266732635,45.22204363496656
1.0746430233024387,20.874071337650285,45.441316167335614
1.078913969419674,20.983880007974214,45.66058869970469
1.0831813431559472,21.093688678298157,45.879861232073765
1.087445147534399,21.203497348622086,46.099133764442826
1.091705385575585,21.313306018946022,46.26953942920711
1.0959620602974791,21.423114689269962,46.415511660168974
1.1002151747154703,21.532923359593898,46.561483891130855
1.1044647318423721,21.642732029917838,46.70745612209274
1.1087107346884193,21.75254070024177,46.85342835305461
1.1129531862612716,21.862349370565717,46.99940058401649
1.1171920895660175,21.97215804088964,47.145372814978366
1.1214274476051742,22.076730723457594,47.29134504594023
1.1256592633786915,22.181303406025556,47.43731727690212
1.1298875398839534,22.2858760885935,47.583289507863995
1.1341413790028239,22.386958112657474,47.72926173882587
1.1384392694342074,22.486294807469438,47.87523396978776
1.1427335634554878,22.58563150228141,48.021206200749624
1.1470242641108168,22.684968197093383,48.16717843171151
1.151311374441742,22.784304891905347,48.31315066267338
1.1555948974872108,22.883641586717328,48.459122893635254
1.1598748362835698,22.982978281529288,48.60509512459714
1.1641511938645692,23.082314976341266,48.751067355559016
1.1684239732613635,23.181651671153237,48.89703958652089
1.172693177502515,23.280988365965204,49.04301181748277
1.1769588096139947,23.38032506077718,49.18898404844464
1.1812208726191875,23.479661755589145,49.33495627940652
1.1854793695388908,23.57899845040111,49.4809285103684
1.1897343033913181,23.67833514521309,49.62690074133028
1.1939856771921027,23.77767184002506,49.772872972292156
1.198233493954296,23.877008534837028,49.91884520325404
1.2024777566883758,23.976345229648995,50.06481743421591
1.2067405838463638,24.07843256336211,50.23516483325552
1.2110491526775353,24.1860211748775,50.45426256845069
1.2153541283143798,24.293609786392903,50.67336030364585
1.2196555137895995,24.40119839790831,50.89245803884102
1.2239533121333077,24.508787009423695,51.111555774036184
1.2282475263730326,24.61637562093911,51.33065350923134
1.2325381595337213,24.723964232454506,51.57412816385357
1.2368252146377359,24.831552843969902,51.86635665733002
1.2411086947048622,24.93914145548531,52.158585150806466
1.245388602752308,25.0467300670007,52.45081364428291
1.2496649417947074,25.15431867851611,52.74304213775936
1.2539377148441226,25.261907290031495,53.0352706312358
1.258206924910044,25.369495901546898,53.32749912471224
1.262472574999395,25.477084513062305,53.61972761818868
1.266734668116533,25.584673124577694,53.839086367367486
1.2709932072632535,25.692261736093105,54.058445116546274
1.2752481954387882,25.799850347608484,54.27780386572506
1.2794996356398127,25.907438959123898,54.49716261490385
1.2837475308604431,26.015027570639305,54.71652136408264
1.2880484849703202,26.12261618215469,54.93588011326143
1.2923743881032794,26.2302047936701,55.08213637577601
1.2966966845796175,26.33779340518549,55.22839263829057
1.301015377441896,26.44538201670089,55.37464890080514
1.3053304697300827,26.55297062821629,55.52090516331971
1.3096419644815525,26.660559239731697,55.66716142583427
1.3139498647310905,26.768147851247086,55.81341768834885
1.3182541735108941,26.87573646276249,55.95967395086342
1.3225548938505751,26.983325074277897,56.10593021337799
1.3268520287771617,27.090913685793286,56.25218647589255
1.331145581315101,27.198502297308693,56.39844273840711
1.3354355544862613,27.300854921068105,56.54469900092169
1.3397219513099339,27.403207544827527,56.69095526343625
1.3440047748028365,27.50556016858694,56.83721152595082
1.3482840279791135,27.607912792346355,56.9834677884654
1.3525597138503391,27.710265416105774,57.12972405097996
1.35683183542552,27.812618039865185,57.275980313494536
1.361103596997943,27.914970663624608,57.4222365760091
1.3654649445299107,28.017323287384023,57.56849283852367
1.3698226502484567,28.119675911143435,57.71474910103824
1.3741767172300514,28.222028534902854,57.861005363552806
1.3785271485485406,28.32438115866227,58.00726162606738
1.3828739472751403,28.426733782421692,58.153517888581945
1.3872171164784504,28.529086406181104,58.2997741510965
1.3915566592244473,28.631439029940516,58.446030413611076
1.3958925785764893,28.73379165369994,58.59228667612564
1.4002248775953234,28.836144277459358,58.738542938640215
1.4045535593390812,28.93849690121877,58.884799201154784
1.4088786268632825,29.046556860883694,59.07983614708438
1.4132000832208391,29.157470488501378,59.29926343472149
1.4175179314620572,29.26838411611904,59.51869072235859
1.4218321746346385,29.379297743736714,59.73811800999571
1.4261428157836844,29.49021137135439,59.95754529763281
1.4304498579516924,29.601124998972065,60.17697258526992
1.4347533041785694,29.712038626589752,60.44500056938312
1.4390630608999546,29.822952254207422,60.73732890173434
1.4434487657563209,29.933865881825092,61.029657234085555
1.4478307965343924,30.044779509442773,61.321985566436794
1.4522091563487978,30.15569313706045,61.614313898788005
1.4565838483115017,30.266606764678126,61.90664223113924
1.4609548755317985,30.3775203922958,62.19897056349047
1.4653222411163187,30.488434019913477,62.46692372776396
1.4696859481690336,30.599347647531157,62.6861265558819
1.4740459997912485,30.710261275148817,62.90532938399984
1.478402399081619,30.821174902766504,63.12453221211777
1.482755149136138,30.932088530384174,63.343735040235714
1.4871042530481497,31.04300215800186,63.56293786835366
1.4914497139083451,31.153915785619525,63.75776377704452
1.49579153480477,31.2648294132372,63.90383584688117
1.50012971882282,31.375743040854875,64.04990791671784
1.50446426904525,31.486656668472563,64.1959799865545
1.5087951885521724,31.59757029609023,64.34205205639114
1.5131224804210597,31.708483923707906,64.48812412622782
1.5174461477267471,31.81939755132558,64.63419619606448
1.5217661935414382,31.930311178943263,64.78026826590113
1.5261791576308539,32.04122480656093,64.92634033573778
1.5306006134814456,32.15213843417861,65.07241240557445
1.5350183622810347,32.26130673254429,65.2184844754111
1.5394324071739591,32.36698437240597,65.36455654524775
1.5438427513018598,32.472662012267676,65.51062861508441
1.5482493978036855,32.57833965212937,65.65670068492108
1.5526523498156934,32.684017291991054,65.80277275475773
1.5570516104714536,32.78969493185274,65.94884482459439
1.5614471829018495,32.89537257171445,66.09491689443105
1.5658390702350786,33.00105021157613,66.2409889642677
1.5702272755966624,33.106727851437824,66.38706103410436
1.5746118021094386,33.21240549129953,66.53313310394103
1.578992652893567,33.31808313116122,66.67920517377769
1.5833698310665383,33.42376077102291,66.82527724361434
1.5877433397431666,33.529438410884595,66.971349313451
1.592113182035597,33.63511605074629,67.11742138328765
1.5964793610533072,33.72107652602159,67.26349345312431
1.6008418799031114,33.76760267212379,67.40956552296097
1.6052007416891592,33.814128818225974,67.55563759279764
1.6095559495129377,33.86065496432816,67.70170966263427
1.6139952948403498,33.90718111043035,67.84778173247095
1.6184407009126864,33.95370725653254,67.9938538023076
1.6228823810616277,34.00023340263473,68.13992587214426
1.6273203384457522,34.046759548736915,68.28599794198094
1.6317545762209373,34.093285694839125,68.43207001181759
1.6361850975403494,34.139811840941306,68.57814208165422
1.6406119055544601,34.18633798704349,68.7242141514909
1.6450350034110401,34.23286413314568,68.87028622132755
1.649454394255167,34.27939027924788,69.01635829116421
1.6538700812292184,34.32591642535007,69.16243036100089
1.6582820674728855,34.37244257145225,69.30850243083752
1.6626903561231687,34.41896871755444,69.45457450067417
1.6670949503143808,34.46549486365663,69.60064657051083
1.67149585317815,34.51202100975882,69.69793795693248
1.675893067843424,34.558547155861014,69.77083900164659
1.6802865974364694,34.6050733019632,69.8437400463607
1.6846764450808758,34.65159944806539,69.91664109107482
1.689062613897554,34.69812559416758,69.98954213578894
1.693445107004747,34.744651740269774,70.06244318050305
1.6978239275180231,34.79117788637196,70.0867435287411
1.7022478929004354,34.83770403247416,70.0867435287411
1.7067088002021178,34.884230178576345,70.0867435287411
1.7111659687944298,34.930756324678526,70.0867435287411
1.7156194018459348,34.97728247078073,70.0867435287411
1.7200691025224841,35.02380861688291,70.0867435287411
1.7245150739872177,35.07033476298509,70.0867435287411
1.72895731940057,35.11686090908729,70.0867435287411
1.7333958419202669,35.16338705518949,70.0867435287411
1.7378306447013323,35.20991320129168,70.0867435287411
1.7422617308960868,35.25294868888987,70.0867435287411
1.7466891036541552,35.29423884723608,70.0867435287411
1.7511127661224657,35.33552900558229,70.0867435287411
1.755532721445248,35.37681916392849,70.0867435287411
1.7599489727640434,35.4181093222747,70.0867435287411
1.7643615232177061,35.45939948062091,70.0867435287411
1.7687703759423967,35.50068963896712,70.0867435287411
1.7731755340715962,35.541979797313324,70.0867435287411
1.777577000736102,35.583269955659524,70.0867435287411
