0.28647404336906074,0.2864714602380834,0.28645980025072654,0.28645666984480384,0.28645642482754324,0.28645938407029115,0.2864421024758773,0.2864453519760266,0.28644516405917375,0.2864425707819611,0.28643043152926007,0.2864277063389386,0.28642974264586524,0.286431587368577,0.28641583063498893,0.2864185266989767,0.28642049541325115,0.28641752688037375,0.28641420990175304,0.2864114236917805,0.0,0.0
0.28648142630173057,0.28647884529331863,0.2864671457270514,0.28646401787607406,0.28646381319176384,0.2864667700060781,0.2864495372691117,0.2864527840903616,0.2864525526324312,0.2864499614805582,0.2864378321584777,0.28643510920140686,0.28643713483531347,0.28643897804812823,0.2864216434566417,0.2864243377881946,0.286427879981037,0.28642488785061765,0.2864214360645026,0.2864186146154467,0.0,0.0
0.2864810930489635,0.28647851194474216,0.28646681194507306,0.2864636839779965,0.2864634688310995,0.28646642575860065,0.2864491923629027,0.2864524393084295,0.28645219737225447,0.28644960611818937,0.28643747631870053,0.28643475325424916,0.28643676847937716,0.286438611767023,0.2864206103791495,0.28642330501859686,0.2864274950696935,0.28642447061262855,0.2864206658997864,0.28641780229994146,0.0,0.0
0.28648360469194795,0.28648102430982514,0.28646932757662985,0.28646620048456717,0.2864659751837335,0.28646893128742595,0.28645170268618614,0.28645494872718136,0.2864546966407089,0.28645210610557437,0.2864399796646869,0.2864372573556688,0.28643926179575024,0.28644110457411454,0.2864231081530018,0.2864258020480187,0.2864299738579849,0.28642692159627514,0.2864227468755761,0.28641984027203055,0.0,0.0
0.2864861391401889,0.2864835594867313,0.2864718660497219,0.28646873984063137,0.28646850476839575,0.28647146004063107,0.2864542362783662,0.28645748140643257,0.2864572195528149,0.28645462974342273,0.2864425066929619,0.2864397851465344,0.2864417791795188,0.2864436214436787,0.28642575227467465,0.2864284453816323,0.28643247816663164,0.2864294025555971,0.28642478267535315,0.28642183114491754,0.0,0.0
0.28648632010880487,0.28648374050737724,0.2864720473057285,0.28646892115968575,0.2864686766315822,0.2864716318473268,0.2864544084138308,0.2864576534798713,0.2864573821593749,0.2864547923967588,0.28644266956482,0.2864399480675434,0.2864419325769532,0.28644377480977967,0.2864259059442748,0.2864285990054323,0.28643261751643684,0.2864295224138987,0.2864245142075402,0.28642151461893905,0.0,0.0
0.2864844335749352,0.28648185343111865,0.28647015777592466,0.28646703097263393,0.2864667774300449,0.2864697332700458,0.2864525062034578,0.28645575195492345,0.28645547159573304,0.28645288128352125,0.28644075588405454,0.2864380338092782,0.2864400097358972,0.28644185236148695,0.2864239796916146,0.2864266733268775,0.2864306801232773,0.28642756965504884,0.2864219640200861,0.28641891394681585,0.0,0.0
0.2864873352653605,0.28648475595579875,0.28647306407443224,0.28646993828206213,0.2864696763362383,0.28647263122338296,0.28645540970229705,0.2864586544075394,0.286458365653523,0.28645577617382245,0.28644365466357286,0.28644093346357663,0.2864429002661161,0.2864447423012786,0.2864268753503793,0.28642956812260917,0.28643356259386793,0.28643044256122585,0.2864238856224235,0.28642078606779625,0.0,0.0
0.28649081848435093,0.2864882401762554,0.2864766019155648,0.2864734773538129,0.286473158494917,0.2864761122374725,0.28645886271975707,0.2864621061807434,0.2864618442796536,0.2864592558006409,0.2864472540910363,0.28644453397727987,0.2864463769543757,0.2864482182793675,0.28643023603228157,0.2864329278028631,0.2864370332234995,0.286433907170484,0.28642668860062875,0.28642354060148106,0.0,0.0
0.28649229739304766,0.28648971951016206,0.28647803408251044,0.286474910018937,0.2864746331541571,0.2864775864119833,0.28646037437334065,0.28646361728961184,0.2864633136302546,0.2864607255739325,0.28644861071324923,0.28644589100890216,0.2864478416582423,0.28644968268403953,0.2864318255100203,0.28643451680685267,0.2864384911158834,0.28643536080145365,0.28642680090129263,0.28642360618906254,0.0,0.0
0.2864917133434641,0.2864891352926551,0.28647744910538164,0.28647432483832397,0.2864740422065004,0.28647699565857476,0.2864597824894274,0.28646302561898046,0.2864627161811999,0.2864601279530084,0.28644801228940525,0.2864452924044621,0.2864472374127444,0.286449078561971,0.286431220192395,0.2864339116696451,0.28643787976283874,0.2864347463360717,0.2864248821155278,0.28642164802870385,0.0,0.0
0.2864947996880616,0.28649222252463424,0.2864805403515294,0.2864774171597706,0.28647713054148777,0.2864800829783985,0.2864628757173922,0.2864661177323086,0.28646580432338375,0.28646321698357174,0.28645110547019964,0.2864483865187427,0.28645032678638094,0.2864521673045368,0.2864343150476236,0.28643700560243185,0.28644096786764606,0.28643783385607224,0.2864273597418073,0.28642409893781356,0.0,0.0
0.28649982432780635,0.28649724860909204,0.2864856220124582,0.2864825005884125,0.28648216254747977,0.28648511333028454,0.28646788107272125,0.2864711212839269,0.2864708401515864,0.286468254260489,0.28645626452572864,0.2864535471312531,0.28645536877192107,0.2864572082601185,0.28643924392641956,0.2864419330121082,0.2864460123820375,0.28644287923530565,0.286432742934831,0.2864294671447545,0.0,0.0
0.2865032657593897,0.28650069103019987,0.2864890198686584,0.28648589962662446,0.2864856094033024,0.2864885590530394,0.2864713680131017,0.2864746069677361,0.28647429000529206,0.2864717051066782,0.2864596049978401,0.28645688861153035,0.28645882322401744,0.28646066200653425,0.28644282656135267,0.2864455145791617,0.28644946898661855,0.2864463365923209,0.2864358649653291,0.28643258127862725,0.0,0.0
0.28651252818992906,0.2865099561240908,0.28649829701058277,0.28649517999590735,0.2864948893444697,0.286497835943543,0.2864806626582054,0.28648389826324844,0.28648358093356757,0.2864809987079478,0.2864689110865729,0.2864661975089762,0.28646812945917005,0.2864699663405256,0.2864521493104141,0.2864548345492769,0.28645878418996057,0.2864556548267098,0.28644519277854663,0.28644190823731475,0.0,0.0
0.2865232123917328,0.2865206433982466,0.28650904709611463,0.28650593382142914,0.2865055941679791,0.2865085372477706,0.2864913499115065,0.28649458166486713,0.28649429885439576,0.2864917197124952,0.2864797612079455,0.2864770509052665,0.2864788654622404,0.28648070015021904,0.2864627826310085,0.28646546470008216,0.2864695309939257,0.2864664052544923,0.2864562909912191,0.2864530085162922,0.0,0.0
0.2865269158846625,0.28652434795619885,0.28651270755876884,0.28650959555762406,0.28650930478015124,0.28651224664000247,0.28649510093662395,0.28649833133805935,0.28649801397749236,0.28649543590453813,0.28648336768332605,0.286480658469244,0.28648258682385364,0.28648442075152225,0.2864666323315678,0.2864693132529979,0.2864732560640965,0.28647013155544,0.28645968551566653,0.28645640340110096,0.0,0.0
0.08,0.08,0.08,0.08,0.08,0.08,0.08,0.08,0.08,0.08,0.08,0.08,0.08,0.08,0.08,0.08,0.08,0.08,0.08,0.08,0.0,0.0
0.08,0.08,0.08,0.08,0.08,0.08,0.08,0.08,0.08,0.08,0.08,0.08,0.08,0.08,0.08,0.08,0.08,0.08,0.08,0.08,0.0,0.0
0.08,0.08,0.08,0.08,0.08,0.08,0.08,0.08,0.08,0.08,0.08,0.08,0.08,0.08,0.08,0.08,0.08,0.08,0.08,0.08,0.0,0.0
0.08,0.08,0.08,0.08,0.08,0.08,0.08,0.08,0.08,0.08,0.08,0.08,0.08,0.08,0.08,0.08,0.08,0.08,0.08,0.08,0.0,0.0
0.08,0.08,0.08,0.08,0.08,0.08,0.08,0.08,0.08,0.08,0.08,0.08,0.08,0.08,0.08,0.08,0.08,0.08,0.08,0.08,0.0,0.0
0.08,0.08,0.08,0.08,0.08,0.08,0.08,0.08,0.08,0.08,0.08,0.08,0.08,0.08,0.08,0.08,0.08,0.08,0.08,0.08,0.0,0.0
0.08,0.08,0.08,0.08,0.08,0.08,0.08,0.08,0.08,0.08,0.08,0.08,0.08,0.08,0.08,0.08,0.08,0.08,0.08,0.08,0.0,0.0
0.08,0.08,0.08,0.08,0.08,0.08,0.08,0.08,0.08,0.08,0.08,0.08,0.08,0.08,0.08,0.08,0.08,0.08,0.08,0.08,0.0,0.0
0.28653128488632945,0.28652871821429965,0.2865170835005743,0.2865139730219334,0.28651368226862756,0.2865166226892561,0.2864994853620852,0.2865027141832709,0.286502396875814,0.2864998200639734,0.2864877577343799,0.2864850498454445,0.286486977170685,0.28648881020134187,0.2864710304700936,0.2864737100803531,0.28647765087899996,0.2864745278407242,0.28646408682640734,0.28646080590509104,0.0,0.0
0.28653914945796255,0.28653658504770113,0.2865249605655175,0.28652185282761217,0.2865215622097091,0.286524500039491,0.2865073777909494,0.2865106037674161,0.2865102866475441,0.28650771210595033,0.28649566038242286,0.28649295487900533,0.28649488044328797,0.28649671185913306,0.28647894776942856,0.28648162501930113,0.2864855623042426,0.2864824419828967,0.28647201013492196,0.28646873195372985,0.0,0.0
0.2865430258165528,0.28654046252112986,0.2865288430821428,0.2865257366951615,0.2865254461448158,0.2865283826975546,0.28651126788136944,0.28651449245565763,0.2865141754290477,0.286511602006472,0.28649955551075157,0.2864968511831702,0.28649877588024764,0.2865006065001423,0.2864828501202654,0.2864855262066889,0.286489461759023,0.28648634277092383,0.286475915452585,0.28647263863375766,0.0,0.0
0.28654667602721334,0.28654411378161215,0.28653254787635496,0.28652944277848696,0.2865291034964859,0.28653203884665573,0.2865148965871797,0.286518119853476,0.28651783735076813,0.28651526498195395,0.2865033378184754,0.28650063463269826,0.2865024440757993,0.28650427394615924,0.2864864034114602,0.2864890784384801,0.28649313374717633,0.28649001602614654,0.28647992796140337,0.2864766525851748,0.0,0.0
0.286552170808654,0.2865496101434254,0.2865380026026921,0.2865348994028928,0.2865346090321423,0.2865375425719956,0.2865204108697767,0.28652363214835896,0.28652334977047567,0.2865207789879679,0.286508859164844,0.2865061576458982,0.2865079659440665,0.28650979468609344,0.28649193515566646,0.28649460853336867,0.2864986613304155,0.2864955455220392,0.2864854636702691,0.28648219030112193,0.0,0.0
0.28655370316918655,0.28655114294469464,0.2865395373977323,0.28653643473200313,0.2865361443920031,0.28653907742699314,0.28652194866900066,0.2865251693932464,0.28652488705034324,0.286522316710227,0.28651028461512346,0.2865075835265134,0.2865095058589216,0.286511334286277,0.2864935991440684,0.28649627202563405,0.286500202838846,0.2864970875622212,0.2864866727194071,0.2864833997864444,0.0,0.0
0.2865512321312342,0.2865486711960017,0.2865371111918626,0.286534007681848,0.28653366850528716,0.2865366023544339,0.28651950327142817,0.28652272487720387,0.28652240805778156,0.2865198370042498,0.2865079159253267,0.2865052141215983,0.28650702260971,0.28650885154451683,0.2864909901322846,0.2864936637917793,0.2864977170124835,0.2864946008684782,0.28648451796108226,0.286481244239217,0.0,0.0,0.2865449993137678
0.28654216306836217,0.2865395995247864,0.2865279789615469,0.2865248722738621,0.2865245564162086,0.2865274932615217,0.28651034228111183,0.2865135671890652,0.2865132845703321,0.28651071089138075,0.28649866319623324,0.28649595859925747,0.28649788347926647,0.2864997142815236,0.28648183465664206,0.2864845110458447,0.2864885684144187,0.2864854490888387,0.2864753559114689,0.2864720788474124,0.0,0.0,0.2865362741945705,0.28652021458361937
0.28653661877584874,0.2865340536377783,0.28652247470291453,0.28651936610006784,0.28651897233756746,0.28652191101888663,0.28650478381442557,0.2865080107258702,0.28650766807480704,0.28650509277971914,0.28649315207546905,0.28649044581487443,0.2864922573595101,0.28649408931131726,0.28647632003012496,0.2864789980634182,0.2864829364696046,0.2864798151853756,0.28646938031757624,0.28646610107366166,0.0,0.0,0.2865304392483382,0.2865145989261971,0.286501723076534
0.28652611544361406,0.2865235472849634,0.28651190584624353,0.286508793566166,0.28650844152976856,0.2865113836734337,0.2864942363182745,0.28649746703133355,0.28649712053616583,0.2864945422061411,0.2864825874583631,0.2864798780087723,0.28648169173793214,0.28648352584847714,0.28646573565713335,0.28646841684587565,0.28647235990337566,0.28646923494052234,0.28645878780652095,0.28645550469823383,0.0,0.0,0.28651993311173635,0.28650401547143906,0.2864912117585299,0.2865193881039469
0.2865050246279481,0.28650245040449823,0.2864907815307366,0.2864876619015414,0.28648725155582844,0.28649020066574044,0.2864730127675332,0.2864762511294464,0.28647587592779544,0.28647329148544015,0.2864611935081076,0.28645847760122256,0.2864603860097496,0.2864622244730138,0.2864442701350232,0.28644695772253836,0.28645103210717565,0.2864478997276331,0.2864377644228601,0.28643447364606933,0.0,0.0,0.2864988716423319,0.28648274073957775,0.2864699948060122,0.2864982292766314,0.28648312558682926,0.2864558919376078
0.2864894957821389,0.2864869170937487,0.28647527711999554,0.2864721520974177,0.28647164658968405,0.2864746008292074,0.2864573484133667,0.28646059242001926,0.28646021757103063,0.28645762862406404,0.2864456247491399,0.2864429041436757,0.28644469717303694,0.28644653884115345,0.28642867544552186,0.2864313676812377,0.28643532702246444,0.2864321891803569,0.28642169910450166,0.28641840246675543,0.0,0.0,0.2864836974197914,0.28646702214486564,0.28645447104431454,0.2864829559784266,0.28646745922475836,0.2864398361171811,0.2864539465733402
0.28648419432038574,0.2864816141077826,0.28646991814142625,0.28646679125478186,0.2864663074915623,0.28646926348602825,0.28645203552047394,0.2864552814415401,0.2864548564198342,0.28645226593066153,0.28644013970449195,0.28643741744376894,0.28643932341628503,0.2864411661820627,0.28642316988370015,0.28642586376031903,0.28642994770105257,0.28642680798888104,0.2864163116757415,0.2864130130734556,0.0,0.0,0.28647811895731357,0.28646161529526165,0.2864490378057563,0.28647727807269846,0.2864621061336544,0.2864347272161066,0.2864484285401361
0.2864618384138312,0.2864592517742464,0.2864475267350051,0.2864443920603697,0.28644385380433496,0.28644681717864723,0.2864295462634804,0.2864328002875206,0.2864323327566214,0.28642973578874803,0.28641757929639877,0.2864148502280297,0.28641673142358587,0.2864185788037018,0.2864006600809248,0.28640336066591804,0.2864073323153198,0.28640418474179696,0.28639400040301316,0.2863906936655325,0.0,0.0,0.28645611592806114,0.28643903995481196,0.2864266921680562,0.2864551726934195,0.2864395872172343,0.2864117412138927,0.28642599487812487,0.2864119466776291
0.2864477686386098,0.28644517795458396,0.28643348394445395,0.2864303443860615,0.2864297208230592,0.28643268884198736,0.28641535606869356,0.2864186152050066,0.28641815853624897,0.2864155574917172,0.2864034976376002,0.286400764320491,0.28640252143274175,0.286404371714907,0.2863863021116082,0.28638900697513187,0.28639310761083797,0.2863899550931557,0.2863794160680198,0.28637610401330055,0.0,0.0,0.2864417635478621,0.2864248315162393,0.2864124419943054,0.286440718023559,0.2864254356973038,0.28639776143982065,0.28641165675127384,0.28639798059777094
0.08,0.08,0.08,0.08,0.08,0.08,0.08,0.08,0.08,0.08,0.08,0.08,0.08,0.08,0.08,0.08,0.08,0.08,0.08,0.08,0.0,0.0,0.08,0.08,0.08,0.08,0.08,0.08,0.08,0.08,0.08
0.08,0.08,0.08,0.08,0.08,0.08,0.08,0.08,0.08,0.08,0.08,0.08,0.08,0.08,0.08,0.08,0.08,0.08,0.08,0.08,0.0,0.0,0.08,0.08,0.08,0.08,0.08,0.08,0.08,0.08,0.08
0.08,0.08,0.08,0.08,0.08,0.08,0.08,0.08,0.08,0.08,0.08,0.08,0.08,0.08,0.08,0.08,0.08,0.08,0.08,0.08,0.0,0.0,0.08,0.08,0.08,0.08,0.08,0.08,0.08,0.08,0.08
0.08,0.08,0.08,0.08,0.08,0.08,0.08,0.08,0.08,0.08,0.08,0.08,0.08,0.08,0.08,0.08,0.08,0.08,0.08,0.08,0.0,0.0,0.08,0.08,0.08,0.08,0.08,0.08,0.08,0.08,0.08
0.08,0.08,0.08,0.08,0.08,0.08,0.08,0.08,0.08,0.08,0.08,0.08,0.08,0.08,0.08,0.08,0.08,0.08,0.08,0.08,0.0,0.0,0.08,0.08,0.08,0.08,0.08,0.08,0.08,0.08,0.08
0.08,0.08,0.08,0.08,0.08,0.08,0.08,0.08,0.08,0.08,0.08,0.08,0.08,0.08,0.08,0.08,0.08,0.08,0.08,0.08,0.0,0.0,0.08,0.08,0.08,0.08,0.08,0.08,0.08,0.08,0.08
0.08,0.08,0.08,0.08,0.08,0.08,0.08,0.08,0.08,0.08,0.08,0.08,0.08,0.08,0.08,0.08,0.08,0.08,0.08,0.08,0.0,0.0,0.08,0.08,0.08,0.08,0.08,0.08,0.08,0.08,0.08
0.08,0.08,0.08,0.08,0.08,0.08,0.08,0.08,0.08,0.08,0.08,0.08,0.08,0.08,0.08,0.08,0.08,0.08,0.08,0.08,0.0,0.0,0.08,0.08,0.08,0.08,0.08,0.08,0.08,0.08,0.08
0.28642825797611104,0.28642566168424605,0.28641394241562385,0.28641079606188885,0.28641010934376426,0.28641308380703173,0.28639571345522397,0.28639897966735706,0.28639847269560975,0.286395865989847,0.2863837799424422,0.28638104067673925,0.2863827647373474,0.2863846190538939,0.2863665101076484,0.2863692208683309,0.28637330538998307,0.28637014599008753,0.2863595840137283,0.28635626472909903,0.0,0.0,0.28642261202929475,0.28640509285324767,0.28639294076692773,0.2864214580470111,0.28640575805770224,0.28637759967986287,0.28639206196967126,0.2863778351849029,0.28636542923811115
0.28641168056415095,0.2864090795079862,0.2863973387771077,0.2863941866501968,0.2863934610274016,0.28639644096079014,0.28637907367347093,0.28638234587914807,0.28638177687913746,0.28637916537247116,0.28636694095928567,0.28636419661395085,0.28636602551695567,0.2863678832513772,0.2863498642348099,0.2863525799547655,0.2863565453502983,0.28635338012623235,0.2863431388138458,0.2863398135347794,0.0,0.0,0.2864057484486136,0.28638836900012166,0.2863761665611428,0.2864044934622303,0.2863890908157706,0.28636108948388134,0.28637520006758377,0.28636134165630434,0.28634922379657946
0.2863982276904193,0.2863956227683302,0.28638381502851457,0.2863806581998009,0.28637994134010974,0.2863829257151967,0.2863654975628256,0.28636877465803295,0.2863682124738971,0.2863655970671667,0.2863533544366465,0.2863506059932354,0.28635242250084936,0.2863542830124997,0.2863362370977522,0.2863389568771997,0.2863429247588892,0.28633975480210755,0.28632931900135056,0.28632598868534226,0.0,0.0,0.2863926597757461,0.286374724684662,0.2863627902928687,0.28639129703144,0.2863755077075264,0.28634708274004883,0.2863617317032926,0.28634735327715305,0.2863349438868024
0.286381130606797,0.2863785207719589,0.28636674050046196,0.2863635777359348,0.28636274251034394,0.2863657325353914,0.2863483065193164,0.28635158980548425,0.2863509367305149,0.2863483163570427,0.28633616706868514,0.2863334134415107,0.28633507457441637,0.28633693862757126,0.2863187347273296,0.2863214597202541,0.28632552833270164,0.28632235233172887,0.2863120762360868,0.2863087396360914,0.0,0.0,0.28637527913426847,0.2863574404294514,0.28634544083456986,0.2863738063793545,0.28635828619650916,0.28632995792071525,0.28634428662759986,0.2863302478837497,0.28631807595717607,0.28631809136222475
0.2863658554161149,0.2863632411924244,0.28635139137598864,0.2863482232759405,0.2863473869252237,0.28635038199426327,0.2863328914790331,0.28633618031608227,0.2863355245086902,0.28633289970462905,0.28632061317295454,0.2863178548550957,0.2863196115406707,0.2863214787502554,0.28630336795838063,0.2863060975282352,0.28631003706096453,0.28630685567820763,0.2862963823497813,0.2862930400307887,0.0,0.0,0.28636036940070536,0.2863419552259943,0.2863302192551964,0.28635878537680826,0.2863428647641676,0.2863140857940519,0.28632896797403706,0.28631439593481983,0.2863018900383381,0.28630187900765686
0.28634511643032357,0.2863424962486296,0.28633066937168483,0.2863274940692937,0.2863265559844555,0.28632955789522047,0.2863120627083353,0.2863153590448364,0.28631462949582026,0.28631199868573065,0.2862998011076647,0.28629703651412813,0.2862986560118004,0.286300527498476,0.286282375281536,0.2862851111032333,0.2862890474374344,0.2862858587635926,0.2862753614916273,0.28627201151335696,0.0,0.0,0.286339344675543,0.28632103289060595,0.2863092500199603,0.28633764662528505,0.2863220079029356,0.2862933499136367,0.2863078992352155,0.28629368097881996,0.2862814217872867,0.2862813862524277
0.2863261151092838,0.28632348946940084,0.2863116380073755,0.2863084560909947,0.2863074652004779,0.2863104733807281,0.2862929417078903,0.28629624492818545,0.28629547607239575,0.28629283975749653,0.28628061670925414,0.2862778463314966,0.2862794444838406,0.28628131989120875,0.2862631296995279,0.28626587125211644,0.28626980348602876,0.2862666081282453,0.28625608890505205,0.28625273190530914,0.0,0.0,0.28632070901315443,0.28630180629462365,0.28629028758258274,0.2863188958388698,0.2863028477654094,0.28627372103214216,0.2862888359247724,0.2862740741215146,0.2862614735591343,0.28626141478756206
0.28630466145915756,0.2863020296573777,0.2862901003319757,0.2862869109314756,0.28628591639446505,0.2862889316505806,0.2862713234195171,0.28627463442172957,0.2862738608950579,0.28627121836856984,0.28625884905083254,0.28625607211077403,0.2862577665749199,0.286259646405789,0.2862412886398861,0.2862440366954546,0.28624809042356725,0.2862448875251612,0.2862345246138699,0.2862311597586734,0.0,0.0,0.2862989687006508,0.2862801618676745,0.2862685991835689,0.28629703854286215,0.28628127116736307,0.28625225816876115,0.28626704456576685,0.28625263400686085,0.28624028043408856,0.28624019926556926
0.2862844824339883,0.2862818448371166,0.2862699395184793,0.2862667431131637,0.28626564411016375,0.286268666022163,0.2862510189788516,0.2862543372891371,0.2862535233538873,0.28625087498368706,0.28623847836830374,0.2862356952878506,0.28623736817137824,0.2862392521641439,0.286220853811637,0.2862236079507378,0.2862276580450786,0.28622444805169,0.28621406224080975,0.2862106899324874,0.0,0.0,0.28627915772094503,0.2862597495165061,0.2862484543841243,0.286277107683438,0.2862609273662656,0.28623143660033407,0.28624679552749405,0.2862318357741036,0.28621913665535514,0.2862190336552012
0.28626199786472967,0.2862593538114591,0.28624741941235576,0.28624421518347515,0.28624306080575534,0.28624609013146973,0.2862283998570694,0.2862317263075141,0.2862308713658759,0.2862282164877603,0.28621590755101206,0.28621311766782975,0.2862146510200359,0.2862165396472061,0.2861982214137619,0.28620098228976837,0.28620490442619295,0.28620168653279227,0.2861912752243074,0.2861878946171958,0.0,0.0,0.2862563859185098,0.2862370651267443,0.2862257295200819,0.286254213717968,0.2862383137715799,0.28620893162435995,0.28622396472338285,0.28620935478982507,0.28619690230643313,0.28619677800883253
0.2862485667855521,0.28624591887598194,0.28623396710773225,0.2862307582059672,0.28622954826382396,0.2862325820250063,0.2862148658865071,0.28621819720703395,0.2862173010081739,0.2862146422317102,0.286202315258343,0.286199521278948,0.2862010307511621,0.28620292215663473,0.2861845770139698,0.28618734195102374,0.2861912568184159,0.28618803418709987,0.286177607586944,0.2861742220027577,0.0,0.0,0.2862433289458789,0.2862234120250088,0.2862123585516865,0.2862410353908048,0.286224730757195,0.28619488745094723,0.2862104867238067,0.2861953347724571,0.2861825427473908,0.28618239708882953
0.2862276602712032,0.2862250063595733,0.28621302755563677,0.2862098113808582,0.2862085443153861,0.2862115849704193,0.28619382863066395,0.28619716752054086,0.28619622889297514,0.28619356406371854,0.2861812090838499,0.2861784087444488,0.28617989526731347,0.2861817909836487,0.28616327830273514,0.2861660495784121,0.2861700859194209,0.286166855939105,0.2861560585701597,0.2861526651396584,0.0,0.0,0.2862221357123686,0.286202304832587,0.286191216165191,0.28621971739982033,0.2862036956211513,0.286173963020119,0.2861892345228309,0.286174435265565,0.28616189020615884,0.28616172321548955
0.2862117312945986,0.2862090728104693,0.28619702279707265,0.2861938010639799,0.28619252726436245,0.2861955731758192,0.2861778219265516,0.28618116657504666,0.28618014955418203,0.28617748010683425,0.28616498503605253,0.2861621798083979,0.28616376079112893,0.28616565979789954,0.2861472410334749,0.28615001708134963,0.28615392110144294,0.28615068551056777,0.2861402170838457,0.28613681788593875,0.0,0.0,0.28620658131343946,0.28618614213473326,0.28617533646710214,0.28620403832444136,0.2861876051304127,0.2861573975328465,0.2861732447484903,0.2861578952310491,0.28614500553145544,0.2861448173240242
0.28618874054080695,0.2861860754577609,0.28617399559730256,0.28617076586791845,0.2861694331778644,0.2861724866674506,0.2861546913182407,0.2861580442873772,0.28615698325398115,0.2861543071538363,0.28614178100720267,0.2861389687890059,0.2861405265085608,0.2861424302531767,0.28612396560113795,0.2861267485743185,0.2861306488116944,0.2861274051442409,0.2861169106510154,0.2861135029688523,0.0,0.0,0.2861833017811827,0.286162940057265,0.28615209961690935,0.2861806310789217,0.2861644772024816,0.28613436972000156,0.28614989483449826,0.28613489317979307,0.28612224892008553,0.28612203936313285
0.2861652384459996,0.2861625666181533,0.2861504562489998,0.28614721834655177,0.28614582597885124,0.2861488872139214,0.28613101086992676,0.2861343723563714,0.28613330257629466,0.2861306196765348,0.2861181810913179,0.2861153617642513,0.2861167765403794,0.28611868512735533,0.2861000469361647,0.28610283702508926,0.2861068600845838,0.28610360816242,0.28609273762062787,0.28608932113992014,0.0,0.0,0.2861601722270229,0.2861391788575269,0.28612861649038634,0.2861573715961671,0.28614079091140365,0.28611017877597145,0.2861262972180488,0.2861107284496895,0.28609772703132513,0.2860974960025816
0.28614491861789676,0.28614224095934154,0.2861301552022788,0.28612691025212733,0.2861254069343062,0.2861284748678845,0.28611059546459255,0.2861139642929452,0.28611281383592596,0.2861101250539121,0.28609765925636993,0.2860948337485037,0.28609622378276056,0.2860981365596239,0.28607945751266495,0.2860822537260173,0.2860862717749779,0.286083012709671,0.2860721183491786,0.28606869436450977,0.0,0.0,0.28613956436680027,0.2861186501609225,0.28610805884615753,0.28613663337030326,0.2861203377463445,0.28608983244334907,0.28610562491009744,0.28609040851711787,0.286077656764421,0.2860774043131806
0.08,0.08,0.08,0.08,0.08,0.08,0.08,0.08,0.08,0.08,0.08,0.08,0.08,0.08,0.08,0.08,0.08,0.08,0.08,0.08,0.0,0.0,0.08,0.08,0.08,0.08,0.08,0.08,0.08,0.08,0.08,0.08
0.08,0.08,0.08,0.08,0.08,0.08,0.08,0.08,0.08,0.08,0.08,0.08,0.08,0.08,0.08,0.08,0.08,0.08,0.08,0.08,0.0,0.0,0.08,0.08,0.08,0.08,0.08,0.08,0.08,0.08,0.08,0.08
0.08,0.08,0.08,0.08,0.08,0.08,0.08,0.08,0.08,0.08,0.08,0.08,0.08,0.08,0.08,0.08,0.08,0.08,0.08,0.08,0.0,0.0,0.08,0.08,0.08,0.08,0.08,0.08,0.08,0.08,0.08,0.08
0.08,0.08,0.08,0.08,0.08,0.08,0.08,0.08,0.08,0.08,0.08,0.08,0.08,0.08,0.08,0.08,0.08,0.08,0.08,0.08,0.0,0.0,0.08,0.08,0.08,0.08,0.08,0.08,0.08,0.08,0.08,0.08
0.08,0.08,0.08,0.08,0.08,0.08,0.08,0.08,0.08,0.08,0.08,0.08,0.08,0.08,0.08,0.08,0.08,0.08,0.08,0.08,0.0,0.0,0.08,0.08,0.08,0.08,0.08,0.08,0.08,0.08,0.08,0.08
0.08,0.08,0.08,0.08,0.08,0.08,0.08,0.08,0.08,0.08,0.08,0.08,0.08,0.08,0.08,0.08,0.08,0.08,0.08,0.08,0.0,0.0,0.08,0.08,0.08,0.08,0.08,0.08,0.08,0.08,0.08,0.08
0.08,0.08,0.08,0.08,0.08,0.08,0.08,0.08,0.08,0.08,0.08,0.08,0.08,0.08,0.08,0.08,0.08,0.08,0.08,0.08,0.0,0.0,0.08,0.08,0.08,0.08,0.08,0.08,0.08,0.08,0.08,0.08
0.08,0.08,0.08,0.08,0.08,0.08,0.08,0.08,0.08,0.08,0.08,0.08,0.08,0.08,0.08,0.08,0.08,0.08,0.08,0.08,0.0,0.0,0.08,0.08,0.08,0.08,0.08,0.08,0.08,0.08,0.08,0.08
0.28613451609912927,0.28613183545585547,0.2861197362560191,0.2861164876891334,0.28611492327092375,0.28611799464339777,0.28610009522826224,0.286103467832453,0.286102271874894,0.2860995800665725,0.28608710026781026,0.2860842715800407,0.2860856342024331,0.2860875491379058,0.28606884904126095,0.2860716484098871,0.28607565661937084,0.28607239387122496,0.2860618377986882,0.28605841007269905,0.0,0.0,0.28612954523513756,0.2861080142271131,0.2860977251319116,0.28612648161266546,0.2861097785777021,0.28607880341430897,0.2860951739272397,0.2860794063812792,0.2860663130884473,0.28606603876829106
0.2861136904725919,0.28611100385452215,0.2860988265927246,0.2860955707681259,0.28609399792686097,0.28609707616272295,0.28607910068930825,0.2860824808423418,0.28608127635470815,0.2860785785197078,0.286065950849621,0.28606311579317023,0.28606457382410694,0.28606649305218573,0.28604787843982465,0.28605068404515055,0.28605456006293717,0.2860512899966185,0.28604035895150437,0.28603692341011955,0.0,0.0,0.2861084274976747,0.28608698116889353,0.2860766585551433,0.2861052377262838,0.2860888192968126,0.2860579505457927,0.28607399364849034,0.2860585797981411,0.2860457349448005,0.286045439172513
0.28609164880149673,0.2860889558605496,0.28607680127429264,0.2860735378057045,0.2860718515313556,0.28607493703018233,0.28605695541074644,0.2860603435253751,0.28605905629639244,0.28605635208402597,0.28604381489858743,0.2860409731772329,0.2860422855119812,0.2860442092823685,0.286025550677506,0.2860283629223072,0.2860322336204121,0.28602895581027604,0.2860179989418989,0.2860145552655444,0.0,0.0,0.28608676112694353,0.2860646763079913,0.28605463946297466,0.2860834397970718,0.28606659132209694,0.2860352136364242,0.2860518560365182,0.2860358703005925,0.286022664502239,0.2860223458785433
0.28607194267548136,0.28606924408232653,0.2860570560575913,0.28605378573717644,0.2860520450744433,0.2860551370680449,0.2860370813744477,0.2860404766332388,0.2860391788146364,0.2860364688979523,0.2860237847957678,0.2860209370443066,0.28602234345747357,0.28602427129150276,0.28600544541589024,0.2860082636385287,0.2860122557366411,0.28600897099813694,0.2859983439570442,0.28599489313074167,0.0,0.0,0.28606676250683416,0.2860447579119525,0.2860346932904606,0.2860633119782333,0.2860467489556181,0.28601547443516917,0.28603179172179743,0.286016158744278,0.2860032030443908,0.28600286152310783
0.2860484533312346,0.28604574800160715,0.2860335376201079,0.28603025913955243,0.28602844739967037,0.2860315471302449,0.28601344632348,0.28601685007732663,0.28601550472581894,0.28601278801616115,0.286000072185254,0.28599721729597866,0.2859985977454333,0.2860005304175621,0.2859816573643051,0.28598448265886023,0.285988469979132,0.28598517699274556,0.28597452333419676,0.28597106384370946,0.0,0.0,0.2860436458272847,0.28602100205930736,0.28601121905883176,0.28604006854051856,0.2860230686197639,0.2859912737909909,0.28600819876527184,0.28599198622601396,0.2859786657800204,0.28597830098346083
0.2860271622576839,0.2860244508228273,0.28601221294543094,0.28600892706687653,0.28600705296660034,0.2860101597108417,0.2859920180086769,0.28599542946339807,0.28599403680606017,0.28599131393727956,0.2859786904409057,0.2859758291162931,0.2859770618324315,0.2859789988918372,0.2859602115837762,0.28596304325306815,0.2859668961950412,0.28596359572878893,0.2859525633108161,0.28594909583397105,0.0,0.0,0.28602205430911587,0.2859994994648174,0.28598967842819806,0.28601835745920606,0.2860016385453069,0.28596993865793335,0.28598654199089646,0.28597067904231255,0.28595760675735205,0.2859572186096699
0.2860113368051345,0.286008620832815,0.2859963544866355,0.2859930631070357,0.28599113675681603,0.28599424871824314,0.2859761131100886,0.2859795302800601,0.2859780548653019,0.28597532741182563,0.28596256139918486,0.28595969522069575,0.28596102148864744,0.28596296181541636,0.28594401412032533,0.28594685060376335,0.28595082371513064,0.28594751767699367,0.2859364666792595,0.285932993349094,0.0,0.0,0.286006598109024,0.285983440920481,0.2859738954091273,0.28600279561433734,0.285985646866432,0.2859534461041178,0.2859706486573965,0.28595421390343795,0.2859407851184505,0.2859403736490979
0.2859923911019768,0.28598966969811473,0.28597737887441765,0.2859740809131577,0.28597209569592436,0.2859752138981919,0.28595704197446015,0.2859604659967285,0.2859589444496234,0.28595621151456135,0.2859434198990891,0.285940547960752,0.2859418468324382,0.2859437910646132,0.2859249342898143,0.285927776443495,0.2859316132750563,0.2859283005778823,0.28591758331024414,0.2859141031141073,0.0,0.0,0.28598733872130594,0.2859643113186613,0.28595470437834486,0.285983446673316,0.28596657763414235,0.2859344748415553,0.28595135322506443,0.2859352698040754,0.2859220907558872,0.2859216554035317
0.2859687971286898,0.28596606896152044,0.2859537557287412,0.28595044957485866,0.285948400195433,0.2859515261630896,0.28593327237408284,0.2859367049357378,0.28593517481581987,0.2859324350635943,0.2859197334607223,0.2859168543958251,0.2859180046943977,0.2859199537820152,0.2859009206592433,0.285903769948513,0.2859077302027658,0.285904409227902,0.28589330842354227,0.28588981940220826,0.0,0.0,0.2859640676287065,0.2859404952755867,0.2859311172091008,0.28596010625818735,0.28594281264004173,0.2859101747834208,0.28592767187738755,0.2859109964439357,0.2858974440208221,0.2858969841986513,0.2859596112568911
0.28594306126826824,0.28594032572488304,0.2859279711816816,0.28592465608689527,0.2859225367732028,0.2859256712154727,0.28590740479182125,0.2859108466452183,0.2859092369057219,0.2859064897155578,0.2858936315197886,0.285890744602729,0.28589199073168575,0.2858939451162585,0.28587499001888045,0.2858778470122394,0.28588167283051097,0.2858783428256923,0.28586756970570876,0.2858640713283776,0.0,0.0,0.28593799237844225,0.2859145491422159,0.28590507513788627,0.2859339814789762,0.2859169055917946,0.2858843656704161,0.2859015519062898,0.285885212607125,0.2858718958953141,0.2858714112249195,0.28593273323515683,0.28590376991789174
0.2859216056384082,0.28591886394643,0.2859064898049505,0.2859031672624405,0.28590096391321806,0.2859041054232341,0.2858857610121299,0.2858892106389734,0.2858875702838677,0.28588481688146944,0.2858720521313679,0.2858691587235632,0.2858702565721971,0.2858722153816506,0.285853087461795,0.28585595096156735,0.28585989975038434,0.28585656220135874,0.28584540613156545,0.28584189969893675,0.0,0.0,0.2859168709884208,0.2858928956851741,0.2858835390281,0.2859128288226512,0.2858952785052829,0.28586218471610336,0.2858799595677158,0.2858630541136797,0.2858493558218412,0.28584884614491124,0.2859124243987397,0.28588239540429045,0.28588289152890595
0.28590334782800203,0.28590060090440117,0.2858881950750715,0.28588486619035297,0.28588262708923584,0.28588577460615067,0.28586743210028864,0.28587088830931695,0.2858691740802438,0.2858664154038768,0.2858535035589263,0.2858506045726081,0.28585180042248937,0.2858537629890393,0.2858347286505859,0.2858375976034635,0.28584140824330956,0.2858380642878188,0.2858268868540336,0.28582337369136335,0.0,0.0,0.28589823990926744,0.28587454148586255,0.285865013472402,0.28589417775206794,0.2858769410486822,0.28584396135290746,0.28586139684937134,0.2858448492582082,0.2858313836634052,0.2858308490576781,0.28589297443453027,0.2858636834150442,0.2858631248585588,0.2858924249895945
0.2858875474241839,0.28588479597360605,0.2858723697441678,0.2858690353739061,0.2858667327946044,0.2858698855177049,0.28585151271790366,0.28585497464318976,0.28585322795456225,0.285850464707139,0.2858375315131244,0.2858346277237203,0.2858358014687004,0.28583776729177757,0.2858187014156028,0.28582157512851325,0.2858253768509183,0.2858220273418969,0.2858108313906753,0.2858073123939809,0.0,0.0,0.2858827619480258,0.28585859338606995,0.28584906806432425,0.28587868687637,0.2858610034927974,0.2858278834226848,0.2858454283093302,0.285828785302418,0.28581523437159706,0.28581467499652746,0.2858781253991173,0.28584764294997067,0.28584720909780176,0.28587747390210205,0.285848060877732
0.2858564348550174,0.28585367449160426,0.28584120809829316,0.28583786292795016,0.28583545524996573,0.28583861821661943,0.285820185811688,0.2858236589841256,0.28582182237609155,0.28581905012732123,0.28580607489304566,0.28580316164538494,0.2858042857068267,0.28580625794392117,0.285787129951866,0.2857900130400736,0.28579381260181475,0.2857904521599682,0.2857792197552681,0.28577568927356684,0.0,0.0,0.2858516206824124,0.285827270450302,0.28581762502547386,0.2858475290576321,0.28582969181902496,0.2857962633699019,0.28581396426331174,0.28579717645124303,0.2857835398641745,0.28578295526248676,0.28584702717260435,0.2858161975652729,0.28581576324864805,0.2858462572048793,0.28581668032343743,0.2858151590609203,0.2857825872230926
0.28583870425803193,0.28583593881610786,0.28582344954024486,0.2858200982160475,0.2858176389516131,0.28582080775229046,0.2858023414031047,0.2858058209811426,0.28580394733461806,0.2858011699633691,0.2857881708075877,0.2857852521774345,0.2857863582781678,0.28578833416324295,0.28576917084543985,0.2857720592658562,0.28577585244186354,0.28577248578017755,0.285761232639309,0.2857576956236282,0.0,0.0,0.2858338668314545,0.28580942271960635,0.28579987108323546,0.2858297660232903,0.2858118503027572,0.2857782901485011,0.2857961988520757,0.2857792098588507,0.2857654713761007,0.2857648635629418,0.2858293270433227,0.28579823547222516,0.28579884659799804,0.28582843427594096,0.285798786217281,0.28579814804803266,0.2857645729535437
0.2858258238109617,0.2858230546800341,0.2858105487807357,0.2858071929864107,0.28580468385328456,0.2858078568958218,0.2857893658644362,0.2857928500999209,0.2857909423276304,0.2857881612298184,0.28577514466965426,0.2857722221237802,0.28577331300231934,0.2857752915417095,0.2857561025187863,0.28575899481898165,0.28576278167337243,0.28575941048547676,0.285748142253112,0.28574460048262074,0.0,0.0,0.2858209650014979,0.2857964401362672,0.285786847522686,0.2858168579175566,0.2857988718837197,0.2857652151025992,0.2857831678786195,0.28576613877209306,0.2857523107373628,0.28575168267278633,0.28581648325338405,0.28578512923877936,0.2857859027514087,0.28581546572888705,0.2857857574895542,0.28578509612242303,0.28575144875467906
0.08,0.08,0.08,0.08,0.08,0.08,0.08,0.08,0.08,0.08,0.08,0.08,0.08,0.08,0.08,0.08,0.08,0.08,0.08,0.08,0.0,0.0,0.08,0.08,0.08,0.08,0.08,0.08,0.08,0.08,0.08,0.08,0.08,0.08,0.08,0.08,0.08,0.08,0.08,0.08,0.08
0.08,0.08,0.08,0.08,0.08,0.08,0.08,0.08,0.08,0.08,0.08,0.08,0.08,0.08,0.08,0.08,0.08,0.08,0.08,0.08,0.0,0.0,0.08,0.08,0.08,0.08,0.08,0.08,0.08,0.08,0.08,0.08,0.08,0.08,0.08,0.08,0.08,0.08,0.08,0.08,0.08
0.08,0.08,0.08,0.08,0.08,0.08,0.08,0.08,0.08,0.08,0.08,0.08,0.08,0.08,0.08,0.08,0.08,0.08,0.08,0.08,0.0,0.0,0.08,0.08,0.08,0.08,0.08,0.08,0.08,0.08,0.08,0.08,0.08,0.08,0.08,0.08,0.08,0.08,0.08,0.08,0.08
0.08,0.08,0.08,0.08,0.08,0.08,0.08,0.08,0.08,0.08,0.08,0.08,0.08,0.08,0.08,0.08,0.08,0.08,0.08,0.08,0.0,0.0,0.08,0.08,0.08,0.08,0.08,0.08,0.08,0.08,0.08,0.08,0.08,0.08,0.08,0.08,0.08,0.08,0.08,0.08,0.08
0.08,0.08,0.08,0.08,0.08,0.08,0.08,0.08,0.08,0.08,0.08,0.08,0.08,0.08,0.08,0.08,0.08,0.08,0.08,0.08,0.0,0.0,0.08,0.08,0.08,0.08,0.08,0.08,0.08,0.08,0.08,0.08,0.08,0.08,0.08,0.08,0.08,0.08,0.08,0.08,0.08
0.08,0.08,0.08,0.08,0.08,0.08,0.08,0.08,0.08,0.08,0.08,0.08,0.08,0.08,0.08,0.08,0.08,0.08,0.08,0.08,0.0,0.0,0.08,0.08,0.08,0.08,0.08,0.08,0.08,0.08,0.08,0.08,0.08,0.08,0.08,0.08,0.08,0.08,0.08,0.08,0.08
0.08,0.08,0.08,0.08,0.08,0.08,0.08,0.08,0.08,0.08,0.08,0.08,0.08,0.08,0.08,0.08,0.08,0.08,0.08,0.08,0.0,0.0,0.08,0.08,0.08,0.08,0.08,0.08,0.08,0.08,0.08,0.08,0.08,0.08,0.08,0.08,0.08,0.08,0.08,0.08,0.08
0.08,0.08,0.08,0.08,0.08,0.08,0.08,0.08,0.08,0.08,0.08,0.08,0.08,0.08,0.08,0.08,0.08,0.08,0.08,0.08,0.0,0.0,0.08,0.08,0.08,0.08,0.08,0.08,0.08,0.08,0.08,0.08,0.08,0.08,0.08,0.08,0.08,0.08,0.08,0.08,0.08
0.2857928871184383,0.2857901085556055,0.2857775683734289,0.2857742011529047,0.28577157748623105,0.2857747613672432,0.28575616991216346,0.2857596660613989,0.28575770692583247,0.2857549163057714,0.2857419793891451,0.2857390468749848,0.285739950608215,0.2857419359349026,0.2857225494536587,0.2857254517138569,0.2857293482153449,0.2857259654512539,0.2857150220852116,0.285711468285834,0.0,0.0,0.28578799581331393,0.28576328907278725,0.28575358334088763,0.28578387433931657,0.2857657295847436,0.28573178554665235,0.2857498898436023,0.28573271387207316,0.285718755319841,0.28571810928541297,0.28578356732031046,0.28575193056516734,0.28575322046526797,0.28578241492036627,0.28575264354692564,0.285752295142477,0.28571796413388145,0.2857182963068972,0.2857050723799163
0.2857738752293887,0.2857710912230582,0.2857584735213988,0.28575509968640084,0.28575247275566507,0.28575566289028453,0.28573703497437936,0.2857405379899235,0.28573853865946147,0.28573574254836503,0.2857227802313768,0.28571984194753625,0.2857207259632404,0.2857227152004132,0.2857032905900694,0.2857061985662406,0.28571009437816125,0.28570670494871,0.2856957400753655,0.285692179274239,0.0,0.0,0.28576895917621337,0.2857441528025215,0.28573439242684473,0.28576482944708737,0.2857465983174216,0.2857125280484406,0.28573069108796306,0.28571345890833416,0.2856994402594521,0.2856987827829717,0.28576480500684454,0.2857325506921425,0.2857341155261181,0.28576352585602416,0.28573334405271733,0.28573307604818227,0.28569859537082637,0.28569894770939724,0.2856857390712544
0.2857546201169599,0.28575183059811377,0.2857391879679864,0.28573580745321353,0.28573312350449065,0.28573631997203786,0.2857176551330486,0.2857211651019914,0.2857191258424048,0.28571632417085235,0.28570321152568623,0.2857002673617827,0.28570125751492953,0.28570325071172686,0.28568391974418755,0.28568683346891227,0.285690598164375,0.285687201986429,0.28567585043402355,0.2856722824113384,0.0,0.0,0.2857496780608587,0.2857247708688955,0.28571495577448364,0.28574554005015446,0.28572722135152273,0.2856930277265368,0.285711246776032,0.2856939608094324,0.28567924395525784,0.2856785788532883,0.2857455854371331,0.2857130239560745,0.2857147710010898,0.2857441701945109,0.2857139041602646,0.2857136095016803,0.28567890200193236,0.2856792788201794,0.2856658763145296
0.2857312243219024,0.2857284281059563,0.28571580842976774,0.28571241981824136,0.28570959873853036,0.2857128029046591,0.28569413077672756,0.28569764918503204,0.2856955060522899,0.2856926976161289,0.285679678286768,0.285676727052428,0.2856775492701317,0.28567954728825656,0.28566003706020177,0.28566295787152113,0.28566683396022985,0.28566342955750357,0.28565241637024597,0.28564883984017925,0.0,0.0,0.2857259071429624,0.2857011864360419,0.2856911693741653,0.285721758995787,0.2857036428834122,0.2856689446205056,0.2856874512193563,0.2856698801886647,0.2856559820727694,0.2856553119414059,0.2857210574431349,0.28568960308378666,0.2856897994328289,0.2857195025577595,0.2856905726127022,0.28568851115139404,0.28565438261265846,0.2856547897999976,0.28564227652740426,0.28564227466747555
0.28571016032798463,0.28570735808321324,0.2856946579052466,0.2856912619698781,0.28568842602358063,0.2856916371176584,0.28567288700194954,0.28567641303045005,0.2856742571605631,0.28567144263961564,0.2856582699857537,0.2856553123202576,0.2856562321256967,0.2856582344783163,0.2856388148458905,0.285641741953537,0.28564547970211424,0.2856420679096745,0.2856306642973028,0.28562707987153013,0.0,0.0,0.28570516226773446,0.2856800022103819,0.28567003541014124,0.285701005292845,0.285682463993634,0.28564793217992407,0.2856663091771026,0.28564886984225346,0.28563401266261856,0.2856333392071736,0.28570119423041185,0.2856679485193935,0.2856700433572216,0.2856994974194786,0.2856690094690538,0.28566862556785544,0.2856335200082525,0.28563396030509236,0.2856204733247176,0.28562044185877317
0.28569002913595465,0.2856872211300405,0.28567454836345785,0.2856711454655589,0.28566818614097794,0.2856714038569614,0.28565265288910974,0.28565618617474936,0.28565394071716427,0.28565112037915835,0.2856380459961168,0.2856350822559852,0.2856358477096622,0.28563785420661103,0.28561839444092196,0.2856213276062657,0.28562505795822374,0.2856216390996419,0.2856102119285619,0.28560662007978466,0.0,0.0,0.2856850036420219,0.2856597281067459,0.2856496935007595,0.2856808381006554,0.2856621949841828,0.28562751459779356,0.2856459595256803,0.28562845424864813,0.285613549042476,0.2856128732287266,0.2856808808670868,0.2856476284010963,0.28564929956307233,0.2856790392898747,0.2856487826415267,0.28564774928914527,0.28561302906162156,0.2856135044815277,0.2855999143132263,0.2855998520984757
0.28566812283981774,0.28566530856554073,0.2856525539900349,0.28564914347796805,0.2856461659805808,0.2856493909000257,0.28563056017964156,0.28563410138803025,0.2856318405100249,0.285629013845023,0.2856157844775563,0.2856128140516209,0.28561367566799667,0.28561568667214743,0.28559604982722325,0.28559898962023994,0.2856028464360772,0.285599419893041,0.28558833526809574,0.285584735480374,0.0,0.0,0.2856630687141067,0.2856376718793952,0.28562756671674033,0.28565889385908416,0.2856401442908174,0.28560530760292985,0.28562382434087796,0.2856062493887904,0.28559129484280255,0.2855906170333661,0.28565901080030187,0.28562530130661573,0.2856277757472502,0.28565702160149004,0.28562655115195584,0.2856260898464325,0.2855905963206188,0.2855911090529197,0.2855774400258566,0.2855773480198011
0.2856452206388828,0.2856423998121395,0.2856296693142785,0.2856262508808841,0.2856231464587909,0.28562637890761633,0.285607542217744,0.28561109167958953,0.2856087385610592,0.2856059052831598,0.28559277104591185,0.2855897937092767,0.2855904994488964,0.2855925151637497,0.28557296613368266,0.2855759127726733,0.2855796293786553,0.285576194804362,0.285564715237533,0.28556110687936015,0.0,0.0,0.2856401369629139,0.2856146151228496,0.2856044374127391,0.28563595237508904,0.2856170933152503,0.28558209529986484,0.2856006862653537,0.2855830393046726,0.2855680344127944,0.28556735478107714,0.28563636573416973,0.28560218916518687,0.28560424628819797,0.28563422525810506,0.28560353667001637,0.2856024213981431,0.2855672988022303,0.285567850622842,0.2855541891037163,0.2855540679051895
0.2856209640204783,0.2856181362547281,0.2856053206718493,0.2856018938115658,0.285598768348088,0.28560200876955344,0.28558312569191097,0.28558668390746333,0.2855842751792167,0.28558143489969695,0.28556814195268193,0.2855651572212223,0.28556595870793433,0.2855679794101336,0.2855482480084531,0.2855512019771072,0.2855550460588094,0.2855516029818442,0.2855401833078209,0.2855365660495858,0.0,0.0,0.28561584977016796,0.2855901983232223,0.2855799457932276,0.28561165487716195,0.28559268263503423,0.2855575170040007,0.28557618536341933,0.2855584633518352,0.2855434062397734,0.28554272481149257,0.2856119236298517,0.2855774919594199,0.28557985861663,0.2856096289736761,0.2855789391235267,0.2855778919919957,0.2855424836146095,0.28554307617787417,0.2855293306116909,0.2855291806211024
0.2855974176234279,0.28559458312279373,0.28558173708577494,0.28557830206454027,0.2855751003523468,0.285578348513116,0.285559420405668,0.285562987118727,0.28556052172677493,0.2855576746497929,0.285544349959231,0.2855413580853082,0.2855421284414171,0.2855441539858816,0.2855243753722154,0.2855273364188021,0.2855311735926145,0.2855277222600258,0.2855162752743378,0.2855126493436309,0.0,0.0,0.285592272979792,0.2855664917763446,0.2855561639560972,0.285588068085968,0.285568982028423,0.28553364943634996,0.28555239451555964,0.28553459805667264,0.2855194895306908,0.28551880641265287,0.285588413406168,0.2855536123471766,0.28555618312650566,0.2855859631493573,0.2855551610917582,0.2855540711985421,0.2855184496445119,0.28551908438182816,0.2855052991454773,0.28550512036957054
0.2855697809082943,0.2855669385040353,0.28555405672840994,0.2855506121300153,0.28554733152608325,0.28555058876572365,0.2855316078348337,0.28553518451619647,0.2855326604344899,0.2855298053857332,0.2855164434681027,0.28551344321780797,0.28551418207814083,0.2855162133003835,0.285496379328912,0.2854993486746957,0.28550318018495835,0.2854997191731203,0.28548824016646973,0.2854846040677876,0.0,0.0,0.2855646035502713,0.28553868051594944,0.2855282721359294,0.2855603869224411,0.28554117773520643,0.285505661918437,0.28552449213047454,0.28550661320128917,0.285491446803213,0.28549076174170085,0.285560809448144,0.2855256193595994,0.2855283987516296,0.28555820074204114,0.285527272342569,0.28552613835355556,0.2854902858085363,0.28549096439243027,0.28547713321571005,0.2854769255378775
0.2855434881786648,0.28554063825633835,0.2855277224859174,0.28552426877756354,0.2855209084008714,0.285524174278028,0.28550514309203534,0.2855087292571041,0.2855061457763911,0.2855032831423854,0.2854898858031153,0.28548687758259594,0.2854875840751771,0.28548962070038336,0.28546973405094495,0.2854727112942246,0.2854765362445288,0.28547306602153566,0.28546155654288646,0.2854579107679642,0.0,0.0,0.28553827843286406,0.2855122158570368,0.28550172726700956,0.2855340506425246,0.2855147197047028,0.285479023526492,0.2854979372091136,0.2854799773426405,0.2854647547941194,0.28546406789525997,0.2855345513942245,0.2854989720102756,0.2855019626014969,0.28553178147314806,0.2855007305693243,0.2854995517236985,0.28546346946324097,0.28546419317034205,0.2854503173546968,0.28545008063042815
0.2855191457528243,0.28551628887113817,0.28550339602656577,0.28549993390408035,0.28549643858172735,0.2854997124566745,0.2854805963241196,0.28548419128425395,0.2854815862737419,0.28547871661487645,0.28546541410165227,0.2854623985380377,0.2854629441118962,0.2854649857415616,0.28544505029987605,0.28544803485815495,0.2854518521129318,0.28544837335761314,0.28543683565301026,0.28543318091495695,0.0,0.0,0.28551390426259526,0.28548768210232267,0.2854769945972742,0.2855096661378885,0.28549019209374904,0.285453998397732,0.2854731951750731,0.2854549545932201,0.28544060777564245,0.28543991922010736,0.2855102460193813,0.28547457820888816,0.2854770707002647,0.28550731233041854,0.28547644400650113,0.2854745073746014,0.28543796587969933,0.2854387353954335,0.28542590956247627,0.2854256435953044
0.28549335724647734,0.2854904929930993,0.2854775669566731,0.2854740959016522,0.28547051803560203,0.285473800381238,0.2854546348655878,0.28545823912627993,0.28545557279256706,0.28545269569406767,0.28543935877079135,0.2854363353900599,0.2854368466748687,0.28543889360421554,0.2854189064923007,0.2854218987970996,0.28542570854917954,0.28542222075842844,0.2854106531638856,0.28540698893419575,0.0,0.0,0.28548772693645724,0.28546174354342346,0.285451094058431,0.2854834777063397,0.2854642600287157,0.2854282063038969,0.28544728483195425,0.28542916495110743,0.2854138327769715,0.28541314238858034,0.2854835272071165,0.2854482396669527,0.28545206218358765,0.28548041934557983,0.2854502145717536,0.2854493438399793,0.2854123645452487,0.2854131801869518,0.2853991435613126,0.2853988479950287
0.2854690485668086,0.2854661773657808,0.28545322004715235,0.285449740573428,0.28544607920179094,0.2854493695327085,0.2854301960711505,0.28543380908560656,0.2854310421256755,0.2854281580126654,0.2854147886459934,0.2854117578948424,0.28541223407597105,0.28541428600271723,0.28539425016809206,0.2853972497775637,0.2854010510696587,0.2853975547583611,0.2853859589775308,0.28538228579709213,0.0,0.0,0.2854637399746123,0.2854372400345074,0.2854265331010225,0.28545948057108406,0.2854397626540173,0.28540320603279284,0.28542271457818835,0.28540416705608296,0.2853897146575821,0.2853890226195859,0.28546022840774343,0.28542375963356464,0.28542710261653387,0.28545694309214503,0.2854258452655908,0.28542422646302124,0.28538680338622047,0.28538766618756917,0.2853747589760325,0.2853744335120619
0.2854384034042806,0.28543552344600287,0.28542252669781815,0.28541903661264184,0.28541528688690393,0.2854185872774294,0.28539935528852745,0.2854029793480755,0.28540014705800937,0.2853972541120485,0.28538384389184757,0.2853808038595762,0.28538124486275657,0.28538330308058923,0.28536320591081143,0.2853662147159234,0.2853700096635028,0.28536650262742497,0.2853551583040006,0.2853514739612706,0.0,0.0,0.2854327005877053,0.28540642406183564,0.28539545909368663,0.2854284280257041,0.2854089543989081,0.28537251925463075,0.2853916288048001,0.28537348319329026,0.2853580324329433,0.2853573382297144,0.28542864442941157,0.28539252294060924,0.28539534323791377,0.28542517597974393,0.2853947266197106,0.2853922986020961,0.285356296528397,0.2853572073958588,0.285343074491729,0.2853427186183961
0.08,0.08,0.08,0.08,0.08,0.08,0.08,0.08,0.08,0.08,0.08,0.08,0.08,0.08,0.08,0.08,0.08,0.08,0.08,0.08,0.0,0.0,0.08,0.08,0.08,0.08,0.08,0.08,0.08,0.08,0.08,0.08,0.08,0.08,0.08,0.08,0.08,0.08,0.08,0.08,0.08,0.08
0.08,0.08,0.08,0.08,0.08,0.08,0.08,0.08,0.08,0.08,0.08,0.08,0.08,0.08,0.08,0.08,0.08,0.08,0.08,0.08,0.0,0.0,0.08,0.08,0.08,0.08,0.08,0.08,0.08,0.08,0.08,0.08,0.08,0.08,0.08,0.08,0.08,0.08,0.08,0.08,0.08,0.08
0.08,0.08,0.08,0.08,0.08,0.08,0.08,0.08,0.08,0.08,0.08,0.08,0.08,0.08,0.08,0.08,0.08,0.08,0.08,0.08,0.0,0.0,0.08,0.08,0.08,0.08,0.08,0.08,0.08,0.08,0.08,0.08,0.08,0.08,0.08,0.08,0.08,0.08,0.08,0.08,0.08,0.08
0.08,0.08,0.08,0.08,0.08,0.08,0.08,0.08,0.08,0.08,0.08,0.08,0.08,0.08,0.08,0.08,0.08,0.08,0.08,0.08,0.0,0.0,0.08,0.08,0.08,0.08,0.08,0.08,0.08,0.08,0.08,0.08,0.08,0.08,0.08,0.08,0.08,0.08,0.08,0.08,0.08,0.08
0.08,0.08,0.08,0.08,0.08,0.08,0.08,0.08,0.08,0.08,0.08,0.08,0.08,0.08,0.08,0.08,0.08,0.08,0.08,0.08,0.0,0.0,0.08,0.08,0.08,0.08,0.08,0.08,0.08,0.08,0.08,0.08,0.08,0.08,0.08,0.08,0.08,0.08,0.08,0.08,0.08,0.08
0.08,0.08,0.08,0.08,0.08,0.08,0.08,0.08,0.08,0.08,0.08,0.08,0.08,0.08,0.08,0.08,0.08,0.08,0.08,0.08,0.0,0.0,0.08,0.08,0.08,0.08,0.08,0.08,0.08,0.08,0.08,0.08,0.08,0.08,0.08,0.08,0.08,0.08,0.08,0.08,0.08,0.08
0.08,0.08,0.08,0.08,0.08,0.08,0.08,0.08,0.08,0.08,0.08,0.08,0.08,0.08,0.08,0.08,0.08,0.08,0.08,0.08,0.0,0.0,0.08,0.08,0.08,0.08,0.08,0.08,0.08,0.08,0.08,0.08,0.08,0.08,0.08,0.08,0.08,0.08,0.08,0.08,0.08,0.08
0.08,0.08,0.08,0.08,0.08,0.08,0.08,0.08,0.08,0.08,0.08,0.08,0.08,0.08,0.08,0.08,0.08,0.08,0.08,0.08,0.0,0.0,0.08,0.08,0.08,0.08,0.08,0.08,0.08,0.08,0.08,0.08,0.08,0.08,0.08,0.08,0.08,0.08,0.08,0.08,0.08,0.08
0.2854110884624673,0.2854082006999334,0.28539511383164645,0.285391614270795,0.2853878283480052,0.2853911377074721,0.2853718147070295,0.2853754486280536,0.2853725878466244,0.28536968702280513,0.28535611135058575,0.2853530630020665,0.28535359595897275,0.2853556597888034,0.2853356448419811,0.2853386618095576,0.28534231134000876,0.28533879473564355,0.2853273349387213,0.28532364051420067,0.0,0.0,0.2854057062521544,0.2853788957976723,0.285368010712805,0.28540142224373827,0.28538143302823754,0.28534447710410255,0.2853641700321213,0.2853454437066686,0.2853308720999596,0.28533017604089456,0.2854025702538773,0.28536488401371,0.2853693391509161,0.28539891158193126,0.2853672108332526,0.2853661193393168,0.2853275473978681,0.2853285081809385,0.2853158381318612,0.28531544976294443
0.28538358467415426,0.2853806890546859,0.2853676217932476,0.28536411273090134,0.28536018318666945,0.2853635015745611,0.2853441648773636,0.2853478086973622,0.2853448435661737,0.28534193481289427,0.28532845148316804,0.2853253948415565,0.2853257628445751,0.28532783232286413,0.2853077626818568,0.28531078790563486,0.2853144292525039,0.28531090301816664,0.2852994119224308,0.2852957073819264,0.0,0.0,0.28537780831240145,0.2853512295438926,0.2853400876234716,0.2853735124733095,0.285353773700912,0.2853169508749244,0.285336236374259,0.2853179200918514,0.2853029404615004,0.2853022424947046,0.2853738953600259,0.28533690913369436,0.2853402112821882,0.28537005796336284,0.2853393541660205,0.28533682051519893,0.2853003354400118,0.28530134462034384,0.2852877690621919,0.28528734938619826
0.2853582470804572,0.2853553442239996,0.28534224437917216,0.2853387265475398,0.28533470435746,0.28533803106497974,0.28531864596494816,0.28532229891958727,0.2853192651272894,0.2853163490647155,0.28530283192977557,0.285299767608021,0.2853000970382615,0.28530217172434835,0.28528205165647885,0.2852850844923521,0.28528871610506407,0.28528518099127986,0.2852736610364353,0.2852699471683558,0.0,0.0,0.2853524361468611,0.2853257064350417,0.28531447532476456,0.2853481295234199,0.28532825698803627,0.285291242139267,0.2853106143762622,0.28529221379984965,0.28527717943422154,0.2852764797081362,0.28534858910831773,0.2853111739216843,0.2853147213345231,0.28534457697116045,0.28531374142976323,0.28531115263788714,0.2852744211413472,0.2852754824524406,0.28526186926666275,0.28526141713548986
0.28533607317964366,0.28533316399071124,0.2853200356352261,0.2853165101303397,0.28531239471313297,0.2853157287044111,0.28529630122844346,0.2852999621803732,0.28529685855610315,0.28529393609153963,0.2852803893479402,0.2852773182993845,0.28527760740760927,0.2852796866563708,0.2852595224086495,0.2852625619136553,0.2852661820935716,0.2852626391992971,0.285251093957372,0.28524737191613897,0.0,0.0,0.28533023453779527,0.28530335558004355,0.28529203593521285,0.285325918429846,0.28530591175002407,0.28526871126416875,0.2852881664744871,0.28526968506694717,0.28525460056117763,0.28525389929295025,0.28532643469504904,0.28528861848738357,0.2852924045792592,0.28532229045046403,0.28529130459082264,0.2852886568276514,0.2852516813949608,0.2852527963028503,0.28523915290645746,0.28523866751989063
0.2853116481183478,0.28530873195501366,0.2852955721990487,0.28529203824306915,0.28528783163783833,0.2852911736474713,0.28527169952211584,0.28527536927789077,0.28527219320964353,0.2852692636986988,0.28525568436651505,0.28525260591407664,0.28525285124398514,0.28525493551454917,0.2852347226416294,0.28523776948685803,0.28524137735476485,0.2852378258971728,0.2852262528242588,0.2852225217875423,0.0,0.0,0.2853061502652134,0.2852787299013619,0.28526748484229214,0.2853018238626004,0.2852812922874538,0.2852435566921674,0.2852636060343036,0.2852445328882346,0.2852291512703466,0.2852284482623721,0.2853029915393153,0.285264040714891,0.28526878000628225,0.2852987812803404,0.2852668195627927,0.28526486601901546,0.2852259173427353,0.2852270890847298,0.28521361003304196,0.28521308824834196
0.28529479843227945,0.2852918774582268,0.2852786960434149,0.28527515625814603,0.2852708746312434,0.285274222175629,0.2852547158502503,0.28525839168296824,0.28525514929029966,0.28525221491086156,0.2852386130627369,0.2852355294948017,0.2852357262350855,0.28523781397903564,0.2852175674741543,0.2852206193963286,0.2852242104281535,0.28522065304477795,0.28520914629989996,0.2852054090693321,0.0,0.0,0.28528892731170336,0.2852617505451838,0.2852504209417045,0.2852845935513834,0.28526431723735646,0.2852263898901259,0.28524653558322294,0.28522736772534213,0.2852119410334397,0.28521123684729893,0.28528514505444336,0.285246979177446,0.2852517832202151,0.2852809102729753,0.2852498000686015,0.2852477699042189,0.2852085149667908,0.2852097458639403,0.2851962508369835,0.28519568967474185
0.28528571353029303,0.2852827899626286,0.2852695412074048,0.285265998260156,0.28526171151347773,0.2852650620484656,0.2852454990111754,0.2852491781415222,0.2852459170104701,0.2852429799940923,0.28522923532473854,0.28522614894694115,0.2852264252927828,0.28522851492305246,0.2852081115049443,0.28521116622532194,0.28521487425599923,0.28521131364486724,0.28519941394033105,0.2851956731814544,0.0,0.0,0.2852798367349995,0.28525260152635834,0.2852410335199612,0.28527549909083916,0.28525517053969046,0.28521740823201724,0.28523714454467386,0.2852183869342451,0.2852031658154433,0.28520246102628866,0.28527628120434434,0.285237469703949,0.28524214299666734,0.28527203857788114,0.2852403036088876,0.2852380951780028,0.28519961872705074,0.2852009041866927,0.28518706499560614,0.2851864608124068
0.2852749035412912,0.28527197688771,0.28525871418044113,0.28525516749387786,0.28525082999988083,0.28525418408609876,0.2852346003469787,0.2852382833764506,0.2852349728691022,0.2852320327270273,0.2852182734630042,0.2852151838008897,0.2852154153548489,0.2852175072179031,0.28519708203229643,0.2852001400163089,0.2852038249574959,0.28520026052210695,0.2851883481156688,0.28518460334071544,0.0,0.0,0.2852693833723236,0.28524168560810026,0.28523008324157256,0.2852650412863966,0.28524425736480774,0.28520601582698957,0.2852261900951293,0.2852069956322832,0.28519147925135296,0.28519077365976164,0.28526622326746937,0.2852267519374803,0.285231199202562,0.28526197556937266,0.2852295911704473,0.2852271394829694,0.2851876266550787,0.28518894838758796,0.2851753552893562,0.2851747027324287
0.2852654263388132,0.2852624969799473,0.28524922204160313,0.2852456720769516,0.28524129478893123,0.2852446519868191,0.2852250501083346,0.285228736554309,0.2852253871579946,0.2852224442783637,0.285208672232056,0.2852055796934632,0.2852057757248347,0.2852078695426595,0.28518742529998403,0.28519048614126086,0.28519414534700577,0.28519057755736954,0.28517865402818154,0.2851749057310958,0.0,0.0,0.285259537862438,0.2852321661695289,0.2852204928058348,0.2852551915995857,0.28523474031586604,0.2851967156646153,0.2852165960150262,0.28519769637075215,0.28518235700675637,0.2851816507860831,0.28525574715843627,0.2852169998653536,0.2852216110002762,0.2852514949329912,0.28521984229945846,0.28521754580680564,0.2851786982641092,0.28518003369188855,0.28516591939903313,0.28516521222449936
0.2852530430237123,0.28525011013023593,0.2852368750524116,0.2852333208240325,0.2852288537978217,0.28523221505537116,0.2852125895113172,0.2852162804146542,0.285212898244963,0.2852099517988919,0.2851962941453863,0.28519319789862607,0.28519323425025983,0.28519533061113733,0.2851750006713589,0.28517806518863176,0.28518156246370674,0.28517799032076024,0.2851664361319007,0.2851626834017473,0.0,0.0,0.2852474837347815,0.2852196898075251,0.2852081453457122,0.2852431323701893,0.2852222670740829,0.28518431222227275,0.28520424388256904,0.2851852941133329,0.28516973237824905,0.2851690252867565,0.2852443170410076,0.28520483730089863,0.2852100652572538,0.2852400600561115,0.28520768318745254,0.2852059951672066,0.2851662785168116,0.28516761863288936,0.2851533330740088,0.28515257133244387,0.2852390840519244
0.2852462656582774,0.2852433308304245,0.2852300311659714,0.28522647457435946,0.2852220433730712,0.28522540685282627,0.285205768354586,0.2852094616978247,0.285206060087196,0.28520311168847523,0.28518944500451127,0.28518634670603543,0.2851863657972212,0.28518846355074445,0.2851681201265269,0.28517118667938646,0.2851746692756877,0.2851710947332582,0.2851595328901097,0.28515577764116196,0.0,0.0,0.2852406928694928,0.2852128733461855,0.2852013040596641,0.2852363386309243,0.28521545231806666,0.2851774374906368,0.28519740000690297,0.2851784200385348,0.28516221492008764,0.28516150729919393,0.28523775377804017,0.2851978969730657,0.28520322531042347,0.28523349406887766,0.2852007447934292,0.28519915245150007,0.285159389040664,0.2851607307261518,0.2851457700425684,0.28514497318071214,0.28523228757004726
0.2852229587611921,0.2852200172817478,0.28520668754472817,0.28520312289315614,0.28519861997342394,0.2852019910954252,0.2851823080474753,0.2851860097816208,0.28518256739990444,0.28517961229340344,0.2851657831576346,0.285162677771704,0.28516282321739544,0.285164925743975,0.2851445361043481,0.28514760963383146,0.2851510948624362,0.2851475121694965,0.28513592410172856,0.2851321602922456,0.0,0.0,0.28521696403001817,0.2851894247369518,0.2851776247371408,0.285212599750029,0.28519200956933877,0.28515372351108054,0.28517371173627304,0.28515470831010814,0.28513977528242485,0.28513906611916523,0.2852133873678787,0.2851741954360367,0.28517874799115017,0.28520911757438927,0.2851770497876063,0.2851746654784934,0.2851356152007677,0.2851369600973616,0.2851232832420483,0.28512247359939463,0.2852081839661407,0.2852076580081666,0.28518574570658933,0.2851682861604661
0.28521949816253367,0.2852165556955419,0.285203221493741,0.28519965564552524,0.2851951299712061,0.2851985022317831,0.28517881254664457,0.2851825155309049,0.2851790607120567,0.2851761046043846,0.2851622707940136,0.28515916435610633,0.28515930866616124,0.2851614119052287,0.2851410153669229,0.28514408993782664,0.28514757514481254,0.28514399122809286,0.28513239925156175,0.28512863415719397,0.0,0.0,0.2852134759466417,0.28518592161989736,0.28517410626341333,0.28520911019070677,0.28518850732774775,0.2851502058729175,0.2851701919330678,0.28515119100644953,0.28513625050504793,0.28513554109615635,0.2852098980851933,0.28517068717157035,0.285175229910762,0.2852056268477469,0.2851735424897974,0.28517114600913623,0.28513209132598455,0.2851334367061191,0.28511974634606324,0.28511893393895,0.28520467807029265,0.28520396154665256,0.2851822092677353,0.28516477868107115
0.285177621586933,0.28517466717127965,0.28516133519992715,0.28515775489253753,0.2851530345641747,0.2851564205560708,0.2851366905557184,0.2851404086022498,0.285136826369521,0.2851338582054392,0.28512010011371014,0.2851169810471174,0.2851169664530128,0.285119078274741,0.2850985986351818,0.285101685751077,0.28510518517171307,0.28510158663140056,0.28508974404727955,0.2850859635178974,0.0,0.0,0.28517191629110533,0.2851437174709202,0.285131953737589,0.2851675329519937,0.28514631372456767,0.2851079506539558,0.2851280234818052,0.28510893979550417,0.28509264061835493,0.28509192823386725,0.2851689577602525,0.285128755753236,0.28513336047389065,0.28516466958285835,0.2851316226235722,0.28512926006660005,0.2850897806533037,0.2850911315059714,0.28507604856478724,0.2850752322599413,0.2851633878345486,0.2851624830121115,0.2851398982670824,0.28512219938773664,0.28514051462209583,0.28512165036582543,0.28510499359233454
0.28515810385202023,0.2851551438683797,0.28514173047350544,0.28513814339978966,0.2851334076117841,0.2851368000047239,0.285116992961605,0.2851207180504444,0.28511713260981547,0.2851141588248982,0.2851002424782426,0.2850971174660598,0.2850972254840186,0.2850993413064537,0.2850786825443874,0.2850817755494888,0.28508542199827214,0.2850818166413967,0.28507015550684695,0.2850663678905878,0.0,0.0,0.2851519951316057,0.28512407061596895,0.28511207532571464,0.28514760336573447,0.2851266717779883,0.28508803073717115,0.2851081375611515,0.2850890217678259,0.2850740295807126,0.2850733159269248,0.2851481650756783,0.2851087453037745,0.2851132058844223,0.28514386829643906,0.2851116176859766,0.2851090975333083,0.28506980793329273,0.2850711613683255,0.2850572098822651,0.28505639201249927,0.2851431131408252,0.28514201829225616,0.2851202119628061,0.28510266878261675,0.28512105047790315,0.28510192515608196,0.2850847189911379
0.2851124370719022,0.2851094640630415,0.28509604838706026,0.2850924455498049,0.2850875085913848,0.2850909159507038,0.2850710216651847,0.2850747631865289,0.2850710641714752,0.2850680772406433,0.28505423236188154,0.2850510935764728,0.2850509970709043,0.2850531222601561,0.2850325131921619,0.28503561984689985,0.285039114556954,0.28503549323120925,0.2850237805882054,0.285019976197403,0.0,0.0,0.2851066445652823,0.28507807938821983,0.28506610794912496,0.2851022336195951,0.2850806920379815,0.2850418688901827,0.2850621528244592,0.2850428642977381,0.28502646360426354,0.2850257467073877,0.28510366759540884,0.28506302338381057,0.28506805473958147,0.2850993524113246,0.2850659083576254,0.28506392859584345,0.28502358398871563,0.28502494339819373,0.2850097663707147,0.2850089447848086,0.2850980287271425,0.2850967416349509,0.2850741224467684,0.28505629582158387,0.285075179475063,0.2850553612614746,0.2850387622620286,0.2850394064060213,0.2850220902711943
0.08,0.08,0.08,0.08,0.08,0.08,0.08,0.08,0.08,0.08,0.08,0.08,0.08,0.08,0.08,0.08,0.08,0.08,0.08,0.08,0.0,0.0,0.08,0.08,0.08,0.08,0.08,0.08,0.08,0.08,0.08,0.08,0.08,0.08,0.08,0.08,0.08,0.08,0.08,0.08,0.08,0.08,0.08,0.08,0.08,0.08,0.08,0.08,0.08,0.08,0.08
0.08,0.08,0.08,0.08,0.08,0.08,0.08,0.08,0.08,0.08,0.08,0.08,0.08,0.08,0.08,0.08,0.08,0.08,0.08,0.08,0.0,0.0,0.08,0.08,0.08,0.08,0.08,0.08,0.08,0.08,0.08,0.08,0.08,0.08,0.08,0.08,0.08,0.08,0.08,0.08,0.08,0.08,0.08,0.08,0.08,0.08,0.08,0.08,0.08,0.08,0.08
0.08,0.08,0.08,0.08,0.08,0.08,0.08,0.08,0.08,0.08,0.08,0.08,0.08,0.08,0.08,0.08,0.08,0.08,0.08,0.08,0.0,0.0,0.08,0.08,0.08,0.08,0.08,0.08,0.08,0.08,0.08,0.08,0.08,0.08,0.08,0.08,0.08,0.08,0.08,0.08,0.08,0.08,0.08,0.08,0.08,0.08,0.08,0.08,0.08,0.08,0.08
0.08,0.08,0.08,0.08,0.08,0.08,0.08,0.08,0.08,0.08,0.08,0.08,0.08,0.08,0.08,0.08,0.08,0.08,0.08,0.08,0.0,0.0,0.08,0.08,0.08,0.08,0.08,0.08,0.08,0.08,0.08,0.08,0.08,0.08,0.08,0.08,0.08,0.08,0.08,0.08,0.08,0.08,0.08,0.08,0.08,0.08,0.08,0.08,0.08,0.08,0.08
0.08,0.08,0.08,0.08,0.08,0.08,0.08,0.08,0.08,0.08,0.08,0.08,0.08,0.08,0.08,0.08,0.08,0.08,0.08,0.08,0.0,0.0,0.08,0.08,0.08,0.08,0.08,0.08,0.08,0.08,0.08,0.08,0.08,0.08,0.08,0.08,0.08,0.08,0.08,0.08,0.08,0.08,0.08,0.08,0.08,0.08,0.08,0.08,0.08,0.08,0.08
0.08,0.08,0.08,0.08,0.08,0.08,0.08,0.08,0.08,0.08,0.08,0.08,0.08,0.08,0.08,0.08,0.08,0.08,0.08,0.08,0.0,0.0,0.08,0.08,0.08,0.08,0.08,0.08,0.08,0.08,0.08,0.08,0.08,0.08,0.08,0.08,0.08,0.08,0.08,0.08,0.08,0.08,0.08,0.08,0.08,0.08,0.08,0.08,0.08,0.08,0.08
0.08,0.08,0.08,0.08,0.08,0.08,0.08,0.08,0.08,0.08,0.08,0.08,0.08,0.08,0.08,0.08,0.08,0.08,0.08,0.08,0.0,0.0,0.08,0.08,0.08,0.08,0.08,0.08,0.08,0.08,0.08,0.08,0.08,0.08,0.08,0.08,0.08,0.08,0.08,0.08,0.08,0.08,0.08,0.08,0.08,0.08,0.08,0.08,0.08,0.08,0.08
0.08,0.08,0.08,0.08,0.08,0.08,0.08,0.08,0.08,0.08,0.08,0.08,0.08,0.08,0.08,0.08,0.08,0.08,0.08,0.08,0.0,0.0,0.08,0.08,0.08,0.08,0.08,0.08,0.08,0.08,0.08,0.08,0.08,0.08,0.08,0.08,0.08,0.08,0.08,0.08,0.08,0.08,0.08,0.08,0.08,0.08,0.08,0.08,0.08,0.08,0.08
0.28508573139687965,0.28508275077258355,0.2850693008134212,0.28506568874835614,0.2850606449112415,0.28506406102815574,0.2850441156931952,0.2850478668300326,0.2850440928315558,0.28504109820595797,0.2850272177433738,0.28502407087283893,0.2850239369437754,0.2850260676147638,0.2850054054716451,0.2850085201388383,0.2850120140890175,0.28500838341959606,0.28499664063972113,0.2849928264338251,0.0,0.0,0.2850795267246748,0.2850511872337938,0.285038945552257,0.28507510431233524,0.2850538065994206,0.2850146045378918,0.2850349801713679,0.2850156025300585,0.2850005048046126,0.284999786138186,0.28507590283134215,0.2850358713731609,0.28504008425852284,0.28507157616528844,0.28503876382316645,0.2850359470944052,0.28499633116678114,0.2849976940980891,0.28498378412437125,0.28498296050871913,0.28507054592232933,0.285069053258808,0.2850471805911542,0.2850294759951297,0.28504847445568116,0.28502833512413167,0.2850111068888282,0.2850119870610557,0.28499791571524985
0.285047382363923,0.28504439080606875,0.2850308346690085,0.2850272093358478,0.2850220853897767,0.2850255140746994,0.28500553570964954,0.2850093006312828,0.2850053789990253,0.2850023733307557,0.2849883081240024,0.28498514961060817,0.28498508028259933,0.2849872188234775,0.28496648048346096,0.28496960665377724,0.2849730688550765,0.28496942476117776,0.2849576386814521,0.2849538103737946,0.0,0.0,0.2850415018717278,0.2850125426823227,0.2850003378624834,0.28503706338437096,0.285015171696658,0.28497584289630595,0.28499635790698735,0.28497684456218747,0.28496028375779625,0.28495956235020525,0.28503850650880347,0.28499727632542743,0.2850017627825728,0.28503416438137597,0.2850001793999557,0.28499761052344985,0.2849572921907639,0.2849586601657609,0.2849434816616932,0.2849426549031011,0.2850327947956377,0.28503112181241,0.28500843956905547,0.2849904657157922,0.28500994264380114,0.28498914044196033,0.2849725622791271,0.28497365024720345,0.28495603929462465,0.2849553135415886
0.2850148523968873,0.2850118515664847,0.28499825351096963,0.2849946169419944,0.2849893702048159,0.2849928095505959,0.2849727288128081,0.2849765054539973,0.28497253238054043,0.2849695173451512,0.28495540840561506,0.28495224004979924,0.2849521179723653,0.2849542631878845,0.2849334602241369,0.28493659615051875,0.284940043042839,0.2849363875673364,0.28492456477759504,0.2849207245141246,0.0,0.0,0.2850085547861108,0.2849797951434038,0.28496729741348487,0.28500410237330653,0.28498243233235393,0.28494267096823517,0.28496330498770656,0.28494367577738183,0.28492838405315735,0.2849276604719894,0.2850049065219939,0.2849642580176076,0.2849684441015042,0.2850005505057096,0.28496717017954537,0.28496427872079944,0.28492419526426577,0.28492556751434334,0.28491154924700096,0.28491071999869605,0.28499947446339036,0.28499760149551273,0.2849756404968136,0.28495776321018124,0.28497736962707576,0.2849562394301571,0.2849389944335308,0.2849403093173498,0.2849259456742323,0.284924998857362
0.28497443573724524,0.284971423388724,0.2849577732640215,0.2849541227382191,0.28494874781108276,0.28495220039154207,0.28493204250909343,0.28493583368140746,0.28493176509373186,0.28492873843497435,0.2849145752296385,0.2849113946606771,0.2849112194264273,0.28491337292179975,0.2848924897935633,0.2848956378222768,0.2848990719513759,0.2848954023592219,0.2848831397701711,0.28487928453538996,0.0,0.0,0.2849684603623167,0.28493908272968477,0.28492663350820624,0.28496399100685055,0.2849417300792613,0.2849018638850616,0.28492262573823457,0.2849028725601031,0.2848861449625665,0.2848854185039533,0.2849654443873211,0.28492371012997114,0.2849286066329742,0.28496107206255805,0.2849266334491896,0.28492442556687503,0.2848831836028258,0.2848845611491481,0.2848692254540779,0.28486839290700144,0.2849596498870107,0.28495757181679954,0.2849348216371541,0.28491669055476676,0.2849367829574709,0.2849149628450813,0.28489839453973903,0.28489993944767156,0.28488210747406223,0.2848809361426968
0.28493761190238326,0.2849345890620571,0.28492094012063074,0.28491727689837887,0.2849117248345478,0.28491518947421673,0.28489496129971925,0.2848987657125299,0.2848946013272689,0.2848915640750225,0.2848773514128807,0.2848741597129188,0.28487393020596374,0.2848760912487272,0.2848549916622256,0.2848581507649914,0.2848617135385354,0.2848580310774902,0.28484612125151726,0.28484225264109403,0.0,0.0,0.2849312136366668,0.28490202259128306,0.28488927165398786,0.28492672854551515,0.28490467918784285,0.2848643594241338,0.2848852497891043,0.28486537165136455,0.2848499154366259,0.28484918651053354,0.2849273028588961,0.28488637136653283,0.284890427033575,0.2849229147750655,0.2848893049576162,0.28488623093833787,0.2848457475679416,0.2848471299476228,0.28483273644666607,0.2848319010563179,0.28492202145368756,0.284919737029437,0.28489770351779015,0.28487966338274784,0.2848998995983365,0.2848777293216675,0.2848604857272262,0.28486226293671585,0.2848477006055394,0.28484629873944944
0.28489829778177334,0.28489526374265384,0.2848815733318593,0.2848778965428892,0.28487220404240493,0.2848756815519414,0.2848553783610003,0.2848591969043661,0.28485493453652877,0.28485188597989913,0.2848376205429305,0.28483441696501294,0.28483413224349813,0.2848363013395752,0.2848151232494067,0.28481829412350784,0.2848218432036857,0.28481814701162783,0.28480619290046766,0.28480230986632477,0.0,0.0,0.2848922244893874,0.28486241184993627,0.28484970907172374,0.28488772293016923,0.2848650783276297,0.28482465407306967,0.28484567228511837,0.28482567006007875,0.284808768551365,0.28480803682353373,0.28488918701357613,0.28484704632314484,0.2848516967158044,0.28488478318486876,0.28484999073004497,0.28484748537814003,0.28480583861954534,0.2848072261506731,0.28479159999527376,0.28479076140026277,0.2848833029630005,0.28488080910963687,0.2848579827206253,0.2848396881343562,0.2848604172498807,0.28483754386612503,0.2848209846868292,0.28482299897346075,0.28480494806443646,0.2848033109265448
0.28486368406279755,0.284860640165988,0.284846905382077,0.2848432166483555,0.2848373938206884,0.28484088266359414,0.2848205134129544,0.28482434439985604,0.28481998492844324,0.28481692641396655,0.28480275051833037,0.28479953651797746,0.2847990597175663,0.2848012359091569,0.2847801330439128,0.28478331424672976,0.2847867033072423,0.2847829950160053,0.2847710018833687,0.2847671061396711,0.0,0.0,0.2848571859906356,0.2848275660718416,0.28481456100344044,0.2848526696352758,0.2848302412400912,0.2847893661341948,0.28481051096307863,0.2847903854619414,0.2847747679617864,0.28477403391933537,0.2848534857922288,0.2848119246242797,0.284815724704657,0.2848490672193221,0.28481487868878097,0.2848114992132592,0.28477070281848293,0.28477209488392485,0.284757690246295,0.284756849010196,0.28484787985146215,0.2848451761201282,0.2848230765472625,0.28480487717759106,0.28482575066518645,0.2848025234741585,0.28478528527526475,0.2847875395696628,0.2847727858779591,0.28477091153170564
0.2848252940747267,0.28482223924715827,0.28480839709824407,0.2848046950994912,0.28479879666857194,0.2848022980750299,0.2847818966783572,0.2847857414448135,0.28478124095295826,0.2847781714019709,0.2847638079546101,0.2847605823171295,0.2847601845689672,0.28476236862364473,0.2847410447195073,0.28474423745820787,0.284747755911098,0.2847440342126687,0.28473159797438413,0.2847276880027773,0.0,0.0,0.28481912399258774,0.28478887919982054,0.2847759222389783,0.28481459156782124,0.2847915640144813,0.28475058464015307,0.2847718576317854,0.284751607638563,0.28473453577723434,0.28473379899654844,0.2848160659124044,0.28477328951968717,0.28477737815271603,0.2848116318888841,0.28477625420555164,0.28477313757663203,0.28473163957490005,0.28473303668038064,0.2847172488998053,0.2847164045145986,0.28481008944925473,0.28480717511417425,0.2847842764222259,0.2847658218364905,0.2847871921132722,0.28476325441720374,0.2847467057515832,0.2847492043517784,0.2847309399085081,0.2847288214749763
0.2847893649324919,0.28478629987710824,0.2847724698528991,0.28476875548096037,0.2847626657543936,0.2847661789190095,0.28474566790483785,0.28474952559586914,0.2847449665453299,0.28474188666362055,0.284727611968586,0.2847243755171582,0.28472378316628255,0.2847259745820396,0.28470457892445894,0.28470778242264605,0.2847112846038364,0.284707550353409,0.28469507228628754,0.2846911491290268,0.0,0.0,0.28478276723387025,0.28475271160626997,0.28473944718492084,0.28477821946304094,0.2847554054371561,0.2847139650553359,0.2847353688297004,0.2847149915190052,0.28469920960864004,0.28469847042417,0.2847788022560412,0.2847369612756906,0.2847406192520205,0.2847743528498412,0.2847399359464948,0.2847363642190404,0.2846951713247677,0.28469657313441354,0.28468178933069976,0.2846809421849356,0.2847733432106945,0.28477022153270043,0.284748045558152,0.28472968304323293,0.2847512019983889,0.284726902210577,0.2847096683906469,0.2847124118388818,0.28469746726270967,0.28469510208097226
0.2847480983379595,0.2847450215380745,0.2847311386501267,0.2847274100471861,0.28472118429185356,0.28472471095274204,0.28470416265405907,0.2847080351486079,0.2847033324664633,0.28470024073039024,0.2846859112236369,0.28468266231655454,0.2846820108752733,0.284684210736238,0.2846627327584185,0.2846659486007214,0.2846694358694087,0.2846656872196523,0.28465316116848877,0.2846492228849982,0.0,0.0,0.2847418311939026,0.28471113805653997,0.28469791826296387,0.2847372661480997,0.28471384224889895,0.2846722843927374,0.28469382425847906,0.2846733147996656,0.28465606319063813,0.2846553210709394,0.28473851055105015,0.2846955556772978,0.28469938494644875,0.28473404451602374,0.2846985417259289,0.2846951137002194,0.28465335776148604,0.2846547649635459,0.28463865129435445,0.28463780079104584,0.28473267834129407,0.28472935521899884,0.2847063563398195,0.284687730129573,0.2847097519586541,0.28468473622118406,0.28466818658190535,0.28467117952829013,0.28465269587500347,0.2846500780427339
0.28471178789516166,0.2847087007636941,0.2846947713725532,0.2846910302506766,0.2846846727054059,0.2846882112428185,0.2846675938609978,0.284671479395356,0.284666676875311,0.28466357470482734,0.2846491969526863,0.2846459370819357,0.2846452264668338,0.2846474337628484,0.2846258833121981,0.28462911002208896,0.28463258055628543,0.2846288192283223,0.2846166550533204,0.28461270359741997,0.0,0.0,0.2847050934594198,0.2846745910798254,0.28466106191567725,0.2847005129139209,0.2846773043787482,0.28463527979737474,0.2846569540259397,0.2846363137043537,0.284620360822002,0.28461961627406124,0.2847011001456603,0.28465872717068147,0.28466167112775487,0.28469661867453444,0.28466172333703765,0.2846573850560239,0.28461635003765684,0.2846177620112296,0.2846028143946414,0.2846019611027131,0.2846955501060595,0.2846920413150721,0.2846697478873409,0.28465121061862286,0.2846733735121409,0.2846480105662758,0.28463075774891655,0.284634000023207,0.28461885957753275,0.28461599005311966
0.2846667646975883,0.28466366475856897,0.2846496186995423,0.28464586203826486,0.2846394303591994,0.2846429836094922,0.28462223895556815,0.2846261406587567,0.28462127773911816,0.28461816264844936,0.28460358661345175,0.28460031312582923,0.28459968113597556,0.28460189763557703,0.28458025747443016,0.28458349763691354,0.28458695381580745,0.284583176796143,0.2845709620182714,0.2845669940791217,0.0,0.0,0.2846603758553092,0.28462925601379374,0.28461576978172126,0.28465577644799045,0.2846319806062827,0.2845898238621248,0.28461164483282525,0.28459086206745776,0.2845734222992168,0.28457267455961355,0.2846572730708605,0.2846134358667036,0.284617801560307,0.2846527735204104,0.2846164444726775,0.28461349824742294,0.28457059769470994,0.2845720155658054,0.28455587881048083,0.28455502186720155,0.28465107630767933,0.2846474073041099,0.2846243014828925,0.2846054870394051,0.28462814459259134,0.2846020896194693,0.2845854991854172,0.2845889923920414,0.28457028358237657,0.28456715424658996,0.28463830493250114
0.2846340744190141,0.28463096518289577,0.28461687710142486,0.2846131091746713,0.28460655904423465,0.2846101229818345,0.28458931603829624,0.28459322947561844,0.2845882735849191,0.2845851491037669,0.2845705292340562,0.28456724587954346,0.2845665554007134,0.28456877859263385,0.2845470731999178,0.2845503231443436,0.28455376076013583,0.28454997232758744,0.2845377207459813,0.28453374081824834,0.0,0.0,0.28462726263196664,0.2845963588177594,0.2845825707062732,0.284622649260789,0.2845990916034597,0.2845564807919665,0.2845784332559707,0.28455752214950647,0.28454139489862557,0.2845406449817809,0.2846234836611419,0.28458025970384637,0.28458376024353377,0.28461897017528925,0.28458327741978073,0.28457944355520914,0.2845373343092381,0.2845387564670041,0.2845237221975635,0.28452286275325517,0.2846175781202592,0.2846137934872284,0.2845913589971989,0.28457263100167224,0.28459538457385364,0.2845690632437524,0.2845517314830508,0.28455546714476376,0.2845401366453473,0.28453675103861914,0.2846045867805492
0.28457969497613567,0.28457657027855565,0.28456241231335383,0.2845586256516659,0.284551876575517,0.28455545828713635,0.2845345477513409,0.28453848070363846,0.2845333900036227,0.28453024991086595,0.28451555716764365,0.28451225740951785,0.28451150873910686,0.28451374304904925,0.28449192928780825,0.2844951954830655,0.2844986215241367,0.28449481413788485,0.28448218993788515,0.2844781899880897,0.0,0.0,0.28457322314913364,0.2845415427615075,0.28452775996914853,0.2845685869954246,0.2845442891958408,0.28450151805688423,0.2845236018848131,0.28450256460915196,0.2844849231298702,0.2844841693750582,0.2845700958459557,0.28452559607206634,0.2845298083432763,0.28456556034768304,0.28452862879433927,0.2845254704618698,0.2844821376014232,0.28448356687053594,0.2844672387967195,0.2844663749604937,0.28456381462803637,0.28455994989609146,0.28453641024621484,0.284517339800771,0.2845405798443566,0.2845136333832775,0.2844969692537655,0.2845009439807346,0.28448201106393955,0.2844783602427255,0.28455096123366025,0.28453839374273293,0.28450580034118556
0.2845455390319502,0.2845424046255383,0.2845282624559986,0.2845244640504738,0.2845175532561274,0.284521146121245,0.284500212736767,0.2845041579200164,0.28449894244605534,0.2844957925573318,0.28448119418093754,0.2844778841716741,0.2844769414853828,0.284479182775155,0.2844574496916448,0.28446072604526196,0.28446398583151267,0.28446016654270184,0.284447815460393,0.2844438031199546,0.0,0.0,0.2845386070607569,0.2845071727165104,0.28449312179069935,0.2845339563171096,0.2845099277063457,0.2844667350472778,0.2844889506699808,0.28446778488613034,0.28445146193253035,0.28445070590422167,0.2845345530671057,0.28449129828153435,0.2844937409057201,0.28453000291803193,0.2844943404167777,0.2844893888594779,0.2844475141387452,0.2844489478674208,0.2844338737528335,0.2844330073229578,0.28452877719430647,0.2845248688657691,0.28450199430679185,0.28448304499925176,0.28450625159298043,0.28447925173362093,0.2844617715407295,0.284465955335836,0.2844504394367749,0.2844465363898804,0.28451545985874,0.2845037412853931,0.28447107254645926,0.2845147882858083
0.2844929616162804,0.2844898122686093,0.28447554289178495,0.28447172636117674,0.28446467763713107,0.28446828767990995,0.28444721202525847,0.2844511760836948,0.28444585589669624,0.2844426909155276,0.28442788199907054,0.2844245560899342,0.2844236678144522,0.2844259198584327,0.28440393324527896,0.284407225361731,0.28441062355348223,0.2844067859315508,0.2843940617611974,0.2843900300497838,0.0,0.0,0.2844863594413053,0.28445423030409217,0.28444012500532256,0.28448168668213053,0.28445699846908257,0.2844133568225479,0.2844359339440283,0.2844144117036836,0.2843980128279662,0.28439725316904224,0.28448320771760366,0.2844379232257916,0.2844421899009836,0.2844786364093821,0.2844409800058876,0.2844378176148184,0.2843939621606166,0.2843954027850604,0.2843801110072653,0.28437924039917867,0.2844767961500287,0.2844728543440753,0.284449001255674,0.2844295744439234,0.28445331835195126,0.28442572319330267,0.2844082671977536,0.2844126245360302,0.2843970982642489,0.2843929476596836,0.2844637952520636,0.2844509777291451,0.28441793743369004,0.2844629095897169,0.2844515201644807,0.2844173767958334,0.2844095509820569
0.08,0.08,0.08,0.08,0.08,0.08,0.08,0.08,0.08,0.08,0.08,0.08,0.08,0.08,0.08,0.08,0.08,0.08,0.08,0.08,0.0,0.0,0.08,0.08,0.08,0.08,0.08,0.08,0.08,0.08,0.08,0.08,0.08,0.08,0.08,0.08,0.08,0.08,0.08,0.08,0.08,0.08,0.08,0.08,0.08,0.08,0.08,0.08,0.08,0.08,0.08,0.08,0.08,0.08,0.08,0.08,0.08,0.08,0.08
0.08,0.08,0.08,0.08,0.08,0.08,0.08,0.08,0.08,0.08,0.08,0.08,0.08,0.08,0.08,0.08,0.08,0.08,0.08,0.08,0.0,0.0,0.08,0.08,0.08,0.08,0.08,0.08,0.08,0.08,0.08,0.08,0.08,0.08,0.08,0.08,0.08,0.08,0.08,0.08,0.08,0.08,0.08,0.08,0.08,0.08,0.08,0.08,0.08,0.08,0.08,0.08,0.08,0.08,0.08,0.08,0.08,0.08,0.08
0.08,0.08,0.08,0.08,0.08,0.08,0.08,0.08,0.08,0.08,0.08,0.08,0.08,0.08,0.08,0.08,0.08,0.08,0.08,0.08,0.0,0.0,0.08,0.08,0.08,0.08,0.08,0.08,0.08,0.08,0.08,0.08,0.08,0.08,0.08,0.08,0.08,0.08,0.08,0.08,0.08,0.08,0.08,0.08,0.08,0.08,0.08,0.08,0.08,0.08,0.08,0.08,0.08,0.08,0.08,0.08,0.08,0.08,0.08
0.08,0.08,0.08,0.08,0.08,0.08,0.08,0.08,0.08,0.08,0.08,0.08,0.08,0.08,0.08,0.08,0.08,0.08,0.08,0.08,0.0,0.0,0.08,0.08,0.08,0.08,0.08,0.08,0.08,0.08,0.08,0.08,0.08,0.08,0.08,0.08,0.08,0.08,0.08,0.08,0.08,0.08,0.08,0.08,0.08,0.08,0.08,0.08,0.08,0.08,0.08,0.08,0.08,0.08,0.08,0.08,0.08,0.08,0.08
0.08,0.08,0.08,0.08,0.08,0.08,0.08,0.08,0.08,0.08,0.08,0.08,0.08,0.08,0.08,0.08,0.08,0.08,0.08,0.08,0.0,0.0,0.08,0.08,0.08,0.08,0.08,0.08,0.08,0.08,0.08,0.08,0.08,0.08,0.08,0.08,0.08,0.08,0.08,0.08,0.08,0.08,0.08,0.08,0.08,0.08,0.08,0.08,0.08,0.08,0.08,0.08,0.08,0.08,0.08,0.08,0.08,0.08,0.08
0.08,0.08,0.08,0.08,0.08,0.08,0.08,0.08,0.08,0.08,0.08,0.08,0.08,0.08,0.08,0.08,0.08,0.08,0.08,0.08,0.0,0.0,0.08,0.08,0.08,0.08,0.08,0.08,0.08,0.08,0.08,0.08,0.08,0.08,0.08,0.08,0.08,0.08,0.08,0.08,0.08,0.08,0.08,0.08,0.08,0.08,0.08,0.08,0.08,0.08,0.08,0.08,0.08,0.08,0.08,0.08,0.08,0.08,0.08
0.08,0.08,0.08,0.08,0.08,0.08,0.08,0.08,0.08,0.08,0.08,0.08,0.08,0.08,0.08,0.08,0.08,0.08,0.08,0.08,0.0,0.0,0.08,0.08,0.08,0.08,0.08,0.08,0.08,0.08,0.08,0.08,0.08,0.08,0.08,0.08,0.08,0.08,0.08,0.08,0.08,0.08,0.08,0.08,0.08,0.08,0.08,0.08,0.08,0.08,0.08,0.08,0.08,0.08,0.08,0.08,0.08,0.08,0.08
0.08,0.08,0.08,0.08,0.08,0.08,0.08,0.08,0.08,0.08,0.08,0.08,0.08,0.08,0.08,0.08,0.08,0.08,0.08,0.08,0.0,0.0,0.08,0.08,0.08,0.08,0.08,0.08,0.08,0.08,0.08,0.08,0.08,0.08,0.08,0.08,0.08,0.08,0.08,0.08,0.08,0.08,0.08,0.08,0.08,0.08,0.08,0.08,0.08,0.08,0.08,0.08,0.08,0.08,0.08,0.08,0.08,0.08,0.08
