1,3,4,5,6,7,8,9,10,11,12,13,14,15,16,17,18,19,20,21,22,23,24,25,26,27,28,29,30,31,32,33,34,35,36,37,38,39,40,41,42,43,44,45,46,47,48,2,49,50,51,52,53,54,55,56,57,58,59,60,61,62,63,64,65,66,67,68,69,70,71,72,73,74,75,76,77,78,79,80,81,82,83,84
1,3,4,5,6,7,8,9,10,11,12,13,14,15,16,17,18,19,20,21,22,23,24,25,26,27,28,29,30,31,32,33,34,35,36,37,38,39,40,41,42,43,44,45,46,47,48,2,49,50,51,52,53,54,55,56,57,58,59,60,61,62,63,64,65,66,67,68,69,70,71,72,73,74,75,76,77,78,79,80,81,82,83,84
1,3,4,5,6,7,8,9,10,11,12,13,14,15,16,17,18,19,20,21,22,23,24,25,26,27,28,29,30,31,32,33,34,35,36,37,38,39,40,41,42,43,44,45,46,47,48,2,49,50,51,52,53,54,55,56,57,58,59,60,61,62,63,64,65,66,67,68,69,70,71,72,73,74,75,76,77,78,79,80,81,82,83,84
1,3,4,5,6,7,8,9,10,11,12,13,14,15,16,17,18,19,20,21,22,23,24,25,26,27,28,29,30,31,32,33,34,35,36,37,38,39,40,41,42,43,44,45,46,47,48,85,2,49,50,51,52,53,54,55,56,57,58,59,60,61,62,63,64,65,66,67,68,69,70,71,72,73,74,75,76,77,78,79,80,81,82,83,84
1,3,4,5,6,7,8,9,10,11,12,13,14,15,16,17,18,19,20,21,22,23,24,25,26,27,28,29,30,31,32,33,34,35,36,37,38,39,40,41,42,43,44,45,46,47,48,85,2,49,50,51,52,53,54,55,56,57,58,59,60,61,62,63,64,65,66,67,68,69,70,71,72,73,74,75,76,77,78,79,80,81,82,83,84
1,3,4,5,6,7,8,9,10,11,12,13,14,15,16,17,18,19,20,21,22,23,24,25,26,27,28,29,30,31,32,33,34,35,36,37,38,39,40,41,42,43,44,45,46,47,48,85,2,49,50,51,52,53,54,55,56,57,58,59,60,61,62,63,64,65,66,67,68,69,70,71,72,73,74,75,76,77,78,79,80,81,82,83,84
1,3,4,5,6,7,8,9,10,11,12,13,14,15,16,17,18,19,20,21,22,23,24,25,26,27,28,29,30,31,32,33,34,35,36,37,38,39,40,41,42,43,44,45,46,47,48,85,2,49,50,51,52,53,54,55,56,57,58,59,60,61,62,63,64,65,66,67,68,69,70,71,72,73,74,75,76,77,78,79,80,81,82,83,84
1,3,4,5,6,7,8,9,10,11,12,13,14,15,16,17,18,19,20,21,22,23,24,25,26,27,28,29,30,31,32,33,34,35,36,37,38,39,40,41,42,43,44,45,46,47,48,85,2,49,50,51,52,53,54,55,56,57,58,59,60,61,62,63,64,65,66,67,68,69,70,71,72,73,74,75,76,77,78,79,80,81,82,83,84
1,3,4,5,6,7,8,9,10,11,12,13,14,15,16,17,18,19,20,21,22,23,24,25,26,27,28,29,30,31,32,33,34,35,36,37,38,39,40,41,42,43,44,45,46,47,48,85,2,49,50,51,52,53,54,55,56,57,58,59,60,61,62,63,64,65,66,67,68,69,70,71,72,73,74,75,76,77,78,79,80,81,82,83,84
1,3,4,5,6,7,8,9,10,11,12,13,14,15,16,17,18,19,20,21,22,23,24,25,26,27,28,29,30,31,32,33,34,35,36,37,38,39,40,41,42,43,44,45,46,47,48,85,2,49,50,51,52,53,54,55,56,57,58,59,60,61,62,63,64,65,66,67,68,69,70,71,72,73,74,75,76,77,78,79,80,81,82,83,84
1,3,4,5,6,7,8,9,10,11,12,13,14,15,16,17,18,19,20,21,22,23,24,25,26,27,28,29,30,31,32,33,34,35,36,37,38,39,40,41,42,43,44,45,46,47,48,85,2,49,50,51,52,53,54,55,56,57,58,59,60,61,62,63,64,65,66,67,68,69,70,71,72,73,74,75,76,77,78,79,80,81,82,83,84
1,3,4,5,6,7,8,9,10,11,12,13,14,15,16,17,18,19,20,21,22,23,24,25,26,27,28,29,30,31,32,33,34,35,36,37,38,39,40,41,42,43,44,45,46,47,48,85,2,49,50,51,52,53,54,55,56,57,58,59,60,61,62,63,64,65,66,67,68,69,70,71,72,73,74,75,76,77,78,79,80,81,82,83,84
1,3,4,5,6,7,8,9,10,11,12,13,14,15,16,17,18,19,20,21,22,23,24,25,26,27,28,29,30,31,32,33,34,35,36,37,38,39,40,41,42,43,44,45,46,47,48,85,2,49,50,51,52,53,54,55,56,57,58,59,60,61,62,63,64,65,66,67,68,69,70,71,72,73,74,75,76,77,78,79,80,81,82,83,84
1,3,4,5,6,7,8,9,10,11,12,13,14,15,16,17,18,19,20,21,22,23,24,25,26,27,28,29,30,31,32,33,34,35,36,37,38,39,40,41,42,43,44,45,46,47,48,85,2,49,50,51,52,53,54,55,56,57,58,59,60,61,62,63,64,65,66,67,68,69,70,71,72,73,74,75,76,77,78,79,80,81,82,83,84
1,3,4,5,6,7,8,9,10,11,12,13,14,15,16,17,18,19,20,21,22,23,24,25,26,27,28,29,30,31,32,33,34,35,36,37,38,39,40,41,42,43,44,45,46,47,48,85,2,49,50,51,52,53,54,55,56,57,58,59,60,61,62,63,64,65,66,67,68,69,70,71,72,73,74,75,76,77,78,79,80,81,82,83,84
1,3,4,5,6,7,8,9,10,11,12,13,14,15,16,17,18,19,20,21,22,23,24,25,26,27,28,29,30,31,32,33,34,35,36,37,38,39,40,41,42,43,44,45,46,47,48,85,86,2,49,50,51,52,53,54,55,56,57,58,59,60,61,62,63,64,65,66,67,68,69,70,71,72,73,74,75,76,77,78,79,80,81,82,83,84
1,3,4,5,6,7,8,9,10,11,12,13,14,15,16,17,18,19,20,21,22,23,24,25,26,27,28,29,30,31,32,33,34,35,36,37,38,39,40,41,42,43,44,45,46,47,48,85,86,2,49,50,51,52,53,54,55,56,57,58,59,60,61,62,63,64,65,66,67,68,69,70,71,72,73,74,75,76,77,78,79,80,81,82,83,84
1,3,4,5,6,7,8,9,10,11,12,13,14,15,16,17,18,19,20,21,22,23,24,25,26,27,28,29,30,31,32,33,34,35,36,37,38,39,40,41,42,43,44,45,46,47,48,85,86,2,49,50,51,52,53,54,55,56,57,58,59,60,61,62,63,64,65,66,67,68,69,70,71,72,73,74,75,76,77,78,79,80,81,82,83,84
1,3,4,5,6,7,8,9,10,11,12,13,14,15,16,17,18,19,20,21,22,23,24,25,26,27,28,29,30,31,32,33,34,35,36,37,38,39,40,41,42,43,44,45,46,47,48,85,86,2,49,50,51,52,53,54,55,56,57,58,59,60,61,62,63,64,65,66,67,68,69,70,71,72,73,74,75,76,77,78,79,80,81,82,83,84
1,3,4,5,6,7,8,9,10,11,12,13,14,15,16,17,18,19,20,21,22,23,24,25,26,27,28,29,30,31,32,33,34,35,36,37,38,39,40,41,42,43,44,45,46,47,48,85,86,2,49,50,51,52,53,54,55,56,57,58,59,60,61,62,63,64,65,66,67,68,69,70,71,72,73,74,75,76,77,78,79,80,81,82,83,84
1,3,4,5,6,7,8,9,10,11,12,13,14,15,16,17,18,19,20,21,22,23,24,25,26,27,28,29,30,31,32,33,34,35,36,37,38,39,40,41,42,43,44,45,46,47,48,85,86,2,49,50,51,52,53,54,55,56,57,58,59,60,61,62,63,64,65,66,67,68,69,70,71,72,73,74,75,76,77,78,79,80,81,82,83,84
1,3,4,5,6,7,8,9,10,11,12,13,14,15,16,17,18,19,20,21,22,23,24,25,26,27,28,29,30,31,32,33,34,35,36,37,38,39,40,41,42,43,44,45,46,47,48,85,86,2,49,50,51,52,53,54,55,56,57,58,59,60,61,62,63,64,65,66,67,68,69,70,71,72,73,74,75,76,77,78,79,80,81,82,83,84
1,3,4,5,6,7,8,9,10,11,12,13,14,15,16,17,18,19,20,21,22,23,24,25,26,27,28,29,30,31,32,33,34,35,36,37,38,39,40,41,42,43,44,45,46,47,48,85,86,2,49,50,51,52,53,54,55,56,57,58,59,60,61,62,63,64,65,66,67,68,69,70,71,72,73,74,75,76,77,78,79,80,81,82,83,84
1,3,4,5,6,7,8,9,10,11,12,13,14,15,16,17,18,19,20,21,22,23,24,25,26,27,28,29,30,31,32,33,34,35,36,37,38,39,40,41,42,43,44,45,46,47,48,85,86,2,49,50,51,52,53,54,55,56,57,58,59,60,61,62,63,64,65,66,67,68,69,70,71,72,73,74,75,76,77,78,79,80,81,82,83,84
1,3,4,5,6,7,8,9,10,11,12,13,14,15,16,17,18,19,20,21,22,23,24,25,26,27,28,29,30,31,32,33,34,35,36,37,38,39,40,41,42,43,44,45,46,47,48,85,86,2,49,50,51,52,53,54,55,56,57,58,59,60,61,62,63,64,65,66,67,68,69,70,71,72,73,74,75,76,77,78,79,80,81,82,83,84
1,3,4,5,6,7,8,9,10,11,12,13,14,15,16,17,18,19,20,21,22,23,24,25,26,27,28,29,30,31,32,33,34,35,36,37,38,39,40,41,42,43,44,45,46,47,48,85,86,2,49,50,51,52,53,54,55,56,57,58,59,60,61,62,63,64,65,66,67,68,69,70,71,72,73,74,75,76,77,78,79,80,81,82,83,84
1,3,4,5,6,7,8,9,10,11,12,13,14,15,16,17,18,19,20,21,22,23,24,25,26,27,28,29,30,31,32,33,34,35,36,37,38,39,40,41,42,43,44,45,46,47,48,85,86,2,49,50,51,52,53,54,55,56,57,58,59,60,61,62,63,64,65,66,67,68,69,70,71,72,73,74,75,76,77,78,79,80,81,82,83,84
1,3,4,5,6,7,8,9,10,11,12,13,14,15,16,17,18,19,20,21,22,23,24,25,26,27,28,29,30,31,32,33,34,35,36,37,38,39,40,41,42,43,44,45,46,47,48,85,86,2,49,87,88,50,51,52,53,54,55,56,57,58,59,60,61,62,63,64,65,66,67,68,69,70,71,72,73,74,75,76,77,78,79,80,81,82,83,84
1,3,4,5,6,7,8,9,10,11,12,13,14,15,16,17,18,19,20,21,22,23,24,25,26,27,28,29,30,31,32,33,34,35,36,37,38,39,40,41,42,43,44,45,46,47,48,85,86,2,49,87,88,50,51,52,53,54,55,89,90,56,57,58,59,60,61,62,63,64,65,66,67,68,69,70,71,72,73,74,75,76,77,78,79,80,81,82,83,84
1,3,4,5,6,7,8,9,10,11,12,13,14,15,16,17,18,19,20,21,22,23,24,25,26,27,28,29,30,31,32,33,34,35,36,37,38,39,40,41,42,43,44,45,46,47,48,85,86,2,49,87,91,92,93,94,88,50,51,52,53,54,55,89,90,56,57,58,59,60,61,95,96,62,63,64,65,66,67,68,69,70,71,72,73,74,75,76,77,78,79,80,81,82,83,84
1,3,4,5,6,7,8,9,10,11,12,13,14,15,16,17,18,19,20,21,22,23,24,25,26,27,28,29,30,31,32,33,34,35,36,37,38,39,40,41,42,43,44,45,46,47,48,85,86,2,49,87,91,92,93,94,88,50,51,52,53,54,55,89,97,98,99,100,90,56,57,58,59,60,61,95,96,62,63,64,65,66,67,68,69,70,71,72,73,74,75,76,77,78,79,80,81,82,83,84
1,3,4,5,6,7,8,9,10,11,12,13,14,15,16,17,18,19,20,21,22,23,24,25,26,27,28,29,30,31,32,33,34,35,36,37,38,39,40,41,42,43,44,45,46,47,48,85,86,2,49,87,91,92,93,94,88,50,51,52,53,54,55,89,97,98,99,100,90,56,57,58,59,60,61,95,101,102,103,104,96,62,63,64,65,66,67,105,106,68,69,70,71,72,73,74,75,76,77,78,79,80,81,82,83,84
1,3,4,5,6,7,8,9,10,11,12,13,14,15,16,17,18,19,20,21,22,23,24,25,26,27,28,29,30,31,32,33,34,35,36,37,38,39,40,41,42,43,44,45,46,47,48,85,86,2,49,87,91,92,93,94,88,50,51,52,53,54,55,89,97,98,99,100,90,56,57,58,59,60,61,95,101,102,103,104,96,62,63,64,65,66,67,105,106,68,69,70,71,72,73,74,75,76,77,78,79,80,81,82,83,84
1,3,4,5,6,7,8,9,10,11,12,13,14,15,16,17,18,19,20,21,22,23,24,25,26,27,28,29,30,31,32,33,34,35,36,37,38,39,40,41,42,43,44,45,46,47,48,85,86,2,49,87,91,92,93,94,88,50,51,52,53,54,55,89,97,98,99,100,90,56,57,58,59,60,61,95,101,102,103,104,96,62,63,64,65,66,67,105,107,108,109,110,106,68,69,70,71,72,73,74,75,76,77,78,79,80,81,82,83,84
1,3,4,5,6,7,8,9,10,11,12,13,14,15,16,17,18,19,20,21,22,23,24,25,26,27,28,29,30,31,32,33,34,35,36,37,38,39,40,41,42,43,44,45,46,47,48,85,86,111,2,49,87,91,92,93,94,88,50,51,52,53,54,55,89,97,98,99,100,90,56,57,58,59,60,61,95,101,102,103,104,96,62,63,64,65,66,67,105,107,108,109,110,106,68,69,70,71,72,73,74,75,76,77,78,79,80,81,82,83,84
1,3,4,5,6,7,8,9,10,11,12,13,14,15,16,17,18,19,20,21,22,23,24,25,26,27,28,29,30,31,32,33,34,35,36,37,38,39,40,41,42,43,44,45,46,47,48,85,86,111,2,49,87,91,92,93,94,88,50,51,52,53,54,55,89,97,98,99,100,90,56,57,58,59,60,61,95,101,102,103,104,96,62,63,64,65,66,67,105,107,108,109,110,106,68,69,70,71,72,73,74,75,76,77,78,79,80,81,82,83,84
1,3,4,5,6,7,8,9,10,11,12,13,14,15,16,17,18,19,20,21,22,23,24,25,26,27,28,29,30,31,32,33,34,35,36,37,38,39,40,41,42,43,44,45,46,47,48,85,86,111,2,49,87,91,92,93,94,88,50,51,52,53,54,55,89,97,98,99,100,90,56,57,58,59,60,61,95,101,102,103,104,96,62,63,64,65,66,67,105,107,108,109,110,106,68,69,70,71,72,73,112,113,74,75,76,77,78,79,80,81,82,83,84
1,3,4,5,6,7,8,9,10,11,12,13,14,15,16,17,18,19,20,21,22,23,24,25,26,27,28,29,30,31,32,33,34,35,36,37,38,39,40,41,42,43,44,45,46,47,48,85,86,111,2,49,87,91,92,93,94,88,50,51,52,53,54,55,89,97,98,99,100,90,56,57,58,59,60,61,95,101,102,103,104,96,62,63,64,65,66,67,105,107,108,109,110,106,68,69,70,71,72,73,112,113,74,75,76,77,78,79,80,81,82,83,84
1,3,4,5,6,7,8,9,10,11,12,13,14,15,16,17,18,19,20,21,22,23,24,25,26,27,28,29,30,31,32,33,34,35,36,37,38,39,40,41,42,43,44,45,46,47,48,85,86,111,2,49,87,91,92,93,94,88,50,51,52,53,54,55,89,97,98,99,100,90,56,57,58,59,60,61,95,101,102,103,104,96,62,63,64,65,66,67,105,107,108,109,110,106,68,69,70,71,72,73,112,114,115,116,117,113,74,75,76,77,78,79,80,81,82,83,84
1,3,4,5,6,7,8,9,10,11,12,13,14,15,16,17,18,19,20,21,22,23,24,25,26,27,28,29,30,31,32,33,34,35,36,37,38,39,40,41,42,43,44,45,46,47,48,85,86,111,2,49,87,91,92,93,94,88,50,51,52,53,54,55,89,97,98,99,100,90,56,57,58,59,60,61,95,101,102,103,104,96,62,63,64,65,66,67,105,107,108,109,110,106,68,69,70,71,72,73,112,114,115,116,117,113,74,75,76,77,78,79,80,81,82,83,84
1,3,4,5,6,7,8,9,10,11,12,13,14,15,16,17,18,19,20,21,22,23,24,25,26,27,28,29,30,31,32,33,34,35,36,37,38,39,40,41,42,43,44,45,46,47,48,85,86,111,2,49,87,91,92,93,94,88,50,51,52,53,54,55,89,97,98,99,100,90,56,57,58,59,60,61,95,101,102,103,104,96,62,63,64,65,66,67,105,107,108,109,110,106,68,69,70,71,72,73,112,114,115,116,117,113,74,75,76,77,78,79,80,81,82,83,84
1,3,4,5,6,7,8,9,10,11,12,13,14,15,16,17,18,19,20,21,22,23,24,25,26,27,28,29,30,31,32,33,34,35,36,37,38,39,40,41,42,43,44,45,46,47,48,85,86,111,2,49,87,91,92,93,94,88,50,51,52,53,54,55,89,97,98,99,100,90,56,57,58,59,60,61,95,101,102,103,104,96,62,63,64,65,66,67,105,107,108,109,110,106,68,69,70,71,72,73,112,114,115,116,117,113,74,75,76,77,78,79,80,81,82,83,84
1,3,4,5,6,7,8,9,10,11,12,13,14,15,16,17,18,19,20,21,22,23,24,25,26,27,28,29,30,31,32,33,34,35,36,37,38,39,40,41,42,43,44,45,46,47,48,85,86,111,2,49,87,91,92,93,94,88,50,51,52,53,54,55,89,97,98,99,100,90,56,57,58,59,60,61,95,101,102,103,104,96,62,63,64,65,66,67,105,107,108,109,110,106,68,69,70,71,72,73,112,114,115,116,117,113,74,75,76,77,78,79,80,81,82,83,84
1,3,4,5,6,7,8,9,10,11,12,13,14,15,16,17,18,19,20,21,22,23,24,25,26,27,28,29,30,31,32,33,34,35,36,37,38,39,40,41,42,43,44,45,46,47,48,85,86,111,2,49,87,91,92,93,94,88,50,51,52,53,54,55,89,97,98,99,100,90,56,57,58,59,60,61,95,101,102,103,104,96,62,63,64,65,66,67,105,107,108,109,110,106,68,69,70,71,72,73,112,114,115,116,117,113,74,75,76,77,78,79,80,81,82,83,84
1,3,4,5,6,7,8,9,10,11,12,13,14,15,16,17,18,19,20,21,22,23,24,25,26,27,28,29,30,31,32,33,34,35,36,37,38,39,40,41,42,43,44,45,46,47,48,85,86,111,2,49,87,91,92,93,94,88,50,51,52,53,54,55,89,97,98,99,100,90,56,57,58,59,60,61,95,101,102,103,104,96,62,63,64,65,66,67,105,107,108,109,110,106,68,69,70,71,72,73,112,114,115,116,117,113,74,75,76,77,78,79,80,81,82,83,84
1,3,4,5,6,7,8,9,10,11,12,13,14,15,16,17,18,19,20,21,22,23,24,25,26,27,28,29,30,31,32,33,34,35,36,37,38,39,40,41,42,43,44,45,46,47,48,85,86,111,2,49,87,91,92,93,94,88,50,51,52,53,54,55,89,97,98,99,100,90,56,57,58,59,60,61,95,101,102,103,104,96,62,63,64,65,66,67,105,107,108,109,110,106,68,69,70,71,72,73,112,114,115,116,117,113,74,75,76,77,78,79,80,81,82,83,84
1,3,4,5,6,7,8,9,10,11,12,13,14,15,16,17,18,19,20,21,22,23,24,25,26,27,28,29,30,31,32,33,34,35,36,37,38,39,40,41,42,43,44,45,46,47,48,85,86,111,2,49,87,91,92,93,94,88,50,51,52,53,54,55,89,97,98,99,100,90,56,57,58,59,60,61,95,101,102,103,104,96,62,63,64,65,66,67,105,107,108,109,110,106,68,69,70,71,72,73,112,114,115,116,117,113,74,75,76,77,78,79,80,81,82,83,84
1,3,4,5,6,7,8,9,10,11,12,13,14,15,16,17,18,19,20,21,22,23,24,25,26,27,28,29,30,31,32,33,34,35,36,37,38,39,40,41,42,43,44,45,46,47,48,85,86,111,2,49,87,91,92,93,94,88,50,51,52,53,54,55,89,97,98,99,100,90,56,57,58,59,60,61,95,101,102,103,104,96,62,63,64,65,66,67,105,107,108,109,110,106,68,69,70,71,72,73,112,114,115,116,117,113,74,75,76,77,78,79,80,81,82,83,84
1,3,4,5,6,7,8,9,10,11,12,13,14,15,16,17,18,19,20,21,22,23,24,25,26,27,28,29,30,31,32,33,34,35,36,37,38,39,40,41,42,43,44,45,46,47,48,85,86,111,2,49,87,91,92,93,94,88,50,51,52,53,54,55,89,97,98,99,100,90,56,57,58,59,60,61,95,101,102,103,104,96,62,63,64,65,66,67,105,107,108,109,110,106,68,69,70,71,72,73,112,114,115,116,117,113,74,75,76,77,78,79,80,81,82,83,84
1,3,4,5,6,7,8,9,10,11,12,13,14,15,16,17,18,19,20,21,22,23,24,25,26,27,28,29,30,31,32,33,34,35,36,37,38,39,40,41,42,43,44,45,46,47,48,85,86,111,2,49,87,91,92,93,94,88,50,51,52,53,54,55,89,97,98,99,100,90,56,57,58,59,60,61,95,101,102,103,104,96,62,63,64,65,66,67,105,107,108,109,110,106,68,69,70,71,72,73,112,114,115,116,117,113,74,75,76,77,78,79,80,81,82,83,84
1,3,4,5,6,7,8,9,10,11,12,13,14,15,16,17,18,19,20,21,22,23,24,25,26,27,28,29,30,31,32,33,34,35,36,37,38,39,40,41,42,43,44,45,46,47,48,85,86,111,2,49,87,91,92,93,94,88,50,51,52,53,54,55,89,97,98,99,100,90,56,57,58,59,60,61,95,101,102,103,104,96,62,63,64,65,66,67,105,107,108,109,110,106,68,69,70,71,72,73,112,114,115,116,117,113,74,75,76,77,78,79,80,81,82,83,84
1,3,4,5,6,7,8,9,10,11,12,13,14,15,16,17,18,19,20,21,22,23,24,25,26,27,28,29,30,31,32,33,34,35,36,37,38,39,40,41,42,43,44,45,46,47,48,85,86,111,2,49,87,91,92,93,94,88,50,51,52,53,54,55,89,97,98,99,100,90,56,57,58,59,60,61,95,101,102,103,104,96,62,63,64,65,66,67,105,107,108,109,110,106,68,69,70,71,72,73,112,114,115,116,117,113,74,75,76,77,78,79,80,81,82,83,84
1,3,4,5,6,7,8,9,10,11,12,13,14,15,16,17,18,19,20,21,22,23,24,25,26,27,28,29,30,31,32,33,34,35,36,37,38,39,40,41,42,43,44,45,46,47,48,85,86,111,2,49,87,91,92,93,94,88,50,51,52,53,54,55,89,97,98,99,100,90,56,57,58,59,60,61,95,101,102,103,104,96,62,63,64,65,66,67,105,107,108,109,110,106,68,69,70,71,72,73,112,114,115,116,117,113,74,75,76,77,78,79,80,81,82,83,84
1,3,4,5,6,7,8,9,10,11,12,13,14,15,16,17,18,19,20,21,22,23,24,25,26,27,28,29,30,31,32,33,34,35,36,37,38,39,40,41,42,43,44,45,46,47,48,85,86,111,118,2,49,87,91,92,93,94,88,50,51,52,53,54,55,89,97,98,99,100,90,56,57,58,59,60,61,95,101,102,103,104,96,62,63,64,65,66,67,105,107,108,109,110,106,68,69,70,71,72,73,112,114,115,116,117,113,74,75,76,77,78,79,80,81,82,83,84
1,3,4,5,6,7,8,9,10,11,12,13,14,15,16,17,18,19,20,21,22,23,24,25,26,27,28,29,30,31,32,33,34,35,36,37,38,39,40,41,42,43,44,45,46,47,48,85,86,111,118,2,49,87,91,92,93,94,88,50,51,52,53,54,55,89,97,98,99,100,90,56,57,58,59,60,61,95,101,102,103,104,96,62,63,64,65,66,67,105,107,108,109,110,106,68,69,70,71,72,73,112,114,115,116,117,113,74,75,76,77,78,79,80,81,82,83,84
1,3,4,5,6,7,8,9,10,11,12,13,14,15,16,17,18,19,20,21,22,23,24,25,26,27,28,29,30,31,32,33,34,35,36,37,38,39,40,41,42,43,44,45,46,47,48,85,86,111,118,2,49,87,91,92,93,94,88,50,51,52,53,54,55,89,97,98,99,100,90,56,57,58,59,60,61,95,101,102,103,104,96,62,63,64,65,66,67,105,107,108,109,110,106,68,69,70,71,72,73,112,114,115,116,117,113,74,75,76,77,78,79,80,81,82,83,84
1,3,4,5,6,7,8,9,10,11,12,13,14,15,16,17,18,19,20,21,22,23,24,25,26,27,28,29,30,31,32,33,34,35,36,37,38,39,40,41,42,43,44,45,46,47,48,85,86,111,118,2,49,87,91,92,93,94,88,50,51,52,53,54,55,89,97,98,99,100,90,56,57,58,59,60,61,95,101,102,103,104,96,62,63,64,65,66,67,105,107,108,109,110,106,68,69,70,71,72,73,112,114,115,116,117,113,74,75,76,77,78,79,80,81,82,83,84
1,3,4,5,6,7,8,9,10,11,12,13,14,15,16,17,18,19,20,21,22,23,24,25,26,27,28,29,30,31,32,33,34,35,36,37,38,39,40,41,42,43,44,45,46,47,48,85,86,111,118,2,49,87,91,92,93,94,88,50,51,52,53,54,55,89,97,98,99,100,90,56,57,58,59,60,61,95,101,102,103,104,96,62,63,64,65,66,67,105,107,108,109,110,106,68,69,70,71,72,73,112,114,115,116,117,113,74,75,76,77,78,79,80,81,82,83,84
1,3,4,5,6,7,8,9,10,11,12,13,14,15,16,17,18,19,20,21,22,23,24,25,26,27,28,29,30,31,32,33,34,35,36,37,38,39,40,41,42,43,44,45,46,47,48,85,86,111,118,2,49,87,91,92,93,94,88,50,51,52,53,54,55,89,97,98,99,100,90,56,57,58,59,60,61,95,101,102,103,104,96,62,63,64,65,66,67,105,107,108,109,110,106,68,69,70,71,72,73,112,114,115,116,117,113,74,75,76,77,78,79,80,81,82,83,84
1,3,4,5,6,7,8,9,10,11,12,13,14,15,16,17,18,19,20,21,22,23,24,25,26,27,28,29,30,31,32,33,34,35,36,37,38,39,40,41,42,43,44,45,46,47,48,85,86,111,118,2,49,87,91,92,93,94,88,50,51,52,53,54,55,89,97,98,99,100,90,56,57,58,59,60,61,95,101,102,103,104,96,62,63,64,65,66,67,105,107,108,109,110,106,68,69,70,71,72,73,112,114,115,116,117,113,74,75,76,77,78,79,80,81,82,83,84
1,3,4,5,6,7,8,9,10,11,12,13,14,15,16,17,18,19,20,21,22,23,24,25,26,27,28,29,30,31,32,33,34,35,36,37,38,39,40,41,42,43,44,45,46,47,48,85,86,111,118,2,49,87,91,92,93,94,88,50,51,52,53,54,55,89,97,98,99,100,90,56,57,58,59,60,61,95,101,102,103,104,96,62,63,64,65,66,67,105,107,108,109,110,106,68,69,70,71,72,73,112,114,115,116,117,113,74,75,76,77,78,79,80,81,82,83,84
1,3,4,5,6,7,8,9,10,11,12,13,14,15,16,17,18,19,20,21,22,23,24,25,26,27,28,29,30,31,32,33,34,35,36,37,38,39,40,41,42,43,44,45,46,47,48,85,86,111,118,2,49,87,91,92,93,94,88,50,51,52,53,54,55,89,97,98,99,100,90,56,57,58,59,60,61,95,101,102,103,104,96,62,63,64,65,66,67,105,107,108,109,110,106,68,69,70,71,72,73,112,114,115,116,117,113,74,75,76,77,78,79,80,81,82,83,84
1,3,4,5,6,7,8,9,10,11,12,13,14,15,16,17,18,19,20,21,22,23,24,25,26,27,28,29,30,31,32,33,34,35,36,37,38,39,40,41,42,43,44,45,46,47,48,85,86,111,118,2,49,87,91,92,93,94,88,50,51,52,53,54,55,89,97,98,99,100,90,56,57,58,59,60,61,95,101,102,103,104,96,62,63,64,65,66,67,105,107,108,109,110,106,68,69,70,71,72,73,112,114,115,116,117,113,74,75,76,77,78,79,80,81,82,83,84
1,3,4,5,6,7,8,9,10,11,12,13,14,15,16,17,18,19,20,21,22,23,24,25,26,27,28,29,30,31,32,33,34,35,36,37,38,39,40,41,42,43,44,45,46,47,48,85,86,111,118,2,49,87,91,92,93,94,88,50,51,52,53,54,55,89,97,98,99,100,90,56,57,58,59,60,61,95,101,102,103,104,96,62,63,64,65,66,67,105,107,108,109,110,106,68,69,70,71,72,73,112,114,115,116,117,113,74,75,76,77,78,79,80,81,82,83,84
1,3,4,5,6,7,8,9,10,11,12,13,14,15,16,17,18,19,20,21,22,23,24,25,26,27,28,29,30,31,32,33,34,35,36,37,38,39,40,41,42,43,44,45,46,47,48,85,86,111,118,2,49,87,91,92,93,94,88,50,51,52,53,54,55,89,97,98,99,100,90,56,57,58,59,60,61,95,101,102,103,104,96,62,63,64,65,66,67,105,107,108,109,110,106,68,69,70,71,72,73,112,114,115,116,117,113,74,75,76,77,78,79,80,81,82,83,84
1,3,4,5,6,7,8,9,10,11,12,13,14,15,16,17,18,19,20,21,22,23,24,25,26,27,28,29,30,31,32,33,34,35,36,37,38,39,40,41,42,43,44,45,46,47,48,85,86,111,118,119,2,49,87,91,92,93,94,88,50,51,52,53,54,55,89,97,98,99,100,90,56,57,58,59,60,61,95,101,102,103,104,96,62,63,64,65,66,67,105,107,108,109,110,106,68,69,70,71,72,73,112,114,115,116,117,113,74,75,76,77,78,79,80,81,82,83,84
1,3,4,5,6,7,8,9,10,11,12,13,14,15,16,17,18,19,20,21,22,23,24,25,26,27,28,29,30,31,32,33,34,35,36,37,38,39,40,41,42,43,44,45,46,47,48,85,86,111,118,119,2,49,87,91,92,93,94,88,50,51,52,53,54,55,89,97,98,99,100,90,56,57,58,59,60,61,95,101,102,103,104,96,62,63,64,65,66,67,105,107,108,109,110,106,68,69,70,71,72,73,112,114,115,116,117,113,74,75,76,77,78,79,80,81,82,83,84
1,3,4,5,6,7,8,9,10,11,12,13,14,15,16,17,18,19,20,21,22,23,24,25,26,27,28,29,30,31,32,33,34,35,36,37,38,39,40,41,42,43,44,45,46,47,48,85,86,111,118,119,2,49,87,91,92,93,94,88,50,51,52,53,54,55,89,97,98,99,100,90,56,57,58,59,60,61,95,101,102,103,104,96,62,63,64,65,66,67,105,107,108,109,110,106,68,69,70,71,72,73,112,114,115,116,117,113,74,75,76,77,78,79,80,81,82,83,84
1,3,4,5,6,7,8,9,10,11,12,13,14,15,16,17,18,19,20,21,22,23,24,25,26,27,28,29,30,31,32,33,34,35,36,37,38,39,40,41,42,43,44,45,46,47,48,85,86,111,118,119,2,49,87,91,92,93,94,88,50,51,52,53,54,55,89,97,98,99,100,90,56,57,58,59,60,61,95,101,102,103,104,96,62,63,64,65,66,67,105,107,108,109,110,106,68,69,70,71,72,73,112,114,115,116,117,113,74,75,76,77,78,79,80,81,82,83,84
1,3,4,5,6,7,8,9,10,11,12,13,14,15,16,17,18,19,20,21,22,23,24,25,26,27,28,29,30,31,32,33,34,35,36,37,38,39,40,41,42,43,44,45,46,47,48,85,86,111,118,119,2,49,87,91,92,93,94,88,50,51,52,53,54,55,89,97,98,99,100,90,56,57,58,59,60,61,95,101,102,103,104,96,62,63,64,65,66,67,105,107,108,109,110,106,68,69,70,71,72,73,112,114,115,116,117,113,74,75,76,77,78,79,80,81,82,83,84
1,3,4,5,6,7,8,9,10,11,12,13,14,15,16,17,18,19,20,21,22,23,24,25,26,27,28,29,30,31,32,33,34,35,36,37,38,39,40,41,42,43,44,45,46,47,48,85,86,111,118,119,2,49,87,91,92,93,94,88,50,51,52,53,54,55,89,97,98,99,100,90,56,57,58,59,60,61,95,101,102,103,104,96,62,63,64,65,66,67,105,107,108,109,110,106,68,69,70,71,72,73,112,114,115,116,117,113,74,75,76,77,78,79,80,81,82,83,84
1,3,4,5,6,7,8,9,10,11,12,13,14,15,16,17,18,19,20,21,22,23,24,25,26,27,28,29,30,31,32,33,34,35,36,37,38,39,40,41,42,43,44,45,46,47,48,85,86,111,118,119,2,49,87,91,92,93,94,88,50,51,52,53,54,55,89,97,98,99,100,90,56,57,58,59,60,61,95,101,102,103,104,96,62,63,64,65,66,67,105,107,108,109,110,106,68,69,70,71,72,73,112,114,115,116,117,113,74,75,76,77,78,79,80,81,82,83,84
1,3,4,5,6,7,8,9,10,11,12,13,14,15,16,17,18,19,20,21,22,23,24,25,26,27,28,29,30,31,32,33,34,35,36,37,38,39,40,41,42,43,44,45,46,47,48,85,86,111,118,119,2,49,87,91,92,93,94,88,50,51,52,53,54,55,89,97,98,99,100,90,56,57,58,59,60,61,95,101,102,103,104,96,62,63,64,65,66,67,105,107,108,109,110,106,68,69,70,71,72,73,112,114,115,116,117,113,74,75,76,77,78,79,80,81,82,83,84
1,3,4,5,6,7,8,9,10,11,12,13,14,15,16,17,18,19,20,21,22,23,24,25,26,27,28,29,30,31,32,33,34,35,36,37,38,39,40,41,42,43,44,45,46,47,48,85,86,111,118,119,2,49,87,91,92,93,94,88,50,51,52,53,54,55,89,97,98,99,100,90,56,57,58,59,60,61,95,101,102,103,104,96,62,63,64,65,66,67,105,107,108,109,110,106,68,69,70,71,72,73,112,114,115,116,117,113,74,75,76,77,78,79,80,81,82,83,84
1,3,4,5,6,7,8,9,10,11,12,13,14,15,16,17,18,19,20,21,22,23,24,25,26,27,28,29,30,31,32,33,34,35,36,37,38,39,40,41,42,43,44,45,46,47,48,85,86,111,118,119,2,49,87,91,92,93,94,88,50,51,52,53,54,55,89,97,98,99,100,90,56,57,58,59,60,61,95,101,102,103,104,96,62,63,64,65,66,67,105,107,108,109,110,106,68,69,70,71,72,73,112,114,115,116,117,113,74,75,76,77,78,79,80,81,82,83,84
1,3,4,5,6,7,8,9,10,11,12,13,14,15,16,17,18,19,20,21,22,23,24,25,26,27,28,29,30,31,32,33,34,35,36,37,38,39,40,41,42,43,44,45,46,47,48,85,86,111,118,119,2,49,87,91,92,93,94,88,50,51,52,53,54,55,89,97,98,99,100,90,56,57,58,59,60,61,95,101,102,103,104,96,62,63,64,65,66,67,105,107,108,109,110,106,68,69,70,71,72,73,112,114,115,116,117,113,74,75,76,77,78,79,80,81,82,83,84
1,3,4,5,6,7,8,9,10,11,12,13,14,15,16,17,18,19,20,21,22,23,24,25,26,27,28,29,30,31,32,33,34,35,36,37,38,39,40,41,42,43,44,45,46,47,48,85,86,111,118,119,2,49,87,91,92,93,94,88,50,51,52,53,54,55,89,97,98,99,100,90,56,57,58,59,60,61,95,101,102,103,104,96,62,63,64,65,66,67,105,107,108,109,110,106,68,69,70,71,72,73,112,114,115,116,117,113,74,75,76,77,78,79,80,81,82,83,84
1,3,4,5,6,7,8,9,10,11,12,13,14,15,16,17,18,19,20,21,22,23,24,25,26,27,28,29,30,31,32,33,34,35,36,37,38,39,40,41,42,43,44,45,46,47,48,85,86,111,118,119,2,49,87,91,92,93,94,88,50,51,52,53,54,55,89,97,98,99,100,90,56,57,58,59,60,61,95,101,102,103,104,96,62,63,64,65,66,67,105,107,108,109,110,106,68,69,70,71,72,73,112,114,115,116,117,113,74,75,76,77,78,79,80,81,82,83,84
1,3,4,5,6,7,8,9,10,11,12,13,14,15,16,17,18,19,20,21,22,23,24,25,26,27,28,29,30,31,32,33,34,35,36,37,38,39,40,41,42,43,44,45,46,47,48,85,86,111,118,119,2,49,87,91,92,93,94,88,50,51,52,53,54,55,89,97,98,99,100,90,56,57,58,59,60,61,95,101,102,103,104,96,62,63,64,65,66,67,105,107,108,109,110,106,68,69,70,71,72,73,112,114,115,116,117,113,74,75,76,77,78,79,80,81,82,83,84
1,3,4,5,6,7,8,9,10,11,12,13,14,15,16,17,18,19,20,21,22,23,24,25,26,27,28,29,30,31,32,33,34,35,36,37,38,39,40,41,42,43,44,45,46,47,48,85,86,111,118,119,2,49,87,91,92,93,94,88,50,51,52,53,54,55,89,97,98,99,100,90,56,57,58,59,60,61,95,101,102,103,104,96,62,63,64,65,66,67,105,107,108,109,110,106,68,69,70,71,72,73,112,114,115,116,117,113,74,75,76,77,78,79,80,81,82,83,84
1,3,4,5,6,7,8,9,10,11,12,13,14,15,16,17,18,19,20,21,22,23,24,25,26,27,28,29,30,31,32,33,34,35,36,37,38,39,40,41,42,43,44,45,46,47,48,85,86,111,118,119,2,49,87,91,92,93,94,88,50,51,52,53,54,55,89,97,98,99,100,90,56,57,58,59,60,61,95,101,102,103,104,96,62,63,64,65,66,67,105,107,108,109,110,106,68,69,70,71,72,73,112,114,115,116,117,113,74,75,76,77,78,79,80,81,82,83,84
1,3,4,5,6,7,8,9,10,11,12,13,14,15,16,17,18,19,20,21,22,23,24,25,26,27,28,29,30,31,32,33,34,35,36,37,38,39,40,41,42,43,44,45,46,47,48,85,86,111,118,119,2,49,87,91,92,93,94,88,50,51,52,53,54,55,89,97,98,99,100,90,56,57,58,59,60,61,95,101,102,103,104,96,62,63,64,65,66,67,105,107,108,109,110,106,68,69,70,71,72,73,112,114,115,116,117,113,74,75,76,77,78,79,80,81,82,83,84
1,3,4,5,6,7,8,9,10,11,12,13,14,15,16,17,18,19,20,21,22,23,24,25,26,27,28,29,30,31,32,33,34,35,36,37,38,39,40,41,42,43,44,45,46,47,48,85,86,111,118,119,2,49,87,91,92,93,94,88,50,51,52,53,54,55,89,97,98,99,100,90,56,57,58,59,60,61,95,101,102,103,104,96,62,63,64,65,66,67,105,107,108,109,110,106,68,69,70,71,72,73,112,114,115,116,117,113,74,75,76,77,78,79,80,81,82,83,84
1,3,4,5,6,7,8,9,10,11,12,13,14,15,16,17,18,19,20,21,22,23,24,25,26,27,28,29,30,31,32,33,34,35,36,37,38,39,40,41,42,43,44,45,46,47,48,85,86,111,118,119,120,2,49,87,91,92,93,94,88,50,51,52,53,54,55,89,97,98,99,100,90,56,57,58,59,60,61,95,101,102,103,104,96,62,63,64,65,66,67,105,107,108,109,110,106,68,69,70,71,72,73,112,114,115,116,117,113,74,75,76,77,78,79,80,81,82,83,84
1,3,4,5,6,7,8,9,10,11,12,13,14,15,16,17,18,19,20,21,22,23,24,25,26,27,28,29,30,31,32,33,34,35,36,37,38,39,40,41,42,43,44,45,46,47,48,85,86,111,118,119,120,2,49,87,91,92,93,94,88,50,51,52,53,54,55,89,97,98,99,100,90,56,57,58,59,60,61,95,101,102,103,104,96,62,63,64,65,66,67,105,107,108,109,110,106,68,69,70,71,72,73,112,114,115,116,117,113,74,75,76,77,78,79,80,81,82,83,84
1,3,4,5,6,7,8,9,10,11,12,13,14,15,16,17,18,19,20,21,22,23,24,25,26,27,28,29,30,31,32,33,34,35,36,37,38,39,40,41,42,43,44,45,46,47,48,85,86,111,118,119,120,2,49,87,91,92,93,94,88,50,51,52,53,54,55,89,97,98,99,100,90,56,57,58,59,60,61,95,101,102,103,104,96,62,63,64,65,66,67,105,107,108,109,110,106,68,69,70,71,72,73,112,114,115,116,117,113,74,75,76,77,78,79,80,81,82,83,84
1,3,4,5,6,7,8,9,10,11,12,13,14,15,16,17,18,19,20,21,22,23,24,25,26,27,28,29,30,31,32,33,34,35,36,37,38,39,40,41,42,43,44,45,46,47,48,85,86,111,118,119,120,2,49,87,91,92,93,94,88,50,51,52,53,54,55,89,97,98,99,100,90,56,57,58,59,60,61,95,101,102,103,104,96,62,63,64,65,66,67,105,107,108,109,110,106,68,69,70,71,72,73,112,114,115,116,117,113,74,75,76,77,78,79,80,81,82,83,84
1,3,4,5,6,7,8,9,10,11,12,13,14,15,16,17,18,19,20,21,22,23,24,25,26,27,28,29,30,31,32,33,34,35,36,37,38,39,40,41,42,43,44,45,46,47,48,85,86,111,118,119,120,2,49,87,91,92,93,94,88,50,51,52,53,54,55,89,97,98,99,100,90,56,57,58,59,60,61,95,101,102,103,104,96,62,63,64,65,66,67,105,107,108,109,110,106,68,69,70,71,72,73,112,114,115,116,117,113,74,75,76,77,78,79,80,81,82,83,84
1,3,4,5,6,7,8,9,10,11,12,13,14,15,16,17,18,19,20,21,22,23,24,25,26,27,28,29,30,31,32,33,34,35,36,37,38,39,40,41,42,43,44,45,46,47,48,85,86,111,118,119,120,2,49,87,91,92,93,94,88,50,51,52,53,54,55,89,97,98,99,100,90,56,57,58,59,60,61,95,101,102,103,104,96,62,63,64,65,66,67,105,107,108,109,110,106,68,69,70,71,72,73,112,114,115,116,117,113,74,75,76,77,78,79,80,81,82,83,84
1,3,4,5,6,7,8,9,10,11,12,13,14,15,16,17,18,19,20,21,22,23,24,25,26,27,28,29,30,31,32,33,34,35,36,37,38,39,40,41,42,43,44,45,46,47,48,85,86,111,118,119,120,2,49,87,91,92,93,94,88,50,51,52,53,54,55,89,97,98,99,100,90,56,57,58,59,60,61,95,101,102,103,104,96,62,63,64,65,66,67,105,107,108,109,110,106,68,69,70,71,72,73,112,114,115,116,117,113,74,75,76,77,78,79,80,81,82,83,84
1,3,4,5,6,7,8,9,10,11,12,13,14,15,16,17,18,19,20,21,22,23,24,25,26,27,28,29,30,31,32,33,34,35,36,37,38,39,40,41,42,43,44,45,46,47,48,85,86,111,118,119,120,2,49,87,91,92,93,94,88,50,51,52,53,54,55,89,97,98,99,100,90,56,57,58,59,60,61,95,101,102,103,104,96,62,63,64,65,66,67,105,107,108,109,110,106,68,69,70,71,72,73,112,114,115,116,117,113,74,75,76,77,78,79,80,81,82,83,84
1,3,4,5,6,7,8,9,10,11,12,13,14,15,16,17,18,19,20,21,22,23,24,25,26,27,28,29,30,31,32,33,34,35,36,37,38,39,40,41,42,43,44,45,46,47,48,85,86,111,118,119,120,2,49,87,91,92,93,94,88,50,51,52,53,54,55,89,97,98,99,100,90,56,57,58,59,60,61,95,101,102,103,104,96,62,63,64,65,66,67,105,107,108,109,110,106,68,69,70,71,72,73,112,114,115,116,117,113,74,75,76,77,78,79,80,81,82,83,84
1,3,4,5,6,7,8,9,10,11,12,13,14,15,16,17,18,19,20,21,22,23,24,25,26,27,28,29,30,31,32,33,34,35,36,37,38,39,40,41,42,43,44,45,46,47,48,85,86,111,118,119,120,2,49,87,91,92,93,94,88,50,51,52,53,54,55,89,97,98,99,100,90,56,57,58,59,60,61,95,101,102,103,104,96,62,63,64,65,66,67,105,107,108,109,110,106,68,69,70,71,72,73,112,114,115,116,117,113,74,75,76,77,78,79,80,81,82,83,84
1,3,4,5,6,7,8,9,10,11,12,13,14,15,16,17,18,19,20,21,22,23,24,25,26,27,28,29,30,31,32,33,34,35,36,37,38,39,40,41,42,43,44,45,46,47,48,85,86,111,118,119,120,2,49,87,91,92,93,94,88,50,51,52,53,54,55,89,97,98,99,100,90,56,57,58,59,60,61,95,101,102,103,104,96,62,63,64,65,66,67,105,107,108,109,110,106,68,69,70,71,72,73,112,114,115,116,117,113,74,75,76,77,78,79,80,81,82,83,84
1,3,4,5,6,7,8,9,10,11,12,13,14,15,16,17,18,19,20,21,22,23,24,25,26,27,28,29,30,31,32,33,34,35,36,37,38,39,40,41,42,43,44,45,46,47,48,85,86,111,118,119,120,2,49,87,91,92,93,94,88,50,51,52,53,54,55,89,97,98,99,100,90,56,57,58,59,60,61,95,101,102,103,104,96,62,63,64,65,66,67,105,107,108,109,110,106,68,69,70,71,72,73,112,114,115,116,117,113,74,75,76,77,78,79,80,81,82,83,84
1,3,4,5,6,7,8,9,10,11,12,13,14,15,16,17,18,19,20,21,22,23,24,25,26,27,28,29,30,31,32,33,34,35,36,37,38,39,40,41,42,43,44,45,46,47,48,85,86,111,118,119,120,2,49,87,91,92,93,94,88,50,51,52,53,54,55,89,97,98,99,100,90,56,57,58,59,60,61,95,101,102,103,104,96,62,63,64,65,66,67,105,107,108,109,110,106,68,69,70,71,72,73,112,114,115,116,117,113,74,75,76,77,78,79,80,81,82,83,84
1,3,4,5,6,7,8,9,10,11,12,13,14,15,16,17,18,19,20,21,22,23,24,25,26,27,28,29,30,31,32,33,34,35,36,37,38,39,40,41,42,43,44,45,46,47,48,85,86,111,118,119,120,2,49,87,91,92,93,94,88,50,51,52,53,54,55,89,97,98,99,100,90,56,57,58,59,60,61,95,101,102,103,104,96,62,63,64,65,66,67,105,107,108,109,110,106,68,69,70,71,72,73,112,114,115,116,117,113,74,75,76,77,78,79,80,81,82,83,84
1,3,4,5,6,7,8,9,10,11,12,13,14,15,16,17,18,19,20,21,22,23,24,25,26,27,28,29,30,31,32,33,34,35,36,37,38,39,40,41,42,43,44,45,46,47,48,85,86,111,118,119,120,2,49,87,91,92,93,94,88,50,51,52,53,54,55,89,97,98,99,100,90,56,57,58,59,60,61,95,101,102,103,104,96,62,63,64,65,66,67,105,107,108,109,110,106,68,69,70,71,72,73,112,114,115,116,117,113,74,75,76,77,78,79,80,81,82,83,84
1,3,4,5,6,7,8,9,10,11,12,13,14,15,16,17,18,19,20,21,22,23,24,25,26,27,28,29,30,31,32,33,34,35,36,37,38,39,40,41,42,43,44,45,46,47,48,85,86,111,118,119,120,2,49,87,91,92,93,94,88,50,51,52,53,54,55,89,97,98,99,100,90,56,57,58,59,60,61,95,101,102,103,104,96,62,63,64,65,66,67,105,107,108,109,110,106,68,69,70,71,72,73,112,114,115,116,117,113,74,75,76,77,78,79,80,81,82,83,84
1,3,4,5,6,7,8,9,10,11,12,13,14,15,16,17,18,19,20,21,22,23,24,25,26,27,28,29,30,31,32,33,34,35,36,37,38,39,40,41,42,43,44,45,46,47,48,85,86,111,118,119,120,2,49,87,91,92,93,94,88,50,51,52,53,54,55,89,97,98,99,100,90,56,57,58,59,60,61,95,101,102,103,104,96,62,63,64,65,66,67,105,107,108,109,110,106,68,69,70,71,72,73,112,114,115,116,117,113,74,75,76,77,78,79,80,81,82,83,84
1,3,4,5,6,7,8,9,10,11,12,13,14,15,16,17,18,19,20,21,22,23,24,25,26,27,28,29,30,31,32,33,34,35,36,37,38,39,40,41,42,43,44,45,46,47,48,85,86,111,118,119,120,2,49,87,91,92,93,94,88,50,51,52,53,54,55,89,97,98,99,100,90,56,57,58,59,60,61,95,101,102,103,104,96,62,63,64,65,66,67,105,107,108,109,110,106,68,69,70,71,72,73,112,114,115,116,117,113,74,75,76,77,78,79,80,81,82,83,84
1,3,4,5,6,7,8,9,10,11,12,13,14,15,16,17,18,19,20,21,22,23,24,25,26,27,28,29,30,31,32,33,34,35,36,37,38,39,40,41,42,43,44,45,46,47,48,85,86,111,118,119,120,2,49,87,91,92,93,94,88,50,51,52,53,54,55,89,97,98,99,100,90,56,57,58,59,60,61,95,101,102,103,104,96,62,63,64,65,66,67,105,107,108,109,110,106,68,69,70,71,72,73,112,114,115,116,117,113,74,75,76,77,78,79,80,81,82,83,84
1,3,4,5,6,7,8,9,10,11,12,13,14,15,16,17,18,19,20,21,22,23,24,25,26,27,28,29,30,31,32,33,34,35,36,37,38,39,40,41,42,43,44,45,46,47,48,85,86,111,118,119,120,2,49,87,91,92,93,94,88,50,51,52,53,54,55,89,97,98,99,100,90,56,57,58,59,60,61,95,101,102,103,104,96,62,63,64,65,66,67,105,107,108,109,110,106,68,69,70,71,72,73,112,114,115,116,117,113,74,75,76,77,78,79,80,81,82,83,84
1,3,4,5,6,7,8,9,10,11,12,13,14,15,16,17,18,19,20,21,22,23,24,25,26,27,28,29,30,31,32,33,34,35,36,37,38,39,40,41,42,43,44,45,46,47,48,85,86,111,118,119,120,121,2,49,87,91,92,93,94,88,50,51,52,53,54,55,89,97,98,99,100,90,56,57,58,59,60,61,95,101,102,103,104,96,62,63,64,65,66,67,105,107,108,109,110,106,68,69,70,71,72,73,112,114,115,116,117,113,74,75,76,77,78,79,80,81,82,83,84
1,3,4,5,6,7,8,9,10,11,12,13,14,15,16,17,18,19,20,21,22,23,24,25,26,27,28,29,30,31,32,33,34,35,36,37,38,39,40,41,42,43,44,45,46,47,48,85,86,111,118,119,120,121,2,49,87,91,92,93,94,88,50,51,52,53,54,55,89,97,98,99,100,90,56,57,58,59,60,61,95,101,102,103,104,96,62,63,64,65,66,67,105,107,108,109,110,106,68,69,70,71,72,73,112,114,115,116,117,113,74,75,76,77,78,79,80,81,82,83,84
1,3,4,5,6,7,8,9,10,11,12,13,14,15,16,17,18,19,20,21,22,23,24,25,26,27,28,29,30,31,32,33,34,35,36,37,38,39,40,41,42,43,44,45,46,47,48,85,86,111,118,119,120,121,2,49,87,91,92,93,94,88,50,51,52,53,54,55,89,97,98,99,100,90,56,57,58,59,60,61,95,101,102,103,104,96,62,63,64,65,66,67,105,107,108,109,110,106,68,69,70,71,72,73,112,114,115,116,117,113,74,75,76,77,78,79,80,81,82,83,84
1,3,4,5,6,7,8,9,10,11,12,13,14,15,16,17,18,19,20,21,22,23,24,25,26,27,28,29,30,31,32,33,34,35,36,37,38,39,40,41,42,43,44,45,46,47,48,85,86,111,118,119,120,121,2,49,87,91,92,93,94,88,50,51,52,53,54,55,89,97,98,99,100,90,56,57,58,59,60,61,95,101,102,103,104,96,62,63,64,65,66,67,105,107,108,109,110,106,68,69,70,71,72,73,112,114,115,116,117,113,74,75,76,77,78,79,80,81,82,83,84
1,3,4,5,6,7,8,9,10,11,12,13,14,15,16,17,18,19,20,21,22,23,24,25,26,27,28,29,30,31,32,33,34,35,36,37,38,39,40,41,42,43,44,45,46,47,48,85,86,111,118,119,120,121,2,49,87,91,92,93,94,88,50,51,52,53,54,55,89,97,98,99,100,90,56,57,58,59,60,61,95,101,102,103,104,96,62,63,64,65,66,67,105,107,108,109,110,106,68,69,70,71,72,73,112,114,115,116,117,113,74,75,76,77,78,79,80,81,82,83,84
1,3,4,5,6,7,8,9,10,11,12,13,14,15,16,17,18,19,20,21,22,23,24,25,26,27,28,29,30,31,32,33,34,35,36,37,38,39,40,41,42,43,44,45,46,47,48,85,86,111,118,119,120,121,2,49,87,91,92,93,94,88,50,51,52,53,54,55,89,97,98,99,100,90,56,57,58,59,60,61,95,101,102,103,104,96,62,63,64,65,66,67,105,107,108,109,110,106,68,69,70,71,72,73,112,114,115,116,117,113,74,75,76,77,78,79,80,81,82,83,84
1,3,4,5,6,7,8,9,10,11,12,13,14,15,16,17,18,19,20,21,22,23,24,25,26,27,28,29,30,31,32,33,34,35,36,37,38,39,40,41,42,43,44,45,46,47,48,85,86,111,118,119,120,121,2,49,87,91,92,93,94,88,50,51,52,53,54,55,89,97,98,99,100,90,56,57,58,59,60,61,95,101,102,103,104,96,62,63,64,65,66,67,105,107,108,109,110,106,68,69,70,71,72,73,112,114,115,116,117,113,74,75,76,77,78,79,80,81,82,83,84
1,3,4,5,6,7,8,9,10,11,12,13,14,15,16,17,18,19,20,21,22,23,24,25,26,27,28,29,30,31,32,33,34,35,36,37,38,39,40,41,42,43,44,45,46,47,48,85,86,111,118,119,120,121,2,49,87,91,92,93,94,88,50,51,52,53,54,55,89,97,98,99,100,90,56,57,58,59,60,61,95,101,102,103,104,96,62,63,64,65,66,67,105,107,108,109,110,106,68,69,70,71,72,73,112,114,115,116,117,113,74,75,76,77,78,79,80,81,82,83,84
1,3,4,5,6,7,8,9,10,11,12,13,14,15,16,17,18,19,20,21,22,23,24,25,26,27,28,29,30,31,32,33,34,35,36,37,38,39,40,41,42,43,44,45,46,47,48,85,86,111,118,119,120,121,2,49,87,91,92,93,94,88,50,51,52,53,54,55,89,97,98,99,100,90,56,57,58,59,60,61,95,101,102,103,104,96,62,63,64,65,66,67,105,107,108,109,110,106,68,69,70,71,72,73,112,114,115,116,117,113,74,75,76,77,78,79,80,81,82,83,84
1,3,4,5,6,7,8,9,10,11,12,13,14,15,16,17,18,19,20,21,22,23,24,25,26,27,28,29,30,31,32,33,34,35,36,37,38,39,40,41,42,43,44,45,46,47,48,85,86,111,118,119,120,121,2,49,87,91,92,93,94,88,50,51,52,53,54,55,89,97,98,99,100,90,56,57,58,59,60,61,95,101,102,103,104,96,62,63,64,65,66,67,105,107,108,109,110,106,68,69,70,71,72,73,112,114,115,116,117,113,74,75,76,77,78,79,80,81,82,83,84
1,3,4,5,6,7,8,9,10,11,12,13,14,15,16,17,18,19,20,21,22,23,24,25,26,27,28,29,30,31,32,33,34,35,36,37,38,39,40,41,42,43,44,45,46,47,48,85,86,111,118,119,120,121,2,49,87,91,92,93,94,88,50,51,52,53,54,55,89,97,98,99,100,90,56,57,58,59,60,61,95,101,102,103,104,96,62,63,64,65,66,67,105,107,108,109,110,106,68,69,70,71,72,73,112,114,115,116,117,113,74,75,76,77,78,79,80,81,82,83,84
1,3,4,5,6,7,8,9,10,11,12,13,14,15,16,17,18,19,20,21,22,23,24,25,26,27,28,29,30,31,32,33,34,35,36,37,38,39,40,41,42,43,44,45,46,47,48,85,86,111,118,119,120,121,2,49,87,91,92,93,94,88,50,51,52,53,54,55,89,97,98,99,100,90,56,57,58,59,60,61,95,101,102,103,104,96,62,63,64,65,66,67,105,107,108,109,110,106,68,69,70,71,72,73,112,114,115,116,117,113,74,75,76,77,78,79,80,81,82,83,84
1,3,4,5,6,7,8,9,10,11,12,13,14,15,16,17,18,19,20,21,22,23,24,25,26,27,28,29,30,31,32,33,34,35,36,37,38,39,40,41,42,43,44,45,46,47,48,85,86,111,118,119,120,121,2,49,87,91,92,93,94,88,50,51,52,53,54,55,89,97,98,99,100,90,56,57,58,59,60,61,95,101,102,103,104,96,62,63,64,65,66,67,105,107,108,109,110,106,68,69,70,71,72,73,112,114,115,116,117,113,74,75,76,77,78,79,80,81,82,83,84
1,3,4,5,6,7,8,9,10,11,12,13,14,15,16,17,18,19,20,21,22,23,24,25,26,27,28,29,30,31,32,33,34,35,36,37,38,39,40,41,42,43,44,45,46,47,48,85,86,111,118,119,120,121,2,49,87,91,92,93,94,88,50,51,52,53,54,55,89,97,98,99,100,90,56,57,58,59,60,61,95,101,102,103,104,96,62,63,64,65,66,67,105,107,108,109,110,106,68,69,70,71,72,73,112,114,115,116,117,113,74,75,76,77,78,79,80,81,82,83,84
1,3,4,5,6,7,8,9,10,11,12,13,14,15,16,17,18,19,20,21,22,23,24,25,26,27,28,29,30,31,32,33,34,35,36,37,38,39,40,41,42,43,44,45,46,47,48,85,86,111,118,119,120,121,2,49,87,91,92,93,94,88,50,51,52,53,54,55,89,97,98,99,100,90,56,57,58,59,60,61,95,101,102,103,104,96,62,63,64,65,66,67,105,107,108,109,110,106,68,69,70,71,72,73,112,114,115,116,117,113,74,75,76,77,78,79,80,81,82,83,84
1,3,4,5,6,7,8,9,10,11,12,13,14,15,16,17,18,19,20,21,22,23,24,25,26,27,28,29,30,31,32,33,34,35,36,37,38,39,40,41,42,43,44,45,46,47,48,85,86,111,118,119,120,121,2,49,87,91,92,93,94,88,50,51,52,53,54,55,89,97,98,99,100,90,56,57,58,59,60,61,95,101,102,103,104,96,62,63,64,65,66,67,105,107,108,109,110,106,68,69,70,71,72,73,112,114,115,116,117,113,74,75,76,77,78,79,80,81,82,83,84
1,3,4,5,6,7,8,9,10,11,12,13,14,15,16,17,18,19,20,21,22,23,24,25,26,27,28,29,30,31,32,33,34,35,36,37,38,39,40,41,42,43,44,45,46,47,48,85,86,111,118,119,120,121,2,49,87,91,92,93,94,88,50,51,52,53,54,55,89,97,98,99,100,90,56,57,58,59,60,61,95,101,102,103,104,96,62,63,64,65,66,67,105,107,108,109,110,106,68,69,70,71,72,73,112,114,115,116,117,113,74,75,76,77,78,79,80,81,82,83,84
1,3,4,5,6,7,8,9,10,11,12,13,14,15,16,17,18,19,20,21,22,23,24,25,26,27,28,29,30,31,32,33,34,35,36,37,38,39,40,41,42,43,44,45,46,47,48,85,86,111,118,119,120,121,2,49,87,91,92,93,94,88,50,51,52,53,54,55,89,97,98,99,100,90,56,57,58,59,60,61,95,101,102,103,104,96,62,63,64,65,66,67,105,107,108,109,110,106,68,69,70,71,72,73,112,114,115,116,117,113,74,75,76,77,78,79,80,81,82,83,84
1,3,4,5,6,7,8,9,10,11,12,13,14,15,16,17,18,19,20,21,22,23,24,25,26,27,28,29,30,31,32,33,34,35,36,37,38,39,40,41,42,43,44,45,46,47,48,85,86,111,118,119,120,121,2,49,87,91,92,93,94,88,50,51,52,53,54,55,89,97,98,99,100,90,56,57,58,59,60,61,95,101,102,103,104,96,62,63,64,65,66,67,105,107,108,109,110,106,68,69,70,71,72,73,112,114,115,116,117,113,74,75,76,77,78,79,80,81,82,83,84
1,3,4,5,6,7,8,9,10,11,12,13,14,15,16,17,18,19,20,21,22,23,24,25,26,27,28,29,30,31,32,33,34,35,36,37,38,39,40,41,42,43,44,45,46,47,48,85,86,111,118,119,120,121,2,49,87,91,92,93,94,88,50,51,52,53,54,55,89,97,98,99,100,90,56,57,58,59,60,61,95,101,102,103,104,96,62,63,64,65,66,67,105,107,108,109,110,106,68,69,70,71,72,73,112,114,115,116,117,113,74,75,76,77,78,79,80,81,82,83,84
1,3,4,5,6,7,8,9,10,11,12,13,14,15,16,17,18,19,20,21,22,23,24,25,26,27,28,29,30,31,32,33,34,35,36,37,38,39,40,41,42,43,44,45,46,47,48,85,86,111,118,119,120,121,122,2,49,87,91,92,93,94,88,50,51,52,53,54,55,89,97,98,99,100,90,56,57,58,59,60,61,95,101,102,103,104,96,62,63,64,65,66,67,105,107,108,109,110,106,68,69,70,71,72,73,112,114,115,116,117,113,74,75,76,77,78,79,80,81,82,83,84
1,3,4,5,6,7,8,9,10,11,12,13,14,15,16,17,18,19,20,21,22,23,24,25,26,27,28,29,30,31,32,33,34,35,36,37,38,39,40,41,42,43,44,45,46,47,48,85,86,111,118,119,120,121,122,2,49,87,91,92,93,94,88,50,51,52,53,54,55,89,97,98,99,100,90,56,57,58,59,60,61,95,101,102,103,104,96,62,63,64,65,66,67,105,107,108,109,110,106,68,69,70,71,72,73,112,114,115,116,117,113,74,75,76,77,78,79,80,81,82,83,84
1,3,4,5,6,7,8,9,10,11,12,13,14,15,16,17,18,19,20,21,22,23,24,25,26,27,28,29,30,31,32,33,34,35,36,37,38,39,40,41,42,43,44,45,46,47,48,85,86,111,118,119,120,121,122,2,49,87,91,92,93,94,88,50,51,52,53,54,55,89,97,98,99,100,90,56,57,58,59,60,61,95,101,102,103,104,96,62,63,64,65,66,67,105,107,108,109,110,106,68,69,70,71,72,73,112,114,115,116,117,113,74,75,76,77,78,79,80,81,82,83,84
1,3,4,5,6,7,8,9,10,11,12,13,14,15,16,17,18,19,20,21,22,23,24,25,26,27,28,29,30,31,32,33,34,35,36,37,38,39,40,41,42,43,44,45,46,47,48,85,86,111,118,119,120,121,122,2,49,87,91,92,93,94,88,50,51,52,53,54,55,89,97,98,99,100,90,56,57,58,59,60,61,95,101,102,103,104,96,62,63,64,65,66,67,105,107,108,109,110,106,68,69,70,71,72,73,112,114,115,116,117,113,74,75,76,77,78,79,80,81,82,83,84
1,3,4,5,6,7,8,9,10,11,12,13,14,15,16,17,18,19,20,21,22,23,24,25,26,27,28,29,30,31,32,33,34,35,36,37,38,39,40,41,42,43,44,45,46,47,48,85,86,111,118,119,120,121,122,2,49,87,91,92,93,94,88,123,50,51,52,53,54,55,89,97,98,99,100,90,56,57,58,59,60,61,95,101,102,103,104,96,62,63,64,65,66,67,105,107,108,109,110,106,68,69,70,71,72,73,112,114,115,116,117,113,74,75,76,77,78,79,80,81,82,83,84
1,3,4,5,6,7,8,9,10,11,12,13,14,15,16,17,18,19,20,21,22,23,24,25,26,27,28,29,30,31,32,33,34,35,36,37,38,39,40,41,42,43,44,45,46,47,48,85,86,111,118,119,120,121,122,2,49,87,91,92,93,94,88,124,125,126,127,123,50,51,52,53,54,55,89,97,98,99,100,90,56,57,58,59,60,61,95,101,102,103,104,96,62,63,64,65,66,67,105,107,108,109,110,106,68,69,70,71,72,73,112,114,115,116,117,113,74,75,76,77,78,79,80,81,82,83,84
1,3,4,5,6,7,8,9,10,11,12,13,14,15,16,17,18,19,20,21,22,23,24,25,26,27,28,29,30,31,32,33,34,35,36,37,38,39,40,41,42,43,44,45,46,47,48,85,86,111,118,119,120,121,122,2,49,87,91,92,93,94,88,124,125,126,127,123,50,51,52,53,54,55,89,97,98,99,100,90,128,56,57,58,59,60,61,95,101,102,103,104,96,129,62,63,64,65,66,67,105,107,108,109,110,106,68,69,70,71,72,73,112,114,115,116,117,113,74,75,76,77,78,79,80,81,82,83,84
1,3,4,5,6,7,8,9,10,11,12,13,14,15,16,17,18,19,20,21,22,23,24,25,26,27,28,29,30,31,32,33,34,35,36,37,38,39,40,41,42,43,44,45,46,47,48,85,86,111,118,119,120,121,122,2,49,87,91,92,93,94,88,124,125,126,127,123,50,51,52,53,54,55,89,97,98,99,100,90,130,131,132,133,128,56,57,58,59,60,61,95,101,102,103,104,96,134,135,136,137,129,62,63,64,65,66,67,105,107,108,109,110,106,68,69,70,71,72,73,112,114,115,116,117,113,74,75,76,77,78,79,80,81,82,83,84
1,3,4,5,6,7,8,9,10,11,12,13,14,15,16,17,18,19,20,21,22,23,24,25,26,27,28,29,30,31,32,33,34,35,36,37,38,39,40,41,42,43,44,45,46,47,48,85,86,111,118,119,120,121,122,2,49,87,91,92,93,94,88,124,125,126,127,123,50,51,52,53,54,55,89,97,98,99,100,90,130,131,132,133,128,56,57,58,59,60,61,95,101,102,103,104,96,134,135,136,137,129,62,63,64,65,66,67,105,107,108,109,110,106,138,68,69,70,71,72,73,112,114,115,116,117,113,74,75,76,77,78,79,80,81,82,83,84
1,3,4,5,6,7,8,9,10,11,12,13,14,15,16,17,18,19,20,21,22,23,24,25,26,27,28,29,30,31,32,33,34,35,36,37,38,39,40,41,42,43,44,45,46,47,48,85,86,111,118,119,120,121,122,2,49,87,91,92,93,94,88,124,125,126,127,123,50,51,52,53,54,55,89,97,98,99,100,90,130,131,132,133,128,56,57,58,59,60,61,95,101,102,103,104,96,134,135,136,137,129,62,63,64,65,66,67,105,107,108,109,110,106,139,140,141,142,138,68,69,70,71,72,73,112,114,115,116,117,113,74,75,76,77,78,79,80,81,82,83,84
1,3,4,5,6,7,8,9,10,11,12,13,14,15,16,17,18,19,20,21,22,23,24,25,26,27,28,29,30,31,32,33,34,35,36,37,38,39,40,41,42,43,44,45,46,47,48,85,86,111,118,119,120,121,122,2,49,87,91,92,93,94,88,124,125,126,127,123,50,51,52,53,54,55,89,97,98,99,100,90,130,131,132,133,128,56,57,58,59,60,61,95,101,102,103,104,96,134,135,136,137,129,62,63,64,65,66,67,105,107,108,109,110,106,139,140,141,142,138,68,69,70,71,72,73,112,114,115,116,117,113,143,74,75,76,77,78,79,80,81,82,83,84
1,3,4,5,6,7,8,9,10,11,12,13,14,15,16,17,18,19,20,21,22,23,24,25,26,27,28,29,30,31,32,33,34,35,36,37,38,39,40,41,42,43,44,45,46,47,48,85,86,111,118,119,120,121,122,144,2,49,87,91,92,93,94,88,124,125,126,127,123,50,51,52,53,54,55,89,97,98,99,100,90,130,131,132,133,128,56,57,58,59,60,61,95,101,102,103,104,96,134,135,136,137,129,62,63,64,65,66,67,105,107,108,109,110,106,139,140,141,142,138,68,69,70,71,72,73,112,114,115,116,117,113,145,146,147,148,143,74,75,76,77,78,79,80,81,82,83,84
1,3,4,5,6,7,8,9,10,11,12,13,14,15,16,17,18,19,20,21,22,23,24,25,26,27,28,29,30,31,32,33,34,35,36,37,38,39,40,41,42,43,44,45,46,47,48,85,86,111,118,119,120,121,122,144,2,49,87,91,92,93,94,88,124,125,126,127,123,50,51,52,53,54,55,89,97,98,99,100,90,130,131,132,133,128,56,57,58,59,60,61,95,101,102,103,104,96,134,135,136,137,129,62,63,64,65,66,67,105,107,108,109,110,106,139,140,141,142,138,68,69,70,71,72,73,112,114,115,116,117,113,145,146,147,148,143,74,75,76,77,78,79,80,81,82,83,84
1,3,4,5,6,7,8,9,10,11,12,13,14,15,16,17,18,19,20,21,22,23,24,25,26,27,28,29,30,31,32,33,34,35,36,37,38,39,40,41,42,43,44,45,46,47,48,85,86,111,118,119,120,121,122,144,2,49,87,91,92,93,94,88,124,125,126,127,123,50,51,52,53,54,55,89,97,98,99,100,90,130,131,132,133,128,56,57,58,59,60,61,95,101,102,103,104,96,134,135,136,137,129,62,63,64,65,66,67,105,107,108,109,110,106,139,140,141,142,138,68,69,70,71,72,73,112,114,115,116,117,113,145,146,147,148,143,74,75,76,77,78,79,80,81,82,83,84
1,3,4,5,6,7,8,9,10,11,12,13,14,15,16,17,18,19,20,21,22,23,24,25,26,27,28,29,30,31,32,33,34,35,36,37,38,39,40,41,42,43,44,45,46,47,48,85,86,111,118,119,120,121,122,144,2,49,87,91,92,93,94,88,124,125,126,127,123,50,51,52,53,54,55,89,97,98,99,100,90,130,131,132,133,128,56,57,58,59,60,61,95,101,102,103,104,96,134,135,136,137,129,62,63,64,65,66,67,105,107,108,109,110,106,139,140,141,142,138,68,69,70,71,72,73,112,114,115,116,117,113,145,146,147,148,143,74,75,76,77,78,79,80,81,82,83,84
1,3,4,5,6,7,8,9,10,11,12,13,14,15,16,17,18,19,20,21,22,23,24,25,26,27,28,29,30,31,32,33,34,35,36,37,38,39,40,41,42,43,44,45,46,47,48,85,86,111,118,119,120,121,122,144,2,49,87,91,92,93,94,88,124,125,126,127,123,50,51,52,53,54,55,89,97,98,99,100,90,130,131,132,133,128,56,57,58,59,60,61,95,101,102,103,104,96,134,135,136,137,129,62,63,64,65,66,67,105,107,108,109,110,106,139,140,141,142,138,68,69,70,71,72,73,112,114,115,116,117,113,145,146,147,148,143,74,75,76,77,78,79,80,81,82,83,84
1,3,4,5,6,7,8,9,10,11,12,13,14,15,16,17,18,19,20,21,22,23,24,25,26,27,28,29,30,31,32,33,34,35,36,37,38,39,40,41,42,43,44,45,46,47,48,85,86,111,118,119,120,121,122,144,2,49,87,91,92,93,94,88,124,125,126,127,123,50,51,52,53,54,55,89,97,98,99,100,90,130,131,132,133,128,56,57,58,59,60,61,95,101,102,103,104,96,134,135,136,137,129,62,63,64,65,66,67,105,107,108,109,110,106,139,140,141,142,138,68,69,70,71,72,73,112,114,115,116,117,113,145,146,147,148,143,74,75,76,77,78,79,80,81,82,83,84
1,3,4,5,6,7,8,9,10,11,12,13,14,15,16,17,18,19,20,21,22,23,24,25,26,27,28,29,30,31,32,33,34,35,36,37,38,39,40,41,42,43,44,45,46,47,48,85,86,111,118,119,120,121,122,144,2,49,87,91,92,93,94,88,124,125,126,127,123,50,51,52,53,54,55,89,97,98,99,100,90,130,131,132,133,128,56,57,58,59,60,61,95,101,102,103,104,96,134,135,136,137,129,62,63,64,65,66,67,105,107,108,109,110,106,139,140,141,142,138,68,69,70,71,72,73,112,114,115,116,117,113,145,146,147,148,143,74,75,76,77,78,79,80,81,82,83,84
1,3,4,5,6,7,8,9,10,11,12,13,14,15,16,17,18,19,20,21,22,23,24,25,26,27,28,29,30,31,32,33,34,35,36,37,38,39,40,41,42,43,44,45,46,47,48,85,86,111,118,119,120,121,122,144,2,49,87,91,92,93,94,88,124,125,126,127,123,50,51,52,53,54,55,89,97,98,99,100,90,130,131,132,133,128,56,57,58,59,60,61,95,101,102,103,104,96,134,135,136,137,129,62,63,64,65,66,67,105,107,108,109,110,106,139,140,141,142,138,68,69,70,71,72,73,112,114,115,116,117,113,145,146,147,148,143,74,75,76,77,78,79,80,81,82,83,84
1,3,4,5,6,7,8,9,10,11,12,13,14,15,16,17,18,19,20,21,22,23,24,25,26,27,28,29,30,31,32,33,34,35,36,37,38,39,40,41,42,43,44,45,46,47,48,85,86,111,118,119,120,121,122,144,2,49,87,91,92,93,94,88,124,125,126,127,123,50,51,52,53,54,55,89,97,98,99,100,90,130,131,132,133,128,56,57,58,59,60,61,95,101,102,103,104,96,134,135,136,137,129,62,63,64,65,66,67,105,107,108,109,110,106,139,140,141,142,138,68,69,70,71,72,73,112,114,115,116,117,113,145,146,147,148,143,74,75,76,77,78,79,80,81,82,83,84
1,3,4,5,6,7,8,9,10,11,12,13,14,15,16,17,18,19,20,21,22,23,24,25,26,27,28,29,30,31,32,33,34,35,36,37,38,39,40,41,42,43,44,45,46,47,48,85,86,111,118,119,120,121,122,144,2,49,87,91,92,93,94,88,124,125,126,127,123,50,51,52,53,54,55,89,97,98,99,100,90,130,131,132,133,128,56,57,58,59,60,61,95,101,102,103,104,96,134,135,136,137,129,62,63,64,65,66,67,105,107,108,109,110,106,139,140,141,142,138,68,69,70,71,72,73,112,114,115,116,117,113,145,146,147,148,143,74,75,76,77,78,79,80,81,82,83,84
1,3,4,5,6,7,8,9,10,11,12,13,14,15,16,17,18,19,20,21,22,23,24,25,26,27,28,29,30,31,32,33,34,35,36,37,38,39,40,41,42,43,44,45,46,47,48,85,86,111,118,119,120,121,122,144,2,49,87,91,92,93,94,88,124,125,126,127,123,50,51,52,53,54,55,89,97,98,99,100,90,130,131,132,133,128,56,57,58,59,60,61,95,101,102,103,104,96,134,135,136,137,129,62,63,64,65,66,67,105,107,108,109,110,106,139,140,141,142,138,68,69,70,71,72,73,112,114,115,116,117,113,145,146,147,148,143,74,75,76,77,78,79,80,81,82,83,84
1,3,4,5,6,7,8,9,10,11,12,13,14,15,16,17,18,19,20,21,22,23,24,25,26,27,28,29,30,31,32,33,34,35,36,37,38,39,40,41,42,43,44,45,46,47,48,85,86,111,118,119,120,121,122,144,2,49,87,91,92,93,94,88,124,125,126,127,123,50,51,52,53,54,55,89,97,98,99,100,90,130,131,132,133,128,56,57,58,59,60,61,95,101,102,103,104,96,134,135,136,137,129,62,63,64,65,66,67,105,107,108,109,110,106,139,140,141,142,138,68,69,70,71,72,73,112,114,115,116,117,113,145,146,147,148,143,74,75,76,77,78,79,80,81,82,83,84
1,3,4,5,6,7,8,9,10,11,12,13,14,15,16,17,18,19,20,21,22,23,24,25,26,27,28,29,30,31,32,33,34,35,36,37,38,39,40,41,42,43,44,45,46,47,48,85,86,111,118,119,120,121,122,144,2,49,87,91,92,93,94,88,124,125,126,127,123,50,51,52,53,54,55,89,97,98,99,100,90,130,131,132,133,128,56,57,58,59,60,61,95,101,102,103,104,96,134,135,136,137,129,62,63,64,65,66,67,105,107,108,109,110,106,139,140,141,142,138,68,69,70,71,72,73,112,114,115,116,117,113,145,146,147,148,143,74,75,76,77,78,79,80,81,82,83,84
1,3,4,5,6,7,8,9,10,11,12,13,14,15,16,17,18,19,20,21,22,23,24,25,26,27,28,29,30,31,32,33,34,35,36,37,38,39,40,41,42,43,44,45,46,47,48,85,86,111,118,119,120,121,122,144,2,49,87,91,92,93,94,88,124,125,126,127,123,50,51,52,53,54,55,89,97,98,99,100,90,130,131,132,133,128,56,57,58,59,60,61,95,101,102,103,104,96,134,135,136,137,129,62,63,64,65,66,67,105,107,108,109,110,106,139,140,141,142,138,68,69,70,71,72,73,112,114,115,116,117,113,145,146,147,148,143,74,75,76,77,78,79,80,81,82,83,84
1,3,4,5,6,7,8,9,10,11,12,13,14,15,16,17,18,19,20,21,22,23,24,25,26,27,28,29,30,31,32,33,34,35,36,37,38,39,40,41,42,43,44,45,46,47,48,85,86,111,118,119,120,121,122,144,2,49,87,91,92,93,94,88,124,125,126,127,123,50,51,52,53,54,55,89,97,98,99,100,90,130,131,132,133,128,56,57,58,59,60,61,95,101,102,103,104,96,134,135,136,137,129,62,63,64,65,66,67,105,107,108,109,110,106,139,140,141,142,138,68,69,70,71,72,73,112,114,115,116,117,113,145,146,147,148,143,74,75,76,77,78,79,80,81,82,83,84
1,3,4,5,6,7,8,9,10,11,12,13,14,15,16,17,18,19,20,21,22,23,24,25,26,27,28,29,30,31,32,33,34,35,36,37,38,39,40,41,42,43,44,45,46,47,48,85,86,111,118,119,120,121,122,144,2,49,87,91,92,93,94,88,124,125,126,127,123,50,51,52,53,54,55,89,97,98,99,100,90,130,131,132,133,128,56,57,58,59,60,61,95,101,102,103,104,96,134,135,136,137,129,62,63,64,65,66,67,105,107,108,109,110,106,139,140,141,142,138,68,69,70,71,72,73,112,114,115,116,117,113,145,146,147,148,143,74,75,76,77,78,79,80,81,82,83,84
1,3,4,5,6,7,8,9,10,11,12,13,14,15,16,17,18,19,20,21,22,23,24,25,26,27,28,29,30,31,32,33,34,35,36,37,38,39,40,41,42,43,44,45,46,47,48,85,86,111,118,119,120,121,122,144,2,49,87,91,92,93,94,88,124,125,126,127,123,50,51,52,53,54,55,89,97,98,99,100,90,130,131,132,133,128,56,57,58,59,60,61,95,101,102,103,104,96,134,135,136,137,129,62,63,64,65,66,67,105,107,108,109,110,106,139,140,141,142,138,68,69,70,71,72,73,112,114,115,116,117,113,145,146,147,148,143,74,75,76,77,78,79,80,81,82,83,84
1,3,4,5,6,7,8,9,10,11,12,13,14,15,16,17,18,19,20,21,22,23,24,25,26,27,28,29,30,31,32,33,34,35,36,37,38,39,40,41,42,43,44,45,46,47,48,85,86,111,118,119,120,121,122,144,2,49,87,91,92,93,94,88,124,125,126,127,123,50,51,52,53,54,55,89,97,98,99,100,90,130,131,132,133,128,56,57,58,59,60,61,95,101,102,103,104,96,134,135,136,137,129,62,63,64,65,66,67,105,107,108,109,110,106,139,140,141,142,138,68,69,70,71,72,73,112,114,115,116,117,113,145,146,147,148,143,74,75,76,77,78,79,80,81,82,83,84
1,3,4,5,6,7,8,9,10,11,12,13,14,15,16,17,18,19,20,21,22,23,24,25,26,27,28,29,30,31,32,33,34,35,36,37,38,39,40,41,42,43,44,45,46,47,48,85,86,111,118,119,120,121,122,144,149,2,49,87,91,92,93,94,88,124,125,126,127,123,50,51,52,53,54,55,89,97,98,99,100,90,130,131,132,133,128,56,57,58,59,60,61,95,101,102,103,104,96,134,135,136,137,129,62,63,64,65,66,67,105,107,108,109,110,106,139,140,141,142,138,68,69,70,71,72,73,112,114,115,116,117,113,145,146,147,148,143,74,75,76,77,78,79,80,81,82,83,84
1,3,4,5,6,7,8,9,10,11,12,13,14,15,16,17,18,19,20,21,22,23,24,25,26,27,28,29,30,31,32,33,34,35,36,37,38,39,40,41,42,43,44,45,46,47,48,85,86,111,118,119,120,121,122,144,149,2,49,87,91,92,93,94,88,124,125,126,127,123,50,51,52,53,54,55,89,97,98,99,100,90,130,131,132,133,128,56,57,58,59,60,61,95,101,102,103,104,96,134,135,136,137,129,62,63,64,65,66,67,105,107,108,109,110,106,139,140,141,142,138,68,69,70,71,72,73,112,114,115,116,117,113,145,146,147,148,143,74,75,76,77,78,79,80,81,82,83,84
1,3,4,5,6,7,8,9,10,11,12,13,14,15,16,17,18,19,20,21,22,23,24,25,26,27,28,29,30,31,32,33,34,35,36,37,38,39,40,41,42,43,44,45,46,47,48,85,86,111,118,119,120,121,122,144,149,2,49,87,91,92,93,94,88,124,125,126,127,123,50,51,52,53,54,55,89,97,98,99,100,90,130,131,132,133,128,56,57,58,59,60,61,95,101,102,103,104,96,134,135,136,137,129,62,63,64,65,66,67,105,107,108,109,110,106,139,140,141,142,138,68,69,70,71,72,73,112,114,115,116,117,113,145,146,147,148,143,74,75,76,77,78,79,80,81,82,83,84
1,3,4,5,6,7,8,9,10,11,12,13,14,15,16,17,18,19,20,21,22,23,24,25,26,27,28,29,30,31,32,33,34,35,36,37,38,39,40,41,42,43,44,45,46,47,48,85,86,111,118,119,120,121,122,144,149,2,49,87,91,92,93,94,88,124,125,126,127,123,50,51,52,53,54,55,89,97,98,99,100,90,130,131,132,133,128,56,57,58,59,60,61,95,101,102,103,104,96,134,135,136,137,129,62,63,64,65,66,67,105,107,108,109,110,106,139,140,141,142,138,68,69,70,71,72,73,112,114,115,116,117,113,145,146,147,148,143,74,75,76,77,78,79,80,81,82,83,84
1,3,4,5,6,7,8,9,10,11,12,13,14,15,16,17,18,19,20,21,22,23,24,25,26,27,28,29,30,31,32,33,34,35,36,37,38,39,40,41,42,43,44,45,46,47,48,85,86,111,118,119,120,121,122,144,149,2,49,87,91,92,93,94,88,124,125,126,127,123,50,51,52,53,54,55,89,97,98,99,100,90,130,131,132,133,128,56,57,58,59,60,61,95,101,102,103,104,96,134,135,136,137,129,62,63,64,65,66,67,105,107,108,109,110,106,139,140,141,142,138,68,69,70,71,72,73,112,114,115,116,117,113,145,146,147,148,143,74,75,76,77,78,79,80,81,82,83,84
1,3,4,5,6,7,8,9,10,11,12,13,14,15,16,17,18,19,20,21,22,23,24,25,26,27,28,29,30,31,32,33,34,35,36,37,38,39,40,41,42,43,44,45,46,47,48,85,86,111,118,119,120,121,122,144,149,2,49,87,91,92,93,94,88,124,125,126,127,123,50,51,52,53,54,55,89,97,98,99,100,90,130,131,132,133,128,56,57,58,59,60,61,95,101,102,103,104,96,134,135,136,137,129,62,63,64,65,66,67,105,107,108,109,110,106,139,140,141,142,138,68,69,70,71,72,73,112,114,115,116,117,113,145,146,147,148,143,74,75,76,77,78,79,80,81,82,83,84
1,3,4,5,6,7,8,9,10,11,12,13,14,15,16,17,18,19,20,21,22,23,24,25,26,27,28,29,30,31,32,33,34,35,36,37,38,39,40,41,42,43,44,45,46,47,48,85,86,111,118,119,120,121,122,144,149,2,49,87,91,92,93,94,88,124,125,126,127,123,50,51,52,53,54,55,89,97,98,99,100,90,130,131,132,133,128,56,57,58,59,60,61,95,101,102,103,104,96,134,135,136,137,129,62,63,64,65,66,67,105,107,108,109,110,106,139,140,141,142,138,68,69,70,71,72,73,112,114,115,116,117,113,145,146,147,148,143,74,75,76,77,78,79,80,81,82,83,84
1,3,4,5,6,7,8,9,10,11,12,13,14,15,16,17,18,19,20,21,22,23,24,25,26,27,28,29,30,31,32,33,34,35,36,37,38,39,40,41,42,43,44,45,46,47,48,85,86,111,118,119,120,121,122,144,149,2,49,87,91,92,93,94,88,124,125,126,127,123,50,51,52,53,54,55,89,97,98,99,100,90,130,131,132,133,128,56,57,58,59,60,61,95,101,102,103,104,96,134,135,136,137,129,62,63,64,65,66,67,105,107,108,109,110,106,139,140,141,142,138,68,69,70,71,72,73,112,114,115,116,117,113,145,146,147,148,143,74,75,76,77,78,79,80,81,82,83,84
1,3,4,5,6,7,8,9,10,11,12,13,14,15,16,17,18,19,20,21,22,23,24,25,26,27,28,29,30,31,32,33,34,35,36,37,38,39,40,41,42,43,44,45,46,47,48,85,86,111,118,119,120,121,122,144,149,2,49,87,91,92,93,94,88,124,125,126,127,123,50,51,52,53,54,55,89,97,98,99,100,90,130,131,132,133,128,56,57,58,59,60,61,95,101,102,103,104,96,134,135,136,137,129,62,63,64,65,66,67,105,107,108,109,110,106,139,140,141,142,138,68,69,70,71,72,73,112,114,115,116,117,113,145,146,147,148,143,74,75,76,77,78,79,80,81,82,83,84
1,3,4,5,6,7,8,9,10,11,12,13,14,15,16,17,18,19,20,21,22,23,24,25,26,27,28,29,30,31,32,33,34,35,36,37,38,39,40,41,42,43,44,45,46,47,48,85,86,111,118,119,120,121,122,144,149,2,49,87,91,92,93,94,88,124,125,126,127,123,50,51,52,53,54,55,89,97,98,99,100,90,130,131,132,133,128,56,57,58,59,60,61,95,101,102,103,104,96,134,135,136,137,129,62,63,64,65,66,67,105,107,108,109,110,106,139,140,141,142,138,68,69,70,71,72,73,112,114,115,116,117,113,145,146,147,148,143,74,75,76,77,78,79,80,81,82,83,84
1,3,4,5,6,7,8,9,10,11,12,13,14,15,16,17,18,19,20,21,22,23,24,25,26,27,28,29,30,31,32,33,34,35,36,37,38,39,40,41,42,43,44,45,46,47,48,85,86,111,118,119,120,121,122,144,149,2,49,87,91,92,93,94,88,124,125,126,127,123,50,51,52,53,54,55,89,97,98,99,100,90,130,131,132,133,128,56,57,58,59,60,61,95,101,102,103,104,96,134,135,136,137,129,62,63,64,65,66,67,105,107,108,109,110,106,139,140,141,142,138,68,69,70,71,72,73,112,114,115,116,117,113,145,146,147,148,143,74,75,76,77,78,79,80,81,82,83,84
1,3,4,5,6,7,8,9,10,11,12,13,14,15,16,17,18,19,20,21,22,23,24,25,26,27,28,29,30,31,32,33,34,35,36,37,38,39,40,41,42,43,44,45,46,47,48,85,86,111,118,119,120,121,122,144,149,2,49,87,91,92,93,94,88,124,125,126,127,123,50,51,52,53,54,55,89,97,98,99,100,90,130,131,132,133,128,56,57,58,59,60,61,95,101,102,103,104,96,134,135,136,137,129,62,63,64,65,66,67,105,107,108,109,110,106,139,140,141,142,138,68,69,70,71,72,73,112,114,115,116,117,113,145,146,147,148,143,74,75,76,77,78,79,80,81,82,83,84
1,3,4,5,6,7,8,9,10,11,12,13,14,15,16,17,18,19,20,21,22,23,24,25,26,27,28,29,30,31,32,33,34,35,36,37,38,39,40,41,42,43,44,45,46,47,48,85,86,111,118,119,120,121,122,144,149,2,49,87,91,92,93,94,88,124,125,126,127,123,50,51,52,53,54,55,89,97,98,99,100,90,130,131,132,133,128,56,57,58,59,60,61,95,101,102,103,104,96,134,135,136,137,129,62,63,64,65,66,67,105,107,108,109,110,106,139,140,141,142,138,68,69,70,71,72,73,112,114,115,116,117,113,145,146,147,148,143,74,75,76,77,78,79,80,81,82,83,84
1,3,4,5,6,7,8,9,10,11,12,13,14,15,16,17,18,19,20,21,22,23,24,25,26,27,28,29,30,31,32,33,34,35,36,37,38,39,40,41,42,43,44,45,46,47,48,85,86,111,118,119,120,121,122,144,149,2,49,87,91,92,93,94,88,124,125,126,127,123,50,51,52,53,54,55,89,97,98,99,100,90,130,131,132,133,128,56,57,58,59,60,61,95,101,102,103,104,96,134,135,136,137,129,62,63,64,65,66,67,105,107,108,109,110,106,139,140,141,142,138,68,69,70,71,72,73,112,114,115,116,117,113,145,146,147,148,143,74,75,76,77,78,79,80,81,82,83,84
1,3,4,5,6,7,8,9,10,11,12,13,14,15,16,17,18,19,20,21,22,23,24,25,26,27,28,29,30,31,32,33,34,35,36,37,38,39,40,41,42,43,44,45,46,47,48,85,86,111,118,119,120,121,122,144,149,2,49,87,91,92,93,94,88,124,125,126,127,123,50,51,52,53,54,55,89,97,98,99,100,90,130,131,132,133,128,56,57,58,59,60,61,95,101,102,103,104,96,134,135,136,137,129,62,63,64,65,66,67,105,107,108,109,110,106,139,140,141,142,138,68,69,70,71,72,73,112,114,115,116,117,113,145,146,147,148,143,74,75,76,77,78,79,80,81,82,83,84
1,3,4,5,6,7,8,9,10,11,12,13,14,15,16,17,18,19,20,21,22,23,24,25,26,27,28,29,30,31,32,33,34,35,36,37,38,39,40,41,42,43,44,45,46,47,48,85,86,111,118,119,120,121,122,144,149,2,49,87,91,92,93,94,88,124,125,126,127,123,50,51,52,53,54,55,89,97,98,99,100,90,130,131,132,133,128,56,57,58,59,60,61,95,101,102,103,104,96,134,135,136,137,129,62,63,64,65,66,67,105,107,108,109,110,106,139,140,141,142,138,68,69,70,71,72,73,112,114,115,116,117,113,145,146,147,148,143,74,75,76,77,78,79,80,81,82,83,84
