0.9587458060106882,0.9587347010995053,0.9586983626995766,0.9586850561432616,0.9586871431590471,0.9586957074432305,0.958671701546522,0.9586805542500378
0.9586985009918012,0.958687383653152,0.9586503494785086,0.9586370278257779,0.9586394738453186,0.9586482597127415,0.9586236290739207,0.958632707038428
0.9586600320907119,0.9586489046464526,0.9586112827872224,0.9585979488517089,0.958600708561995,0.9586096745586292,0.9585845357233616,0.9585937966133138
0.9586211831490468,0.958610045499821,0.9585718304341739,0.9585584840952142,0.958561559808891,0.9585707079045171,0.9585450549144199,0.9585545007141985
0.958581982442237,0.9585708344961275,0.9585320211191515,0.9585186622651212,0.9585220560692105,0.9585313881032578,0.9585052153483249,0.9585148479131278
0.958542420405172,0.9585312620677637,0.958491845126273,0.9584784736425116,0.958482187690129,0.9584917055519042,0.9584650072681502,0.9584748285043367
0.9585024961698556,0.9584913273465214,0.9584513015681868,0.9584379173397695,0.9584419537834299,0.9584516593709844,0.9584244297561582,0.9584344415794099
0.9584622074205309,0.9584510280160474,0.9584103880865902,0.9583969909978696,0.9584013520015859,0.9584112472286905,0.9583834804223272,0.9583936847647576
0.9584215552052402,0.9584103651246714,0.9583691057374819,0.958355695673158,0.9583603833869998,0.9583704701672615,0.9583421602955495,0.9583525590894852
0.9583805415563953,0.9583693407053566,0.9583274565178492,0.958314033363266,0.9583190499752232,0.9583293302163289,0.9583004714035139,0.958311066578138
0.9583392107625452,0.9583279990582934,0.9582854852050118,0.958272048859611,0.9582773963916835,0.9582878717930297,0.9582584587321421,0.9582692520107152
0.9582975948491719,0.9582863722173858,0.9582432242176326,0.9582297745910466,0.9582354549060887,0.9582461270148999,0.958216154801304,0.9582271477604714
0.9582555446031433,0.9582443109303367,0.9582005230103237,0.9581870599649038,0.9581930751020855,0.9582039461944052,0.9581734078943291,0.9581846028237644
0.9582130915649902,0.9582018467459739,0.9581574110938758,0.9581439345012595,0.958150289490588,0.9581613610031108,0.9581302479437692,0.9581416477095992
0.9581709509437044,0.958159695061074,0.9581145990367363,0.9581011089918519,0.9581078182862217,0.9581190888256002,0.9580873912077954,0.9580989947710548
0.9581291470752658,0.9581178802179888,0.9580721106483838,0.9580586072536235,0.9580656860091881,0.9580771540799116,0.9580448617714137,0.9580566679540761
0.958113195832168,0.9581019247874052,0.9580554956959395,0.9580419870809387,0.9580494466081306,0.9580611036023372,0.9580282258472332,0.9580402261428331
0.9631382588129331,0.9631283109308597,0.9630896405647733,0.9630777184220356,0.9630845712258838,0.9630949748865345,0.9630666044341036,0.9630773161644954
0.9631341597227974,0.963124210758106,0.9630854875641768,0.963073564108673,0.9630803410318947,0.9630908641830045,0.9630619055423084,0.9630727420549419
0.9631301086210513,0.9631201585864222,0.9630814798535177,0.9630695551311821,0.9630761603148561,0.9630868015772773,0.9630576890116789,0.9630686488793345
0.9631261019673178,0.9631161508744976,0.9630774193982865,0.9630654933924501,0.9630720254204488,0.963082783519863,0.9630530696064414,0.9630641517569671
0.9631221544123252,0.9631122022769232,0.9630735153784769,0.963061588138598,0.9630679514774771,0.9630788247038331,0.9630489550792158,0.9630601577448901
0.9631182714943018,0.9631083183333968,0.9630696274488921,0.9630576989800608,0.9630639442002094,0.9630749306841819,0.9630446783734725,0.9630559998129742
0.9631144531894873,0.9631044990201487,0.9630626510133558,0.9630507203393277,0.9630600035559298,0.9630711014378452,0.9630402308695041,0.9630516693454316
0.9630977103031204,0.9630877517119509,0.9630453195355788,0.9630333833832836,0.9630430973647024,0.9630543097996813,0.9630232702401254,0.9630348288869923,0.9630084063510287
0.9577529147238943,0.9577415491205195,0.9576895380658252,0.9576759144975637,0.9576867861016483,0.9576997074076634,0.9576627847873187,0.9576761077647393,0.9576466235354428
0.9577191386169932,0.9577077641509348,0.9576551221341512,0.9576414877579105,0.9576527763001177,0.9576658256179935,0.9576287455160895,0.9576422030867175,0.9576115499676214
0.9576856370359763,0.9576742537796268,0.9576209722353011,0.9576073271350758,0.9576190434097194,0.9576322190995143,0.9575949833724007,0.957608573878538,0.957577398274299
0.9576524165133469,0.9576410245408058,0.9575870948209757,0.9575734390827721,0.9575855941467417,0.9575988944200213,0.9575615050910009,0.957575226717263,0.9575440060947504
0.9576195000584029,0.9576080994497951,0.9575535131564676,0.9575398468735885,0.9575524517842797,0.9575658746755085,0.9575283339691565,0.9575421847174579,0.9575109183279777
0.9575869782409245,0.9575755691001293,0.9575202468771409,0.9575065701490402,0.9575197075554442,0.9575332507296166,0.9574958314829689,0.9575098088637626,0.9574782259713794
0.9575547695986901,0.9575433520082033,0.9574874300465555,0.9574737430147688,0.9574872794463078,0.9575009408705926,0.9574631051297802,0.9574772072207209,0.9574458471209579
0.9575228934815805,0.9575114675289607,0.957454789688357,0.9574410924087009,0.9574551869705585,0.95746896451618,0.9574312554232649,0.9574454798462957,0.9574138011950235
0.9574913572169186,0.9574799229916386,0.957422630914194,0.9574089235382661,0.957423437485357,0.9574373290214537,0.9573959553299836,0.9574103011127795,0.9573820955508334
0.9574603361992082,0.9574488938367409,0.9573908300507012,0.9573771126912569,0.9573922077634571,0.957406210356224,0.9573646539473282,0.9573791171123243,0.9573509065036989
0.9574295571075389,0.9574181066716452,0.9573594156283372,0.9573456884070726,0.9573612225209618,0.9573753343335931,0.9573328823330829,0.9573474612086161,0.9573199592257773
0.9573991336478151,0.9573876752320762,0.9573281892565979,0.9573144522329204,0.9573305962650971,0.9573448150251829,0.957302186539305,0.9573168785264576,0.9572893680121972
0.9573691681806742,0.9573577019055073,0.9572974932085869,0.9572837465493378,0.9573004320452538,0.9573147551225745,0.9572715844334088,0.9572863869123736,0.9572592357850465
0.957246318503137,0.9572348200095946,0.9571737496879702,0.9571599641889386,0.9571770901489207,0.9571915460941047,0.9571477343667303,0.9571626768177854,0.957135684600612,0.9571345744601067
0.957208113964656,0.9571966054526297,0.9571347821614413,0.9571209844327553,0.9571386652450276,0.957153223691998,0.9571088508341259,0.957123901848675,0.9570972625189171,0.9570960108371516
0.95717009255323,0.9571585740712032,0.9570960172637473,0.9570822073695759,0.957100426328098,0.957115085015259,0.9570701453768893,0.9570853025665595,0.9570590228465015,0.9570576267889832
0.9630088221490503,0.9629988400838276,0.9629477186875572,0.9629357516869645,0.9629523873156138,0.9629651632844509,0.9629271551470144,0.9629403674051566,0.962916386582366,0.9629150144872483
0.9630037181558546,0.9629937347428186,0.9629426064446451,0.9629306378283464,0.9629471913584049,0.9629600441841764,0.9629215758150484,0.9629348697215063,0.9629112322489475,0.9629097303043157
0.9629842022384434,0.9629742136719084,0.9629230589836277,0.962911084189517,0.962927538697109,0.9629404709184906,0.9629015239803684,0.9629149020995373,0.9628915789539472,0.9628899446224,0.9628363566245004
0.9629819532385322,0.9629719640781185,0.9629208063487005,0.9629088308426705,0.9629252052554267,0.9629382083789082,0.9628987984011126,0.9629122518899116,0.9628892821498696,0.962887514667558,0.9628340770590462
0.962979646530818,0.9629696567612898,0.9629184959127097,0.9629065196764992,0.9629228164312014,0.9629358881116246,0.9628956082206377,0.9629091347207508,0.9628869270642597,0.9628850245177778,0.96283161555645
0.962973733937363,0.9629637426065503,0.9629126492097098,0.9629006711257346,0.9629168189733057,0.9629299578756749,0.9628896092695787,0.9629032070438936,0.9628809569901675,0.9628789178293362,0.9628257817845842
0.9629678478901635,0.9629578550050852,0.9629066782023572,0.9628946982313469,0.962910850354056,0.9629240542498352,0.9628828065347377,0.9628964734843342,0.9628750130455339,0.9628728352275273,0.9628197267144556
0.9629620144627675,0.9629520200373283,0.9629009108168696,0.9628889290231895,0.9629049369852363,0.9629182033870358,0.9628769005974582,0.9628906337644949,0.9628691215751208,0.9628668037354897,0.962813972252039
0.9567429348211693,0.9567313043612526,0.956668141033929,0.9566541968986217,0.9566710187520526,0.9566865263456383,0.9566354756679212,0.9566515314063204,0.9566291321866853,0.9566263303952118,0.9565646050047811
0.9566999039604607,0.9566882622233839,0.9566251257310328,0.9566111681040481,0.9566277800262917,0.9566433643125241,0.9565922135852543,0.9566083501184353,0.9565858344337625,0.9565828661379452,0.9565214015570054
0.9566570497121798,0.9566453967448145,0.9565821115112216,0.9565681403936059,0.9565847208527598,0.9566003795218605,0.9565480696088009,0.9565642848392748,0.9565427125614476,0.9565395756661061,0.9564780857149664
0.9566141901591236,0.9566025259606663,0.9565392679817779,0.9565252834277689,0.9565416585007209,0.9565573895053496,0.9565049936681171,0.9565212849877185,0.956499583459415,0.9564962750796338,0.9564350519628266
0.9565712600678049,0.9565595846203598,0.9564961776299459,0.9564821795628449,0.9564985273560345,0.95651432882308,0.9564612669181765,0.9564776324919599,0.9564563814903744,0.9564528985277794,0.9563916562330275
0.9564327059415643,0.9564209941927433,0.9563574790328881,0.9563434374748563,0.9563594628674998,0.9563753668395711,0.9563226328613694,0.9563391053460617,0.9563169957831352,0.9563133277946827,0.9562520046459653,0.9562503705555048
0.9563802857066954,0.9563685602252949,0.9563048822448641,0.9562908241962775,0.9563068146586635,0.956322788508263,0.9562693796604156,0.9562859255467935,0.9562642442404026,0.9562603955084095,0.9561990230258632,0.9561972209572147
0.9563276836173287,0.9563159443565941,0.9562522803982494,0.9562382058585814,0.9562539859452766,0.9562700278487637,0.9562170552731337,0.956233672134146,0.9562113078169379,0.956207275435343,0.9561461470213415,0.9561441741157906
0.9562749419151528,0.956263188839398,0.9561993614071254,0.956185270278014,0.9562010191224679,0.9562171272286422,0.9561634826582588,0.9561801688650575,0.956158229017352,0.9561540102463479,0.9560928371764994,0.9560906906913591
0.9562220172106766,0.9562102502728551,0.9561464366245185,0.9561323289052208,0.956147870595536,0.9561640431273382,0.9561077750233087,0.956124529346299,0.956104964174755,0.9561005561619085,0.9560391619477402,0.956036838988904
0.9561691050656405,0.9561573242699402,0.9560934356727193,0.9560793113404318,0.9560947367233501,0.9561109716981422,0.9560540531410504,0.9560708728400704,0.9560517101808532,0.9560471108781701,0.9559858217459347,0.9559833202630483
0.9561159753078734,0.9561041805981991,0.9560402167491782,0.9560260757366588,0.9560413862847292,0.9560576820638413,0.9560001063724679,0.9560169896723354,0.9559982353484731,0.9559934418744487,0.9559322603098086,0.9559295774251362
0.9560626852531238,0.9560508765884008,0.9559868372658986,0.9559726795239101,0.9559878768153616,0.9560042317133008,0.9559459932174268,0.9559629382871313,0.9559445973695475,0.9559396070967543,0.9558785354133967,0.9558756684327343
0.9560091501377315,0.9559973274546996,0.9559332123170605,0.9559190377697693,0.9559341232029992,0.9559505356288027,0.9558916282699823,0.9559086333768847,0.9558907109084607,0.9558855208823338,0.9558245615925722,0.9558215075388845
0.9559553175598507,0.9559434807815419,0.9558792894129742,0.9558650979681131,0.9558800727659575,0.9558965412426348,0.955836958102396,0.9558540216317037,0.9558365232272075,0.9558311303381513,0.9557702860315653,0.9557670417903155
0.9559013146077986,0.9558894636905348,0.9558251958552815,0.9558109874604925,0.9558258530600179,0.9558423760231967,0.9557812829406607,0.9557984035083138,0.9557821622659874,0.9557765639210727,0.9557163107713755,0.9557128737627458
0.9628370237622439,0.9628269963346909,0.9627756426464633,0.9627636212673087,0.9627788349924946,0.9627928416141698,0.9627435014085415,0.9627580138651315,0.9627429075193006,0.9627379128691342,0.9626875164162247,0.9626843980850048
0.962831480354539,0.9628214514634374,0.9627700902806591,0.962758067147063,0.9627732485554226,0.9627872815234855,0.9627374902160482,0.9627520305048884,0.9627373053425654,0.9627321747865065,0.9626819243974174,0.9626786801951537
0.9628259460882189,0.9628159157359928,0.9627645470710755,0.9627525221859403,0.9627676723873426,0.9627817305957191,0.9627314861952447,0.962746053086011,0.9627317120601957,0.9627264446580237,0.962676341424797,0.962672970471097
0.9628204427470788,0.9628104109419025,0.9627590348367037,0.9627470082098293,0.9627621283881143,0.9627762106807984,0.9627255126593144,0.9627401048821533,0.96272614970291,0.9627207451093136,0.9626707894820687,0.9626672914598999
0.9628149571154481,0.9628049238620064,0.9627535403405136,0.9627415119775189,0.9627566032097734,0.9627707085235877,0.9627195556391204,0.9627341720214104,0.9627206049236416,0.9627150625042455,0.9626652552414088,0.9626616295613537
0.9628094866257211,0.9627994519280207,0.9627480610107602,0.962736030916447,0.9627510942278275,0.9627652215489035,0.9627136124556939,0.962728251880252,0.9627150751376312,0.9627093942369738,0.9626597361170701,0.9626559821654332
0.9628040352474501,0.9627939991105485,0.9627426766085136,0.9627306448128865,0.9627456053997938,0.9627597537383592,0.9627068519376871,0.9627215136392056,0.9627095643672627,0.9627037444681146,0.9626546373717533,0.9626507547122543
0.9627985986100818,0.9627885610378775,0.9627371554008255,0.9627251218606714,0.9627401322870812,0.9627543007083563,0.9627017759410741,0.962716458250445,0.9627040682049401,0.9626981087208621,0.9626487508428851,0.9626447388511297
0.9554165817307445,0.9554046039432993,0.9553396499868527,0.955325289498961,0.9553392499586018,0.9553561801620141,0.9552890286659212,0.9553065743139695,0.955294218388772,0.9552870639296083,0.9552276054662794,0.9552227363241665,0.9552367070467445
0.9553681485782741,0.9553561581184411,0.9552910450827186,0.9552766693747208,0.9552906366248455,0.9553076021617513,0.9552410198312318,0.9552586016205724,0.9552454592443398,0.9552381365337446,0.9551782896495005,0.9551732622315301,0.9551877843802719
0.9553195115661217,0.9553075083813167,0.9552424170791511,0.9552280261447168,0.9552418195045436,0.9552588196985381,0.9551910858384602,0.9552087036819732,0.9551964939319291,0.9551890015173614,0.9551297262770044,0.9551245390760368,0.955138654353527
0.9552704660849105,0.955258450069032,0.9551931986372377,0.9551787922924135,0.9551925931814687,0.955209627536568,0.9551428657669412,0.9551605182781739,0.9551471164535357,0.9551394521735266,0.9550797900652943,0.9550744407093132,0.9550891103010826
0.9552211181667818,0.9552090892414824,0.9551438587395393,0.9551294369472247,0.9551430640659904,0.9551601320251377,0.9550922171056793,0.955109904470435,0.9550974335487648,0.9550895956196133,0.9550305089350468,0.9550249956047268,0.9550392593253529
0.9552123678901681,0.9552003366758777,0.9551350029394241,0.9551205783746082,0.9551342012938524,0.9551512871307792,0.9550844067219033,0.9551021117821541,0.9550884548498182,0.9550804485091084,0.9550210293290946,0.9550153549388907,0.9550301625066742
0.9551626408858769,0.9551505966639211,0.9550851924869208,0.9550707523284065,0.9550842926511065,0.9551014109662914,0.9550344424305077,0.9550521806793237,0.9550383877553075,0.9550302036629312,0.9549708819033986,0.954965039481863,0.954979923689171
0.9551126991674024,0.9551006418824148,0.9550351669654356,0.9550207111468489,0.9550341690795983,0.9550513194048047,0.9549810336326077,0.9549988057816889,0.9549881048013658,0.9549797387374317,0.9549209987885712,0.9549149856598254,0.9549294653907867
0.9550627322092402,0.9550506618554162,0.9549852073191216,0.9549707358620403,0.9549840207501916,0.9550012024972219,0.954928994401836,0.9549467993423588,0.9549377968428021,0.9549292453043907,0.9548701246142091,0.9548639386298103,0.9548789791299777
0.9550124578000527,0.9550003742977842,0.9549347574081217,0.9549202701600523,0.9549335643767214,0.954950777171945,0.9548779029804444,0.95489573981439,0.9548871797410605,0.9548784381276789,0.9548194212392784,0.9548130594276558,0.9548281797797911
0.9549622021167148,0.954950105471708,0.9548845087618825,0.9548700057867898,0.9548831273299199,0.95490037059464,0.9548281941100729,0.9548460616950112,0.9548365819507005,0.954827646895716,0.9547692192239874,0.9547626797895878,0.9547773968435471
0.9549116719853503,0.9548995621266445,0.9548338025124061,0.9548192836680465,0.9548324153235148,0.9548496886976232,0.9547754679004086,0.9547933668912907,0.9547857082878237,0.954776575218619,0.9547177716107267,0.9547110515155242,0.9547263340702556
0.9548609530329579,0.9548488299120013,0.9547830900311687,0.9547685553165794,0.9547815142954841,0.9547988173675797,0.9547253515889851,0.9547432804610214,0.9547346450226277,0.9547253097256372,0.9546671008390752,0.9546601976397886,0.9546750780416218
0.9548100253791809,0.9547978889422262,0.9547319854039333,0.9547174346973863,0.9547304042717606,0.9547477366597859,0.9546721435744805,0.9546901030247275,0.9546833721323138,0.9546738302224997,0.9546152486292847,0.9546081594842915,0.954623608677567
0.9547590705015971,0.9547469207423558,0.9546809450631104,0.9546663783857223,0.9546792673655393,0.9546966285998277,0.9546203417640271,0.9546383307430912,0.9546320723843738,0.9546223202665454,0.954563852493546,0.9545565754681691,0.9545721094822073
0.9546111138852442,0.9545989254470639,0.9545327403215529,0.9545181272756322,0.954530803958445,0.9545482299367578,0.9544710822637361,0.9544891379506608,0.9544831881296814,0.9544732002255256,0.9544147271822101,0.9544072436926077,0.9544227371388962,0.9544265229138966
0.9626674406846785,0.962657368488907,0.9626057855512049,0.9625937105057227,0.9626083375812713,0.9626227427707659,0.962561396688878,0.9625763211816534,0.962571660701538,0.9625631245190116,0.9625164343294386,0.962510009739675,0.9625215279381363,0.9625247339682845
0.9626597130288925,0.9626496387933134,0.9625980454101646,0.9625859679194468,0.9626005753798237,0.9626149917715525,0.9625531122833406,0.9625680480624788,0.9625638630887368,0.9625551550185072,0.9625086372275218,0.9625020533857549,0.9625136044309541,0.9625169208220914
0.962652032905849,0.9626419566430324,0.9625903528787698,0.9625782729578805,0.9625928612952086,0.962607288436822,0.9625448719847347,0.9625598185712316,0.9625561138725172,0.9625472386966749,0.9625008878272301,0.9624941432301239,0.9625057273558217,0.9625091552009881
0.9626443983461015,0.9626343200680891,0.9625827059844068,0.9625706236477833,0.9625851933427834,0.9625996307928559,0.9625366743080332,0.962551631238141,0.9625484110860087,0.9625393736534795,0.9624931841543627,0.9624862774059837,0.9624978945123339,0.9625014350790233
0.962623714147743,0.962613630410085,0.9625619883686218,0.9625498994872008,0.9625644323808114,0.9625788846872019,0.9625153629231473,0.9625303349027376,0.9625275793103722,0.962518381038715,0.9624723318078658,0.962465258896525,0.9624768894833087,0.9624805452668046,0.9624217935428725
0.9626209403987873,0.9626108559290016,0.9625592101384544,0.962547120379388,0.9625616320166264,0.9625760920012052,0.9625120321544252,0.962527011747317,0.9625247476512389,0.9625153978702585,0.9624695047648486,0.9624622679343768,0.9624739285307242,0.9624776986764307,0.9624188541434622
0.9626125424062739,0.9626024557198647,0.9625507985784167,0.9625387061621531,0.9625531990886766,0.9625676685157676,0.9625034592595783,0.9625184481361504,0.9625162782518757,0.9625067801191609,0.9624610311104647,0.9624536278169424,0.9624653202437461,0.9624692064763787,0.9624102595570267
0.9626041748247745,0.9625940859297892,0.9625424174786503,0.9625303224148369,0.9625447970046173,0.962559275521129,0.962495046731106,0.9625100444703878,0.9625078399958549,0.9624981980034799,0.9624525879090338,0.9624450167035372,0.9624567410631311,0.9624607445241782,0.9624016943668277
0.9539965287748107,0.9539841797462834,0.953917125063229,0.9539023195009946,0.953913965759936,0.9539316980882908,0.9538492649749237,0.9538676337461593,0.9538643813090595,0.9538525186071003,0.9537947226489052,0.9537853759518473,0.9538014152074208,0.9538065180444999,0.9537338656169148
0.9539307285949645,0.9539183623800944,0.95385121464087,0.9538363884756171,0.953847936151095,0.9538656983806215,0.953784959272318,0.953803357650115,0.9537981494600527,0.9537861089554174,0.9537288455397708,0.9537192827262917,0.953734897054954,0.9537401559356729,0.9536668160088255
0.9538646570080094,0.9538522735373041,0.9537851258823642,0.953770279060016,0.9537816343219947,0.9537994263173013,0.9537167527364998,0.9537351819899209,0.9537316448532083,0.9537194304217425,0.953662199139486,0.9536524166964799,0.9536681010275385,0.9536735184643137,0.9535999418384964
0.9538674560537943,0.9538550733140847,0.9537879296115785,0.9537730836655463,0.9537843226175924,0.953802118341909,0.9537194444777659,0.953737876933251,0.953734202356999,0.9537218350368912,0.9536647144589809,0.9536547211939539,0.9536704536491847,0.9536760249509375,0.9536023155858422
0.9538013400185026,0.953788940012686,0.9537217029539105,0.9537068363092909,0.953717975254587,0.9537358003885399,0.9536530065878568,0.9536714688465715,0.9536676513095075,0.9536551162757716,0.9535980194247868,0.9535877948625471,0.9536035989950726,0.9536093356876534,0.9535353834184745
0.9537349149574728,0.9537224976062602,0.9536551667632027,0.9536402793249446,0.9536513177940347,0.9536691722773791,0.9535862582236827,0.9536047502247487,0.9536007894146761,0.9535880897187621,0.9535310121124236,0.9535205499569055,0.9535364267650281,0.9535423324433963,0.9534681336104114
0.9536683097758576,0.9536558750336324,0.9535884501603922,0.9535735418738189,0.9535844796003576,0.9536023633177402,0.9535193289225536,0.9535378505517604,0.9535337464633102,0.9535208855365986,0.9534638226107062,0.9534531168532938,0.9534690673217046,0.9534751452527248,0.9534006966819868
0.9536014054895814,0.953588953279676,0.9535214339624563,0.9535065047356643,0.9535173412612139,0.9535352541551654,0.9534520991062825,0.9534706503096699,0.9534664026976127,0.9534533837531514,0.9533958328845096,0.953384876813504,0.953401400224825,0.9534076540370711,0.9533334093011112
0.9534352411090548,0.9534227455223874,0.9533548973169408,0.9533399160607299,0.9533506036374695,0.953368582867133,0.9532869676423956,0.9533055861950406,0.9532991886558988,0.9532859879109532,0.9532288220606624,0.9532175864617713,0.9532335550949207,0.9532400017266416,0.9531646503098021,0.9531682730609348
0.9533581874201167,0.9533456717217939,0.9532778091425764,0.9532628038060607,0.953273280905808,0.9532912928080584,0.9532077064932301,0.9532263589649224,0.9532216328266081,0.9532082777559645,0.9531506009492035,0.9531390987866215,0.9531556319079353,0.9531622638242894,0.9530870725687226,0.9530908634487596
0.953280536289965,0.9532680003259741,0.9531999335111863,0.9531849038506988,0.9531953585929656,0.9532134032401309,0.953131517237851,0.9531502022883358,0.9531434759230277,0.953129969679853,0.9530727781634885,0.9530610023604602,0.9530770991612014,0.9530839205391595,0.9530079650033358,0.9530119280760685
0.9532024886787598,0.9531899323475732,0.9531218500842689,0.9531067960372428,0.9531170383406016,0.9531351157324754,0.9530512513431146,0.9530699704081818,0.9530649201397767,0.9530512660250661,0.9529935526385209,0.9529814989302956,0.9529981593572918,0.9530051743018941,0.9529293703737081,0.9529335095037335
0.9531240704064916,0.9531114936133482,0.9530432057469314,0.9530281271405485,0.9530383460118528,0.9530564561603494,0.9529742970838939,0.9529930487552218,0.9529859913509864,0.9529721922018191,0.9529144551394568,0.9529021264767545,0.9529188370275812,0.9529260505158739,0.9528494702155281,0.9528537902695329
0.9530457240357182,0.9530331268013457,0.9529648233964636,0.9529497203149015,0.9529597257319535,0.9529778684606074,0.9528937248131562,0.9529125103504625,0.9529071350083866,0.9528931944903063,0.952835934632654,0.9528233358470257,0.9528395795611899,0.9528469956054444,0.9527705585855555,0.952775063380368
0.9529667966427684,0.9529541788175653,0.9528856688050142,0.9528705410095286,0.9528805222412451,0.9528986976655103,0.9528162647777774,0.952835082876041,0.9528276939121043,0.9528136145413906,0.9527558209972447,0.9527429544166122,0.9527597262644849,0.9527673506373373,0.9526901247953181,0.9526948199324885
0.9528876197070069,0.952874981227875,0.9528064548387869,0.9527913023132464,0.9528010681914503,0.9528192762841552,0.9527348516204648,0.9527537036985796,0.9527480017063303,0.952733786648764,0.9526764657592515,0.9526633357111967,0.9526796121634022,0.9526874499456843,0.952610356407054,0.9526152466947548
0.9624447117887536,0.962434580808653,0.9623826968478806,0.9623705513341823,0.9623847207353382,0.9623993151909747,0.9623362561538469,0.9623513647866546,0.962347114481565,0.962335588600479,0.9622916735902489,0.9622808731357468,0.9622930062198531,0.9622993701544496,0.9622377518482523,0.9622417859332664
0.9624366506784321,0.9624265175710758,0.9623746227170469,0.9623624746532831,0.962376629010455,0.9623912291366232,0.9623281545679643,0.962343268698338,0.9623389922717955,0.9623273892229729,0.9622839450893379,0.9622729783761808,0.9622847130817507,0.9622912090845361,0.9622298437902006,0.9622339983438066
0.9624357758693347,0.9624256425311253,0.9623738230139909,0.9623616746976571,0.9623757350956132,0.9623903380022085,0.9623257736481903,0.9623408908733864,0.962338075254352,0.9623264001257181,0.9622826217432301,0.9622714954754832,0.9622836328477151,0.9622902612631525,0.9622284152281833,0.9622326909882863
0.9624278946308957,0.9624177592129195,0.9623658525266623,0.9623537016930255,0.9623678240654809,0.9623824322717462,0.9623193391832061,0.9623344609550377,0.9623301345980206,0.9623183881034336,0.9622750749269138,0.962263792181179,0.962275516705259,0.9622822802267244,0.9622206851098993,0.9622250841288937
0.9624200303540564,0.9624098928608089,0.9623580520979187,0.9623458988007105,0.9623599302766814,0.9623745436375652,0.9623099489413853,0.9623250762858133,0.9623222115356478,0.9623103964539375,0.9622667351505736,0.9622553005564061,0.9622674157588025,0.9622743159388185,0.9622122262969988,0.9622167500838612
0.9624122087658844,0.9624020692086481,0.9623501413260673,0.9623379855304621,0.962352079497744,0.9623666978639229,0.9623035753987019,0.9623187070036683,0.9623143318708207,0.9623024509654512,0.9622588439900153,0.9622472626283594,0.9622593559664143,0.9622663942635412,0.9622041810938187,0.9622088309460186
0.9624103591064535,0.9624002190611274,0.9623483652488176,0.9623362088922922,0.9623502102889594,0.9623648312540671,0.9623002169365298,0.9623153514892104,0.9623124400425531,0.962300498022223,0.9622573546407827,0.9622456337727998,0.9622572907800844,0.962264467145415,0.9622025115658859,0.9622072876688643
0.9624027475455137,0.9623926054916447,0.9623406648243051,0.9623285060358413,0.9623425703773423,0.9623571960182964,0.9622940548833991,0.9623091933776375,0.9623047721704203,0.9622927698244799,0.9622492700072454,0.962237412475123,0.9622494387706675,0.9622567559214206,0.962194302701306,0.9621992073659498
0.9523139005617354,0.952301112483497,0.9522317773414732,0.9522164454776925,0.952225117984669,0.9522435660687827,0.9521581181797056,0.9521772147293464,0.9521701152159168,0.9521549463659122,0.9520973557247645,0.9520823178341624,0.9520982385130874,0.952107769493552,0.9520281704588776,0.9520345831546428,0.9520472158978113
0.9522453272111668,0.9522325212592724,0.9521629927873065,0.9521476394665915,0.9521563036970717,0.9521747785125589,0.95209108939655,0.952110212541436,0.9521010959332432,0.9520858410356345,0.9520282006537357,0.952012987857761,0.9520288167294244,0.9520385413046304,0.9519586471274037,0.9519652373291541,0.951977899557882
0.952176671937212,0.9521638480918182,0.9520943195956924,0.9520789448545928,0.95208740706696,0.9521059086097001,0.9520202206082096,0.9520393718180675,0.9520319943217317,0.9520166557761425,0.9519584510997372,0.9519430679011287,0.9519593063504046,0.9519692275815588,0.9518885637948116,0.9518953346423253,0.9519084975797574
0.9521076347343216,0.9520947928974106,0.9520251671419035,0.9520097708327588,0.9520181269828685,0.9520366553778927,0.9519508466141766,0.9519700253020726,0.951962508359447,0.9519470881478675,0.9518888296678047,0.9518732801657195,0.9518894035355279,0.9518995253582334,0.9518185575389368,0.9518255128615825,0.9518387066276379
0.9520381699189413,0.9520253099806204,0.9519555863724445,0.9519401683635218,0.9519484175988415,0.9519669729888562,0.9518810427345419,0.9519002490597575,0.9518925920565029,0.9518770921032504,0.9518187780769087,0.9518030662177366,0.9518190619084332,0.9518293884437485,0.9517481115624835,0.9517552554208104,0.9517684804570548
0.9519683503797731,0.9519554722491672,0.9518856502978641,0.9518702104802301,0.951878352061174,0.9518969345590294,0.9518108822148201,0.9518301163063683,0.9518223187727863,0.9518067410783788,0.9517483698573284,0.9517324998365009,0.9517483551926806,0.9517588903884335,0.9516772997023923,0.9516846359977358,0.9516978927531163
0.9518983813903008,0.951885485030036,0.9518154671455741,0.9518000054440707,0.9518081363766897,0.9518267460108716,0.9517424633986051,0.9517617245656178,0.9517518951259234,0.9517362418947102,0.9516778120381078,0.9516617885392624,0.9516774913566672,0.951688238485245,0.9516063302419793,0.9516138622512749,0.9516271510029808
0.9518280700560546,0.9518151553785195,0.9517450383386019,0.9517295546785327,0.951737576964724,0.9517562138417721,0.9516718110209377,0.9516911001183475,0.9516811269506076,0.9516654001656373,0.9516069101062821,0.9515907374443235,0.9516062749391234,0.951617237897044,0.951535007380212,0.9515427389941684,0.9515560601624717
0.9517572494246431,0.9517443162987611,0.9516740993946515,0.9516585936188893,0.9516665062578387,0.9516851705554836,0.9516006466728006,0.9516199638940941,0.9516098461702773,0.9515940475950349,0.9515354956869126,0.9515191778468199,0.9515345367498125,0.9515457199701391,0.951463161699533,0.951471097290419,0.9514844513811462
0.9516861708724631,0.9516732192326685,0.9516029999164817,0.9515874719769211,0.9515951765379433,0.9516138683294944,0.9515273227899743,0.9515466689590508,0.9515383058039897,0.9515224374352853,0.9514643403757415,0.9514478820491565,0.9514625314330933,0.9514739385557929,0.9513915239953381,0.9513996671155331,0.9514125788332151
0.9516149814806567,0.9516020112997021,0.9515315938123561,0.9515160436153658,0.9515237353762667,0.9515424546877591,0.9514576876763672,0.9514770613563126,0.9514666538138179,0.9514507175140998,0.951392556852795,0.9513759620931073,0.9513904159052395,0.9514020418658651,0.9513192909074801,0.9513276461564448,0.9513405909377317
0.9515438125408218,0.9515308238256615,0.9514603060118394,0.9514447335962506,0.9514523145376572,0.9514710613413673,0.9513861727332609,0.9514055746424406,0.9513950223286334,0.9513790200333474,0.9513207948104727,0.9513040679695566,0.9513183240361915,0.9513301624440627,0.9512465934037566,0.9512551651253922,0.9512686204082184
0.951472601505041,0.9514595942463397,0.9513890742825193,0.9513734796677591,0.9513808512397821,0.9513996255359294,0.9513127069236713,0.951332137811217,0.951323348371081,0.9513072819252266,0.951248470879255,0.9512316161370082,0.951246192588024,0.9512582370421923,0.9511747993724402,0.9511835918309131,0.9511966038176587
0.9514010365404393,0.9513880106476722,0.9513173899592058,0.9513017730061923,0.9513090327339448,0.9513278346457466,0.9512407910516081,0.9512602503143013,0.9512513184838272,0.951235189485601,0.9511763109073736,0.951159332171325,0.9511737070367337,0.9511859514123271,0.9511021619205502,0.9511111803271448,0.9511242266461277
0.9512231466850496,0.9512100744805025,0.9511392034617572,0.9511235309908688,0.9511305155300738,0.9511493850653083,0.9510620316954328,0.9510815607429493,0.9510722882197735,0.9510560638798495,0.9509975148467378,0.9509803798466698,0.9509938780030969,0.9510063425888913,0.9509215360993883,0.9509308056070014,0.9509442150186729,0.9509433520460515
0.9511407075042675,0.9511276138409779,0.951056527953881,0.9510408297277881,0.9510477839079374,0.9510666851171752,0.9509811089662363,0.9510006698602778,0.950989314252902,0.9509730272472843,0.9509138733701943,0.9508966185413963,0.9509104190010227,0.950923072943255,0.9508383656931509,0.950847873166125,0.9508608225422459,0.9508598087155846
0.9622267792862396,0.9622165908029321,0.9621644893151498,0.9621522748933498,0.9621659864620888,0.9621806903593797,0.9621157574692059,0.9621309740477444,0.9621276119274695,0.96211490478214,0.9620722517077132,0.9620587359105643,0.9620687116842854,0.9620785593258898,0.9620135284762652,0.9620210212731359,0.9620302521278656,0.9620293076785387
0.9622167020933459,0.962206510951459,0.9621543189141775,0.9621421012810893,0.9621558727495647,0.9621705817935744,0.9621071254571734,0.962122346630566,0.9621174666458823,0.9621047296457863,0.9620616839500906,0.9620480975588941,0.9620583676090222,0.9620683429879737,0.9620035110241083,0.9620111837040002,0.9620200209890659,0.9620189553665905
0.962193647122114,0.9621834498979451,0.9621313037159638,0.9621190788160123,0.9621327369496258,0.9621474559988534,0.9620824650389681,0.962097697012483,0.9620942624692184,0.9620814928702006,0.9620384458852995,0.962024788260375,0.9620349255890324,0.962045026529452,0.961979994791702,0.9619878525486811,0.9619966488190728,0.9619954598082858,0.9619368438397928
0.9621826347262192,0.9621724345968587,0.9621202735599146,0.9621080451773516,0.9621216849706027,0.9621364093370519,0.9620713988334719,0.9620866361721347,0.9620831764265703,0.9620703797679027,0.9620273434277806,0.9620136226540963,0.9620236476269681,0.9620338668939286,0.9619686517033039,0.9619766943222461,0.9619854685624398,0.9619841548847694,0.9619256707270052
0.9621716638641056,0.9621614608405484,0.9621092850048616,0.9620970531528688,0.9621106747190089,0.9621254043122285,0.9620603744057925,0.9620756170208717,0.9620721323082733,0.9620593099651835,0.9620162829778809,0.9620025024730321,0.9620124159704808,0.9620227501519925,0.961957346623662,0.9619655773503097,0.9619743290535603,0.961972888308952,0.9619145389034818
0.9621674067144077,0.9621572025677925,0.9621050209896342,0.9620927877913696,0.9621063889716646,0.9621211211580083,0.9620560832090592,0.9620713283800015,0.9620678196150816,0.9620549751881728,0.9620119636701396,0.9619981292719981,0.9620079311042333,0.962018374569112,0.96195278971166,0.96196120968145,0.9619699369547501,0.9619683675345805,0.9619101652379531
0.9621567827912378,0.9621465758420029,0.9620943799333512,0.9620821433754339,0.9620957266373642,0.9621104637679225,0.962045407142611,0.9620606573073776,0.9620571242418947,0.9620442569479271,0.9620016606292621,0.9619877735578823,0.9619970588995055,0.9620076094173724,0.9619414535498019,0.9619500665312506,0.9619591452028144,0.9619574452149007,0.9618992662675021
0.9621461706586059,0.9621359609098954,0.9620836735908413,0.9620714336527012,0.9620850763551427,0.9620998183545146,0.9620362405796714,0.9620514950763659,0.9620464412009542,0.9620335523263903,0.9619905537342772,0.9619766169431732,0.9619862043767673,0.9619968579256428,0.9619308768098065,0.9619396846866981,0.9619483650528311,0.9619465330535035,0.9618886115023775
0.9503117961844649,0.9502984868787099,0.9502263343317134,0.9502103776281394,0.950215780050705,0.9502350043376451,0.9501460553564558,0.9501659498031818,0.9501547510288699,0.9501379281190119,0.9500784455023019,0.9500602324913623,0.9500712339652855,0.9500853767470077,0.9499963193658509,0.9500081885932306,0.9500215666139384,0.9500190733152187,0.9499432750732724
0.9502227379560664,0.9502094054948251,0.9501371278000605,0.9501211433381678,0.95012640250647,0.9501456602935681,0.9500565566945154,0.9500764858060504,0.9500651102851951,0.9500482386665858,0.9499886604016134,0.9499703655553717,0.9499811302746151,0.9499954112134841,0.9499058878838551,0.9499180395724267,0.9499314224429991,0.9499287477935838,0.9498530127033364
0.9501329951542214,0.950119639362081,0.9500472355728162,0.9500312231423345,0.9500363376181067,0.9500556291592075,0.949966369771823,0.9499863338108638,0.9499747800720821,0.949957860520461,0.9498976511273014,0.9498792766611901,0.9498903381162231,0.949904754306031,0.9498152428270328,0.9498276839599105,0.9498405807881045,0.9498377199258143,0.94976220444864
0.9500428345348122,0.9500294553057584,0.949956823815477,0.9499407832579028,0.9499458530522455,0.9499651785107412,0.9498777256422257,0.9498977240074904,0.9498840288099106,0.9498670621539422,0.9498072894234391,0.9497888381380393,0.9497991268938142,0.9498136753236917,0.9497231887092368,0.9497359201061337,0.9497493111472848,0.9497462591500909,0.9496706640477397
0.9499521007989609,0.949938697986658,0.9498660400755483,0.9498499712783224,0.9498547928763124,0.949874152508202,0.9497845791604969,0.9498046135913978,0.9497927000775455,0.9497756869813727,0.9497152794354597,0.9496967530534923,0.9497073389752577,0.9497220171520313,0.9496315385527618,0.9496445550308679,0.9496574556169959,0.9496542064861733,0.9495788422646001
0.9497479109650524,0.9497344550899995,0.9496614087925048,0.9496452763532752,0.9496498708021104,0.9496693072979614,0.9495813539309395,0.9496014670347404,0.9495871802385869,0.9495700839939312,0.9495099821106479,0.9494913423891718,0.9495009812239481,0.9495158188550268,0.9494241639053873,0.949437488848722,0.9494507180942198,0.9494472584487348,0.9493713835546242,0.9493697681890716
0.949644340820311,0.9496308580356418,0.9495577679238194,0.9495416032575825,0.9495459271302964,0.9495654026899265,0.9494752953640109,0.949495449531996,0.9494829300403003,0.9494657848091388,0.949405029431261,0.9493863145600294,0.9493962347214289,0.9494111998952619,0.9493195374292234,0.9493331380115833,0.949345852494726,0.9493421831391677,0.9492665045882898,0.9492646872739234
0.9495398506445043,0.9495263407146781,0.9494530018819469,0.9494368046430388,0.9494410596146825,0.9494605746145579,0.9493722682007812,0.9493924622973924,0.9493777530503096,0.9493605593326784,0.9493002279416751,0.9492814401516989,0.9492905615586864,0.9493056515980285,0.9492129915473198,0.9492268613233568,0.9492400490679385,0.9492361635678588,0.949160379168865,0.9491583533971693
0.9494348232283163,0.9494212860173039,0.9493479017738797,0.9493316718626836,0.9493356526458232,0.9493552073079645,0.9492647364218048,0.9492849722184913,0.9492720349585637,0.949254793408143,0.9491943456807512,0.949175486814865,0.949184349653891,0.9491995613088198,0.9491064024672338,0.9491205328434489,0.9491336961048475,0.9491295889753599,0.949054010942086,0.9490517712003244
0.9493291622062017,0.9493155975530063,0.9492419625738944,0.9492256997338706,0.9492296092950638,0.9492492038823825,0.9491605398817016,0.9491808161212971,0.9491656783602294,0.9491483895357749,0.9490872817747804,0.9490683534707403,0.9490775007821954,0.9490928310749323,0.948999674680227,0.9490140581036217,0.9490266948693469,0.9490223598026832,0.9489466850072066,0.9489442248350737
0.9492230254979004,0.9492094332825933,0.9491356491483791,0.9491193532675564,0.9491230879958075,0.9491427227164084,0.9490538785446017,0.9490741962148548,0.949058842069044,0.9490415064878681,0.9489802795152658,0.9489612836468841,0.9489701735923215,0.9489856199613453,0.9488919710284149,0.9489066042525303,0.9489192038262633,0.9489146333598244,0.9488390224834895,0.9488363343388182
0.9491165306243996,0.9491029107576168,0.9490289769865385,0.9490126479578036,0.9490162067003567,0.9490358817133622,0.9489468567459576,0.9489672160159217,0.9489516443841715,0.9489342626027399,0.9488729157774591,0.9488538540512323,0.9488624871161955,0.9488780467793914,0.9487839092000689,0.9487987879912645,0.9488113416462032,0.9488065282223797,0.9487309880763646,0.9487280642811968
0.9490096248644779,0.9489959772432048,0.9489218932796581,0.9489055309795369,0.9489089124910339,0.9489286279730533,0.9488394214989595,0.9488598225559819,0.9488440322162783,0.9488266047487974,0.948765137376306,0.9487460114089961,0.9487543881855058,0.9487700583374565,0.948675436516839,0.9486905562794863,0.9487030545687956,0.9486979901757335,0.9486225279408194,0.9486193603665591
0.9489022174789596,0.9488885419766702,0.9488143071399775,0.9487979114168128,0.9488011142836237,0.9488208704443799,0.9487314816039962,0.9487519246683087,0.9487359141844252,0.9487184414809422,0.9486568527757917,0.9486376640602425,0.9486457850578607,0.9486615629702939,0.9485664614576488,0.9485818174692358,0.9485942503674292,0.9485889265477423,0.9485135496964245,0.9485101297475904
0.9487945455624374,0.9487808421141963,0.9487064560526877,0.9486900268286484,0.9486930500421618,0.9487128469957378,0.9486232753350061,0.9486437605281739,0.9486275289517669,0.9486100115355367,0.948548300982194,0.9485290510659177,0.9485369175709231,0.9485528002496202,0.9484572252422514,0.9484728119044625,0.948485169043972,0.9484795777508985,0.9484042937393236,0.9484006132172009
0.9486865091708794,0.9486727776858417,0.9485982399098194,0.9485817770760221,0.9485846198065397,0.9486044577002488,0.9485147026040492,0.9485352300817724,0.9485187765929888,0.9485012149352496,0.9484393819085073,0.9484200722420781,0.9484276859485783,0.9484436703587849,0.9483476286944854,0.9483634399336343,0.9483757105504769,0.9483698437599346,0.9482946598876449,0.9482907106203111
0.9619303137274751,0.9619200470435814,0.9618675456970323,0.9618552375319702,0.9618684669835647,0.961883294286697,0.9618178535346851,0.9618331958962452,0.9618291875143103,0.9618160578586767,0.961773394073911,0.961758949672108,0.9617665284207702,0.9617784733343953,0.9617086938232673,0.9617205544004825,0.9617289772508202,0.9617243377031985,0.9616693411643196,0.9616661849628472
0.9619201209877863,0.9619098516157851,0.961857258978096,0.9618449475661803,0.961858237198483,0.961873069282013,0.9618091167005516,0.9618244633782416,0.9618189276110833,0.9618057890157039,0.9617627088841596,0.9617482478309505,0.9617561703325153,0.9617681635246642,0.9616986124569444,0.9617105991925663,0.9617186009756586,0.9617137956766186,0.9616588605075418,0.9616555449807791
0.9619100401505531,0.9618997681199888,0.9618472394346183,0.9618349248602178,0.9618481197518483,0.9618629564955967,0.9617974799545794,0.9618128320053274,0.9618087803196258,0.9617956332669642,0.9617529577110471,0.9617384814484355,0.9617459284444414,0.9617579674746959,0.9616878960842257,0.9617000039352752,0.9617083364410379,0.9617033627299012,0.9616487259656021,0.9616452485521965
0.961907301617196,0.9618970288644189,0.9618444189144797,0.961832103449842,0.9618453565636513,0.9618601950949928,0.9617962199107117,0.9618115731770076,0.9618059948887592,0.9617928422838693,0.9617497575494975,0.9617352695440589,0.9617430637168438,0.961755143903362,0.9616853253522957,0.9616975463598552,0.9617054516997698,0.9617003081463313,0.9616457491112846,0.9616421081392053
0.9618975767093405,0.9618873013919045,0.961834755899978,0.9618224373854338,0.9618355962233682,0.9618504391310558,0.9617849402405567,0.9618002985847767,0.9617962054861549,0.9617830453762555,0.9617403649201681,0.9617258638581248,0.9617331872672863,0.9617453083470429,0.9616749813392622,0.9616873122651892,0.9616955442424737,0.9616902280875697,0.9616359729963637,0.961632166046078
0.9618742940523972,0.9618640125949725,0.9618113580703378,0.9617990321709571,0.9618122313009787,0.9618270836992835,0.9617630530066048,0.9617784205352851,0.961772772403338,0.9617596005500861,0.961716487255647,0.9617019686361905,0.9617096226651101,0.9617217867081687,0.9616516867919782,0.9616641265702204,0.9616719055906673,0.9616664122009333,0.9616122114014958,0.961608234423734,0.9616231730617155
0.9618634264922905,0.9618531421689829,0.9618005506278555,0.9617882213174953,0.9618013245291761,0.9618161816238255,0.9617506241396689,0.9617659970780046,0.9617618333058224,0.9617486542541227,0.9617059436439808,0.9616914132181886,0.9616985984182114,0.9617107993945773,0.9616401993335464,0.9616527390268834,0.9616608384279535,0.961655167189756,0.9616012748345257,0.9615971268141881,0.9616119909024732
0.9618607619296793,0.9618504769037071,0.961797881769682,0.9617855516169984,0.9617986340147413,0.961813492629211,0.961747930168851,0.9617633046384235,0.9617591189080421,0.9617459357424449,0.961703225383262,0.961688686801561,0.9616958151461041,0.9617080484048866,0.9616373460444194,0.961649977695588,0.9616580162103465,0.9616521661452484,0.9615984791302212,0.9615941588111918,0.9616090622213855
0.9479881438268134,0.9479742311979453,0.9478988183130719,0.9478821383619227,0.9478833005711156,0.9479034078865136,0.947810419772535,0.9478312263068291,0.9478149776306632,0.9477971307415609,0.9477350642116127,0.9477153779869223,0.9477203979572217,0.9477370295137555,0.9476374114005259,0.9476546900103973,0.9476663596198573,0.9476583587145722,0.9475843450082699,0.9475783504589621,0.9476002215681518
0.9478977819370222,0.9478838458813383,0.9478083064163694,0.9477915983819387,0.9477926037962343,0.9478127450248948,0.9477196004813844,0.9477404421049269,0.9477240060350103,0.9477061264232869,0.947643956487074,0.9476242303868987,0.9476290549965449,0.9476457472257849,0.947545814599577,0.9475632231643536,0.9475747490987216,0.9475664862328856,0.9474925816601367,0.9474863378449028,0.9475083428235247
0.9478075921996958,0.947793632764449,0.9477178615601567,0.9477011254664018,0.94770207945377,0.9477222545274027,0.9476310021582297,0.9476518780091017,0.9476332070600058,0.9476152949601158,0.9475524632306107,0.9475326976379088,0.9475378875413647,0.9475546386816793,0.9474549114961577,0.9474724450883154,0.9474833115363657,0.9474747757096145,0.9474008271554568,0.947394328008631,0.9474166279357912
0.9477171198334642,0.94770313694803,0.9476273444558949,0.9476105802835622,0.947611271029871,0.947631480050861,0.9475380228100161,0.9475589345766402,0.9475421227380549,0.9475241782018682,0.9474618014353353,0.9474419971087509,0.9474464356572327,0.9474632442887474,0.9473627016445225,0.9473803565160572,0.9473915857630766,0.9473827642225834,0.9473089370225225,0.9473021750774662,0.947324614201172
0.9476266788329766,0.9476126725081195,0.9475367533717645,0.9475199611010756,0.9475204936903046,0.9475407366431974,0.9474471228908397,0.9474680697659654,0.9474510692168647,0.9474330924053052,0.9473706120597569,0.9473507692525971,0.9473550167549638,0.9473718812811627,0.9472710427556796,0.9472888141688602,0.9472998903602261,0.9472907710660858,0.9472170714592014,0.9472100401014565,0.9472326208918145
0.9475357934608084,0.9475217635840227,0.9474457171968911,0.9474288966929825,0.9474292699119491,0.9474495469597588,0.9473557759453108,0.9473767580975947,0.9473595674941382,0.9473415583842402,0.9472789739322283,0.9472590928708227,0.9472631498435975,0.9472800690013461,0.9471789393699495,0.9471968234873578,0.947207743117207,0.9471983122194958,0.9471247471237136,0.9471174382526788,0.9471401641185626
0.9474448354160516,0.9474307819711705,0.9473546082472681,0.9473377594907761,0.9473379727833255,0.9473582839495958,0.947264355565836,0.9472853730196187,0.9472679918017188,0.9472499505010157,0.9471872618353387,0.9471673428787324,0.947171210607521,0.9471881829406497,0.947086768266536,0.9471047607562735,0.9471155210616979,0.9471057656063964,0.9470323415518604,0.9470247481439651,0.9470476220806585
0.9473276880381527,0.947313604243202,0.9472371601870884,0.9472202750150709,0.9472202476177551,0.9472406027731268,0.9471485380627118,0.9471696002330512,0.9471497665451603,0.9471316843457789,0.9470688608751845,0.9470488946310462,0.9470523886613498,0.9470694211012944,0.9469676776193885,0.9469857830749786,0.9469961988622562,0.9469861009798679,0.946912788099725,0.9469048994039766,0.9469277471293038,0.9469322721107993
0.947223514681673,0.9472094039016317,0.9471328138468282,0.947115896326028,0.947115684063246,0.9471360782843583,0.947043837354977,0.9470649399441831,0.9470448821619792,0.947026763594413,0.9469638206149642,0.9469438122853087,0.9469470960347526,0.9469641830738882,0.9468621415657421,0.9468803515765218,0.94689058094622,0.946880149692795,0.9468069527253831,0.9467987616312912,0.9468217441312219,0.9468265190915046
0.9471188376720616,0.947104699779989,0.947027963041482,0.9470110130197453,0.9470106143973769,0.9470310478681909,0.9469386298917968,0.9469597730901911,0.9469394895424144,0.9469213345249559,0.9468582714571974,0.9468382211316175,0.9468412946574576,0.9468584352748326,0.9467561000766236,0.9467744111553509,0.9467844505798275,0.9467736920262668,0.9467005965118307,0.9466920925718938,0.9467152126904761,0.9467202469909621
0.9470136583796074,0.9469994932489731,0.9469226091439755,0.9469056264696329,0.9469050400099632,0.9469255129138476,0.9468329170650984,0.9468541010623839,0.9468335900960596,0.9468153985490722,0.9467522148105019,0.94673212256978,0.9467349859610319,0.9467521791341709,0.9466495546767939,0.9466679632899699,0.9466778094285475,0.9466667303664591,0.946593720800128,0.946584893520803,0.946608153424388,0.9466134569607301
0.9467835294166762,0.9467693047013794,0.9466922056557414,0.9466751515867986,0.9466740522776971,0.946694611439683,0.9465995392313431,0.9466208132796277,0.946601897169264,0.9465836274982542,0.9465196096941544,0.9464994295485065,0.9465024417844501,0.9465197258333369,0.9464171052929695,0.9464356499157238,0.9464445814207023,0.9464331635739325,0.9463602189936966,0.9463510373805957,0.946374111819734,0.9463797070731601,0.9462955834071356
0.9466629338991224,0.9466486779662324,0.9465713026144678,0.9465542110897871,0.9465530035066836,0.9465736078621776,0.9464804190823346,0.9465017390841306,0.9464804754704101,0.9464621642944278,0.9463985772538168,0.9463783502022718,0.9463805586577898,0.9463978978950403,0.94629444660783,0.9463130870490097,0.946322319332211,0.9463105924229269,0.9462375194149502,0.9462279897011769,0.9462513519641564,0.9462572390503752,0.9461727289019664
0.9465406644459156,0.9465263768669105,0.9464489382056682,0.9464318087782686,0.9464302745141775,0.9464509246835289,0.9463554327420414,0.9463768009530364,0.9463573683622717,0.946339015196487,0.9462747160658604,0.9462544412868907,0.9462569857697163,0.9462743796626947,0.9461711476527077,0.9461898806976652,0.9461983618251784,0.9461863332335256,0.9461134374311131,0.9461035475993596,0.9461268744376339,0.9461330649141435,0.9460480648102079
0.9464902634861592,0.9464759628636483,0.9463983457451035,0.9463812006482386,0.9463795535330761,0.9464002226588817,0.9463067418450075,0.9463281288348171,0.9463063604925828,0.9462879892946006,0.9462242041239646,0.9462039086206904,0.9462056412186586,0.9462230660648181,0.9461191426888813,0.9461379408405077,0.9461467056544393,0.9461344000863341,0.9460614325720962,0.9460511845543151,0.9460747718111218,0.946081268250659,0.9459959702881975
0.9463669489114528,0.9463526163792204,0.9462748266349694,0.9462576432860019,0.946255772626936,0.9462764880218304,0.9461827988483549,0.9462042336346046,0.9461821955433398,0.9461637821397435,0.9460998553922522,0.9460795123633057,0.9460810071954293,0.9460984849929603,0.9459942635026193,0.946013148137536,0.9460216802459109,0.9460090898371483,0.9459361044699699,0.9459254673176929,0.9459491836191556,0.9459560066259107,0.9458702421768814
0.9616539203914354,0.9616435808266426,0.9615906287463865,0.9615782331905314,0.9615910131249361,0.9616059513034179,0.9615415565473866,0.9615570125723429,0.9615508359686058,0.9615375609235701,0.9614946447021051,0.9614799785772326,0.9614863250549655,0.9614989259004298,0.961426844279502,0.9614404723363874,0.9614474763425196,0.9614381478872367,0.9613876425569448,0.9613795924255402,0.9613952932219996,0.9614003840369449,0.96133864538123
0.9616399742874979,0.9616296310459631,0.9615766601378923,0.9615642601745287,0.9615770154649113,0.9615919598408176,0.9615275413149946,0.9615430036934287,0.9615367963302026,0.961523515146949,0.9614805851144697,0.9614659116769122,0.9614722199942314,0.9614848357019314,0.961412694968149,0.9614263587793639,0.961433306175673,0.9614238027133002,0.9613734394108138,0.9613650940193246,0.9613808442287841,0.9613861733114246,0.9613242288824202
0.9616136187665045,0.961603268576785,0.9615502620885439,0.9615378537960166,0.9615505649177998,0.9615655201314182,0.9615010575201501,0.9615165310541747,0.9615102673053857,0.9614969759063914,0.9614540182885831,0.9614393331069049,0.961445582511607,0.9614582162163401,0.9613859963228879,0.9613996975541266,0.9614065678959414,0.9613968943098572,0.9613466482200743,0.961337992281629,0.9613537743613676,0.9613593516113306,0.9612971411831261,0.9613003568310947
0.9616068552957944,0.9615965033230374,0.9615434877042361,0.9615310772742847,0.9615437578640298,0.9615587163524941,0.9614942419443948,0.9615097188118891,0.9615034217357086,0.9614901269016343,0.9614471630299302,0.961432473661088,0.9614386819330023,0.9614513264471412,0.9613790663770281,0.9613927955405401,0.9613996066418882,0.9613897764931458,0.9613396633640756,0.9613306899223559,0.9613465164585517,0.9613523464258029,0.9612899237750729,0.9612933693801788
0.9615988408860865,0.9615884868005278,0.9615354603625186,0.961523047399836,0.9615356978958218,0.96155066006185,0.9614861718757097,0.9615016524955877,0.9614953218682996,0.961482023287417,0.9614390516742519,0.9614243578305415,0.9614305259803937,0.9614431809482384,0.961370880923466,0.9613846361235552,0.9613913892518697,0.9613814097369606,0.9613314199688345,0.9613221344860261,0.9613379865867302,0.9613440790346781,0.9612814343123435,0.9612851189265672
0.9615832438442218,0.9615728856469445,0.961519838153708,0.9615074202620892,0.9615200431879944,0.9615350118555508,0.9614704975059993,0.9614859848024571,0.9614796194332593,0.9614663146389919,0.9614233268832346,0.9614086258890975,0.9614147559300845,0.961427423084567,0.9613550715141144,0.9613688532215874,0.96137555085044,0.961365427667364,0.961315543650074,0.9613059539746025,0.9613218110913093,0.9613281768701485,0.9612652570659781,0.9612691904558945
0.961585324995011,0.9615749673463656,0.9615219226625578,0.9615095054286145,0.9615220952458416,0.9615370636230063,0.9614725521877596,0.9614880391368124,0.9614816419878918,0.9614683370577235,0.9614253523974636,0.961410651011172,0.9614167410449108,0.9614294140157096,0.9613570456757792,0.9613708456284749,0.9613774860923858,0.9613672317317978,0.9613174678064202,0.9613075894645549,0.9613234195951046,0.9613300650684926,0.9612669238204896,0.9612711128698901
0.9615701028872898,0.9615597412258328,0.9615066759932676,0.9614942539489504,0.9615068161930553,0.9615217908231757,0.9614572539418478,0.9614727473159157,0.9614663155233023,0.9614530046778826,0.9614100041025302,0.9613952959762313,0.9614013493291158,0.9614140330883243,0.9613416181452785,0.9613554405451945,0.9613620278968789,0.961351645275847,0.9613019719558984,0.9612918110759183,0.9613075951412002,0.9613145340200218,0.9612511346202672,0.9612555913025114
0.9453886701202925,0.9453740846160976,0.9452949264272559,0.9452774398263226,0.9452731068309865,0.94529419564484,0.9451988458942813,0.9452206663794656,0.9451958079577005,0.9451770556753307,0.9451120092890157,0.9450912872814445,0.9450902455731709,0.9451081280526976,0.9450016383116329,0.945021143665689,0.9450271093463749,0.9450123714986061,0.9449389691311794,0.9449243797879463,0.9449482712859256,0.9449586044406728,0.9448677919284967,0.9448745314591018
0.9452487507653837,0.9452341291048967,0.9451547753422835,0.9451372453988471,0.9451326433249405,0.9451537845059217,0.9450581986405391,0.9450800733044473,0.9450548935656233,0.9450360946370724,0.9449708870902116,0.944950113392659,0.9449487996283357,0.9449667318755888,0.9448599525407879,0.9448795232370086,0.9448852132745948,0.944870283719681,0.9447967492157103,0.9447817607645361,0.9448054810364468,0.9448162915266762,0.9447248436458731,0.9447320229211364
0.9451074117764511,0.9450927535992557,0.9450133130084373,0.9449957393247013,0.9449907536601563,0.9450119477306198,0.9449139723855082,0.9449359025969029,0.9449125474033822,0.9448937013558643,0.9448277444059527,0.9448069182394441,0.9448059162842755,0.9448238983342245,0.9447173679856524,0.9447370028152764,0.9447418757743304,0.9447267626736093,0.9446532559463665,0.9446378823527404,0.9446612079509293,0.9446725173905106,0.9445803166172537,0.9445879565674695
0.9449639141548498,0.9449492189098478,0.9448695781012162,0.9448519599824317,0.9448466958145691,0.9448679435730958,0.9447697207156598,0.9447917064743008,0.9447680249262258,0.9447491309593758,0.9446830073499797,0.9446621280854217,0.9446608480258989,0.944678880203002,0.9445720592592153,0.9445917578043377,0.9445963469615832,0.9445810576901024,0.9445074044605799,0.9444916584261878,0.9445146958876647,0.9445265291507823,0.9444335933869898,0.9444417179672442
0.9450129012989228,0.9449982187073618,0.9449186462445649,0.9449010432940925,0.944895509465288,0.9449167390328321,0.9448186000389656,0.944840566976682,0.9448166314151294,0.9447977533731788,0.9447316859159831,0.9447108241196509,0.9447092644810988,0.9447272854460811,0.9446205362509712,0.9446402305774759,0.9446445163194466,0.9446291112478615,0.9445555551597296,0.9445395061011588,0.9445621137807938,0.9445744545485952,0.9444810730539683,0.9444896779815988
0.9448675486521492,0.9448528285180857,0.9447730532757059,0.9447554053211669,0.9447495831077117,0.9447708670531343,0.9446724773690163,0.944694500567661,0.9446702280952208,0.9446513014029947,0.9445850652545478,0.9445641495941022,0.944562303376508,0.9445803743728141,0.9444733349137511,0.9444930910673133,0.9444970857268611,0.9444815210221824,0.9444078071873974,0.9443914175996426,0.9444136058385277,0.944426520250635,0.9443323961690739,0.9443415343433048
0.9447194493408535,0.9447046909618957,0.9446245977011118,0.9446069038661058,0.9446008988061203,0.944622238146918,0.944525758840137,0.9445478385187693,0.9445210573431677,0.9445020810467302,0.9444362637512447,0.9444152934055272,0.9444125645224277,0.9444306861103389,0.9443228102988777,0.9443426282922593,0.9443468700670452,0.9443311533293308,0.9442571063185439,0.9442403925999354,0.9442622585679983,0.9442757744573951,0.9441807812358243,0.944190479708666
0.9445689578289977,0.9445541605946615,0.9444739689186616,0.9444562285402776,0.9444498113301707,0.9444712069511287,0.9443723024366757,0.9443944411779632,0.9443694739672195,0.9443504472123108,0.9442838647833014,0.9442628383934473,0.944260402840801,0.9442785755421155,0.9441709456617515,0.9441908250144797,0.944194224001234,0.9441783615619119,0.9441043113517524,0.9440872868631678,0.9441084708422955,0.9441225696681439,0.9440267581504889,0.9440370541661582
0.9444931307788005,0.9444783139694635,0.9443980165673793,0.944380252723517,0.9443735364873453,0.9443949605447972,0.9442959250716294,0.94431809320498,0.9442928013326777,0.9442737488441888,0.9442070783563143,0.9441860234729227,0.9441832883134356,0.9442014882336558,0.9440937027842013,0.9441136169024598,0.9441167071235408,0.9441007269977721,0.944026598495523,0.9440093011637423,0.9440299355721999,0.9440445614718449,0.943947921514211,0.9439588398056549
0.9443387301563244,0.944323873493726,0.9442432486533641,0.9442254370008745,0.9442185202617053,0.944240002173472,0.9441428807365375,0.9441651078096003,0.9441372724035055,0.9441181680551893,0.9440519133064227,0.9440308012908363,0.9440271629991541,0.9440454148340065,0.943936781651215,0.9439567571514882,0.9439600842625251,0.9439439717763576,0.9438694919655435,0.9438519142379829,0.9438721874846079,0.94388731963024,0.9437897671878637,0.9438013662955085
0.9441817253578346,0.9441668281777063,0.9440860966964577,0.9440682365083954,0.9440608874980942,0.9440824283215192,0.9439828559504571,0.9440051447394215,0.9439791164830902,0.9439599593619596,0.9438929282125066,0.943871757634072,0.9438683991722496,0.9438867035603327,0.9437783115084395,0.9437983481779626,0.943800814373257,0.943784575731007,0.9437100775299332,0.9436922346841392,0.943711800858007,0.9437273986476444,0.9436287785376274,0.94364110857282
0.9440233721699294,0.9440084341323889,0.943927369183017,0.9439094599825006,0.9439018983763601,0.9439234987179685,0.9438258453734887,0.9438481948293653,0.9438195973760157,0.9438003869631499,0.9437337704300692,0.9437125411617855,0.9437082648241133,0.9437266220661638,0.9436173739746536,0.9436374720567897,0.9436401686412932,0.9436238094480256,0.9435489497544474,0.9435308554870596,0.9435500445820042,0.9435660927547098,0.943466397082563,0.9434795257845634
0.9438638352176254,0.9438488560254565,0.9437675685011115,0.9437496099666312,0.9437417179497478,0.9437633783421551,0.9436654557909618,0.9436878673100677,0.9436588804027193,0.9436396162422727,0.9435728168355382,0.9435515281665399,0.9435469256211053,0.9435653359660741,0.9434557783169271,0.9434759374594364,0.9434783130627622,0.9434618392362462,0.9433867846401687,0.9433684540585798,0.9433870907773634,0.9434035703712689,0.9433025880920021,0.9433165902092508
0.9437017387831084,0.9436867177845023,0.9436053175956649,0.9435873089809159,0.9435789666587249,0.9436006881391859,0.9435002876459124,0.9435227631522027,0.9434955830596998,0.943476264244149,0.9434086779197317,0.9433873286372725,0.943382995404811,0.9434014595445781,0.9432921407458219,0.943312361111192,0.9433138589113903,0.9432972760799594,0.9432221930238243,0.9432036415927061,0.9432215522630334,0.9432384419707383,0.9431361317668288,0.9431510931620322
0.9435380755847405,0.9435230123842508,0.943441270533742,0.9434232112947076,0.9434146408035011,0.9434364240798432,0.9433379516268443,0.9433604901581867,0.9433307046812855,0.9433113305876557,0.9432441580922108,0.9432227479557351,0.9432174769419082,0.9432359953333076,0.9431258083457517,0.9431460904723055,0.9431478116103849,0.9431311246535996,0.943055667630186,0.9430369085628554,0.9430544317281475,0.9430717147588459,0.9429679454230331,0.9429838515277404
0.943466814559911,0.9434517329869023,0.9433698917780793,0.9433518105150962,0.9433429062243179,0.9433647169755803,0.9432661233450637,0.9432886902416129,0.9432585450663595,0.9432391462207932,0.943171892235765,0.9431504547649463,0.9431448516732699,0.9431633950078018,0.9430530665477603,0.9430733778252824,0.9430747649378652,0.9430580058472622,0.942982463882319,0.9429635418583835,0.9429804809840312,0.9429981084689043,0.9428930824351696,0.9429098596543266
0.9613289043868785,0.9613184791511131,0.9612651670913526,0.961252668861968,0.9612646406793381,0.961279709978123,0.9612132448872881,0.9612288364178152,0.9612233059788828,0.9612099082793195,0.9611662310349169,0.9611514259086371,0.9611572958765544,0.9611700991526644,0.96109749500051,0.961111518752894,0.9611169482002349,0.9611053576243815,0.9610564559743,0.9610433369088895,0.9610552605057419,0.9610674748438446,0.96099701077213,0.9610087480379623
0.9613085029717949,0.9612980723595379,0.9612446540448716,0.9612321493455755,0.961244161899663,0.9612592393897406,0.9611942694556701,0.961209868851506,0.9612027623203359,0.9611893572875143,0.9611460749640433,0.9611312618822476,0.9611366732230198,0.9611494839038204,0.9610764574418353,0.9610904900749304,0.9610962581972606,0.9610846460007048,0.9610356127389057,0.9610224436260884,0.9610343648465454,0.9610466832613427,0.9609758865230704,0.9609878835899148,0.9609988851580102
0.9612985033596089,0.9612880701121511,0.9612347170867668,0.961222209253366,0.9612341222931091,0.961249203960385,0.9611826869324591,0.9611982912410051,0.9611926891352487,0.9611792803419765,0.9611355702333857,0.9611207528375456,0.961126559044583,0.9611393736659528,0.9610667105341695,0.9610807478807704,0.9610861081253066,0.9610744791550561,0.9610255632577578,0.9610123526212433,0.9610240548955065,0.9610364671915816,0.9609654341938183,0.9609776759711912,0.9609886929549127
0.9613053176101365,0.9612948861584374,0.9612415423151777,0.9612290366344434,0.9612409245708746,0.9612560039718974,0.9611894980397089,0.9612050999921997,0.9611994760397231,0.9611860692126126,0.9611423669399701,0.9611275517168125,0.9611333337681904,0.9611461468189166,0.961073494925917,0.9610875309950215,0.9610928650418935,0.9610812258636094,0.9610323280879507,0.9610190860793801,0.9610306876467254,0.9610431817842269,0.9609719212593264,0.9609843902762059,0.9609954489215806
0.9612962939216361,0.9612858600919267,0.9612324253013995,0.9612199167451774,0.9612318639469146,0.9612469470789438,0.9611819560515873,0.9611975612508008,0.9611903841935219,0.9611769740007075,0.9611336792758294,0.961118860491819,0.961124204124808,0.9611370206640208,0.9610639678692074,0.9610780082600543,0.9610837024127279,0.9610720499035497,0.961023030719858,0.9610097563124032,0.9610213859336039,0.9610339598333124,0.960962424139431,0.9609751110910032,0.9609862462872973
0.9612725006096536,0.9612620605098303,0.9612085936114159,0.9611960775388784,0.9612079804222771,0.961223072893312,0.9611580424847643,0.9611736573335352,0.9611664246130827,0.9611530060598255,0.9611096855119474,0.9610948574944995,0.9611001526790812,0.9611129774568459,0.9610398796444692,0.9610539293594926,0.9610595736244585,0.9610479047975367,0.9609988634027686,0.9609855555653106,0.9609970743505751,0.9610097257476153,0.9609379364686281,0.9609508308117998,0.9609619802887874,0.9609599849951529
0.9612563260221525,0.9612458816600338,0.9611924718028417,0.9611799506457417,0.9611917239187171,0.961206822804286,0.96114023361018,0.9611558556850754,0.961150095881069,0.9611366715670346,0.9610929158420862,0.9610780813094106,0.9610837407255579,0.9610965712300308,0.9610238261777333,0.9610378822747352,0.9610430881753067,0.9610314065149717,0.9609824702034724,0.9609691350340099,0.9609804227340806,0.960993142509885,0.9609211620385845,0.9609342460472416,0.9609453664484484,0.960942801538796,0.9608926132723661
0.9426980535113982,0.9426827738410641,0.9425999767614532,0.9425816580665372,0.9425702383119716,0.9425923393872,0.9424902048383239,0.942513072841026,0.9424824848457873,0.9424628266540713,0.9423940791892818,0.9423723549390091,0.9423649900657158,0.9423837848326753,0.942272545267957,0.9422931365845559,0.942291645166127,0.9422745221787563,0.9421981757118885,0.9421786143088653,0.9421925059284137,0.9422112576212167,0.9421013678352979,0.9421208626491406,0.942141123103889,0.9421365760420661,0.9420632338131116
0.9425480478730435,0.9425327295710251,0.9424496082085561,0.9424312431687694,0.9424196083170682,0.9424417653748218,0.942341620954467,0.9423645460130485,0.9423313299150688,0.9423116218356589,0.9422433138044639,0.9422215346530964,0.9422132327005956,0.9422320752539692,0.9421199902010131,0.9421406340439891,0.9421393933876676,0.9421222189061893,0.9420455049700955,0.9420258714141234,0.9420395927073446,0.9420584592110175,0.9419479345329373,0.941967689040383,0.9419879375823519,0.9419824856573915,0.9419095376759583
0.9422864074036577,0.9422710217375676,0.9421876523017922,0.9421692065459351,0.9421568956909327,0.9421791503619654,0.9420763080286814,0.9420993349402778,0.9420677185079762,0.9420479234480876,0.9419786993580501,0.94195682387278,0.9419485874253706,0.9419675132902185,0.9418554998223223,0.9418762347083756,0.9418739045768711,0.9418566471956065,0.941779770985963,0.9417600313970069,0.9417730530378423,0.9417920630033507,0.9416808195809674,0.9417008517252743,0.941720790693928,0.9417143809389494,0.9416420738039692,0.9416393281621847
0.942179112756105,0.9421636994714906,0.9420801809056163,0.9420617020424771,0.9420489853875291,0.9420712801442603,0.9419682530967008,0.9419913214805704,0.9419592631004075,0.9419394322632746,0.9418700835882792,0.941848168570331,0.9418395307317589,0.9418584909200363,0.9417462747121297,0.9417670472506949,0.9417643235443842,0.9417470288838412,0.9416700141132217,0.9416502223024286,0.94166281921422,0.941681916685869,0.9415702205470362,0.9415904591615121,0.9416101884794768,0.9416027947815673,0.94153090796623,0.9415272696004082
0.9419861096132089,0.9419706466574045,0.9418867431211893,0.9418682046795588,0.941855176122717,0.941877542860543,0.9417764535065034,0.9417995954905491,0.941764775496277,0.9417448805138835,0.9416759274528106,0.9416539417817218,0.9416442650921912,0.9416632867193537,0.9415501388524641,0.9415709790169464,0.9415684201506114,0.9415510643023852,0.9414736249155009,0.9414537549776181,0.9414661206884218,0.9414853266398842,0.9413729962674107,0.9413934513267148,0.9414130142361654,0.941404583039215,0.9413336970493296,0.9413291195899112
0.9417901404809046,0.9417746271029628,0.9416905680846437,0.9416719692363038,0.9416583862552044,0.9416808260631282,0.9415771306375551,0.9416003490898501,0.9415672945725384,0.9415473344737533,0.9414775356942986,0.9414554778466235,0.9414459918705558,0.9414650758545042,0.9413521282805712,0.941373036754785,0.9413694972791622,0.9413520801161483,0.9412745648637635,0.9412546180783525,0.941266397999571,0.9412857075676289,0.9411728616961224,0.9411935164160465,0.9412127805888961,0.9412032667903962,0.9411327744405054,0.9411272147705501
0.9416766519931006,0.9416611094206864,0.9415768927718418,0.9415582589271627,0.9415442480910403,0.9415667302713231,0.9414628396037714,0.9414861018940175,0.9414525812860477,0.9414325833697228,0.9413626529097352,0.9413405532750099,0.9413306439655122,0.9413497642713589,0.9412366022552858,0.9412575506800749,0.9412535969973297,0.9412361429964125,0.9411584811069691,0.9411384866107149,0.9411498402461058,0.9411692214754253,0.941055990129825,0.9410767988073845,0.9410957547445429,0.9410851335859916,0.9410154890415787,0.9410089185699779
0.9414771607265706,0.9414615668459498,0.9413770731722808,0.9413583778228645,0.9413439136970165,0.9413664702341638,0.9412622369525203,0.9412855761714705,0.9412515356829665,0.9412314715011398,0.9411613103100007,0.9411391374542768,0.941128783929984,0.9411479678103087,0.9410344307958112,0.9410554489943026,0.9410510683342765,0.9410335532299028,0.9409556346227708,0.94093556560445,0.9409465065218832,0.9409659820738576,0.9408522276450975,0.94087320416212,0.9408918447570092,0.9408800597081863,0.9408115280505476,0.940803897172269
0.9412752191140121,0.941259573308135,0.9411746811354931,0.9411559235053706,0.9411411163448631,0.9411637481338759,0.9410614643866804,0.9410848805799772,0.941048016082767,0.9410278848371469,0.940958116470161,0.940935869739105,0.9409244375531658,0.9409436858087399,0.9408291937680742,0.9408502827872309,0.9408460429611805,0.9408284665473796,0.940750109687811,0.940729966692204,0.9407406712263047,0.9407602374288904,0.9406459268513898,0.940667057570171,0.9406854011099071,0.9406724138132911,0.9406043773013522,0.9405956488887983
0.9411533549281881,0.9411376777937783,0.9410526162417368,0.9410338210571283,0.9410185637363546,0.9410412409915303,0.9409387523695889,0.9409622155999278,0.9409248550525409,0.9409046832312731,0.9408347748525985,0.9408124832874019,0.9408006041021697,0.940819891458343,0.9407051681727929,0.9407263001043531,0.9407216261647218,0.9407040119417589,0.9406254972482722,0.9406053079450796,0.9406155816869701,0.9406352091121899,0.9405205601201125,0.9405418050327905,0.9405597529070455,0.9405455240680891,0.9404784448821168,0.9404685813011462
0.9409452274394885,0.9409294968113577,0.9408441460481363,0.9408252867389937,0.9408095543581176,0.9408323091380686,0.9407294711878489,0.9407530146214298,0.940715101268929,0.9406948603388985,0.940624713588736,0.9406023456808852,0.9405899980663066,0.9406093518557093,0.9404942355502006,0.9405154403184115,0.9405103206138781,0.9404926439545538,0.9404138609106374,0.9403935976196804,0.9404034527978631,0.9404231662412961,0.9403080320396053,0.940329411218567,0.9403469739130075,0.940331387851215,0.9402652442800123,0.940254154410129
0.9408260279834464,0.940810266724557,0.9407247503607881,0.9407058543336588,0.9406896611469369,0.9407124604055306,0.9406094221183048,0.9406330115489492,0.9405945924414769,0.9405743117015628,0.9405040281373487,0.9404816162630594,0.9404688108466603,0.9404882030310393,0.9403728603873345,0.9403941072606623,0.9403885425498677,0.9403708293360606,0.940291891919105,0.9402715847628047,0.9402810040436613,0.9403007722976009,0.9401853328332661,0.9402068063846967,0.9402239469373308,0.9402069768352472,0.9401418860419797,0.9401294950557797
0.9406200283813704,0.9406042141975302,0.9405185311288031,0.9404995716957505,0.9404827756821583,0.9405056518275419,0.9403999467063968,0.9404236165322601,0.9403869574444432,0.9403666080782407,0.9402954557750969,0.9402729678632207,0.940260319336438,0.9402797774447478,0.9401646274605044,0.9401859463836775,0.9401793461383929,0.9401615714394733,0.9400825488882156,0.9400621697119589,0.9400709868136503,0.9400908358125197,0.9399749894840463,0.939996580615684,0.9400132659795564,0.9399950092976896,0.9399310490324859,0.9399172011859234
0.9404115606007795,0.9403956928719182,0.9403096009121132,0.9402905772564754,0.9402734120993892,0.9402963661823687,0.9401926320676173,0.9402163816004385,0.9401768363377936,0.9401564174182901,0.9400856599360519,0.9400630954220668,0.9400493322926495,0.940068857196829,0.9399527317124117,0.9399741240288781,0.9399676468064901,0.9399498100076193,0.9398703386389502,0.9398498869334302,0.939858461012375,0.939878389687129,0.9397620410106469,0.9397837439926746,0.9398000687997505,0.9397806515876008,0.939716985592169,0.939701512482527
0.9403497386929638,0.9403338550878408,0.940247677300444,0.9402286346135182,0.9402110185546158,0.940233996295901,0.9401301573841259,0.9401539313594025,0.940113912165907,0.9400934719711556,0.9400226435493311,0.940000055549604,0.9399858431720776,0.9400053887110043,0.9398891440790897,0.9399105590085344,0.9399036390668274,0.9398857824685549,0.9398062305357233,0.9397857551092417,0.9397938889424171,0.9398138485958745,0.939697331442477,0.9397190893930991,0.9397349655652432,0.9397145410370906,0.9396515015561471,0.9396341808864326
0.9402405759572783,0.9402246643215042,0.9401383350009724,0.9401192587129759,0.9401011879134742,0.9401242071684293,0.9400201839311304,0.9400440008187902,0.9400034868129805,0.9399830094593538,0.939912056403323,0.9398894273709544,0.9398747644381444,0.9398943458021916,0.9397778931072645,0.9397993472803363,0.9397919886561377,0.939774098484434,0.939694405643883,0.9396738909133646,0.9396816015420422,0.9397016063452508,0.939584838794983,0.9396066638593474,0.9396221118153014,0.9396007616496103,0.9395381760779971,0.9395188339933098
0.9609705137932172,0.9609599941281448,0.9609061992298984,0.9608935878034497,0.9609046281497686,0.9609198384843425,0.9608527657200909,0.9608685029553972,0.960861884674955,0.960848360556843,0.9608042904178065,0.9607893457185874,0.9607942267589782,0.9608071542457006,0.9607338755972765,0.9607480387929452,0.9607524554158939,0.9607406472717779,0.9606913887020783,0.9606778483794363,0.9606879833594371,0.9607011887708938,0.9606273611852671,0.9606417767733872,0.9606525492796714,0.9606379104096328,0.9605999583904401,0.9605858785751868
0.9609564250048197,0.960945901628445,0.9608920877534792,0.9608794718781117,0.9608904759086709,0.9609056931043269,0.9608385951466609,0.9608543394508966,0.9608476798344445,0.9608341495269284,0.9607900653191757,0.9607751138042862,0.9607799577470595,0.9607928912864523,0.9607195851128159,0.9607337549245913,0.9607381341785912,0.9607263201303011,0.9606770458511342,0.9606634984610938,0.9606735938430331,0.9606868094989007,0.9606129406784376,0.9606273754975596,0.9606381166596918,0.9606230575518815,0.9605855476719045,0.9605704144789426
0.9609681842633517,0.9609576639846247,0.9609037865079146,0.9608911743208011,0.9609022281618327,0.9609174421482438,0.9608519057387148,0.9608676460926362,0.9608594205748009,0.9608458930509269,0.9608022437886266,0.9607872955253638,0.9607916919873847,0.9608046229711849,0.9607309505522033,0.9607451176869586,0.9607498566881087,0.9607380447188805,0.9606886665734689,0.9606751213557458,0.9606853057284339,0.9606985213268733,0.9606246310594981,0.9606390707169299,0.9606498193614099,0.960634502831911,0.9605970727756403,0.9605812577391626
0.9609803006261741,0.9609697835392099,0.9609159224067985,0.9609033140458139,0.9609143542688039,0.9609295643693956,0.9608640471001844,0.9608797834237823,0.9608715507453862,0.9608580266471369,0.9608143913558778,0.9607994468858998,0.9608038324885255,0.9608167602416744,0.9607431094260765,0.9607572730156082,0.9607620010086177,0.9607501918904515,0.9607008294749046,0.9606872874649297,0.9606974582855938,0.960710671537933,0.9606367998619509,0.9606512387516466,0.9606619755633719,0.960646566017108,0.9606092547195657,0.9605931856969974
0.9609960008929714,0.9609854879419335,0.9609316479886605,0.9609190445856202,0.960930078161452,0.9609452825567184,0.9608797907697004,0.9608955211885888,0.9608872896763332,0.9608737706441899,0.9608301527844734,0.9608152139141037,0.960819595782332,0.9608325187026769,0.960758896579865,0.9607730548736451,0.9607777789800551,0.9607659742549521,0.9607166315113367,0.9607030945261223,0.9607132591643821,0.9607264676765068,0.960652624139432,0.9606670582197858,0.9606777890419747,0.9606623652344508,0.9606250909443537,0.9606089744633239
0.9610093097068342,0.9609988002618006,0.9609449782619934,0.960932379061779,0.9609434085670225,0.9609586079848373,0.9608931379418388,0.9609088632110314,0.9609006341331727,0.9608871195255282,0.9608435163010527,0.9608285823197837,0.9608329624408327,0.9608458811334006,0.9607722834723555,0.9607864371343506,0.9607911593739167,0.9607793585076025,0.960730032298206,0.960716499736028,0.9607266606863529,0.9607398649044476,0.9606660458143916,0.9606804752518967,0.9606912022645175,0.9606757808366335,0.9606385220060367,0.9606224036755759
0.961047349724655,0.9610368503009987,0.9609830796184067,0.960970492431328,0.9609815113186844,0.9609966962815046,0.9609312886208272,0.9609469989357902,0.9609387776392795,0.9609252758833384,0.9608817142642903,0.9608667944835163,0.960871170378433,0.9608840767869482,0.9608105492527284,0.9608246894573251,0.9608294071463055,0.9608176175000829,0.9607683383419798,0.9607548186452362,0.9607649698706966,0.9607781615375723,0.9607044127675333,0.9607188284951451,0.9607295452600828,0.9607141382250615,0.9606769152407528,0.9606608115163828
0.9610669117419717,0.96105641747197,0.9610026731800949,0.9609900921709658,0.9610011056083696,0.9610162831379148,0.9609509075579188,0.9609666101828942,0.9609583928989367,0.9609448977518404,0.9609013575294933,0.9608864450511554,0.9608908187837844,0.9609037188753038,0.960830227404712,0.9608443606889345,0.9608490760487014,0.960837292172467,0.9607880372114999,0.9607745241309393,0.9607846703675775,0.9607978555789167,0.9607241429755264,0.960738551649519,0.9607492631547436,0.960733863636569,0.9606966589601975,0.9606805630552708
0.941155586635863,0.9411399100751334,0.9410548516246855,0.9410360571277625,0.9410171705019914,0.9410398571886474,0.9409373557314984,0.9409608284251187,0.9409198441009485,0.9408996618314631,0.9408297556135967,0.9408074527414583,0.9407919452533624,0.9408112454042614,0.9406964930822361,0.9407176391185026,0.9407093351793137,0.9406916998263253,0.9406131799576043,0.9405929559240043,0.9405994860231921,0.9406192222537366,0.9405040718636057,0.9405256403202296,0.9405397493914514,0.940516696865515,0.9404561842780619,0.94043208818439
0.941361327267533,0.9413457036010282,0.9412609311275484,0.9412422000365905,0.9412233696803536,0.9412459798345718,0.9411438231405826,0.941167216658515,0.9411263645248764,0.9411062503267855,0.9410365788702577,0.9410143512129439,0.9409988913690077,0.9410181264344033,0.9409037600550247,0.94092483478979,0.9409165556075476,0.9408989797171019,0.9408207235702521,0.9408005677189442,0.9408070739744909,0.9408267436673574,0.9407119804488377,0.9407334761997332,0.9407475373020784,0.9407245624857177,0.940664252855397,0.9406402379801349
0.9414838312149534,0.9414682390497424,0.9413836368938,0.9413649435644604,0.9413461467433057,0.9413687113183873,0.941266759952432,0.9412901063170038,0.941249332929083,0.9412292592711695,0.9411597276308856,0.9411375447680768,0.9411221133135677,0.9411413096170069,0.9410271730907374,0.9410482053615516,0.9410399409337016,0.9410224004564638,0.940944301373712,0.9409241861287276,0.9409306781898685,0.9409503082558668,0.9408357756227561,0.9408572280733387,0.940871260608839,0.9408483320728604,0.9407881433180703,0.9407641768129207
0.9417610100441915,0.9417454891721591,0.941661272484839,0.9416426646170091,0.9416239437570189,0.9416464051780542,0.9415449185164839,0.9415681581641693,0.9415275630454523,0.9415075811376041,0.9414383659367487,0.9414162844524343,0.9414009172892885,0.9414200258670173,0.9413064095512931,0.9413273457179945,0.9413191147105269,0.9413016543802202,0.9412239107729039,0.9412038874279722,0.941210347380385,0.9412298877630394,0.9411158769988535,0.9411372314522841,0.941151199338955,0.9411283755445954,0.941068460363971,0.9410446033300115
0.9418151843278437,0.9417996773928952,0.9417155360621812,0.9416969449012145,0.9416782389013925,0.9417006801568462,0.9415992843417655,0.9416225031273591,0.9415819428670631,0.9415619788954472,0.9414928255568318,0.9414707638910276,0.9414554093027983,0.9414745007309973,0.9413609861128789,0.9413819034921418,0.9413736790226157,0.9413562343602748,0.9412785602464979,0.9412585548671633,0.9412650085451935,0.9412845313955951,0.9411706226533714,0.9411919579492625,0.9412059131982586,0.9411831098799215,0.9411232481819749,0.9410994125486372
0.9419986154727411,0.9419831557350729,0.9418992695994419,0.9418807350155045,0.9418620793646137,0.9418844523302299,0.941783364166227,0.9418065123032455,0.9417660701103197,0.9417461668790073,0.9416772230377746,0.9416552284865567,0.9416399164987954,0.9416589498507981,0.941545779631116,0.9415666333874302,0.9415584310696012,0.9415410394662262,0.9414636006932204,0.9414436561537469,0.9414500885901367,0.9414695520681835,0.9413559888232754,0.9413772592428109,0.9413911716961652,0.9413684377191618,0.9413087571420198,0.9412849939811814
0.9423672878509415,0.9423519230066126,0.942268549974441,0.9422501291426126,0.9422315748413848,0.9422538105053959,0.9421533409123366,0.9421763470051927,0.942136142292628,0.94211636118426,0.9420478385696802,0.942025978957542,0.9420107526960306,0.9420296692812986,0.9419171915182876,0.9419379173555316,0.9419297596275185,0.9419124747035024,0.9418355091187631,0.9418156869029124,0.9418220766605614,0.941841420765539,0.9417285521885947,0.9417496921686388,0.9417635185842239,0.9417409240239252,0.9416816076222254,0.9416579901737161
0.9427173279718997,0.9427020532659411,0.9426191676465872,0.942600854867099,0.9425823969851246,0.942604502227208,0.942504620231063,0.9425274913968935,0.9424875123859382,0.9424678472816386,0.942399724808759,0.9423779933748757,0.9423628486369464,0.942381654305755,0.9422698343263247,0.942290438653349,0.9422823233455877,0.942265139756236,0.9421886236732648,0.9421689176527439,0.9421752669061265,0.9421944976185037,0.9420822889280422,0.9421033050032916,0.9421170496994944,0.9420945875714364,0.9420356171212931,0.9420121380854494
0.9429300723476282,0.942914852444616,0.9428322631755028,0.9428140160905052,0.942795616898674,0.9428176428463722,0.942718118111046,0.9427409072433757,0.9427010655125316,0.9426814709369167,0.9426135917559348,0.9425919382525476,0.942576843123301,0.9425955813565172,0.9424841613120871,0.9425046917625715,0.9424966022759187,0.9424794802966525,0.9424032375168041,0.9423836021415337,0.9423899267855722,0.9424090885567262,0.9422972810809138,0.9423182218235748,0.9423319168388082,0.9423095352278037,0.9422507751238736,0.9422273802409986
0.9431697789624318,0.9431546208254216,0.9430723655684474,0.9430541925249127,0.9430358595361201,0.9430577961169055,0.9429586740409623,0.9429813707192489,0.9429416837587188,0.9429221686709501,0.9428545637050876,0.9428329980316787,0.9428179588513437,0.9428366210826178,0.9427256517955382,0.9427460989848613,0.9427380386255428,0.9427209860827745,0.9426450513430162,0.9426254955872402,0.9426317925094727,0.9426508765816315,0.9425395213064232,0.9425603771467261,0.9425740161717722,0.9425517253062239,0.9424932022869432,0.9424699022475167
0.9433549260637932,0.943339815647009,0.9432578184531297,0.9432397026138617,0.9432214208168295,0.9432432883538131,0.9431444773769639,0.9431671026263135,0.9431275352772026,0.9431080816008719,0.9430406885003972,0.9430191906835272,0.943004194757197,0.9430227982701327,0.9429121772436406,0.9429325601061642,0.9429245222699416,0.9429075233731796,0.9428318266324294,0.9428123323900137,0.9428186079052947,0.9428376319478537,0.942726626049035,0.9427474162944185,0.9427610120638783,0.9427387913076302,0.9426804514675873,0.9426572247036806
0.9435939112588643,0.9435788624550836,0.9434971984623184,0.9434791564812528,0.9434609408430923,0.9434827192342345,0.9433843099369155,0.9434068429607856,0.943367430096528,0.9433480557116236,0.9432809361648367,0.9432595259610743,0.9432445859202532,0.9432631136188623,0.9431529422533602,0.9431732420601051,0.9431652333314737,0.9431483036999582,0.9430729142558079,0.9430534994366717,0.9430597473279057,0.9430786938629434,0.9429681390667415,0.9429888446188344,0.9430023845426372,0.9429802543084451,0.9429221509853696,0.9428990188316899
0.943728786781121,0.9437137727578979,0.9436322968613282,0.943614296573277,0.943596118309578,0.9436178463784075,0.9435196638329097,0.9435421447959966,0.9435028191617147,0.9434834895364173,0.94341652441568,0.9433951636691029,0.9433802551936017,0.9433987400953678,0.9432888225679779,0.943309075490075,0.9433010832050812,0.9432841926735172,0.9432089767036649,0.9431896067186871,0.9431958390230442,0.9432147418053616,0.9431044416615502,0.9431250994045424,0.9431386078048756,0.9431165286700982,0.9430585588663474,0.9430354801198801
0.9439505752076869,0.9439356183902001,0.9438544518734728,0.9438365201605603,0.9438184034190458,0.9438400487185039,0.9437422391338846,0.9437646344681319,0.9437254523464229,0.9437061963411248,0.943639485220634,0.9436182058206379,0.9436033492931166,0.9436217638031386,0.9435122637880093,0.9435324395947247,0.9435244743770739,0.9435076481567151,0.9434327175177406,0.9434134212755929,0.9434196279550857,0.943438458773314,0.9433285774818296,0.9433491565887742,0.9433626131427906,0.94334061805594,0.9432828678664673,0.9432598769638381
0.9440540229500987,0.9440390928202678,0.9439580706383295,0.9439401709171575,0.9439220828939492,0.9439436895806408,0.9438460539917803,0.9438684093792631,0.9438292942237458,0.943810072562973,0.9437434799424855,0.9437222384915738,0.9437074062102182,0.9437257878817007,0.9436164826470157,0.9436366224785198,0.9436286698961112,0.943611873677676,0.9435370761552746,0.94351781431504,0.9435240090443668,0.9435428062904878,0.9434331204049182,0.9434536628271848,0.943467095194767,0.9434451393173011,0.9433874915864524,0.9433645416640708
0.9442103150137322,0.9441954252110185,0.9441146211333882,0.9440967697542408,0.9440787251546843,0.9441002734931829,0.9440029008304218,0.944025195853867,0.9439861819113025,0.9439670121489783,0.9439005985937725,0.9438794144882354,0.9438646188612969,0.9438829509100093,0.9437739400090588,0.9437940254778863,0.9437860920000709,0.943769341117989,0.9436947447481208,0.943675534893154,0.9436817115713143,0.9437004580860988,0.943591067479816,0.9436115544672536,0.9436249502884462,0.9436030536609255,0.9435455607558569,0.9435226727594337
0.961425359880645,0.9614149600660862,0.9613616994597156,0.961349231679242,0.9613601457330059,0.9613751866905682,0.9613103994211949,0.9613259607576496,0.9613178172286254,0.9613044435065696,0.9612612951064783,0.961246516796616,0.9612508510233246,0.9612636350515318,0.9611908048440965,0.9612048109789761,0.9612094838011771,0.9611978059386599,0.9611489941657152,0.9611356026466673,0.961145657532775,0.9611587241306954,0.9610856746956022,0.9610999537593006,0.9611105688799757,0.9610953078849664,0.9610584379369405,0.9610424868072729
0.9614360413988887,0.9614256443996656,0.9613723982100182,0.9613599338044374,0.9613708448553546,0.9613858817718415,0.9613211120077139,0.9613366691635319,0.9613285278176646,0.9613151576884951,0.9612720209964853,0.9612572466565819,0.9612615796984623,0.9612743602924343,0.9612015497689246,0.9612155521415386,0.9612202236860732,0.9612085489604318,0.9611597504230747,0.9611463625009518,0.9611564146608209,0.9611694777490467,0.9610964480544604,0.9611107232830725,0.9611213355328359,0.9611060786366912,0.9610692186975156,0.9610532718517999
0.9613568380211854,0.9613464201471302,0.9612931457295013,0.9612806563249685,0.9612912817400365,0.9613063489324538,0.9612399206843902,0.9612555097625133,0.9612486504046411,0.9612352532799362,0.961191612886676,0.9611768085627159,0.9611813376188956,0.9611941440904022,0.9611215688464954,0.9611355994334179,0.9611396681267412,0.9611279696966029,0.9610791906784089,0.961065775615261,0.9610754994197144,0.9610885891053731,0.961015443898743,0.9610297481788184,0.961040118528627,0.9610248304817968,0.96098811228409,0.9609721329679177,0.9609843774274562,0.9609882576176394,0.9609729368135946,0.9609770056822944
0.9613385682680193,0.961328145579073,0.9612747678379472,0.961262272636739,0.9612729212665658,0.9612879954452251,0.9612230651919016,0.9612386608967647,0.9612302096748682,0.9612168063182693,0.9611735624351381,0.9611587513805995,0.9611628049834915,0.9611756174312907,0.9611026254529018,0.9611166627219503,0.9611210553855087,0.961109351478663,0.961060430981403,0.9610470095983918,0.9610567958772447,0.961069891710526,0.9609966789686304,0.9610109899781851,0.9610213375524252,0.9610060423026106,0.9609690897142591,0.9609531027829792,0.9609645367273674,0.9609689551235592,0.9609508924291128,0.9609555231925644
0.961315969725105,0.961305541080586,0.9612522115910851,0.9612397092754561,0.9612502249558579,0.9612653077703526,0.9611988106533065,0.9612144158936133,0.9612074285701093,0.9611940175150133,0.9611503317493579,0.9611355120328684,0.9611399247334513,0.9611527445593522,0.961080093641349,0.9610941388581118,0.9610980905970214,0.9610863799330724,0.9610375499088879,0.9610241208177732,0.9610337333923864,0.9610468368058289,0.9609736148946539,0.9609879341752394,0.9609981938892083,0.9609828897634294,0.960946132952754,0.9609301368316641,0.9609403256905766,0.9609452828476674,0.9609266881211727,0.9609318785537777
0.9612933962977102,0.9612829617043979,0.9612295230036207,0.9612170135320257,0.9612275537731161,0.9612426452136476,0.9611776406129537,0.9611932541758337,0.9611846725907722,0.9611712538458808,0.9611279603203642,0.9611131322625432,0.9611170696221139,0.961129896817807,0.9610568208282448,0.9610708742538672,0.9610751509435835,0.9610634335301096,0.9610144565832461,0.9610010197127414,0.9610106960532354,0.9610238070383639,0.9609505095965147,0.9609648371626811,0.9609750753634609,0.9609597623716037,0.960922766924641,0.9609067614501676,0.9609161378510183,0.9609216340466904,0.960898128595256,0.9609038796797966
0.961276908502058,0.961266469563806,0.961213008613552,0.9612004939334526,0.961210978446837,0.9612260761938769,0.9611610444308725,0.9611766645180586,0.9611680191637153,0.9611545947913609,0.961111283111743,0.9610964488358618,0.9611003275586347,0.9611131601527938,0.9610400534109376,0.9610541127506749,0.9610583308866498,0.9610466085243385,0.9609976108943012,0.9609841683491687,0.9609937883228346,0.9610069048648959,0.9609335763593814,0.960947909997677,0.9609580920281391,0.9609427725232418,0.9609057613430325,0.9608897490614188,0.9608980902389361,0.9609041261110789,0.9608779107977203,0.9608842178698569
0.9612544991177363,0.9612440542742018,0.9611905630842863,0.9611780413252147,0.9611884717022836,0.9612035780123911,0.9611385093680107,0.9611541383139928,0.9611454279217835,0.9611319959156661,0.9610886596096455,0.961073816898844,0.9610776375871128,0.9610904774974673,0.9610173290790167,0.9610313964337696,0.9610355566681272,0.9610238276052883,0.9609748019710815,0.9609613517427336,0.9609709168079164,0.9609840408668011,0.960910670341693,0.9609250121937152,0.9609351395952446,0.960919811288393,0.9608827788457195,0.9608667573646961,0.9608740612693103,0.9608806387494753,0.960851710907332,0.9608585735747366
