0.3881831441512873,0.38817991934344176,0.3881693668505005,0.388165502688373,0.3881661087484734,0.3881685957768387,0.3881616245731856,0.3881641953588854
0.3881694069618017,0.38816617853847146,0.38815542397376995,0.38815155541966917,0.3881522657342567,0.3881548171146204,0.3881476644738837,0.388150300679848
0.38815823572494784,0.38815500436161204,0.3881440791174935,0.38814020698997,0.3881410084004285,0.38814361209394765,0.3881363118626707,0.3881390011940231
0.38814695410665406,0.3881437197743963,0.3881326222465809,0.388128746510517,0.3881296396887534,0.388132296267666,0.38812484671492975,0.38812758974815453
0.38813557031724943,0.3881323329893174,0.38812106169459376,0.3881171823175011,0.3881181678699075,0.3881208778685998,0.38811327736464607,0.3881160746387155
0.38812408157892736,0.3881208412278418,0.38810939463991995,0.3881055115884266,0.38810659014059795,0.3881093541079471,0.3881016009782836,0.38810445304703356
0.3881124876388587,0.3881092442370784,0.3880976208240923,0.38809373406474895,0.3880949062421128,0.38809772472954107,0.3880898172885469,0.38809272470852585
0.3881007878240531,0.38809754134386293,0.38808573956174686,0.3880818490608936,0.3880831154922245,0.3880859890557245,0.3880779256008564,0.3880808889333909
0.38808898243844997,0.38808573285221815,0.38807375115911746,0.388069856883195,0.3880712181932265,0.3880741473887488,0.38806592621357155,0.3880689460200553
0.38807707207120334,0.38807381935145835,0.3880616561950543,0.38805775811069027,0.3880592149351753,0.38806220031695704,0.3880538197144547,0.38805689655537434
0.38806506958393416,0.3880618137065909,0.3880494676731308,0.38804556575105453,0.38804711867754815,0.38805016073933785,0.3880416191676704,0.38804475354371193
0.3880529842759022,0.3880497252193257,0.388037195006793,0.38803328922069763,0.38803493879054296,0.3880380379818998,0.38802933401606166,0.3880325263853347
0.38804077281481564,0.38803751054597596,0.38802479447674176,0.38802088478656466,0.38802263159232564,0.38802578857448383,0.38801692020013306,0.38802017122783794
0.3880284443597713,0.3880251788480519,0.38801227465263527,0.38800836102101466,0.3880102065238074,0.3880134217142548,0.38800438641202767,0.3880076969307709
0.388016206608782,0.3880129378782009,0.38799984188534453,0.3879959243398835,0.38799787273721065,0.388001145731487,0.38799194065516956,0.387995310363411
0.3880040666294974,0.38800079470592613,0.3879875030896261,0.38798358166009933,0.3879856373537093,0.3879889677176776,0.3879795899243428,0.387983018480151
0.3879994343309617,0.38799616118907,0.3879826780361837,0.38797875508785556,0.38798092136030443,0.38798430659061894,0.38797475877487186,0.38797824370424006
0.08,0.08,0.08,0.08,0.08,0.08,0.08,0.08
0.08,0.08,0.08,0.08,0.08,0.08,0.08,0.08
0.08,0.08,0.08,0.08,0.08,0.08,0.08,0.08
0.08,0.08,0.08,0.08,0.08,0.08,0.08,0.08
0.08,0.08,0.08,0.08,0.08,0.08,0.08,0.08
0.08,0.08,0.08,0.08,0.08,0.08,0.08,0.08
0.08,0.08,0.08,0.08,0.08,0.08,0.08,0.08
0.08,0.08,0.08,0.08,0.08,0.08,0.08,0.08,0.08
0.3878948065417597,0.38789150588820287,0.387876401477815,0.38787244508384394,0.38787560228492207,0.3878793547345703,0.3878686321065621,0.3878725012087577,0.38786393874440556
0.3878849976740525,0.3878816944418658,0.3878664067726073,0.3878624472339967,0.3878657255221154,0.3878695151530054,0.38785874677519644,0.38786265497012884,0.38785375303713276
0.38787526851720106,0.3878719627274394,0.3878564893114676,0.38785252665264647,0.3878559291628916,0.38785975549883406,0.387848941910319,0.38785288871664586,0.38784383503608033
0.38786562096825855,0.3878623126424737,0.38784665096798415,0.38784268521396653,0.3878462151576867,0.387850077679364,0.38783921946772903,0.3878432043583099,0.3878341375909018
0.38785606170948356,0.38785275087098037,0.387836898498773,0.3878329296766966,0.387836590265393,0.38784048840204843,0.387829586213346,0.38783360860797444,0.38782452853637617
0.3878466170438372,0.38784330372283266,0.3878272376067982,0.3878232657455903,0.3878270809816936,0.3878310140552529,0.3878201471242602,0.38782420629993686,0.38781503429977743
0.38783726331466467,0.387833947535154,0.38781770722620124,0.3878137323670338,0.38781766348965147,0.3878216309098043,0.38781064300914375,0.38781473840774255,0.38780563109604704
0.38782800614134444,0.38782468792879626,0.38780822808182025,0.3878042502409245,0.3878083434562381,0.387812344604804,0.3878013934688474,0.38780552439970045,0.38779632456446333
0.38781884765243463,0.3878155270328748,0.3877988887819803,0.38779490800345645,0.38779912301869035,0.3878031572768775,0.38779114188362346,0.3877953080650778,0.38778711684229206
0.38780983878460457,0.38780651579744346,0.3877896534108662,0.38778566972751294,0.38779005351409424,0.38779412002989144,0.3877820515570258,0.38778625183332943,0.3877780591338593
0.3878009001631525,0.3877975748269351,0.38778053025465914,0.3877765437018773,0.3877810549974474,0.3877851532374684,0.38777282465742574,0.38777705854328615,0.38776907162645957
0.38779206480951894,0.38778873715146717,0.38777146169837295,0.3877674722934394,0.3877721607230062,0.3877762900273366,0.38776391017730266,0.38776817691785503,0.3877601875128092
0.38778336245160444,0.3877800325067488,0.3877625471434929,0.3877585549349443,0.3877634006187914,0.3877675602235811,0.38775502289434155,0.3877593217288299,0.38775143668400897
0.3877476852030685,0.38774434588378615,0.3877266101988525,0.3877226066892012,0.3877275803160969,0.38773177852989515,0.3877190549665256,0.38772339447408455,0.3877155555367006,0.38771523313532014
0.3877365900368625,0.38773324780252794,0.38771529341448124,0.3877112863463746,0.38771642111905147,0.387720649107888,0.387707762562424,0.38771213360579293,0.3877043971391718,0.3877040336314857
0.38772554803571,0.3877222029004201,0.38770403545820853,0.38770002485030536,0.3877053159175677,0.38770957302470566,0.3876965218558536,0.3877009237414846,0.3876932916982864,0.3876928862609786
0.08,0.08,0.08,0.08,0.08,0.08,0.08,0.08,0.08,0.08
0.08,0.08,0.08,0.08,0.08,0.08,0.08,0.08,0.08,0.08
0.08,0.08,0.08,0.08,0.08,0.08,0.08,0.08,0.08,0.08,0.08
0.08,0.08,0.08,0.08,0.08,0.08,0.08,0.08,0.08,0.08,0.08
0.08,0.08,0.08,0.08,0.08,0.08,0.08,0.08,0.08,0.08,0.08
0.08,0.08,0.08,0.08,0.08,0.08,0.08,0.08,0.08,0.08,0.08
0.08,0.08,0.08,0.08,0.08,0.08,0.08,0.08,0.08,0.08,0.08
0.08,0.08,0.08,0.08,0.08,0.08,0.08,0.08,0.08,0.08,0.08
0.3876014936264967,0.38759811590846943,0.387579771982688,0.38757572231372966,0.3875806077303612,0.3875851114569099,0.38757028526898785,0.38757494819528976,0.38756844298837895,0.3875676292883235,0.38754970289068513
0.3875889965515095,0.3875856155520417,0.3875672793853606,0.3875632257905511,0.3875680502477607,0.38757257625594754,0.387557720983581,0.3875624073832085,0.38755586834008254,0.3875550062819835,0.38753715559543495
0.38757655074574504,0.38757316647846235,0.38755478707986407,0.38755072955949216,0.3875555448880986,0.3875600925071626,0.38754490055350216,0.3875496098175671,0.3875433447484313,0.38754243372362557,0.38752457563534715
0.38756410337546554,0.3875607158401209,0.3875423443226158,0.38753828289244807,0.38754303858120387,0.3875476072166346,0.38753239028017383,0.3875371216510752,0.38753081903290754,0.3875298582033647,0.3875120775764669
0.387551635496462,0.38754824468783505,0.38752982985962114,0.38752576449732357,0.3875305122722643,0.38753510138016023,0.3875196909734971,0.3875244439185419,0.3875182721319368,0.38751726059762553,0.38749947436740917
0.38751139605636925,0.38750799468451125,0.38748954833013255,0.3874854703124461,0.3874901244827586,0.3874947433884016,0.3874794281267127,0.38748421215003503,0.38747779097815904,0.38747672570151726,0.3874589158809699,0.3874584412984409
0.38749617190056723,0.38749276653267056,0.3874742728489486,0.3874701900326468,0.3874748340689056,0.38747947327932913,0.38746396198296096,0.38746876733510704,0.3874624705251412,0.38746135275343097,0.38744352856394804,0.38744300519495783
0.38748089489550736,0.3874774855179474,0.3874589958642425,0.38745490824914885,0.38745949119737894,0.3874641501830809,0.38744876555611707,0.3874535915321123,0.38744709634325164,0.3874459252322242,0.38742817188569467,0.38742759889977124
0.3874655773080504,0.387462163910423,0.38744362673704047,0.3874395342945083,0.3874441081796396,0.3874487864031025,0.38743320657512154,0.38743805270226267,0.3874316807757588,0.38743045552944494,0.38741268917239424,0.3874120657727434
0.3874502065367642,0.3874467891053591,0.3874282558924777,0.3874241586222669,0.38742867235461914,0.3874333692998638,0.3874170274882675,0.387421893409993,0.3874162111405966,0.3874149309303084,0.38739710030518837,0.3873964256510327
0.3874348393780015,0.38743141791401764,0.38741286289115534,0.3874087607866064,0.3874132407503643,0.38741795584166183,0.3874014250820781,0.3874063100022425,0.38740074462066115,0.38739940885134744,0.3873816087035815,0.38738088219920824
0.3874194089832499,0.38741598347034384,0.38739740654924437,0.38739329959076596,0.38739774621348755,0.3874024789750511,0.3873857573260159,0.38739066072919287,0.38738521392709246,0.3873838217616077,0.38736605281307185,0.3873652736224506
0.3874039319980936,0.3874005024242924,0.3873819035403373,0.3873777917135773,0.3873822054535032,0.3873869553959326,0.3873700412096299,0.38737496256416315,0.38736963581480527,0.3873681864897916,0.3873504494124639,0.38734961675286217
0.3873883838046283,0.3873849501515032,0.387366329205161,0.38736221248802716,0.38736659375118915,0.38737136041255266,0.387354251928335,0.38735919073115305,0.3873539854996484,0.3873524781567253,0.3873347736802126,0.387333886686745
0.38737274918268355,0.3873693114278161,0.3873506682979784,0.38734654666359625,0.38735089580504817,0.3873556787565242,0.387338373963906,0.3873433297461728,0.387338247663727,0.38733668139947625,0.38731901027578913,0.38731806804362523
0.38735706504281503,0.38735362317347455,0.38733495779142324,0.38733083122453155,0.3873351486615256,0.3873399474488846,0.387322204079736,0.3873271764397759,0.38732245946519606,0.3873208335262565,0.387303334051923,0.3873023358315498
0.08,0.08,0.08,0.08,0.08,0.08,0.08,0.08,0.08,0.08,0.08,0.08
0.08,0.08,0.08,0.08,0.08,0.08,0.08,0.08,0.08,0.08,0.08,0.08
0.08,0.08,0.08,0.08,0.08,0.08,0.08,0.08,0.08,0.08,0.08,0.08
0.08,0.08,0.08,0.08,0.08,0.08,0.08,0.08,0.08,0.08,0.08,0.08
0.08,0.08,0.08,0.08,0.08,0.08,0.08,0.08,0.08,0.08,0.08,0.08
0.08,0.08,0.08,0.08,0.08,0.08,0.08,0.08,0.08,0.08,0.08,0.08
0.08,0.08,0.08,0.08,0.08,0.08,0.08,0.08,0.08,0.08,0.08,0.08
0.08,0.08,0.08,0.08,0.08,0.08,0.08,0.08,0.08,0.08,0.08,0.08
0.38721628187752544,0.38721280308769884,0.38719393803569263,0.3871897672078709,0.38719382184885126,0.3871987390158096,0.3871792356751439,0.3871843316014168,0.38718074297015476,0.38717866504144904,0.3871613960013697,0.3871599818121398,0.3871640394567085
0.38720221505663105,0.38719873257892173,0.38717982128434497,0.3871756460271783,0.3871797026489037,0.38718463008847803,0.38716529201429395,0.3871703984480668,0.38716658139332377,0.3871644545934332,0.38714707270361454,0.3871456125417412,0.3871498303510826
0.38718808899701534,0.38718460281610345,0.387165697793667,0.38716151810529253,0.3871655242310479,0.3871704617468727,0.38715078918182605,0.38715590609827,0.3871523599066198,0.3871501838134405,0.38713296791476903,0.38713146134236903,0.38713556098893426
0.38717384427334267,0.3871703543583337,0.38715140278746973,0.38714721861433304,0.3871512269354085,0.3871561743835624,0.38713678411040203,0.3871419111064996,0.38713801868107695,0.38713579266658055,0.3871184643683908,0.38711691069624315,0.3871211713473016
0.3871595116790854,0.38715601800716154,0.38713707247435614,0.38713288380563926,0.3871368416654059,0.3871417988842068,0.38712207364742673,0.38712721077772994,0.3871235887157875,0.38712131226166807,0.387104151052711,0.38710254975224767,0.3871066925307183
0.3871569702486096,0.3871534759105393,0.3871345003870425,0.3871303109114611,0.38713426755298147,0.3871392299661219,0.3871198051859127,0.38712494745745823,0.3871209809282883,0.3871186555596676,0.387101397773291,0.3870997496936499,0.38710405042972046
0.38714252751646516,0.3871390293928677,0.3871200333693762,0.38711583935564003,0.3871197720162763,0.3871247438732291,0.3871052934550304,0.38711044537711653,0.38710643934161143,0.3871040623414383,0.38708683281222406,0.38708513592555427,0.38708945893045044
0.3871280223920699,0.38712452046681534,0.3871055038560914,0.3871013052848628,0.3871052140245519,0.38711019518941053,0.3870897812631142,0.3870949430432662,0.38709183502928113,0.3870894051716713,0.3870723445872982,0.3870705981162153,0.3870748036533212
0.38711350990572646,0.38711000417710756,0.38709099344431835,0.38708679032185556,0.3870906488105504,0.38709563911252476,0.38707466681651725,0.3870798381324239,0.38707722342279444,0.38707473969011386,0.3870575684842288,0.3870557718044368,0.38706014022271396
0.3870989080913711,0.3870953985362019,0.38707634060732626,0.38707213288922804,0.3870759940957513,0.3870809934264314,0.38705982762094127,0.3870650082116095,0.38706252199589214,0.3870599830516854,0.38704284195631883,0.3870409942045319,0.38704538582507747
0.38708431168416946,0.3870807983040927,0.387061746194505,0.3870575338993654,0.3870613449623911,0.3870663531537348,0.3870453899465347,0.3870505794798824,0.387047826145791,0.3870452310119959,0.38702826101356413,0.3870263616680875,0.387030636162472
0.3870696355341071,0.38706611830845317,0.387047018842213,0.3870428019286131,0.38704661593707534,0.38705163288459166,0.3870300758710054,0.3870352745379833,0.38703305013821204,0.3870303974864543,0.3870133182611714,0.3870113664392909,0.3870158051904598
0.38705490450999624,0.38705138342461687,0.38703228964754255,0.38702806811518026,0.38703183197901925,0.38703685756330025,0.38701551979352566,0.38702072715071645,0.3870182190289092,0.3870155076350982,0.386998601106096,0.386996596098001,0.38700091805532555
0.3870401128376008,0.3870365878768355,0.3870174465237482,0.3870132203371744,0.38701698728674866,0.38702202139691294,0.38700006571156287,0.38700528196216616,0.38700332700224027,0.38700055559247015,0.38698354077396185,0.3869814817539696,0.38698596892476617
0.3870253132257973,0.3870217843877974,0.3870026220390632,0.38699839120440144,0.3870021347539337,0.3870071772536135,0.3869850200216381,0.38699024486058314,0.38698842714202014,0.38698559467180554,0.386968612873786,0.38696649927977067,0.3869710110966781
0.38698233971785995,0.38697879962287973,0.3869595763170803,0.38695533198738574,0.38695901389973253,0.3869640752368558,0.3869416678322217,0.38694691208042,0.3869451839641812,0.3869422829917282,0.3869252995523072,0.3869231259771,0.3869276260404738,0.38692872561605396
0.08,0.08,0.08,0.08,0.08,0.08,0.08,0.08,0.08,0.08,0.08,0.08,0.08,0.08
0.08,0.08,0.08,0.08,0.08,0.08,0.08,0.08,0.08,0.08,0.08,0.08,0.08,0.08
0.08,0.08,0.08,0.08,0.08,0.08,0.08,0.08,0.08,0.08,0.08,0.08,0.08,0.08
0.08,0.08,0.08,0.08,0.08,0.08,0.08,0.08,0.08,0.08,0.08,0.08,0.08,0.08
0.08,0.08,0.08,0.08,0.08,0.08,0.08,0.08,0.08,0.08,0.08,0.08,0.08,0.08,0.08
0.08,0.08,0.08,0.08,0.08,0.08,0.08,0.08,0.08,0.08,0.08,0.08,0.08,0.08,0.08
0.08,0.08,0.08,0.08,0.08,0.08,0.08,0.08,0.08,0.08,0.08,0.08,0.08,0.08,0.08
0.08,0.08,0.08,0.08,0.08,0.08,0.08,0.08,0.08,0.08,0.08,0.08,0.08,0.08,0.08
0.3868038326019771,0.3868002457676924,0.38678076937757366,0.3867764690162009,0.3867798517342358,0.38678500218884626,0.3867610589895693,0.38676639431760484,0.38676544962612813,0.3867620040279634,0.38674521679175633,0.3867425019753391,0.38674716069529996,0.38674864285081134,0.38672754040319723
0.3867847205680722,0.38678112873159853,0.3867616252566619,0.3867573188986102,0.3867606729920991,0.3867658321465649,0.3867423809144796,0.3867477248569567,0.3867462121002031,0.3867427148479585,0.38672608224424915,0.3867233046472225,0.3867278399572362,0.3867293674411773,0.3867080652420342
0.38676552964904487,0.3867619327901252,0.38674242928331043,0.3867381169128035,0.38674141512797927,0.386746582943088,0.38672256975957114,0.38672792268606127,0.38672689529563475,0.3867233475147387,0.3867067241959096,0.38670388279740125,0.3867084384535101,0.3867100119959176,0.3866886409831468
0.3867663426514246,0.3867627460052677,0.38674324364885443,0.38673893153340894,0.3867421959650159,0.38674736486263467,0.3867233515996457,0.3867287054555705,0.38672763814475675,0.38672404595649756,0.3867074547944374,0.38670455216108335,0.3867091217948368,0.38671074002851585,0.3866893304626654
0.38674713877034916,0.3867435370987268,0.3867240075698217,0.38671968942980867,0.3867229248230096,0.3867281022778906,0.38670405410859826,0.3867094166366923,0.38670830779845167,0.38670466688579513,0.38668808256698817,0.3866851127426048,0.3866897032091144,0.386691369486884,0.38666988930450324
0.38672784507534247,0.38672423835514547,0.38670468152899967,0.3867003573367155,0.386703563555029,0.38670874954979584,0.3866846663817396,0.3866900375644453,0.38668888710783933,0.38668519835677345,0.3866686195791048,0.3866655807344966,0.386670192323916,0.3866719076902749,0.38665035582763757
0.38670849900835647,0.38670488722627616,0.38668530303114734,0.3866809727706399,0.3866841497365605,0.38668934423779977,0.3866652260448788,0.3866706058491174,0.38666941377233405,0.3866656781792295,0.3866491036168738,0.38664599400633665,0.3866506270048444,0.38665239240899363,0.3866307679435867
0.38668906600880304,0.3866854491424928,0.3866658374577676,0.38666150110224917,0.38666464868249106,0.38666985167362977,0.3866456983646315,0.3866510867748526,0.38664985300640253,0.3866460715042001,0.38662935516386093,0.3866261728373685,0.38663097226801385,0.3866327887642366,0.3866112234414308
0.3866408017097945,0.38663717221788996,0.38661746486074267,0.38661311336100024,0.38661621769989557,0.38662143999704385,0.3865977337749376,0.38660314178659916,0.3866012835335932,0.38659744919726946,0.3865808445685644,0.38657758102585416,0.3865822193482249,0.3865840918649699,0.38656220493136695,0.386563257214675
0.3866184204906302,0.3866147851447967,0.38659507354612305,0.3865907150372368,0.3865937582505605,0.38659899005558057,0.3865747112211843,0.3865801291038868,0.3865787563270258,0.3865748771515132,0.3865581240510854,0.38655478306961827,0.3865595853721946,0.38656151171408526,0.3865396712274055,0.3865407723500541
0.38659586566228515,0.38659222441765123,0.38657245342872565,0.3865680878397193,0.38657112456927367,0.38657636590337846,0.38655258086867544,0.3865580082324628,0.3865560544539489,0.3865521313547242,0.3865355191573899,0.3865320986811307,0.38653677426367056,0.3865387556443969,0.3865166930843785,0.3865178442271747
0.38657319559591824,0.3865695484228889,0.3865497728791403,0.38654540019175043,0.3865483752253546,0.38655362608864285,0.38652926631687057,0.3865347035798269,0.38653323664442346,0.3865292705799444,0.3865125067390272,0.38650900552844425,0.3865138448423012,0.3865158824546582,0.38649386385573076,0.3864950661415369
0.386550417789182,0.3865467646601308,0.3865269293276,0.38652254949147036,0.3865255177290046,0.38653077812509057,0.3865069136077361,0.38651236036007247,0.38651031041185363,0.38650630220583676,0.386489531429751,0.38648595034139305,0.38649080423145316,0.3864928995215395,0.3864706553340208,0.3864719101768836
0.3865276607920444,0.38652400171296114,0.38650416179895364,0.3864997748385347,0.38650268108457986,0.38650795096225704,0.38648350990702923,0.3864889665155842,0.38648740514619395,0.3864833558630848,0.386466723642324,0.38646306407914605,0.3864677823841843,0.3864699365178365,0.38644773387196985,0.38644904238087563
0.3865047349508876,0.3865010698781824,0.3864811698825097,0.3864767757282541,0.3864796749592124,0.386484954352219,0.38646101013612544,0.38646647622115726,0.386464329950564,0.3864602403208751,0.3864434530219372,0.386439715659329,0.3864445873881886,0.38644680204265297,0.3864243701890977,0.38642573399159763
0.38648173654833323,0.3864780654635948,0.38645816064201743,0.38645375928917625,0.38645659597641135,0.3864618848769811,0.3864373620250038,0.38644283799967394,0.3864411817369688,0.3864370526799388,0.38642040261494676,0.3864165887095259,0.38642131655707507,0.3864235932086377,0.38640119970698894,0.38640262020007243
0.08,0.08,0.08,0.08,0.08,0.08,0.08,0.08,0.08,0.08,0.08,0.08,0.08,0.08,0.08,0.08
0.08,0.08,0.08,0.08,0.08,0.08,0.08,0.08,0.08,0.08,0.08,0.08,0.08,0.08,0.08,0.08
0.08,0.08,0.08,0.08,0.08,0.08,0.08,0.08,0.08,0.08,0.08,0.08,0.08,0.08,0.08,0.08
0.08,0.08,0.08,0.08,0.08,0.08,0.08,0.08,0.08,0.08,0.08,0.08,0.08,0.08,0.08,0.08
0.08,0.08,0.08,0.08,0.08,0.08,0.08,0.08,0.08,0.08,0.08,0.08,0.08,0.08,0.08,0.08
0.08,0.08,0.08,0.08,0.08,0.08,0.08,0.08,0.08,0.08,0.08,0.08,0.08,0.08,0.08,0.08
0.08,0.08,0.08,0.08,0.08,0.08,0.08,0.08,0.08,0.08,0.08,0.08,0.08,0.08,0.08,0.08
0.08,0.08,0.08,0.08,0.08,0.08,0.08,0.08,0.08,0.08,0.08,0.08,0.08,0.08,0.08,0.08
0.3863150869254382,0.38631137229342816,0.3862912320471729,0.38628677848979154,0.3862892976484379,0.3862946563944808,0.3862698356993239,0.386275382825975,0.3862733205715806,0.3862689143541213,0.3862521855093086,0.3862478173187845,0.3862524419418548,0.3862552104895085,0.3862320886227667,0.38623395138069594,0.38623762093542646
0.38629516798318964,0.38629144814812477,0.3862712516832223,0.3862667918796376,0.38626930864169573,0.38627467516877884,0.3862503652853079,0.3862559201536155,0.3862532719698487,0.38624884074403015,0.38623209739982445,0.3862276783895489,0.3862322763584951,0.3862351011499029,0.3862118934797388,0.3862138078053836,0.3862174859362728
0.3862752251859444,0.38627150014201495,0.3862513036092962,0.3862468375701078,0.3862492956576879,0.38625466996468266,0.38622977937191555,0.3862353424097896,0.38623319939440126,0.38622874385709655,0.3862118365454558,0.38620736802296135,0.386212084980322,0.386214966905059,0.38619153560697417,0.3861935024127447,0.3861973260014288
0.38625517138929005,0.386251441107929,0.3862312162621864,0.3862267439443691,0.38622917123041406,0.38623455335377826,0.38620962760633115,0.38621519864296555,0.38621301511455314,0.3862085358412684,0.3861916128490562,0.38618709600479395,0.3861917795480962,0.38619471974978103,0.3861712000639171,0.38617322046249314,0.38617705301807653
0.3862349933209079,0.3862312577700906,0.3862110044384279,0.386206525803592,0.3862089220403171,0.38621431202165507,0.38618935090725703,0.38619492998907595,0.3861927057688963,0.38618820331837905,0.3861712641389756,0.3861667001189198,0.3861713465880696,0.3861743462642122,0.3861507367286062,0.386152811899879,0.38615665355075757
0.38621471215406455,0.3862109713073025,0.38619068934675693,0.38618620436314977,0.3861885693355704,0.38619396720779664,0.3861689705517503,0.38617455771636794,0.38617229266769953,0.3861677676208512,0.38615081177504934,0.38614620179754006,0.3861508075161966,0.386153867813991,0.38613016704999714,0.3861322981276153,0.3861361490043205
0.38619438751405605,0.3861906413604342,0.38617030242249967,0.3861658110681998,0.3861681729547149,0.3861735787261903,0.3861490960709101,0.3861546911172648,0.3861518358270697,0.3861472888240462,0.38613031589308566,0.38612566131833,0.3861302227411243,0.3861333446115449,0.38610955152839654,0.3861117394646237,0.38611559964775943
0.38617396336942256,0.3861702118834013,0.38614984407972647,0.3861453463329467,0.3861476766667408,0.38615309036854517,0.38612857271882034,0.3861341758958546,0.3861312788460289,0.38612671046266855,0.38610971999093635,0.3861050220720019,0.38610953548521343,0.3861127200605728,0.3860888332872932,0.3860910792127145,0.38609494882448153
0.3861533912224,0.3861496343657861,0.3861292374898545,0.38612473330481023,0.3861270317950225,0.38613245347895603,0.3861079005861475,0.3861135119502446,0.3861105728999329,0.386105983648265,0.3860889751571232,0.3860842350512135,0.3860886966001234,0.3860919451686306,0.38606796311215413,0.3860702682972725,0.3860741474847546
0.38613274409116016,0.38612898184483024,0.38610858420461475,0.3861040735672587,0.3861063116210464,0.38611174130851794,0.38608660107569015,0.3860922208667671,0.38608979148457073,0.38608518194445585,0.38606830552741467,0.3860635245971792,0.3860677800539782,0.3860710936734379,0.3860471532874182,0.38604951876450866,0.3860532694603035
0.38611206470168175,0.3861082970576679,0.3860878417877762,0.38608332467080725,0.3860855590133265,0.38609099671197694,0.38606637303969493,0.3860720008394914,0.3860689775821014,0.38606434829440556,0.38604745334869556,0.38604263277120593,0.38604683143014945,0.3860502086298293,0.3860261704483985,0.38602859755399527,0.38603235786626844
0.3860913911914649,0.386087618151756,0.3860671336744458,0.3860626100891256,0.38606481224698475,0.3860702579488078,0.3860455988770084,0.38605123489471654,0.38604816957348354,0.3860435211003091,0.3860266073470132,0.386021748386194,0.3860258896154847,0.3860293285393639,0.3860050526376798,0.38600754263408255,0.38601145125364006
0.3860707053908002,0.38606692695264233,0.38604644178676356,0.3860419117387046,0.38604405308414214,0.38604950678926364,0.3860242579466133,0.38602990240038426,0.38602734916413933,0.38602268204130713,0.38600559805918516,0.38600070192888997,0.3860049362396587,0.3860084350287251,0.3859841972122566,0.38598675133846566,0.3859905311971048
0.3860499167165482,0.3860461328535515,0.38602561836394617,0.3860210818126147,0.38602319067525714,0.3860286524196073,0.38600336719144307,0.3860090199057196,0.3860064252984472,0.3860017399900254,0.385984636336343,0.38597970417147076,0.385983879936892,0.38598743681236314,0.38596309671760737,0.38596571648795774,0.3859695063318531
0.3859982417981478,0.38599444445248543,0.3859738570839698,0.38596930436968757,0.38597133330896183,0.38597681474011664,0.38595143932649284,0.38595711235706254,0.3859544187608394,0.3859497057195676,0.3859326976618798,0.38592772006465403,0.38593164118497514,0.3859352620580063,0.385910626339645,0.38591331907405346,0.38591721442395865,0.38591696373600276
0.38597429405088574,0.38597049045790194,0.3859498405973059,0.3859452803848046,0.38594730051237003,0.3859527911644842,0.38592793192854596,0.3859336142304662,0.38593031550332385,0.38592558424091733,0.38590840041769775,0.38590338799263363,0.3859073969445731,0.38591107283775306,0.38588646585778574,0.38588922772973167,0.3858929894559886,0.38589269494482725
0.08,0.08,0.08,0.08,0.08,0.08,0.08,0.08,0.08,0.08,0.08,0.08,0.08,0.08,0.08,0.08,0.08,0.08
0.08,0.08,0.08,0.08,0.08,0.08,0.08,0.08,0.08,0.08,0.08,0.08,0.08,0.08,0.08,0.08,0.08,0.08
0.08,0.08,0.08,0.08,0.08,0.08,0.08,0.08,0.08,0.08,0.08,0.08,0.08,0.08,0.08,0.08,0.08,0.08,0.08
0.08,0.08,0.08,0.08,0.08,0.08,0.08,0.08,0.08,0.08,0.08,0.08,0.08,0.08,0.08,0.08,0.08,0.08,0.08
0.08,0.08,0.08,0.08,0.08,0.08,0.08,0.08,0.08,0.08,0.08,0.08,0.08,0.08,0.08,0.08,0.08,0.08,0.08
0.08,0.08,0.08,0.08,0.08,0.08,0.08,0.08,0.08,0.08,0.08,0.08,0.08,0.08,0.08,0.08,0.08,0.08,0.08
0.08,0.08,0.08,0.08,0.08,0.08,0.08,0.08,0.08,0.08,0.08,0.08,0.08,0.08,0.08,0.08,0.08,0.08,0.08
0.08,0.08,0.08,0.08,0.08,0.08,0.08,0.08,0.08,0.08,0.08,0.08,0.08,0.08,0.08,0.08,0.08,0.08,0.08
0.3857334991142686,0.38572963273824173,0.3857086722580951,0.3857040367907661,0.3857056062021818,0.3857111909099538,0.3856853509460323,0.38569113035471636,0.3856878770667476,0.38568298994855,0.3856657099944313,0.38566041902872894,0.38566361500886615,0.38566772355222195,0.3856418519283637,0.38564530000526154,0.38564918639382295,0.38564846207724723,0.38562644224413645
0.3857076276102697,0.3857037544923689,0.3856827575742631,0.3856781140248476,0.38567964182653564,0.38568523628817647,0.3856593513055345,0.3856651408072531,0.38566183616075844,0.38565693487315894,0.38563962706454086,0.3856343123042965,0.38563743951838153,0.3856415882134506,0.3856155811259877,0.38561911127346143,0.38562299908634623,0.3856222220833396,0.3856002205087578
0.38568155714097224,0.38567767723006835,0.38565664359804835,0.3856519919052562,0.38565347767911995,0.38565908196862064,0.3856331516260851,0.38563895129741016,0.3856355948644434,0.3856306796325365,0.3856131884080493,0.3856078504963845,0.3856110639267652,0.38561525192972085,0.3855892481812243,0.38559286242861035,0.3855966090579175,0.3855957779555357,0.38557384009232387
0.38565536519546717,0.38565147846063547,0.3856303785966961,0.3856257187143078,0.38562719151390784,0.3856328056789192,0.38560740003997473,0.3856132097059182,0.3856092311509362,0.3856043022152504,0.3855869377749632,0.38558157752543504,0.3855845664930918,0.38558879292964615,0.38556250579116563,0.38556620437749867,0.3855700945951479,0.3855692079630478,0.3855472468796378
0.3856290066597228,0.3856251130582982,0.38560400543474155,0.3855993373299147,0.3856007380325777,0.3856063621476923,0.3855803403901676,0.3855861605572774,0.38558269957985564,0.38557775713309317,0.3855602082032948,0.38555482611579944,0.38555790142500707,0.3855621655712887,0.38553588065526984,0.3855396620755064,0.38554340982670554,0.3855424659217261,0.385520571822745
0.3855696882812118,0.38556577922961227,0.3855445585864269,0.385539871950929,0.3855412066772763,0.3855468531728288,0.3855213018030555,0.385527144877526,0.3855229944049024,0.38551802775788746,0.38550056746804473,0.38549515240542237,0.38549795260219083,0.3855022631105484,0.3854756362109886,0.3854795072788366,0.38548335054376826,0.3854823454730215,0.38546030281712956,0.3854598335313893
0.38553960033680157,0.38553568344987016,0.38551444998146567,0.38550975396228027,0.38551101008937566,0.3855166679592166,0.3854904907211228,0.385496345752507,0.38549270868409813,0.385487727783107,0.38547007756435353,0.385464640644699,0.38546752258349143,0.38547187016456463,0.3854452409587585,0.38544919212146894,0.3854528858583771,0.3854518198592747,0.3854298341420477,0.3854293061849787
0.3855092449847315,0.38550532019380823,0.38548401437125485,0.3854793088676407,0.38548054498400924,0.3854862143378446,0.38546056016858943,0.3854664268263223,0.3854621535878583,0.38545715857782087,0.38543963145172905,0.38543417332301577,0.3854368232251866,0.3854412071017201,0.3854142879581992,0.385418317344378,0.3854221485882505,0.38542101979087595,0.3853990032203916,0.38539841470058855
0.38547873342751776,0.38547480069291684,0.3854534815794857,0.3854487665623437,0.38544992302893855,0.38545560393151207,0.3854293208316643,0.3854351996316546,0.3854314411617271,0.38542643223229484,0.3854088712270805,0.3854033924242222,0.3854059672205695,0.3854103864488542,0.3853833222723476,0.38538742738618076,0.38539125153519255,0.38539005834547924,0.38536810162454804,0.38536745093988917
0.3854480376660381,0.3854440969408019,0.38542270488571295,0.38541798028024876,0.3854191160613023,0.3854248085892641,0.3853990502966092,0.3854049408728808,0.38540054310441074,0.3853955204176374,0.385377767579048,0.3853722685773587,0.3853749260300038,0.38537937974540204,0.3853523161525647,0.3853564948005058,0.3853601660109249,0.38535890659571115,0.3853369216598033,0.3853362069328328
0.385417203577993,0.38541325482712124,0.3853918193400889,0.38538708511360326,0.38538817010821885,0.385393874322258,0.3853680635660157,0.3853739662062795,0.3853695055536397,0.3853644692595762,0.3853466817043001,0.3853411630479796,0.38534374574346003,0.3853482332022236,0.38532102638951526,0.3853252776292802,0.3853289380520489,0.38532761024265005,0.3853056437722269,0.3853048628111724
0.3853862653018057,0.3853823084991972,0.3853608294395055,0.38535608556071227,0.3853571194335452,0.38536283538009325,0.3853369719779271,0.3853428867315071,0.3853383628741218,0.3853333131342207,0.38531549067539567,0.3853099528599392,0.385312460938656,0.3853169813329183,0.38528963242919506,0.38529395503158104,0.38529760213133707,0.38529620373143775,0.3852742577050912,0.38527340827869444
0.3853552075204911,0.38535124263606885,0.38532971984149617,0.38532496627434437,0.3853259486631436,0.38533167639372645,0.3853057601380711,0.3853116870596207,0.38530709964179777,0.38530203660522433,0.38528417904041107,0.3852786225352372,0.3852810561685298,0.3852856086836549,0.38525811896683304,0.385262511597468,0.38526614262963566,0.38526467131091396,0.38524274781459433,0.38524182756063874
0.38532401059644844,0.38532003759509076,0.38529847087873825,0.38529370758113096,0.3852946380808611,0.3853003776540417,0.3852744083078038,0.3852803474588563,0.3852756960686015,0.38527061986816924,0.3852527269784318,0.385247152219474,0.38524951155488796,0.3852540953965466,0.3852264662002917,0.3852309274858645,0.3852345395354271,0.3852329928407309,0.38521109405550297,0.38521010047651555
0.38529272972899803,0.3852887485898505,0.3852671378367136,0.3852623647836528,0.3852632430945506,0.3852689945463522,0.3852429719625906,0.38524892338144384,0.38524420773648127,0.38523911852163567,0.3852211901462987,0.3852155975802878,0.3852178829907716,0.3852224972916063,0.3851947304003266,0.38519925871722666,0.3852028487744184,0.3852012243645748,0.3851793524458031,0.38517828315871383
0.38526134282491786,0.38525735352144164,0.38523569858845913,0.3852309157481361,0.38523174162867113,0.38523750500210496,0.3852114290011521,0.38521739273326167,0.3852126125947066,0.38520751050214064,0.3851895464589135,0.3851839365070102,0.3851861484840731,0.385190792362784,0.38516288976122776,0.38516748334561385,0.3851710482830654,0.3851693438260862,0.3851475008943505,0.38514635352423926
0.08,0.08,0.08,0.08,0.08,0.08,0.08,0.08,0.08,0.08,0.08,0.08,0.08,0.08,0.08,0.08,0.08,0.08,0.08,0.08
0.08,0.08,0.08,0.08,0.08,0.08,0.08,0.08,0.08,0.08,0.08,0.08,0.08,0.08,0.08,0.08,0.08,0.08,0.08,0.08
0.08,0.08,0.08,0.08,0.08,0.08,0.08,0.08,0.08,0.08,0.08,0.08,0.08,0.08,0.08,0.08,0.08,0.08,0.08,0.08
0.08,0.08,0.08,0.08,0.08,0.08,0.08,0.08,0.08,0.08,0.08,0.08,0.08,0.08,0.08,0.08,0.08,0.08,0.08,0.08
0.08,0.08,0.08,0.08,0.08,0.08,0.08,0.08,0.08,0.08,0.08,0.08,0.08,0.08,0.08,0.08,0.08,0.08,0.08,0.08
0.08,0.08,0.08,0.08,0.08,0.08,0.08,0.08,0.08,0.08,0.08,0.08,0.08,0.08,0.08,0.08,0.08,0.08,0.08,0.08,0.08
0.08,0.08,0.08,0.08,0.08,0.08,0.08,0.08,0.08,0.08,0.08,0.08,0.08,0.08,0.08,0.08,0.08,0.08,0.08,0.08,0.08
0.08,0.08,0.08,0.08,0.08,0.08,0.08,0.08,0.08,0.08,0.08,0.08,0.08,0.08,0.08,0.08,0.08,0.08,0.08,0.08,0.08
0.385058448991622,0.3850544069369195,0.38503249708718773,0.38502765101917236,0.3850279886790672,0.38503383050706436,0.3850068143971408,0.3850128593903474,0.3850081386077941,0.3850029534869842,0.38498492104319626,0.3849792015131315,0.38498065998889636,0.38498549203132143,0.38495654947068614,0.3849615695228697,0.38496495995827656,0.3849626354117203,0.38494113176779304,0.38493939013250716,0.3849457444854349
0.38503219598431415,0.38502814710718547,0.3850062003939916,0.3850013461474085,0.38500163825444456,0.38500748995884587,0.3849804282922288,0.38498648350438835,0.38498170825847444,0.3849765136097074,0.3849584510500113,0.3849527199115985,0.38495412163397724,0.38495897132354157,0.3849299372682077,0.38493499509743895,0.3849383438037204,0.38493594313858076,0.3849144711145092,0.3849126570509897,0.38491905032391016
0.3850059928872101,0.38500193720135667,0.38497992307214646,0.38497506065390075,0.3849753378207867,0.38498119938179115,0.3849546873511827,0.3849607525313677,0.3849553279542989,0.3849501238456506,0.38493186893791587,0.38492612630222195,0.3849276341616715,0.38493250098666537,0.38490352650244797,0.3849086206772487,0.38491177779133795,0.3849092978109904,0.38488781292132807,0.3848859246666723,0.3848924036596058
0.38497970757206473,0.3849756450568591,0.38495362465450783,0.38494875405892076,0.3849489547458865,0.3849548261933982,0.3849276734592878,0.38493374909930944,0.3849288646402927,0.38492365108668686,0.38490552828927843,0.3848997743768324,0.3849010639450101,0.38490594749310975,0.38487673596871225,0.3848818654007349,0.38488512793493784,0.38488256493351,0.384861115214425,0.3848591505986575,0.3848656700601978
0.38495343126445913,0.38494936192297646,0.384927304637515,0.3849224258587545,0.3849225805959988,0.38492846192560387,0.3849012636097183,0.3849073494745703,0.3849024101682754,0.38489718721639327,0.3848790342520458,0.38487326913621334,0.38487450320318417,0.38487940301067186,0.3848501054024639,0.3848552687153729,0.38485848679401363,0.3848558372727537,0.384834424537242,0.38483238163796696,0.384838942286112
0.3849270257441616,0.3849229495435762,0.384900855198026,0.3848959681967427,0.3848960766314209,0.38490196789068226,0.3848747237740191,0.3848808199129112,0.384875825368353,0.3848705930113378,0.38485240972618523,0.3848466334725137,0.3848478121879222,0.3848527278880401,0.384823345582148,0.3848285416613968,0.3848317142655809,0.38482897419975043,0.3848076004576025,0.38480547692056777,0.38481207974621845
0.38490059900386236,0.3848965159394056,0.3848743845083946,0.38486948927887665,0.38486955124903033,0.38487545244489274,0.3848481624958192,0.38485426891593116,0.3848492189699144,0.38484397723891123,0.38482576360148635,0.3848199763141792,0.38482110005110304,0.38482603122092246,0.38479656597815404,0.3848017935654288,0.3848049198920567,0.384802085517208,0.38478075266593514,0.3847785464498154,0.38478519232360914
0.38486656311725354,0.3848624712136827,0.3848402611251127,0.3848353552898911,0.3848353473300589,0.3848412613373606,0.3848145127213747,0.38482063216488227,0.3848148696473282,0.3848096160060434,0.38479136310643036,0.3847855620496477,0.3847865772168879,0.3847915258763198,0.38476196494503795,0.38476722538150465,0.3847702516269511,0.38476731774690937,0.3847460170835366,0.38474372506124377,0.38475036335480556,0.38475167806499855
0.38483629654168194,0.38483219677892483,0.3848099441689208,0.38480502891229706,0.3848049672411524,0.38481089262613066,0.38478409268685904,0.3847902239022152,0.38478439624878075,0.38477913201650504,0.3847608443092851,0.38475503099773956,0.3847559850737333,0.38476094961977775,0.38473130196018124,0.38473659279932904,0.384739564896169,0.38473653414291464,0.38471526705740683,0.3847128871635454,0.38471956464664125,0.38472095199341033
0.3848058834934011,0.38480177583440683,0.38477948050302646,0.3847745557805906,0.38477443996352545,0.38478037677987437,0.3847535252756236,0.38475966831837943,0.38475377504274394,0.3847485001955144,0.3847301775115715,0.38472435197104166,0.38472524497187527,0.3847302251081652,0.38470049197860035,0.38470581220763206,0.3847087291304837,0.3847056032669137,0.3846843655578354,0.3846818947560186,0.3846886122555149,0.3846900749595151
0.3847753243685865,0.38477120877642323,0.3847488705243663,0.3847439362918479,0.3847437658990107,0.3847497142002534,0.38472281089011057,0.3847289658156386,0.3847230064367835,0.3847177209512378,0.3846993631205661,0.3846935253742708,0.3846943573252541,0.38469935275497663,0.3846695354413235,0.3846748840339893,0.38467774481177297,0.3846745258102033,0.3846533129724052,0.38465074821281925,0.38465750635869267,0.38465904729584577
0.38470846147124216,0.384704328524898,0.3846819275940191,0.384676972567459,0.3846766531653997,0.38468262658975233,0.3846550034996877,0.38466118465321264,0.3846556885966161,0.38465038035780863,0.38463178000030435,0.3846259166528869,0.3846267918593504,0.3846318137446295,0.3846019972612056,0.3846073854268534,0.38460998048633116,0.38460666301708796,0.38458546884103906,0.3845828011023364,0.3845895054313521,0.38459113114350346,0.3845666888002673
0.3846734227329869,0.38466928069428613,0.3846467993627994,0.38464183342687824,0.3846414825641138,0.38464746915153053,0.38462039314445073,0.3846265876824937,0.3846204095281686,0.3846150892014218,0.3845966139026249,0.3845907368950749,0.38459137856626646,0.38459641651381604,0.38456635849293336,0.3845717745282666,0.384574456993811,0.384571049707544,0.3845498181008736,0.3845470492056023,0.38455383719954844,0.3845555477136268,0.38453099294308635
0.3846378974443474,0.3846337461883707,0.3846112463401094,0.38460626936450815,0.3846058235822352,0.38461182351355755,0.3845840781700322,0.38459028674975665,0.38458464056902136,0.3845793080129288,0.3845606257128962,0.38455473480561964,0.3845554741142757,0.3845605279698979,0.384530533496014,0.38453597646746973,0.38453844069617954,0.3845349457359768,0.38451376550006044,0.38451089195523935,0.3845176696939074,0.38451946836906775,0.38449477110331953
0.38462325343079373,0.384619098375722,0.38459654662598364,0.38459156508640013,0.3845910865140199,0.38459709196669484,0.38456993089968244,0.38457614494907605,0.38456982009673935,0.38456448228924583,0.38454594927996666,0.38454005233792815,0.3845405557516725,0.3845456186124001,0.3845154231900234,0.3845208850911391,0.3845234317520446,0.38451985630688235,0.3844986551857503,0.3844956775611062,0.3845025309817018,0.3845044185603722,0.3844796346928767
0.38458742420621805,0.38458325985693503,0.3845606578266054,0.3845556651453906,0.3845551216188922,0.3845611405482421,0.3845339187920258,0.38454014676311365,0.38453374349913655,0.3845283933991384,0.3845098191515722,0.3845039083680686,0.3845043427003416,0.3845094209744427,0.38447913876557926,0.3844846258253279,0.3844871048862306,0.38448344665881024,0.38446224023221504,0.3844591495248928,0.3844660404787078,0.3844680229544605,0.38444310340721555
0.08,0.08,0.08,0.08,0.08,0.08,0.08,0.08,0.08,0.08,0.08,0.08,0.08,0.08,0.08,0.08,0.08,0.08,0.08,0.08,0.08,0.08,0.08
0.08,0.08,0.08,0.08,0.08,0.08,0.08,0.08,0.08,0.08,0.08,0.08,0.08,0.08,0.08,0.08,0.08,0.08,0.08,0.08,0.08,0.08,0.08
0.08,0.08,0.08,0.08,0.08,0.08,0.08,0.08,0.08,0.08,0.08,0.08,0.08,0.08,0.08,0.08,0.08,0.08,0.08,0.08,0.08,0.08,0.08,0.08
0.08,0.08,0.08,0.08,0.08,0.08,0.08,0.08,0.08,0.08,0.08,0.08,0.08,0.08,0.08,0.08,0.08,0.08,0.08,0.08,0.08,0.08,0.08,0.08
0.08,0.08,0.08,0.08,0.08,0.08,0.08,0.08,0.08,0.08,0.08,0.08,0.08,0.08,0.08,0.08,0.08,0.08,0.08,0.08,0.08,0.08,0.08,0.08
0.08,0.08,0.08,0.08,0.08,0.08,0.08,0.08,0.08,0.08,0.08,0.08,0.08,0.08,0.08,0.08,0.08,0.08,0.08,0.08,0.08,0.08,0.08,0.08
0.08,0.08,0.08,0.08,0.08,0.08,0.08,0.08,0.08,0.08,0.08,0.08,0.08,0.08,0.08,0.08,0.08,0.08,0.08,0.08,0.08,0.08,0.08,0.08
0.08,0.08,0.08,0.08,0.08,0.08,0.08,0.08,0.08,0.08,0.08,0.08,0.08,0.08,0.08,0.08,0.08,0.08,0.08,0.08,0.08,0.08,0.08,0.08
0.38430317693390503,0.3842989388985734,0.3842759382606315,0.38427085724692006,0.38426959822475365,0.3842757259201726,0.3842480204645766,0.38425436077978786,0.3842471377396983,0.3842416889376344,0.3842227885425565,0.3842167673798012,0.3842164646920668,0.384221660777974,0.38419071814866695,0.384196385813028,0.3841981192579421,0.3841938368879203,0.38417250835202776,0.3841682691162626,0.38417521128425525,0.38417821379341294,0.3841518263158931,0.384153784631343
0.3842625211538336,0.3842582725862673,0.38423521497745633,0.3842301213380679,0.3842287841223693,0.3842349270723435,0.3842071528357238,0.384213508933323,0.3842061924831522,0.38420073009291694,0.3841817827506308,0.38417574653041514,0.38417536478931164,0.3841805753690026,0.38414954839691234,0.3841552350836407,0.38415688844552276,0.38415255034377555,0.38413118327750867,0.3841268280450066,0.3841337205035942,0.38413686173229344,0.38411028946609027,0.3841123755720804
0.38422145261791646,0.3842171934129805,0.38419411042924045,0.38418900404812084,0.38418755536405863,0.3841937137209636,0.3841652449954058,0.38417161727434285,0.38416483093702386,0.3841593548207079,0.38414018960254104,0.38413413809776936,0.38413384695733366,0.38413907204149816,0.3841081172205588,0.38411382257890186,0.38411523853019874,0.38411084706719634,0.38408948793534214,0.3840850207623818,0.38409179858320436,0.38409508481386256,0.3840682936053065,0.3840705135854481
0.38417975658764864,0.38417548658465644,0.38415234527560527,0.38414722595018985,0.38414569633160683,0.384151870328292,0.3841233294995675,0.38412971796000167,0.3841228367492612,0.3841173466735812,0.3840981329049264,0.38409206593216094,0.38409169397988113,0.3840969336635049,0.3840658942024859,0.38407161811195584,0.38407295160670063,0.38406850892432237,0.3840471070835237,0.3840425316589887,0.3840492257983949,0.3840526642610653,0.38402565930650273,0.38402802012355386
0.3841939907864729,0.3841897244695148,0.3841666030703327,0.3841614881635919,0.3841598801926673,0.38416604889014316,0.3841375324919476,0.38414391546962295,0.3841369604646296,0.38413147502818906,0.3841122776175386,0.3841062157337529,0.38410576254400314,0.38411099895836587,0.3840799804127366,0.3840857030840026,0.3840869484111446,0.38408247208974305,0.3840610985217553,0.38405643505556325,0.38406300429660334,0.38406659022034323,0.3840394558046183,0.384041956194296
0.38415175556197156,0.38414747830857326,0.3841242978372569,0.38411916982033756,0.38411747804213364,0.3841236625804881,0.38409507315266694,0.3841014725198975,0.384094419571996,0.384088919963209,0.3840696734096302,0.3840635958345986,0.3840630593690261,0.3840683103555894,0.38403720726268686,0.3840429479370291,0.3840441086906794,0.38403958595419496,0.38401816640778696,0.38401340396065076,0.38401985136510375,0.38402360400060237,0.38399625362592127,0.3839989089821174
0.38410872195461415,0.3841044335600027,0.3840811605274018,0.38407601914480616,0.38407427422473905,0.38408047490061364,0.3840524403929642,0.3840588562138015,0.3840510742507619,0.384045560191559,0.38402643521889546,0.3840203417131957,0.38401954876137223,0.3840248144837968,0.3839934681569612,0.3839992268391918,0.38400045940695676,0.3839958924626132,0.38397437595830436,0.3839695192932866,0.3839758730959608,0.38397980053361613,0.38395219741974734,0.3839550156056723
0.38406499294669255,0.38406069323286,0.38403739144675875,0.384032236505171,0.38403037181201666,0.3840365888834046,0.38400784947491046,0.3840142825019844,0.3840070275839319,0.3840014988252832,0.38398215139133474,0.383976041558902,0.38397533383745797,0.38398061444814774,0.38394933937119224,0.3839551159222964,0.3839561036008426,0.383951494287325,0.3839299767065044,0.38392502970428666,0.38393118537712917,0.3839352822321371,0.3839074411468939,0.38391043298758687
0.38404295942195416,0.3840386540055333,0.3840153214189067,0.38401015964129237,0.3840082080514213,0.3840144334069884,0.38398565584681577,0.38399209743653395,0.3839847481539124,0.38397921189869155,0.38395983881032053,0.38395372067727235,0.38395292589351504,0.38395821443166567,0.383926894041512,0.38393268071476117,0.3839335786751883,0.38392893514820836,0.3839073947424506,0.3839023684395528,0.3839083644382803,0.38391261446593417,0.3838845325526954,0.3838877052268938
0.38399809406672347,0.38399377704012116,0.38397034914570466,0.3839651734401932,0.38396316357464705,0.38396940578459476,0.38394118420773615,0.38394764296822387,0.3839395545327912,0.38393400316961857,0.38391475075295833,0.3839086159758913,0.3839075587522577,0.3839128624127622,0.3838812954667945,0.38388710001720927,0.38388806682018967,0.38388338479896317,0.3838617421574952,0.3838566343405795,0.38386252543347005,0.3838669225981992,0.3838385753327583,0.38384194586461556
0.3839524716776731,0.3839481428471911,0.38392468380054845,0.38391949395514463,0.3839173584652417,0.383923617837795,0.3838946838624794,0.38390116060271934,0.38389359723658684,0.3838880304992862,0.38386855233676015,0.38386240049865233,0.383861424581707,0.3838667435509836,0.3838352464502725,0.38384106881669533,0.3838417854569911,0.38383706674329326,0.38381541860364227,0.38381023371046735,0.3838159193795952,0.3838204518856374,0.3837917941665243,0.3837953771210217
0.3839064571494862,0.3839021164159231,0.3838785603028376,0.38387335617838936,0.383871158896336,0.38387743560837934,0.3838490590680135,0.38385555348258454,0.3838472434929524,0.38384166123016167,0.38382230341050666,0.38381613447414736,0.3838148918278383,0.38382022619383466,0.383788480113049,0.3837943203671096,0.383795103960767,0.3837903501825332,0.38376859684161996,0.3837633388507608,0.383768914986076,0.38377357840101606,0.38374460792784837,0.38374842299260514
0.38386009830977247,0.3838557455863514,0.3838321246281092,0.3838269061307234,0.3838246128201459,0.38383090702704803,0.38380245205553204,0.38380896455143415,0.3838005413318473,0.3837949434105667,0.38377553231078204,0.3837693460688452,0.3837680086212861,0.38377335845686744,0.3837415221927474,0.38374738023253435,0.383748070558062,0.3837432834341593,0.3837214732987488,0.3837161465989613,0.38372156225938847,0.38372635107524783,0.38369700651386857,0.38370107541379206
0.3838129953857373,0.3838086304823691,0.38378497661392663,0.3837797435259433,0.3837773193452435,0.3837836313494113,0.38375445610746833,0.3837609872454542,0.383753089004794,0.3837474751604188,0.38372783524799875,0.3837216313469215,0.3837203721493891,0.38372573765646917,0.3836939705669062,0.38369984644044713,0.383700281688711,0.383695462853631,0.3836736442872933,0.38366825337090626,0.383673458086753,0.38367836611416534,0.3836486354489358,0.38365298313943436
0.38376543683459385,0.3837610596358709,0.38373730631072456,0.3837320584734099,0.383729567971144,0.3837358979789873,0.38370728279454985,0.3837138322944966,0.38370517689396544,0.3836995469448177,0.38368002714306687,0.3836738055125626,0.3836722737930725,0.3836776551050314,0.3836456354895897,0.3836515293543064,0.3836520295064153,0.38364718037730294,0.3836252529756077,0.38361980168091464,0.38362489382855847,0.3836299161903364,0.3835997612849516,0.3836043835370059
0.3837447291306088,0.38374034657906164,0.3837165643055236,0.38371131005148035,0.3837087225419727,0.38371506055410226,0.3836864100645719,0.3836929678282779,0.383684207874297,0.38367857071423334,0.3836590271690553,0.3836527975752304,0.38365116935097077,0.3836565579287431,0.3836244970980004,0.38363039945303645,0.38363080254068804,0.38362593243398485,0.3836039802768124,0.3835984816096655,0.3836034040544308,0.3836085265297854,0.3835780063321113,0.3835828817428853
0.08,0.08,0.08,0.08,0.08,0.08,0.08,0.08,0.08,0.08,0.08,0.08,0.08,0.08,0.08,0.08,0.08,0.08,0.08,0.08,0.08,0.08,0.08,0.08
0.08,0.08,0.08,0.08,0.08,0.08,0.08,0.08,0.08,0.08,0.08,0.08,0.08,0.08,0.08,0.08,0.08,0.08,0.08,0.08,0.08,0.08,0.08,0.08,0.08
0.08,0.08,0.08,0.08,0.08,0.08,0.08,0.08,0.08,0.08,0.08,0.08,0.08,0.08,0.08,0.08,0.08,0.08,0.08,0.08,0.08,0.08,0.08,0.08,0.08
0.08,0.08,0.08,0.08,0.08,0.08,0.08,0.08,0.08,0.08,0.08,0.08,0.08,0.08,0.08,0.08,0.08,0.08,0.08,0.08,0.08,0.08,0.08,0.08,0.08
0.08,0.08,0.08,0.08,0.08,0.08,0.08,0.08,0.08,0.08,0.08,0.08,0.08,0.08,0.08,0.08,0.08,0.08,0.08,0.08,0.08,0.08,0.08,0.08,0.08
0.08,0.08,0.08,0.08,0.08,0.08,0.08,0.08,0.08,0.08,0.08,0.08,0.08,0.08,0.08,0.08,0.08,0.08,0.08,0.08,0.08,0.08,0.08,0.08,0.08,0.08
0.08,0.08,0.08,0.08,0.08,0.08,0.08,0.08,0.08,0.08,0.08,0.08,0.08,0.08,0.08,0.08,0.08,0.08,0.08,0.08,0.08,0.08,0.08,0.08,0.08,0.08,0.08
0.3835213310396778,0.38351689077017703,0.3834928299004992,0.38348750646723173,0.38348418787095934,0.3834906104709264,0.3834609299905829,0.3834675754843542,0.3834586865411363,0.3834529738183399,0.3834329955825418,0.38342668243231803,0.38342454217024613,0.3834300040035763,0.38339767728067886,0.38340366122297953,0.3834032278091233,0.38339825178115383,0.38337606505962485,0.3833703803914137,0.3833744173849246,0.3833798667428964,0.38334793202569545,0.38335359736231084,0.3833594851946493,0.3833581637866096,0.3833368499834884
0.3834777392538961,0.3834732877280936,0.38344913245897494,0.3834437955218438,0.383440414395179,0.3834468533072234,0.38341775096650543,0.3834244130852354,0.38341476034431066,0.3834090330851802,0.3833891824157467,0.3833828532682369,0.3833804406707741,0.38338591642830083,0.38335334378032676,0.38335934302812485,0.3833589824845047,0.38335399145797777,0.3833316977952081,0.38332599211978347,0.38332997964271454,0.3833354624030505,0.3833033429611161,0.38330908380611584,0.38331496821698247,0.3833133838384452,0.383292184460153
0.3834017055707336,0.38339723441633283,0.3833730067719257,0.3833676463154468,0.3833640686977838,0.38337053605277555,0.3833406493345425,0.38334734113184277,0.3833381531515141,0.3833324005473887,0.3833122834279694,0.383305926209748,0.38330353261995403,0.3833090326536138,0.3832764804221493,0.38328250619925613,0.383281829038428,0.3832768138608455,0.38325447277362423,0.3832487362156597,0.3832525204589489,0.3832580449765729,0.38322571627392393,0.38323153787260417,0.3832373323881323,0.383235469633169,0.3832144562382093,0.3832136583176118
0.38337052509124137,0.38336604588918477,0.38334177478970904,0.38333640468613034,0.3833327091223673,0.38333918815790535,0.3833092476152698,0.3833159514972455,0.3833066350381379,0.38330087200878976,0.3832807185856649,0.3832743498478124,0.3832718395976525,0.3832773496330035,0.38324473832343475,0.383250775072371,0.3832499835306776,0.3832449574945999,0.3832225760297194,0.3832168242671029,0.3832204850971721,0.38322603507257486,0.3831935746439936,0.3831994562747622,0.38320518989162516,0.38320304117981424,0.3831821498306539,0.3831810924670866
0.3833144368201515,0.38330994314438155,0.38328555995818303,0.38328017249382423,0.3832763862558309,0.3832828862662089,0.3832535085795887,0.3832602339083636,0.3832501148111081,0.383244333090027,0.38322429446134165,0.3832179051351957,0.3832150929590069,0.3832206208976444,0.3831877385482689,0.383193795003474,0.3831930513596494,0.38318800749729026,0.38316550243514996,0.383159727916788,0.38316332158850486,0.383168903138889,0.38313625810439217,0.3831422026897951,0.3831478879963743,0.38314543775108867,0.3831248370731941,0.3831235067831489
0.38325748610774285,0.38325297773915645,0.3832285491531621,0.3832231440863444,0.3832191966918244,0.3832257179947849,0.3831955826867895,0.383202330298542,0.3831927241837922,0.38318692348762284,0.3831666389020424,0.3831602285432602,0.3831574717663217,0.38316301787608836,0.3831301934423278,0.3831362698034141,0.3831352411711548,0.3831301794445543,0.3831076521331629,0.38310185522979784,0.38310527869243977,0.38311089040581053,0.38307809526412917,0.38308409792827713,0.38308969646741103,0.3830869315752457,0.38306644511053767,0.38306482935823477
0.3832245049158972,0.38321998804002255,0.38319551351972364,0.3831900982548478,0.38318602649910266,0.38319256014953457,0.3831623679465883,0.38316912833299416,0.38315938671547356,0.3831535749990021,0.38313325204015,0.3831268295042117,0.3831239496848575,0.38312950637916027,0.3830966194542754,0.38310270745730773,0.38310155844339566,0.383096485984625,0.383073915940124,0.3830681051407609,0.38307140473411333,0.38307703730307735,0.38304412996261206,0.38305017740162567,0.3830556863904999,0.3830525996619552,0.3830323594790131,0.3830304499572301
0.38316652981763777,0.3831619979902859,0.38313744274233763,0.38313200955448173,0.3831278060281629,0.38313436134681544,0.3831040693020295,0.3831108521062927,0.3831009593138958,0.3830951282868777,0.3830747380891629,0.38306829421557115,0.38306528527226674,0.38307086049303285,0.3830378642870218,0.3830439726231411,0.3830426995100775,0.3830376092471146,0.3830149643889411,0.3830091318787321,0.38301231155702764,0.3830179715897965,0.38298491192791545,0.38299100820048765,0.38299642559402386,0.3829930005833526,0.3829730836455828,0.38297086592617036
0.3831078420794716,0.383103295120528,0.3830786238378913,0.38307317250056766,0.38306886924310957,0.3830754464912345,0.3830457207460383,0.38305252598190914,0.3830418123831854,0.3830359618125947,0.3830156855915963,0.3830092201892339,0.38300589773459237,0.38301149171553056,0.38297821765250967,0.38298434662723013,0.3829831144320783,0.38297800630414186,0.38295523386971364,0.3829493798058578,0.38295249081458416,0.3829581772451378,0.38292495564542384,0.38293109678970483,0.3829364279015677,0.38293265345439803,0.3829128802331249,0.38291034351974657
0.38307242597141866,0.38306786988284786,0.38304314923966015,0.38303768695825724,0.3830332528507607,0.3830398433485927,0.383010057898265,0.3830168768417354,0.38300601902027576,0.38300015662503223,0.38297983960081683,0.382973361132663,0.3829699087505708,0.3829755141262763,0.38294217267207276,0.38294831415245845,0.38294695578590066,0.3829418366410308,0.3829190182081988,0.38291315065325127,0.3829161364796081,0.38292184073512675,0.38288852059550976,0.38289469496240214,0.3828999111130039,0.38289577581772444,0.38287628070982793,0.382873414069388
0.38301193961367724,0.3830073679359377,0.382982563009421,0.38297708204062136,0.38297250982732484,0.38297912291772923,0.382949235663552,0.3829560779803492,0.38294505939719015,0.38293917686178525,0.3829187903684479,0.38291228965176344,0.3829087010985815,0.38291432583474366,0.3828808698415441,0.38288703254867124,0.38288554461725904,0.3828804072778747,0.38285751063717255,0.38285162152322344,0.3828544857309852,0.3828602150404472,0.3828267535655222,0.3828329670134492,0.38283807126898733,0.38283354148353305,0.3828143181066137,0.3828110950402717
0.38297729741150716,0.38297271680718936,0.38294786361976124,0.3829423719503015,0.38293766579019367,0.3829442918429368,0.3829143462040909,0.3829212019258588,0.3829100362969259,0.3829041421597444,0.38288371579364217,0.38287720226370414,0.3828734806405343,0.38287911656608536,0.3828455946095523,0.3828517695873898,0.3828501523156788,0.38284500432426766,0.38282206269223573,0.38281616079726316,0.38281889833534305,0.38282464360606067,0.3827910932272472,0.3827973341372294,0.3828023157330277,0.38279738367569605,0.3827784661630769,0.38277486493111595
0.38291742857714245,0.3829128325489038,0.3828879306816314,0.38288242053359095,0.38287753913084455,0.38288418759082465,0.382853466611738,0.3828603457634301,0.3828496915434072,0.3828437774062076,0.38282309836633477,0.38281656267625547,0.3828128866150679,0.38281854175313956,0.382785075474804,0.3827912714506395,0.3827893532035781,0.38278418729402147,0.38276122070260515,0.38275529782045997,0.38275786037058085,0.3827636291629112,0.38272996021736105,0.3827362353594757,0.3827410847087899,0.3827357786794335,0.38271718955795964,0.3827131648756031
0.38285684185568475,0.3828522302224943,0.38282720928480757,0.38282168041979475,0.3828166916862242,0.3828233628600313,0.3827932144295657,0.3828001168109541,0.3827886236746434,0.3827826892669386,0.3827621247793902,0.3827555667642911,0.3827515667264249,0.38275724133145844,0.38272349121968263,0.3827297085854197,0.3827278260747668,0.38272264206742307,0.3826995448137953,0.38269360079526105,0.382696092738515,0.38270188474288286,0.3826680694731112,0.38267437718347774,0.3826791217879804,0.3826734784135553,0.38265497463841647,0.3826504775525344
0.3828388745232222,0.3828342582630532,0.3828092123113879,0.38280367789983816,0.38279855810567887,0.3828052361741121,0.38277505720134997,0.38278196670596815,0.38277033579705966,0.3827643951892088,0.3827438100257656,0.38273724516624624,0.3827331145496609,0.38273879516812453,0.3827050103310988,0.38271123428682313,0.38270922310045463,0.38270403332371067,0.38268091258837383,0.3826749616584342,0.38267732565686235,0.3826831266816792,0.38264926234744256,0.38265558605223216,0.3826602002799959,0.382654264123956,0.38263594238346255,0.38263090830986063
0.38280714837954183,0.3828025239500484,0.38277743383450685,0.38277188963007386,0.38276663764764446,0.38277332781441104,0.3827430951208088,0.3827500171315154,0.3827382423551104,0.38273229091799105,0.38271166942875035,0.38270509261089536,0.3827008310257604,0.3827065220847773,0.3826726766074574,0.38267891200010445,0.38267677330591704,0.38267157374531013,0.3826484119401373,0.38264244955686255,0.38264469056739386,0.3826505047438874,0.3826165674625936,0.38262291070544846,0.3826274004998829,0.3826211952861082,0.3826030053761397,0.38259738377014546
0.08,0.08,0.08,0.08,0.08,0.08,0.08,0.08,0.08,0.08,0.08,0.08,0.08,0.08,0.08,0.08,0.08,0.08,0.08,0.08,0.08,0.08,0.08,0.08,0.08,0.08,0.08,0.08
0.08,0.08,0.08,0.08,0.08,0.08,0.08,0.08,0.08,0.08,0.08,0.08,0.08,0.08,0.08,0.08,0.08,0.08,0.08,0.08,0.08,0.08,0.08,0.08,0.08,0.08,0.08,0.08
0.08,0.08,0.08,0.08,0.08,0.08,0.08,0.08,0.08,0.08,0.08,0.08,0.08,0.08,0.08,0.08,0.08,0.08,0.08,0.08,0.08,0.08,0.08,0.08,0.08,0.08,0.08,0.08
0.08,0.08,0.08,0.08,0.08,0.08,0.08,0.08,0.08,0.08,0.08,0.08,0.08,0.08,0.08,0.08,0.08,0.08,0.08,0.08,0.08,0.08,0.08,0.08,0.08,0.08,0.08,0.08
0.08,0.08,0.08,0.08,0.08,0.08,0.08,0.08,0.08,0.08,0.08,0.08,0.08,0.08,0.08,0.08,0.08,0.08,0.08,0.08,0.08,0.08,0.08,0.08,0.08,0.08,0.08,0.08
0.08,0.08,0.08,0.08,0.08,0.08,0.08,0.08,0.08,0.08,0.08,0.08,0.08,0.08,0.08,0.08,0.08,0.08,0.08,0.08,0.08,0.08,0.08,0.08,0.08,0.08,0.08,0.08
0.08,0.08,0.08,0.08,0.08,0.08,0.08,0.08,0.08,0.08,0.08,0.08,0.08,0.08,0.08,0.08,0.08,0.08,0.08,0.08,0.08,0.08,0.08,0.08,0.08,0.08,0.08,0.08
0.08,0.08,0.08,0.08,0.08,0.08,0.08,0.08,0.08,0.08,0.08,0.08,0.08,0.08,0.08,0.08,0.08,0.08,0.08,0.08,0.08,0.08,0.08,0.08,0.08,0.08,0.08,0.08
0.38307307454144135,0.3830685186200484,0.3830437988807177,0.3830383367997173,0.3830328479379579,0.383039441177196,0.3830096519947948,0.3830164736889387,0.3830045627140986,0.3829986972810361,0.38297838088020153,0.38297189912450774,0.38296739226748505,0.3829730013638365,0.3829396514578891,0.38294579703986487,0.3829433837016085,0.3829382584129707,0.38291543846341514,0.38290956081160915,0.3829114586354696,0.38291719451687517,0.3828837286327497,0.3828899970351894,0.3828940975262515,0.38288739781540254,0.38286981112631496,0.3828628080988823
0.38313286665899804,0.3831283261517459,0.38310368975146347,0.38309824614806454,0.3830927736903238,0.3830993446266403,0.3830696559156081,0.38307645453635775,0.38306458208947997,0.38305873649387373,0.38303848850863037,0.3830320286723396,0.38302753570380105,0.3830331258326445,0.3829998884011883,0.38300601320396666,0.3830036070832122,0.38299849912358835,0.38297575603101064,0.38296989824958505,0.38297178912618574,0.38297750561651334,0.38294415256719705,0.38295039978080414,0.38295448629252316,0.3829478092287616,0.38293028168904186,0.38292330233148286
0.38316846835740315,0.38316393702993246,0.3831393502625547,0.3831339176633678,0.38312845498178105,0.3831350126357399,0.38310538376070724,0.3831121686402416,0.38310031914402093,0.3830944853624926,0.383074278122683,0.3830678313403696,0.3830633466473228,0.3830689254801702,0.38303575503323445,0.38304186746106683,0.3830394656416434,0.3830343680022279,0.3830116706823845,0.38300582473467265,0.38300771147554946,0.3830134164176088,0.38298013056750657,0.3829863651621925,0.38299044334894755,0.38298377977256476,0.38296628745994765,0.3829593221988901
0.3832490204386659,0.3832445098863027,0.383220035447608,0.3832146277524861,0.3832091872146011,0.38321571480871913,0.38318622135354957,0.383192975134762,0.38318117759450065,0.3831753705499233,0.3831552555254524,0.3831488382861828,0.38314437233359105,0.3831499256019547,0.38311690675337084,0.383122991174876,0.38312059909823193,0.38311552481497224,0.38309293108821113,0.3830871119219692,0.38308898930772695,0.3830946681143248,0.3830615343487499,0.3830677403849033,0.38307179973204136,0.38306516667963725,0.38304775409390696,0.38304082073539275
0.38326476413220184,0.38326025764109145,0.38323580516155836,0.38323040233484934,0.38322496612882045,0.38323148784663835,0.38320202086467436,0.3832087685665745,0.38319698118550505,0.3831911793676509,0.38317108237049163,0.38316467090650386,0.3831602086193387,0.38316575689017557,0.38313276767753857,0.3831388466241649,0.38313645645343775,0.38313138673600916,0.3831088132608004,0.3831029993299966,0.38310487488769374,0.38311054858513943,0.38307744455059634,0.38308364500391345,0.3830877006683089,0.38308107358296184,0.38306367658326335,0.3830567494613015
0.3833180711265022,0.38331357838847174,0.3832892002727375,0.38328381393249117,0.38327839240337036,0.38328489422159734,0.3832555168899136,0.38326224400472864,0.3832504910329668,0.383244706914983,0.3832246709668498,0.3832182790603885,0.38321382919054814,0.38321936053766226,0.38318647168581144,0.3831925320921889,0.38319014837895693,0.3831850941233559,0.3831625892294687,0.38315679302808037,0.3831586623970293,0.38316431879271773,0.38313131544108947,0.3831374969885478,0.3831415401820206,0.38313493330366155,0.3831175890859236,0.38311068308358764
0.38342520980929834,0.3834207447220104,0.3833965161204021,0.38339116292644015,0.3833857709401966,0.38339223274997347,0.38336303566640223,0.38336972139050823,0.38335803762752124,0.3833522890954749,0.38333237589237623,0.38332602330675164,0.38332159842391206,0.3833270957454992,0.38329440867611864,0.383300431806863,0.3832980610917005,0.3832930379224979,0.3832706709179051,0.3832649103619977,0.3832667672968215,0.38327238890685095,0.38323958798587426,0.383245731522535,0.3832497496447436,0.38324318339313934,0.383225945299908,0.38321908175925334
0.38352693218230144,0.3835224933592793,0.3834984067806612,0.3834930850709991,0.3834877211892842,0.3834941449966466,0.3834651191293789,0.3834717655380703,0.3834601475487063,0.38345443281837915,0.38343463621197493,0.3834283209757612,0.38342391985400365,0.38342938485598027,0.3833968894583863,0.38340287718231264,0.38340051883227094,0.38339552519095776,0.38337328916856034,0.38336756247110854,0.3833694076057166,0.3833749961740051,0.38334238754117117,0.3833484949725869,0.38335248928275484,0.38334596162120127,0.38332882433818116,0.3833220011305701
0.3835887553470693,0.38358433249193047,0.3835603322618152,0.38355502969368366,0.38354968291856933,0.3835560836217353,0.38352716185160846,0.38353378435781815,0.3835222063732404,0.3835165121932612,0.38349678647732155,0.38349049394836315,0.3834861072852344,0.3834915526379107,0.38345917377422784,0.3834651399719023,0.38346278914823767,0.3834578134589706,0.3834356570732553,0.38342995096072385,0.3834317889260139,0.383437357405921,0.3834048656820355,0.3834109511625273,0.38341493099666696,0.3834084267966921,0.38339135080677067,0.3833845521203936
0.3836584129841731,0.38365400812533307,0.38363010521519453,0.3836248242201825,0.38361949674098395,0.38362587140568,0.3835970669580911,0.38360366252614153,0.38359212964210737,0.38358645862243856,0.38356681280557003,0.38356054586778593,0.3835561755107629,0.3835615987185841,0.383529351194564,0.3835352931320289,0.38353295079822664,0.3835279953410225,0.3835059287118115,0.38350024579863073,0.3835020756880343,0.3835076215281951,0.383475261566936,0.38348132230855864,0.3834852858286581,0.38347880807008183,0.383461801163033,0.38345503011235027
0.3837122153638129,0.3837078244085666,0.3836839966878037,0.3836787323597839,0.38367341980086833,0.38367977434897893,0.38365106054416453,0.38365763530053965,0.38364613727086844,0.3836404841442241,0.3836209000580445,0.3836146528913209,0.3836102951402237,0.3836157012395138,0.3835835551879523,0.3835894783826017,0.3835871426135378,0.3835822027871103,0.38356020550440384,0.3835545405144686,0.38355636416774486,0.3835618925169963,0.38352963435517917,0.3835356759841451,0.3835396269009921,0.38353316957041983,0.3835162160378808,0.38350946633792643
0.3837816620332447,0.3837772890289656,0.3837535583877788,0.3837483155785772,0.38374302230177065,0.38374935087691714,0.38372075410419765,0.38372730199014243,0.3837158489758388,0.3837102189512994,0.38369071456808673,0.3836844929282686,0.3836801514640347,0.38368553547406986,0.3836535204371588,0.3836594194324672,0.3836570921470975,0.38365217250197936,0.3836302647553272,0.38362462290658755,0.3836264385127726,0.3836319442790275,0.3835998175543048,0.38360583450636915,0.38360976915197403,0.38360333819658454,0.3835864535785569,0.3835797314451657
0.3838208551601723,0.383816492289032,0.38379281644946317,0.383787585787427,0.3837823034032365,0.3837886173170656,0.38376008660882216,0.38376661932683537,0.38375519172999584,0.38374957474623567,0.3837301153559627,0.38372390812569446,0.3837195758604378,0.38372494740142027,0.3836930063222056,0.383698891657339,0.3836965691645278,0.3836916609114652,0.3836698037085328,0.38366417492267213,0.3836659859883622,0.3836714790068335,0.38363942647840676,0.3836454295006967,0.38364935496176455,0.3836429388948045,0.38362609317988816,0.38361938660745487
0.3838853035653096,0.3838809573604766,0.38385737165678785,0.38385216097361063,0.3838468965194143,0.3838531863189591,0.3838247642714893,0.3838312720419453,0.3838198862616711,0.38381429072682915,0.3837949053397101,0.3837887218096749,0.3837844046831482,0.38378975571554375,0.3837579362795892,0.38376379914700814,0.38376148454291187,0.38375659502705384,0.3837348209570514,0.38372921365651624,0.3837310172577437,0.38373648930914644,0.3837045588166294,0.3837105389277406,0.38371444928336507,0.3837080577043428,0.38369127597661007,0.3836845949982823
0.3839153637152994,0.3839110252855178,0.38388748163218916,0.38388228026941895,0.38387702418471925,0.3838833027348814,0.3838549313796166,0.38386142751195845,0.3838500612439052,0.38384447571505476,0.38382512485243697,0.38381895237864627,0.383814642317835,0.38381998378289833,0.38378822109580346,0.3837940734819448,0.38379176256029307,0.3837868817854176,0.38376514649912763,0.38375954922159244,0.3837613493418172,0.3837668116119898,0.3837349380515927,0.3837409074745318,0.3837448107835431,0.3837384306282582,0.3837216787525537,0.3837150097140025
0.38396077925887995,0.3839564525776537,0.3839329724658084,0.38392778518672227,0.3839225417569699,0.38392880330828055,0.38390050855334046,0.3839069870994146,0.3838956503218057,0.38389007991294083,0.38387078121960133,0.38386462545283473,0.38386032607354564,0.3838656530814683,0.38383397614675707,0.3838398126946889,0.3838375073408413,0.38383263977442333,0.38381096309346363,0.3838053809616429,0.3838071758237479,0.3838126233135428,0.3837808357825644,0.38378678905463864,0.3837906817161535,0.38378431882324093,0.38376761205651,0.3837609610601253
0.08,0.08,0.08,0.08,0.08,0.08,0.08,0.08,0.08,0.08,0.08,0.08,0.08,0.08,0.08,0.08,0.08,0.08,0.08,0.08,0.08,0.08,0.08,0.08,0.08,0.08,0.08,0.08
0.08,0.08,0.08,0.08,0.08,0.08,0.08,0.08,0.08,0.08,0.08,0.08,0.08,0.08,0.08,0.08,0.08,0.08,0.08,0.08,0.08,0.08,0.08,0.08,0.08,0.08,0.08,0.08
0.08,0.08,0.08,0.08,0.08,0.08,0.08,0.08,0.08,0.08,0.08,0.08,0.08,0.08,0.08,0.08,0.08,0.08,0.08,0.08,0.08,0.08,0.08,0.08,0.08,0.08,0.08,0.08,0.08,0.08,0.08,0.08
0.08,0.08,0.08,0.08,0.08,0.08,0.08,0.08,0.08,0.08,0.08,0.08,0.08,0.08,0.08,0.08,0.08,0.08,0.08,0.08,0.08,0.08,0.08,0.08,0.08,0.08,0.08,0.08,0.08,0.08,0.08,0.08
0.08,0.08,0.08,0.08,0.08,0.08,0.08,0.08,0.08,0.08,0.08,0.08,0.08,0.08,0.08,0.08,0.08,0.08,0.08,0.08,0.08,0.08,0.08,0.08,0.08,0.08,0.08,0.08,0.08,0.08,0.08,0.08
0.08,0.08,0.08,0.08,0.08,0.08,0.08,0.08,0.08,0.08,0.08,0.08,0.08,0.08,0.08,0.08,0.08,0.08,0.08,0.08,0.08,0.08,0.08,0.08,0.08,0.08,0.08,0.08,0.08,0.08,0.08,0.08
0.08,0.08,0.08,0.08,0.08,0.08,0.08,0.08,0.08,0.08,0.08,0.08,0.08,0.08,0.08,0.08,0.08,0.08,0.08,0.08,0.08,0.08,0.08,0.08,0.08,0.08,0.08,0.08,0.08,0.08,0.08,0.08
0.08,0.08,0.08,0.08,0.08,0.08,0.08,0.08,0.08,0.08,0.08,0.08,0.08,0.08,0.08,0.08,0.08,0.08,0.08,0.08,0.08,0.08,0.08,0.08,0.08,0.08,0.08,0.08,0.08,0.08,0.08,0.08
