1,3,4,5,6,7,8,9,10,11,12,13,14,15,16,17,18,19,20,21,22,23,24,25,26,27,28,29,30,31,32,33,34,35,36,37,38,2,39,40,41,42,43,44,45,46,47,48,49,50
1,3,4,5,6,7,8,9,10,11,12,13,14,15,16,17,18,19,20,21,22,23,24,25,26,27,28,29,30,31,32,33,34,35,36,37,38,2,39,40,41,42,43,44,45,46,47,48,49,50
1,3,4,5,6,7,8,9,10,11,12,13,14,15,16,17,18,19,20,21,22,23,24,25,26,27,28,29,30,31,32,33,34,35,36,37,38,2,39,40,41,42,43,44,45,46,47,48,49,50
1,3,4,5,6,7,8,9,10,11,12,13,14,15,16,17,18,19,20,21,22,23,24,25,26,27,28,29,30,31,32,33,34,35,36,37,38,2,39,40,41,42,43,44,45,46,47,48,49,50
1,3,4,5,6,7,8,9,10,11,12,13,14,15,16,17,18,19,20,21,22,23,24,25,26,27,28,29,30,31,32,33,34,35,36,37,38,2,39,40,41,42,43,44,45,46,47,48,49,50
1,3,4,5,6,7,8,9,10,11,12,13,14,15,16,17,18,19,20,21,22,23,24,25,26,27,28,29,30,31,32,33,34,35,36,37,38,2,39,40,41,42,43,44,45,46,47,48,49,50
1,3,4,5,6,7,8,9,10,11,12,13,14,15,16,17,18,19,20,21,22,23,24,25,26,27,28,29,30,31,32,33,34,35,36,37,38,2,39,40,41,42,43,44,45,46,47,48,49,50
1,3,4,5,6,7,8,9,10,11,12,13,14,15,16,17,18,19,20,21,22,23,24,25,26,27,28,29,30,31,32,33,34,35,36,37,38,2,39,40,41,42,43,44,45,46,47,48,49,50
1,3,4,5,6,7,8,9,10,11,12,13,14,15,16,17,18,19,20,21,22,23,24,25,26,27,28,29,30,31,32,33,34,35,36,37,38,2,39,40,41,42,43,44,45,46,47,48,49,50
1,3,4,5,6,7,8,9,10,11,12,13,14,15,16,17,18,19,20,21,22,23,24,25,26,27,28,29,30,31,32,33,34,35,36,37,38,2,39,40,41,42,43,44,45,46,47,48,49,50
1,3,4,5,6,7,8,9,10,11,12,13,14,15,16,17,18,19,20,21,22,23,24,25,26,27,28,29,30,31,32,33,34,35,36,37,38,2,39,40,41,42,43,44,45,46,47,48,49,50
1,3,4,5,6,7,8,9,10,11,12,13,14,15,16,17,18,19,20,21,22,23,24,25,26,27,28,29,30,31,32,33,34,35,36,37,38,2,39,40,41,42,43,44,45,46,47,48,49,50
1,3,4,5,6,7,8,9,10,11,12,13,14,15,16,17,18,19,20,21,22,23,24,25,26,27,28,29,30,31,32,33,34,35,36,37,38,2,39,40,41,42,43,44,45,46,47,48,49,50
1,3,4,5,6,7,8,9,10,11,12,13,14,15,16,17,18,19,20,21,22,23,24,25,26,27,28,29,30,31,32,33,34,35,36,37,38,2,39,40,41,42,43,44,45,46,47,48,49,50
1,3,4,5,6,7,8,9,10,11,12,13,14,15,16,17,18,19,20,21,22,23,24,25,26,27,28,29,30,31,32,33,34,35,36,37,38,2,39,40,41,42,43,44,45,46,47,48,49,50
1,3,4,5,6,7,8,9,10,11,12,13,14,15,16,17,18,19,20,21,22,23,24,25,26,27,28,29,30,31,32,33,34,35,36,37,38,2,39,40,41,42,43,44,45,46,47,48,49,50
1,3,4,5,6,7,8,9,10,11,12,13,14,15,16,17,18,19,20,21,22,23,24,25,26,27,28,29,30,31,32,33,34,35,36,37,38,2,39,40,41,42,43,44,45,46,47,48,49,50,51,52,63,64,65,66
1,3,4,5,6,7,8,9,10,11,12,13,14,15,16,17,18,19,20,21,22,23,24,25,26,27,28,29,30,31,32,33,34,35,36,37,38,2,39,40,41,42,43,44,45,46,47,48,49,50,51,52,63,64,65,66
1,3,4,5,6,7,8,9,10,11,12,13,14,15,16,17,18,19,20,21,22,23,24,25,26,27,28,29,30,31,32,33,34,35,36,37,38,2,39,40,41,42,43,44,45,46,47,48,49,50,51,52,63,64,65,66
1,3,4,5,6,7,8,9,10,11,12,13,14,15,16,17,18,19,20,21,22,23,24,25,26,27,28,29,30,31,32,33,34,35,36,37,38,2,39,40,41,42,43,44,45,46,47,48,49,50,51,52,63,64,65,66
1,3,4,5,6,7,8,9,10,11,12,13,14,15,16,17,18,19,20,21,22,23,24,25,26,27,28,29,30,31,32,33,34,35,36,37,38,2,39,40,41,42,43,44,45,46,47,48,49,50,51,52,63,64,65,66
1,3,4,5,6,7,8,9,10,11,12,13,14,15,16,17,18,19,20,21,22,23,24,25,26,27,28,29,30,31,32,33,34,35,36,37,38,2,39,40,41,42,43,44,45,46,47,48,49,50,51,52,63,64,65,66
1,3,4,5,6,7,8,9,10,11,12,13,14,15,16,17,18,19,20,21,22,23,24,25,26,27,28,29,30,31,32,33,34,35,36,37,38,2,39,40,41,42,43,44,45,46,47,48,49,50,51,52,63,64,65,66
1,3,4,5,6,7,8,9,10,11,12,13,14,15,16,17,18,19,20,21,22,23,24,25,26,27,28,29,30,31,32,33,34,35,36,37,38,2,39,40,41,42,43,44,45,46,47,48,49,50,51,52,63,64,65,66
1,3,4,5,6,7,8,9,10,11,12,13,14,15,16,17,18,19,20,21,22,23,24,25,26,27,28,29,30,31,32,33,34,35,36,37,38,2,39,40,41,42,43,44,45,46,47,48,49,50,51,52,63,64,65,66
1,3,4,5,6,7,8,9,10,11,12,13,14,15,16,17,18,19,20,21,22,23,24,25,26,27,28,29,30,31,32,33,34,35,36,37,38,2,39,40,41,42,43,44,45,46,47,48,49,50,51,52,63,64,65,66
1,3,4,5,6,7,8,9,10,11,12,13,14,15,16,17,18,19,20,21,22,23,24,25,26,27,28,29,30,31,32,33,34,35,36,37,38,2,39,40,41,42,43,44,45,46,47,48,49,50,51,52,63,64,65,66
1,3,4,5,6,7,8,9,10,11,12,13,14,15,16,17,18,19,20,21,22,23,24,25,26,27,28,29,30,31,32,33,34,35,36,37,38,2,39,40,41,42,43,44,45,46,47,48,49,50,51,52,63,64,65,66
1,3,4,5,6,7,8,9,10,11,12,13,14,15,16,17,18,19,20,21,22,23,24,25,26,27,28,29,30,31,32,33,34,35,36,37,38,2,39,40,41,42,43,44,45,46,47,48,49,50,51,52,63,64,65,66
1,3,4,5,6,7,8,9,10,11,12,13,14,15,16,17,18,19,20,21,22,23,24,25,26,27,28,29,30,31,32,33,34,35,36,37,38,2,39,40,41,42,43,44,45,46,47,48,49,50,51,52,63,64,65,66
1,3,4,5,6,7,8,9,10,11,12,13,14,15,16,17,18,19,20,21,22,23,24,25,26,27,28,29,30,31,32,33,34,35,36,37,38,2,39,40,41,42,43,44,45,46,47,48,49,50,51,52,63,64,65,66
1,3,4,5,6,7,8,9,10,11,12,13,14,15,16,17,18,19,20,21,22,23,24,25,26,27,28,29,30,31,32,33,34,35,36,37,38,2,39,40,41,42,43,44,45,46,47,48,49,50,51,52,63,64,65,66
1,3,4,5,6,7,8,9,10,11,12,13,14,15,16,17,18,19,20,21,22,23,24,25,26,27,28,29,30,31,32,33,34,35,36,37,38,2,39,40,41,42,43,44,45,46,47,48,49,50,51,52,63,64,65,66
1,3,4,5,6,7,8,9,10,11,12,13,14,15,16,17,18,19,20,21,22,23,24,25,26,27,28,29,30,31,32,33,34,35,36,37,38,2,39,40,41,42,43,44,45,46,47,48,49,50,51,52,63,64,65,66
1,3,4,5,6,7,8,9,10,11,12,13,14,15,16,17,18,19,20,21,22,23,24,25,26,27,28,29,30,31,32,33,34,35,36,37,38,2,39,40,41,42,43,44,45,46,47,48,49,50,51,52,63,64,65,66
1,3,4,5,6,7,8,9,10,11,12,13,14,15,16,17,18,19,20,21,22,23,24,25,26,27,28,29,30,31,32,33,34,35,36,37,38,2,39,40,41,42,43,44,45,46,47,48,49,50,51,52,63,64,65,66
1,3,4,5,6,7,8,9,10,11,12,13,14,15,16,17,18,19,20,21,22,23,24,25,26,27,28,29,30,31,32,33,34,35,36,37,38,2,39,40,41,42,43,44,45,46,47,48,49,50,51,52,63,64,65,66
1,3,4,5,6,7,8,9,10,11,12,13,14,15,16,17,18,19,20,21,22,23,24,25,26,27,28,29,30,31,32,33,34,35,36,37,38,2,39,40,41,42,43,44,45,46,47,48,49,50,51,52,63,64,65,66
1,3,4,5,6,7,8,9,10,11,12,13,14,15,16,17,18,19,20,21,22,23,24,25,26,27,28,29,30,31,32,33,34,35,36,37,38,2,39,40,41,42,43,44,45,46,47,48,49,50,51,52,63,64,65,66
1,3,4,5,6,7,8,9,10,11,12,13,14,15,16,17,18,19,20,21,22,23,24,25,26,27,28,29,30,31,32,33,34,35,36,37,38,2,39,40,41,42,43,44,45,46,47,48,49,50,51,52,63,64,65,66
1,3,4,5,6,7,8,9,10,11,12,13,14,15,16,17,18,19,20,21,22,23,24,25,26,27,28,29,30,31,32,33,34,35,36,37,38,2,39,40,41,42,43,44,45,46,47,48,49,50,51,52,63,64,65,66
1,3,4,5,6,7,8,9,10,11,12,13,14,15,16,17,18,19,20,21,22,23,24,25,26,27,28,29,30,31,32,33,34,35,36,37,38,2,39,40,41,42,43,44,45,46,47,48,49,50,51,52,63,64,65,66
1,3,4,5,6,7,8,9,10,11,12,13,14,15,16,17,18,19,20,21,22,23,24,25,26,27,28,29,30,31,32,33,34,35,36,37,38,2,39,40,41,42,43,44,45,46,47,48,49,50,51,52,63,64,65,66
1,3,4,5,6,7,8,9,10,11,12,13,14,15,16,17,18,19,20,21,22,23,24,25,26,27,28,29,30,31,32,33,34,35,36,37,38,2,39,40,41,42,43,44,45,46,47,48,49,50,51,52,63,64,65,66
1,3,4,5,6,7,8,9,10,11,12,13,14,15,16,17,18,19,20,21,22,23,24,25,26,27,28,29,30,31,32,33,34,35,36,37,38,2,39,40,41,42,43,44,45,46,47,48,49,50,51,52,63,64,65,66
1,3,4,5,6,7,8,9,10,11,12,13,14,15,16,17,18,19,20,21,22,23,24,25,26,27,28,29,30,31,32,33,34,35,36,37,38,2,39,40,41,42,43,44,45,46,47,48,49,50,51,52,63,64,65,66
1,3,4,5,6,7,8,9,10,11,12,13,14,15,16,17,18,19,20,21,22,23,24,25,26,27,28,29,30,31,32,33,34,35,36,37,38,2,39,40,41,42,43,44,45,46,47,48,49,50,51,52,63,64,65,66
1,3,4,5,6,7,8,9,10,11,12,13,14,15,16,17,18,19,20,21,22,23,24,25,26,27,28,29,30,31,32,33,34,35,36,37,38,2,39,40,41,42,43,44,45,46,47,48,49,50,51,52,63,64,65,66
1,3,4,5,6,7,8,9,10,11,12,13,14,15,16,17,18,19,20,21,22,23,24,25,26,27,28,29,30,31,32,33,34,35,36,37,38,2,39,40,41,42,43,44,45,46,47,48,49,50,51,52,63,64,65,66
1,3,4,5,6,7,8,9,10,11,12,13,14,15,16,17,18,19,20,21,22,23,24,25,26,27,28,29,30,31,32,33,34,35,36,37,38,2,39,40,41,42,43,44,45,46,47,48,49,50,51,52,63,64,65,66
1,3,4,5,6,7,8,9,10,11,12,13,14,15,16,17,18,19,20,21,22,23,24,25,26,27,28,29,30,31,32,33,34,35,36,37,38,2,39,40,41,42,43,44,45,46,47,48,49,50,51,52,63,64,65,66
1,3,4,5,6,7,8,9,10,11,12,13,14,15,16,17,18,19,20,21,22,23,24,25,26,27,28,29,30,31,32,33,34,35,36,37,38,2,39,40,41,42,43,44,45,46,47,48,49,50,51,52,63,64,65,66
1,3,4,5,6,7,8,9,10,11,12,13,14,15,16,17,18,19,20,21,22,23,24,25,26,27,28,29,30,31,32,33,34,35,36,37,38,2,39,40,41,42,43,44,45,46,47,48,49,50,51,52,63,64,65,66
1,3,4,5,6,7,8,9,10,11,12,13,14,15,16,17,18,19,20,21,22,23,24,25,26,27,28,29,30,31,32,33,34,35,36,37,38,2,39,40,41,42,43,44,45,46,47,48,49,50,51,52,63,64,65,66
1,3,4,5,6,7,8,9,10,11,12,13,14,15,16,17,18,19,20,21,22,23,24,25,26,27,28,29,30,31,32,33,34,35,36,37,38,2,39,40,41,42,43,44,45,46,47,48,49,50,51,52,63,64,65,66
1,3,4,5,6,7,8,9,10,11,12,13,14,15,16,17,18,19,20,21,22,23,24,25,26,27,28,29,30,31,32,33,34,35,36,37,38,2,39,40,41,42,43,44,45,46,47,48,49,50,51,52,63,64,65,66
1,3,4,5,6,7,8,9,10,11,12,13,14,15,16,17,18,19,20,21,22,23,24,25,26,27,28,29,30,31,32,33,34,35,36,37,38,2,39,40,41,42,43,44,45,46,47,48,49,50,51,52,63,64,65,66
1,3,4,5,6,7,8,9,10,11,12,13,14,15,16,17,18,19,20,21,22,23,24,25,26,27,28,29,30,31,32,33,34,35,36,37,38,2,39,40,41,42,43,44,45,46,47,48,49,50,51,52,63,64,65,66
1,3,4,5,6,7,8,9,10,11,12,13,14,15,16,17,18,19,20,21,22,23,24,25,26,27,28,29,30,31,32,33,34,35,36,37,38,2,39,40,41,42,43,44,45,46,47,48,49,50,51,52,63,64,65,66
1,3,4,5,6,7,8,9,10,11,12,13,14,15,16,17,18,19,20,21,22,23,24,25,26,27,28,29,30,31,32,33,34,35,36,37,38,2,39,40,41,42,43,44,45,46,47,48,49,50,51,52,63,64,65,66
1,3,4,5,6,7,8,9,10,11,12,13,14,15,16,17,18,19,20,21,22,23,24,25,26,27,28,29,30,31,32,33,34,35,36,37,38,2,39,40,41,42,43,44,45,46,47,48,49,50,51,52,63,64,65,66
1,3,4,5,6,7,8,9,10,11,12,13,14,15,16,17,18,19,20,21,22,23,24,25,26,27,28,29,30,31,32,33,34,35,36,37,38,2,39,40,41,42,43,44,45,46,47,48,49,50,51,52,63,64,65,66
1,3,4,5,6,7,8,9,10,11,12,13,14,15,16,17,18,19,20,21,22,23,24,25,26,27,28,29,30,31,32,33,34,35,36,37,38,2,39,40,41,42,43,44,45,46,47,48,49,50,51,52,63,64,65,66
1,3,4,5,6,7,8,9,10,11,12,13,14,15,16,17,18,19,20,21,22,23,24,25,26,27,28,29,30,31,32,33,34,35,36,37,38,2,39,40,41,42,43,44,45,46,47,48,49,50,51,52,63,64,65,66
1,3,4,5,6,7,8,9,10,11,12,13,14,15,16,17,18,19,20,21,22,23,24,25,26,27,28,29,30,31,32,33,34,35,36,37,38,2,39,40,41,42,43,44,45,46,47,48,49,50,51,52,63,64,65,66
1,3,4,5,6,7,8,9,10,11,12,13,14,15,16,17,18,19,20,21,22,23,24,25,26,27,28,29,30,31,32,33,34,35,36,37,38,2,39,40,41,42,43,44,45,46,47,48,49,50,51,52,63,64,65,66,53,54,67,68,69,70
1,3,4,5,6,7,8,9,10,11,12,13,14,15,16,17,18,19,20,21,22,23,24,25,26,27,28,29,30,31,32,33,34,35,36,37,38,2,39,40,41,42,43,44,45,46,47,48,49,50,51,52,63,64,65,66,53,54,67,68,69,70
1,3,4,5,6,7,8,9,10,11,12,13,14,15,16,17,18,19,20,21,22,23,24,25,26,27,28,29,30,31,32,33,34,35,36,37,38,2,39,40,41,42,43,44,45,46,47,48,49,50,51,52,63,64,65,66,53,54,67,68,69,70
1,3,4,5,6,7,8,9,10,11,12,13,14,15,16,17,18,19,20,21,22,23,24,25,26,27,28,29,30,31,32,33,34,35,36,37,38,2,39,40,41,42,43,44,45,46,47,48,49,50,51,52,63,64,65,66,53,54,67,68,69,70
1,3,4,5,6,7,8,9,10,11,12,13,14,15,16,17,18,19,20,21,22,23,24,25,26,27,28,29,30,31,32,33,34,35,36,37,38,2,39,40,41,42,43,44,45,46,47,48,49,50,51,52,63,64,65,66,53,54,67,68,69,70
1,3,4,5,6,7,8,9,10,11,12,13,14,15,16,17,18,19,20,21,22,23,24,25,26,27,28,29,30,31,32,33,34,35,36,37,38,2,39,40,41,42,43,44,45,46,47,48,49,50,51,52,63,64,65,66,53,54,67,68,69,70
1,3,4,5,6,7,8,9,10,11,12,13,14,15,16,17,18,19,20,21,22,23,24,25,26,27,28,29,30,31,32,33,34,35,36,37,38,2,39,40,41,42,43,44,45,46,47,48,49,50,51,52,63,64,65,66,53,54,67,68,69,70
1,3,4,5,6,7,8,9,10,11,12,13,14,15,16,17,18,19,20,21,22,23,24,25,26,27,28,29,30,31,32,33,34,35,36,37,38,2,39,40,41,42,43,44,45,46,47,48,49,50,51,52,63,64,65,66,53,54,67,68,69,70
1,3,4,5,6,7,8,9,10,11,12,13,14,15,16,17,18,19,20,21,22,23,24,25,26,27,28,29,30,31,32,33,34,35,36,37,38,2,39,40,41,42,43,44,45,46,47,48,49,50,51,52,63,64,65,66,53,54,67,68,69,70
1,3,4,5,6,7,8,9,10,11,12,13,14,15,16,17,18,19,20,21,22,23,24,25,26,27,28,29,30,31,32,33,34,35,36,37,38,2,39,40,41,42,43,44,45,46,47,48,49,50,51,52,63,64,65,66,53,54,67,68,69,70
1,3,4,5,6,7,8,9,10,11,12,13,14,15,16,17,18,19,20,21,22,23,24,25,26,27,28,29,30,31,32,33,34,35,36,37,38,2,39,40,41,42,43,44,45,46,47,48,49,50,51,52,63,64,65,66,53,54,67,68,69,70
1,3,4,5,6,7,8,9,10,11,12,13,14,15,16,17,18,19,20,21,22,23,24,25,26,27,28,29,30,31,32,33,34,35,36,37,38,2,39,40,41,42,43,44,45,46,47,48,49,50,51,52,63,64,65,66,53,54,67,68,69,70
1,3,4,5,6,7,8,9,10,11,12,13,14,15,16,17,18,19,20,21,22,23,24,25,26,27,28,29,30,31,32,33,34,35,36,37,38,2,39,40,41,42,43,44,45,46,47,48,49,50,51,52,63,64,65,66,53,54,67,68,69,70
1,3,4,5,6,7,8,9,10,11,12,13,14,15,16,17,18,19,20,21,22,23,24,25,26,27,28,29,30,31,32,33,34,35,36,37,38,2,39,40,41,42,43,44,45,46,47,48,49,50,51,52,63,64,65,66,53,54,67,68,69,70
1,3,4,5,6,7,8,9,10,11,12,13,14,15,16,17,18,19,20,21,22,23,24,25,26,27,28,29,30,31,32,33,34,35,36,37,38,2,39,40,41,42,43,44,45,46,47,48,49,50,51,52,63,64,65,66,53,54,67,68,69,70
1,3,4,5,6,7,8,9,10,11,12,13,14,15,16,17,18,19,20,21,22,23,24,25,26,27,28,29,30,31,32,33,34,35,36,37,38,2,39,40,41,42,43,44,45,46,47,48,49,50,51,52,63,64,65,66,53,54,67,68,69,70
1,3,4,5,6,7,8,9,10,11,12,13,14,15,16,17,18,19,20,21,22,23,24,25,26,27,28,29,30,31,32,33,34,35,36,37,38,2,39,40,41,42,43,44,45,46,47,48,49,50,51,52,63,64,65,66,53,54,67,68,69,70
1,3,4,5,6,7,8,9,10,11,12,13,14,15,16,17,18,19,20,21,22,23,24,25,26,27,28,29,30,31,32,33,34,35,36,37,38,2,39,40,41,42,43,44,45,46,47,48,49,50,51,52,63,64,65,66,53,54,67,68,69,70
1,3,4,5,6,7,8,9,10,11,12,13,14,15,16,17,18,19,20,21,22,23,24,25,26,27,28,29,30,31,32,33,34,35,36,37,38,2,39,40,41,42,43,44,45,46,47,48,49,50,51,52,63,64,65,66,53,54,67,68,69,70
1,3,4,5,6,7,8,9,10,11,12,13,14,15,16,17,18,19,20,21,22,23,24,25,26,27,28,29,30,31,32,33,34,35,36,37,38,2,39,40,41,42,43,44,45,46,47,48,49,50,51,52,63,64,65,66,53,54,67,68,69,70
1,3,4,5,6,7,8,9,10,11,12,13,14,15,16,17,18,19,20,21,22,23,24,25,26,27,28,29,30,31,32,33,34,35,36,37,38,2,39,40,41,42,43,44,45,46,47,48,49,50,51,52,63,64,65,66,53,54,67,68,69,70
1,3,4,5,6,7,8,9,10,11,12,13,14,15,16,17,18,19,20,21,22,23,24,25,26,27,28,29,30,31,32,33,34,35,36,37,38,2,39,40,41,42,43,44,45,46,47,48,49,50,51,52,63,64,65,66,53,54,67,68,69,70
1,3,4,5,6,7,8,9,10,11,12,13,14,15,16,17,18,19,20,21,22,23,24,25,26,27,28,29,30,31,32,33,34,35,36,37,38,2,39,40,41,42,43,44,45,46,47,48,49,50,51,52,63,64,65,66,53,54,67,68,69,70
1,3,4,5,6,7,8,9,10,11,12,13,14,15,16,17,18,19,20,21,22,23,24,25,26,27,28,29,30,31,32,33,34,35,36,37,38,2,39,40,41,42,43,44,45,46,47,48,49,50,51,52,63,64,65,66,53,54,67,68,69,70
1,3,4,5,6,7,8,9,10,11,12,13,14,15,16,17,18,19,20,21,22,23,24,25,26,27,28,29,30,31,32,33,34,35,36,37,38,2,39,40,41,42,43,44,45,46,47,48,49,50,51,52,63,64,65,66,53,54,67,68,69,70
1,3,4,5,6,7,8,9,10,11,12,13,14,15,16,17,18,19,20,21,22,23,24,25,26,27,28,29,30,31,32,33,34,35,36,37,38,2,39,40,41,42,43,44,45,46,47,48,49,50,51,52,63,64,65,66,53,54,67,68,69,70
1,3,4,5,6,7,8,9,10,11,12,13,14,15,16,17,18,19,20,21,22,23,24,25,26,27,28,29,30,31,32,33,34,35,36,37,38,2,39,40,41,42,43,44,45,46,47,48,49,50,51,52,63,64,65,66,53,54,67,68,69,70
1,3,4,5,6,7,8,9,10,11,12,13,14,15,16,17,18,19,20,21,22,23,24,25,26,27,28,29,30,31,32,33,34,35,36,37,38,2,39,40,41,42,43,44,45,46,47,48,49,50,51,52,63,64,65,66,53,54,67,68,69,70
1,3,4,5,6,7,8,9,10,11,12,13,14,15,16,17,18,19,20,21,22,23,24,25,26,27,28,29,30,31,32,33,34,35,36,37,38,2,39,40,41,42,43,44,45,46,47,48,49,50,51,52,63,64,65,66,53,54,67,68,69,70
1,3,4,5,6,7,8,9,10,11,12,13,14,15,16,17,18,19,20,21,22,23,24,25,26,27,28,29,30,31,32,33,34,35,36,37,38,2,39,40,41,42,43,44,45,46,47,48,49,50,51,52,63,64,65,66,53,54,67,68,69,70
1,3,4,5,6,7,8,9,10,11,12,13,14,15,16,17,18,19,20,21,22,23,24,25,26,27,28,29,30,31,32,33,34,35,36,37,38,2,39,40,41,42,43,44,45,46,47,48,49,50,51,52,63,64,65,66,53,54,67,68,69,70
1,3,4,5,6,7,8,9,10,11,12,13,14,15,16,17,18,19,20,21,22,23,24,25,26,27,28,29,30,31,32,33,34,35,36,37,38,2,39,40,41,42,43,44,45,46,47,48,49,50,51,52,63,64,65,66,53,54,67,68,69,70
1,3,4,5,6,7,8,9,10,11,12,13,14,15,16,17,18,19,20,21,22,23,24,25,26,27,28,29,30,31,32,33,34,35,36,37,38,2,39,40,41,42,43,44,45,46,47,48,49,50,51,52,63,64,65,66,53,54,67,68,69,70
1,3,4,5,6,7,8,9,10,11,12,13,14,15,16,17,18,19,20,21,22,23,24,25,26,27,28,29,30,31,32,33,34,35,36,37,38,2,39,40,41,42,43,44,45,46,47,48,49,50,51,52,63,64,65,66,53,54,67,68,69,70
1,3,4,5,6,7,8,9,10,11,12,13,14,15,16,17,18,19,20,21,22,23,24,25,26,27,28,29,30,31,32,33,34,35,36,37,38,2,39,40,41,42,43,44,45,46,47,48,49,50,51,52,63,64,65,66,53,54,67,68,69,70
1,3,4,5,6,7,8,9,10,11,12,13,14,15,16,17,18,19,20,21,22,23,24,25,26,27,28,29,30,31,32,33,34,35,36,37,38,2,39,40,41,42,43,44,45,46,47,48,49,50,51,52,63,64,65,66,53,54,67,68,69,70
1,3,4,5,6,7,8,9,10,11,12,13,14,15,16,17,18,19,20,21,22,23,24,25,26,27,28,29,30,31,32,33,34,35,36,37,38,2,39,40,41,42,43,44,45,46,47,48,49,50,51,52,63,64,65,66,53,54,67,68,69,70
1,3,4,5,6,7,8,9,10,11,12,13,14,15,16,17,18,19,20,21,22,23,24,25,26,27,28,29,30,31,32,33,34,35,36,37,38,2,39,40,41,42,43,44,45,46,47,48,49,50,51,52,63,64,65,66,53,54,67,68,69,70
1,3,4,5,6,7,8,9,10,11,12,13,14,15,16,17,18,19,20,21,22,23,24,25,26,27,28,29,30,31,32,33,34,35,36,37,38,2,39,40,41,42,43,44,45,46,47,48,49,50,51,52,63,64,65,66,53,54,67,68,69,70
1,3,4,5,6,7,8,9,10,11,12,13,14,15,16,17,18,19,20,21,22,23,24,25,26,27,28,29,30,31,32,33,34,35,36,37,38,2,39,40,41,42,43,44,45,46,47,48,49,50,51,52,63,64,65,66,53,54,67,68,69,70
1,3,4,5,6,7,8,9,10,11,12,13,14,15,16,17,18,19,20,21,22,23,24,25,26,27,28,29,30,31,32,33,34,35,36,37,38,2,39,40,41,42,43,44,45,46,47,48,49,50,51,52,63,64,65,66,53,54,67,68,69,70
1,3,4,5,6,7,8,9,10,11,12,13,14,15,16,17,18,19,20,21,22,23,24,25,26,27,28,29,30,31,32,33,34,35,36,37,38,2,39,40,41,42,43,44,45,46,47,48,49,50,51,52,63,64,65,66,53,54,67,68,69,70
1,3,4,5,6,7,8,9,10,11,12,13,14,15,16,17,18,19,20,21,22,23,24,25,26,27,28,29,30,31,32,33,34,35,36,37,38,2,39,40,41,42,43,44,45,46,47,48,49,50,51,52,63,64,65,66,53,54,67,68,69,70
1,3,4,5,6,7,8,9,10,11,12,13,14,15,16,17,18,19,20,21,22,23,24,25,26,27,28,29,30,31,32,33,34,35,36,37,38,2,39,40,41,42,43,44,45,46,47,48,49,50,51,52,63,64,65,66,53,54,67,68,69,70
1,3,4,5,6,7,8,9,10,11,12,13,14,15,16,17,18,19,20,21,22,23,24,25,26,27,28,29,30,31,32,33,34,35,36,37,38,2,39,40,41,42,43,44,45,46,47,48,49,50,51,52,63,64,65,66,53,54,67,68,69,70
1,3,4,5,6,7,8,9,10,11,12,13,14,15,16,17,18,19,20,21,22,23,24,25,26,27,28,29,30,31,32,33,34,35,36,37,38,2,39,40,41,42,43,44,45,46,47,48,49,50,51,52,63,64,65,66,53,54,67,68,69,70
1,3,4,5,6,7,8,9,10,11,12,13,14,15,16,17,18,19,20,21,22,23,24,25,26,27,28,29,30,31,32,33,34,35,36,37,38,2,39,40,41,42,43,44,45,46,47,48,49,50,51,52,63,64,65,66,53,54,67,68,69,70
1,3,4,5,6,7,8,9,10,11,12,13,14,15,16,17,18,19,20,21,22,23,24,25,26,27,28,29,30,31,32,33,34,35,36,37,38,2,39,40,41,42,43,44,45,46,47,48,49,50,51,52,63,64,65,66,53,54,67,68,69,70
1,3,4,5,6,7,8,9,10,11,12,13,14,15,16,17,18,19,20,21,22,23,24,25,26,27,28,29,30,31,32,33,34,35,36,37,38,2,39,40,41,42,43,44,45,46,47,48,49,50,51,52,63,64,65,66,53,54,67,68,69,70,55,56,71,72,73,74
1,3,4,5,6,7,8,9,10,11,12,13,14,15,16,17,18,19,20,21,22,23,24,25,26,27,28,29,30,31,32,33,34,35,36,37,38,2,39,40,41,42,43,44,45,46,47,48,49,50,51,52,63,64,65,66,53,54,67,68,69,70,55,56,71,72,73,74
1,3,4,5,6,7,8,9,10,11,12,13,14,15,16,17,18,19,20,21,22,23,24,25,26,27,28,29,30,31,32,33,34,35,36,37,38,2,39,40,41,42,43,44,45,46,47,48,49,50,51,52,63,64,65,66,53,54,67,68,69,70,55,56,71,72,73,74
1,3,4,5,6,7,8,9,10,11,12,13,14,15,16,17,18,19,20,21,22,23,24,25,26,27,28,29,30,31,32,33,34,35,36,37,38,75,76,2,39,40,41,42,43,44,45,46,47,48,49,50,51,52,63,64,65,66,53,54,67,68,69,70,55,56,71,72,73,74
1,3,4,5,6,7,8,9,10,11,12,13,14,15,16,17,18,19,20,21,22,23,24,25,26,27,28,29,30,31,32,33,34,35,36,37,38,75,76,2,39,40,41,42,43,44,45,46,47,48,49,50,51,52,63,64,65,66,53,54,67,68,69,70,55,56,71,72,73,74
1,3,4,5,6,7,8,9,10,11,12,13,14,15,16,17,18,19,20,21,22,23,24,25,26,27,28,29,30,31,32,33,34,35,36,37,38,75,76,2,39,40,41,42,43,44,45,46,47,48,49,50,51,52,63,64,65,66,53,54,67,68,69,70,55,56,71,72,73,74
1,3,4,5,6,7,8,9,10,11,12,13,14,15,16,17,18,19,20,21,22,23,24,25,26,27,28,29,30,31,32,33,34,35,36,37,38,75,76,2,39,40,41,42,43,44,45,46,47,48,49,50,51,52,63,64,65,66,53,54,67,68,69,70,55,56,71,72,73,74
1,3,4,5,6,7,8,9,10,11,12,13,14,15,16,17,18,19,20,21,22,23,24,25,26,27,28,29,30,31,32,33,34,35,36,37,38,75,76,2,39,40,41,42,43,44,45,46,47,48,49,50,51,52,63,64,65,66,53,54,67,68,69,70,55,56,71,72,73,74
1,3,4,5,6,7,8,9,10,11,12,13,14,15,16,17,18,19,20,21,22,23,24,25,26,27,28,29,30,31,32,33,34,35,36,37,38,75,76,2,39,40,41,42,43,44,45,46,47,48,49,50,51,52,63,64,65,66,53,54,67,68,69,70,55,56,71,72,73,74
1,3,4,5,6,7,8,9,10,11,12,13,14,15,16,17,18,19,20,21,22,23,24,25,26,27,28,29,30,31,32,33,34,35,36,37,38,75,76,2,39,40,41,42,43,44,45,46,47,48,49,50,51,52,63,64,65,66,53,54,67,68,69,70,55,56,71,72,73,74
1,3,4,5,6,7,8,9,10,11,12,13,14,15,16,17,18,19,20,21,22,23,24,25,26,27,28,29,30,31,32,33,34,35,36,37,38,75,76,2,39,40,41,42,43,44,45,46,47,48,49,50,51,52,63,64,65,66,53,54,67,68,69,70,55,56,71,72,73,74
1,3,4,5,6,7,8,9,10,11,12,13,14,15,16,17,18,19,20,21,22,23,24,25,26,27,28,29,30,31,32,33,34,35,36,37,38,75,76,2,39,40,41,42,43,44,45,46,47,48,49,50,51,52,63,64,65,66,53,54,67,68,69,70,55,56,71,72,73,74
1,3,4,5,6,7,8,9,10,11,12,13,14,15,16,17,18,19,20,21,22,23,24,25,26,27,28,29,30,31,32,33,34,35,36,37,38,75,76,2,39,40,41,42,43,44,45,46,47,48,49,50,51,52,63,64,65,66,53,54,67,68,69,70,55,56,71,72,73,74
1,3,4,5,6,7,8,9,10,11,12,13,14,15,16,17,18,19,20,21,22,23,24,25,26,27,28,29,30,31,32,33,34,35,36,37,38,75,76,2,39,40,41,42,43,44,45,46,47,48,49,50,51,52,63,64,65,66,53,54,67,68,69,70,55,56,71,72,73,74
1,3,4,5,6,7,8,9,10,11,12,13,14,15,16,17,18,19,20,21,22,23,24,25,26,27,28,29,30,31,32,33,34,35,36,37,38,75,76,2,39,40,41,42,43,44,45,46,47,48,49,50,51,52,63,64,65,66,53,54,67,68,69,70,55,56,71,72,73,74
1,3,4,5,6,7,8,9,10,11,12,13,14,15,16,17,18,19,20,21,22,23,24,25,26,27,28,29,30,31,32,33,34,35,36,37,38,75,76,2,39,40,41,42,43,44,45,46,47,48,49,50,51,52,63,64,65,66,53,54,67,68,69,70,55,56,71,72,73,74
1,3,4,5,6,7,8,9,10,11,12,13,14,15,16,17,18,19,20,21,22,23,24,25,26,27,28,29,30,31,32,33,34,35,36,37,38,75,76,2,39,40,41,42,43,44,45,46,47,48,49,50,51,52,63,64,65,66,53,54,67,68,69,70,55,56,71,72,73,74
1,3,4,5,6,7,8,9,10,11,12,13,14,15,16,17,18,19,20,21,22,23,24,25,26,27,28,29,30,31,32,33,34,35,36,37,38,75,76,2,39,40,41,42,43,44,45,46,47,48,49,50,51,52,63,64,65,66,53,54,67,68,69,70,55,56,71,72,73,74
1,3,4,5,6,7,8,9,10,11,12,13,14,15,16,17,18,19,20,21,22,23,24,25,26,27,28,29,30,31,32,33,34,35,36,37,38,75,76,2,39,40,41,42,43,44,45,46,47,48,49,50,51,52,63,64,65,66,53,54,67,68,69,70,55,56,71,72,73,74
1,3,4,5,6,7,8,9,10,11,12,13,14,15,16,17,18,19,20,21,22,23,24,25,26,27,28,29,30,31,32,33,34,35,36,37,38,75,76,2,39,40,41,42,43,44,45,46,47,48,49,50,51,52,63,64,65,66,53,54,67,68,69,70,55,56,71,72,73,74
1,3,4,5,6,7,8,9,10,11,12,13,14,15,16,17,18,19,20,21,22,23,24,25,26,27,28,29,30,31,32,33,34,35,36,37,38,75,76,2,39,40,41,42,43,44,45,46,47,48,49,50,51,52,63,64,65,66,53,54,67,68,69,70,55,56,71,72,73,74
1,3,4,5,6,7,8,9,10,11,12,13,14,15,16,17,18,19,20,21,22,23,24,25,26,27,28,29,30,31,32,33,34,35,36,37,38,75,76,2,39,40,41,42,43,44,45,46,47,48,49,50,51,52,63,64,65,66,53,54,67,68,69,70,55,56,71,72,73,74
1,3,4,5,6,7,8,9,10,11,12,13,14,15,16,17,18,19,20,21,22,23,24,25,26,27,28,29,30,31,32,33,34,35,36,37,38,75,76,2,39,40,41,42,43,44,45,46,47,48,49,50,51,52,63,64,65,66,53,54,67,68,69,70,55,56,71,72,73,74
1,3,4,5,6,7,8,9,10,11,12,13,14,15,16,17,18,19,20,21,22,23,24,25,26,27,28,29,30,31,32,33,34,35,36,37,38,75,76,2,39,40,41,42,43,44,45,46,47,48,49,50,51,52,63,64,65,66,53,54,67,68,69,70,55,56,71,72,73,74
1,3,4,5,6,7,8,9,10,11,12,13,14,15,16,17,18,19,20,21,22,23,24,25,26,27,28,29,30,31,32,33,34,35,36,37,38,75,76,2,39,40,41,42,43,44,45,46,47,48,49,50,51,52,63,64,65,66,53,54,67,68,69,70,55,56,71,72,73,74
1,3,4,5,6,7,8,9,10,11,12,13,14,15,16,17,18,19,20,21,22,23,24,25,26,27,28,29,30,31,32,33,34,35,36,37,38,75,76,2,39,40,41,42,43,44,45,46,47,48,49,50,51,52,63,64,65,66,53,54,67,68,69,70,55,56,71,72,73,74
1,3,4,5,6,7,8,9,10,11,12,13,14,15,16,17,18,19,20,21,22,23,24,25,26,27,28,29,30,31,32,33,34,35,36,37,38,75,76,2,39,40,41,42,43,44,45,46,47,48,49,50,51,52,63,64,65,66,53,54,67,68,69,70,55,56,71,72,73,74
1,3,4,5,6,7,8,9,10,11,12,13,14,15,16,17,18,19,20,21,22,23,24,25,26,27,28,29,30,31,32,33,34,35,36,37,38,75,76,2,39,40,41,42,43,44,45,46,47,48,49,50,51,52,63,64,65,66,53,54,67,68,69,70,55,56,71,72,73,74
1,3,4,5,6,7,8,9,10,11,12,13,14,15,16,17,18,19,20,21,22,23,24,25,26,27,28,29,30,31,32,33,34,35,36,37,38,75,76,2,39,40,41,42,43,44,45,46,47,48,49,50,51,52,63,64,65,66,53,54,67,68,69,70,55,56,71,72,73,74
1,3,4,5,6,7,8,9,10,11,12,13,14,15,16,17,18,19,20,21,22,23,24,25,26,27,28,29,30,31,32,33,34,35,36,37,38,75,76,2,39,40,41,42,43,44,45,46,47,48,49,50,51,52,63,64,65,66,53,54,67,68,69,70,55,56,71,72,73,74
1,3,4,5,6,7,8,9,10,11,12,13,14,15,16,17,18,19,20,21,22,23,24,25,26,27,28,29,30,31,32,33,34,35,36,37,38,75,76,2,39,40,41,42,43,44,45,46,47,48,49,50,51,52,63,64,65,66,53,54,67,68,69,70,55,56,71,72,73,74
1,3,4,5,6,7,8,9,10,11,12,13,14,15,16,17,18,19,20,21,22,23,24,25,26,27,28,29,30,31,32,33,34,35,36,37,38,75,76,2,39,40,41,42,43,44,45,46,47,48,49,50,51,52,63,64,65,66,53,54,67,68,69,70,55,56,71,72,73,74
1,3,4,5,6,7,8,9,10,11,12,13,14,15,16,17,18,19,20,21,22,23,24,25,26,27,28,29,30,31,32,33,34,35,36,37,38,75,76,2,39,40,41,42,43,44,45,46,47,48,49,50,51,52,63,64,65,66,53,54,67,68,69,70,55,56,71,72,73,74
1,3,4,5,6,7,8,9,10,11,12,13,14,15,16,17,18,19,20,21,22,23,24,25,26,27,28,29,30,31,32,33,34,35,36,37,38,75,76,2,39,40,41,42,43,44,45,46,47,48,49,50,51,52,63,64,65,66,53,54,67,68,69,70,55,56,71,72,73,74
1,3,4,5,6,7,8,9,10,11,12,13,14,15,16,17,18,19,20,21,22,23,24,25,26,27,28,29,30,31,32,33,34,35,36,37,38,75,76,2,39,40,41,42,43,44,45,46,47,48,49,50,51,52,63,64,65,66,53,54,67,68,69,70,55,56,71,72,73,74
1,3,4,5,6,7,8,9,10,11,12,13,14,15,16,17,18,19,20,21,22,23,24,25,26,27,28,29,30,31,32,33,34,35,36,37,38,75,76,2,39,40,41,42,43,44,45,46,47,48,49,50,51,52,63,64,65,66,53,54,67,68,69,70,55,56,71,72,73,74
1,3,4,5,6,7,8,9,10,11,12,13,14,15,16,17,18,19,20,21,22,23,24,25,26,27,28,29,30,31,32,33,34,35,36,37,38,75,76,2,39,40,41,42,43,44,45,46,47,48,49,50,51,52,63,64,65,66,53,54,67,68,69,70,55,56,71,72,73,74
1,3,4,5,6,7,8,9,10,11,12,13,14,15,16,17,18,19,20,21,22,23,24,25,26,27,28,29,30,31,32,33,34,35,36,37,38,75,76,2,39,40,41,42,43,44,45,46,47,48,49,50,51,52,63,64,65,66,53,54,67,68,69,70,55,56,71,72,73,74
1,3,4,5,6,7,8,9,10,11,12,13,14,15,16,17,18,19,20,21,22,23,24,25,26,27,28,29,30,31,32,33,34,35,36,37,38,75,76,2,39,40,41,42,43,44,45,46,47,48,49,50,51,52,63,64,65,66,53,54,67,68,69,70,55,56,71,72,73,74
1,3,4,5,6,7,8,9,10,11,12,13,14,15,16,17,18,19,20,21,22,23,24,25,26,27,28,29,30,31,32,33,34,35,36,37,38,75,76,2,39,40,41,42,43,44,45,46,47,48,49,50,51,52,63,64,65,66,53,54,67,68,69,70,55,56,71,72,73,74
1,3,4,5,6,7,8,9,10,11,12,13,14,15,16,17,18,19,20,21,22,23,24,25,26,27,28,29,30,31,32,33,34,35,36,37,38,75,76,2,39,40,41,42,43,44,45,46,47,48,49,50,51,52,63,64,65,66,53,54,67,68,69,70,55,56,71,72,73,74
1,3,4,5,6,7,8,9,10,11,12,13,14,15,16,17,18,19,20,21,22,23,24,25,26,27,28,29,30,31,32,33,34,35,36,37,38,75,76,2,39,40,41,42,43,44,45,46,47,48,49,50,51,52,63,64,65,66,53,54,67,68,69,70,55,56,71,72,73,74
1,3,4,5,6,7,8,9,10,11,12,13,14,15,16,17,18,19,20,21,22,23,24,25,26,27,28,29,30,31,32,33,34,35,36,37,38,75,76,2,39,40,41,42,43,44,45,46,47,48,49,50,51,52,63,64,65,66,53,54,67,68,69,70,55,56,71,72,73,74
1,3,4,5,6,7,8,9,10,11,12,13,14,15,16,17,18,19,20,21,22,23,24,25,26,27,28,29,30,31,32,33,34,35,36,37,38,75,76,2,39,40,41,42,43,44,45,46,47,48,49,50,51,52,63,64,65,66,53,54,67,68,69,70,55,56,71,72,73,74
1,3,4,5,6,7,8,9,10,11,12,13,14,15,16,17,18,19,20,21,22,23,24,25,26,27,28,29,30,31,32,33,34,35,36,37,38,75,76,2,39,40,41,42,43,44,45,46,47,48,49,50,51,52,63,64,65,66,53,54,67,68,69,70,55,56,71,72,73,74
1,3,4,5,6,7,8,9,10,11,12,13,14,15,16,17,18,19,20,21,22,23,24,25,26,27,28,29,30,31,32,33,34,35,36,37,38,75,76,2,39,40,41,42,43,44,45,46,47,48,49,50,51,52,63,64,65,66,53,54,67,68,69,70,55,56,71,72,73,74
1,3,4,5,6,7,8,9,10,11,12,13,14,15,16,17,18,19,20,21,22,23,24,25,26,27,28,29,30,31,32,33,34,35,36,37,38,75,76,2,39,40,41,42,43,44,45,46,47,48,49,50,51,52,63,64,65,66,53,54,67,68,69,70,55,56,71,72,73,74
1,3,4,5,6,7,8,9,10,11,12,13,14,15,16,17,18,19,20,21,22,23,24,25,26,27,28,29,30,31,32,33,34,35,36,37,38,75,76,2,39,40,41,42,43,44,45,46,47,48,49,50,51,52,63,64,65,66,53,54,67,68,69,70,55,56,71,72,73,74,57,58,77,78,79,80
1,3,4,5,6,7,8,9,10,11,12,13,14,15,16,17,18,19,20,21,22,23,24,25,26,27,28,29,30,31,32,33,34,35,36,37,38,75,76,2,39,40,41,42,43,44,45,46,47,48,49,50,51,52,63,64,65,66,53,54,67,68,69,70,55,56,71,72,73,74,57,58,77,78,79,80
1,3,4,5,6,7,8,9,10,11,12,13,14,15,16,17,18,19,20,21,22,23,24,25,26,27,28,29,30,31,32,33,34,35,36,37,38,75,76,2,39,40,41,42,43,44,45,46,47,48,49,50,51,52,63,64,65,66,53,54,67,68,69,70,55,56,71,72,73,74,57,58,77,78,79,80
1,3,4,5,6,7,8,9,10,11,12,13,14,15,16,17,18,19,20,21,22,23,24,25,26,27,28,29,30,31,32,33,34,35,36,37,38,75,76,2,39,40,41,42,43,44,45,46,47,48,49,50,51,52,63,64,65,66,53,54,67,68,69,70,55,56,71,72,73,74,57,58,77,78,79,80
1,3,4,5,6,7,8,9,10,11,12,13,14,15,16,17,18,19,20,21,22,23,24,25,26,27,28,29,30,31,32,33,34,35,36,37,38,75,76,2,39,40,41,42,43,44,45,46,47,48,49,50,51,52,63,64,65,66,53,54,67,68,69,70,55,56,71,72,73,74,57,58,77,78,79,80
1,3,4,5,6,7,8,9,10,11,12,13,14,15,16,17,18,19,20,21,22,23,24,25,26,27,28,29,30,31,32,33,34,35,36,37,38,75,76,2,39,40,41,42,43,44,45,46,47,48,49,50,51,52,63,64,65,66,53,54,67,68,69,70,55,56,71,72,73,74,57,58,77,78,79,80
1,3,4,5,6,7,8,9,10,11,12,13,14,15,16,17,18,19,20,21,22,23,24,25,26,27,28,29,30,31,32,33,34,35,36,37,38,75,76,2,39,40,41,42,43,44,45,46,47,48,49,50,51,52,63,64,65,66,53,54,67,68,69,70,55,56,71,72,73,74,57,58,77,78,79,80
1,3,4,5,6,7,8,9,10,11,12,13,14,15,16,17,18,19,20,21,22,23,24,25,26,27,28,29,30,31,32,33,34,35,36,37,38,75,76,2,39,40,41,42,43,44,45,46,47,48,49,50,51,52,63,64,65,66,53,54,67,68,69,70,55,56,71,72,73,74,57,58,77,78,79,80
1,3,4,5,6,7,8,9,10,11,12,13,14,15,16,17,18,19,20,21,22,23,24,25,26,27,28,29,30,31,32,33,34,35,36,37,38,75,76,2,39,40,41,42,43,44,45,46,47,48,49,50,51,52,63,64,65,66,53,54,67,68,69,70,55,56,71,72,73,74,57,58,77,78,79,80
1,3,4,5,6,7,8,9,10,11,12,13,14,15,16,17,18,19,20,21,22,23,24,25,26,27,28,29,30,31,32,33,34,35,36,37,38,75,76,2,39,40,41,42,43,44,45,46,47,48,49,50,51,52,63,64,65,66,53,54,67,68,69,70,55,56,71,72,73,74,57,58,77,78,79,80
1,3,4,5,6,7,8,9,10,11,12,13,14,15,16,17,18,19,20,21,22,23,24,25,26,27,28,29,30,31,32,33,34,35,36,37,38,75,76,2,39,40,41,42,43,44,45,46,47,48,49,50,51,52,63,64,65,66,53,54,67,68,69,70,55,56,71,72,73,74,57,58,77,78,79,80
1,3,4,5,6,7,8,9,10,11,12,13,14,15,16,17,18,19,20,21,22,23,24,25,26,27,28,29,30,31,32,33,34,35,36,37,38,75,76,2,39,40,41,42,43,44,45,46,47,48,49,50,51,52,63,64,65,66,53,54,67,68,69,70,55,56,71,72,73,74,57,58,77,78,79,80
1,3,4,5,6,7,8,9,10,11,12,13,14,15,16,17,18,19,20,21,22,23,24,25,26,27,28,29,30,31,32,33,34,35,36,37,38,75,76,2,39,40,41,42,43,44,45,46,47,48,49,50,51,52,63,64,65,66,53,54,67,68,69,70,55,56,71,72,73,74,57,58,77,78,79,80
1,3,4,5,6,7,8,9,10,11,12,13,14,15,16,17,18,19,20,21,22,23,24,25,26,27,28,29,30,31,32,33,34,35,36,37,38,75,76,2,39,40,41,42,43,44,45,46,47,48,49,50,51,52,63,64,65,66,53,54,67,68,69,70,55,56,71,72,73,74,57,58,77,78,79,80
1,3,4,5,6,7,8,9,10,11,12,13,14,15,16,17,18,19,20,21,22,23,24,25,26,27,28,29,30,31,32,33,34,35,36,37,38,75,76,2,39,40,41,42,43,44,45,46,47,48,49,50,51,52,63,64,65,66,53,54,67,68,69,70,55,56,71,72,73,74,57,58,77,78,79,80
1,3,4,5,6,7,8,9,10,11,12,13,14,15,16,17,18,19,20,21,22,23,24,25,26,27,28,29,30,31,32,33,34,35,36,37,38,75,76,2,39,40,41,42,43,44,45,46,47,48,49,50,51,52,63,64,65,66,53,54,67,68,69,70,55,56,71,72,73,74,57,58,77,78,79,80
1,3,4,5,6,7,8,9,10,11,12,13,14,15,16,17,18,19,20,21,22,23,24,25,26,27,28,29,30,31,32,33,34,35,36,37,38,75,76,2,39,40,41,42,43,44,45,46,47,48,49,50,51,52,63,64,65,66,53,54,67,68,69,70,55,56,71,72,73,74,57,58,77,78,79,80
1,3,4,5,6,7,8,9,10,11,12,13,14,15,16,17,18,19,20,21,22,23,24,25,26,27,28,29,30,31,32,33,34,35,36,37,38,75,76,2,39,40,41,42,43,44,45,46,47,48,49,50,51,52,63,64,65,66,53,54,67,68,69,70,55,56,71,72,73,74,57,58,77,78,79,80
1,3,4,5,6,7,8,9,10,11,12,13,14,15,16,17,18,19,20,21,22,23,24,25,26,27,28,29,30,31,32,33,34,35,36,37,38,75,76,2,39,40,41,42,43,44,45,46,47,48,49,50,51,52,63,64,65,66,53,54,67,68,69,70,55,56,71,72,73,74,57,58,77,78,79,80
1,3,4,5,6,7,8,9,10,11,12,13,14,15,16,17,18,19,20,21,22,23,24,25,26,27,28,29,30,31,32,33,34,35,36,37,38,75,76,2,39,40,41,42,43,44,45,46,47,48,49,50,51,52,63,64,65,66,53,54,67,68,69,70,55,56,71,72,73,74,57,58,77,78,79,80
1,3,4,5,6,7,8,9,10,11,12,13,14,15,16,17,18,19,20,21,22,23,24,25,26,27,28,29,30,31,32,33,34,35,36,37,38,75,76,2,39,40,41,42,43,44,45,46,47,48,49,50,51,52,63,64,65,66,53,54,67,68,69,70,55,56,71,72,73,74,57,58,77,78,79,80
1,3,4,5,6,7,8,9,10,11,12,13,14,15,16,17,18,19,20,21,22,23,24,25,26,27,28,29,30,31,32,33,34,35,36,37,38,75,76,2,39,40,41,42,43,44,45,46,47,48,49,50,51,52,63,64,65,66,53,54,67,68,69,70,55,56,71,72,73,74,57,58,77,78,79,80
1,3,4,5,6,7,8,9,10,11,12,13,14,15,16,17,18,19,20,21,22,23,24,25,26,27,28,29,30,31,32,33,34,35,36,37,38,75,76,2,39,40,41,42,43,44,45,46,47,48,49,50,51,52,63,64,65,66,53,54,67,68,69,70,55,56,71,72,73,74,57,58,77,78,79,80
1,3,4,5,6,7,8,9,10,11,12,13,14,15,16,17,18,19,20,21,22,23,24,25,26,27,28,29,30,31,32,33,34,35,36,37,38,75,76,2,39,40,41,42,43,44,45,46,47,48,49,50,51,52,63,64,65,66,53,54,67,68,69,70,55,56,71,72,73,74,57,58,77,78,79,80
1,3,4,5,6,7,8,9,10,11,12,13,14,15,16,17,18,19,20,21,22,23,24,25,26,27,28,29,30,31,32,33,34,35,36,37,38,75,76,2,39,40,41,42,43,44,45,46,47,48,49,50,51,52,63,64,65,66,53,54,67,68,69,70,55,56,71,72,73,74,57,58,77,78,79,80
1,3,4,5,6,7,8,9,10,11,12,13,14,15,16,17,18,19,20,21,22,23,24,25,26,27,28,29,30,31,32,33,34,35,36,37,38,75,76,2,39,40,41,42,43,44,45,46,47,48,49,50,51,52,63,64,65,66,53,54,67,68,69,70,55,56,71,72,73,74,57,58,77,78,79,80
1,3,4,5,6,7,8,9,10,11,12,13,14,15,16,17,18,19,20,21,22,23,24,25,26,27,28,29,30,31,32,33,34,35,36,37,38,75,76,2,39,40,41,42,43,44,45,46,47,48,49,50,51,52,63,64,65,66,53,54,67,68,69,70,55,56,71,72,73,74,57,58,77,78,79,80
1,3,4,5,6,7,8,9,10,11,12,13,14,15,16,17,18,19,20,21,22,23,24,25,26,27,28,29,30,31,32,33,34,35,36,37,38,75,76,2,39,40,41,42,43,44,45,46,47,48,49,50,51,52,63,64,65,66,53,54,67,68,69,70,55,56,71,72,73,74,57,58,77,78,79,80
1,3,4,5,6,7,8,9,10,11,12,13,14,15,16,17,18,19,20,21,22,23,24,25,26,27,28,29,30,31,32,33,34,35,36,37,38,75,76,2,39,40,41,42,43,44,45,46,47,48,49,50,51,52,63,64,65,66,53,54,67,68,69,70,55,56,71,72,73,74,57,58,77,78,79,80
1,3,4,5,6,7,8,9,10,11,12,13,14,15,16,17,18,19,20,21,22,23,24,25,26,27,28,29,30,31,32,33,34,35,36,37,38,75,76,2,39,40,41,42,43,44,45,46,47,48,49,50,51,52,63,64,65,66,53,54,67,68,69,70,55,56,71,72,73,74,57,58,77,78,79,80
1,3,4,5,6,7,8,9,10,11,12,13,14,15,16,17,18,19,20,21,22,23,24,25,26,27,28,29,30,31,32,33,34,35,36,37,38,75,76,2,39,40,41,42,43,44,45,46,47,48,49,50,51,52,63,64,65,66,53,54,67,68,69,70,55,56,71,72,73,74,57,58,77,78,79,80
1,3,4,5,6,7,8,9,10,11,12,13,14,15,16,17,18,19,20,21,22,23,24,25,26,27,28,29,30,31,32,33,34,35,36,37,38,75,76,2,39,40,41,42,43,44,45,46,47,48,49,50,51,52,63,64,65,66,53,54,67,68,69,70,55,56,71,72,73,74,57,58,77,78,79,80
1,3,4,5,6,7,8,9,10,11,12,13,14,15,16,17,18,19,20,21,22,23,24,25,26,27,28,29,30,31,32,33,34,35,36,37,38,75,76,2,39,40,41,42,43,44,45,46,47,48,49,50,51,52,63,64,65,66,53,54,67,68,69,70,55,56,71,72,73,74,57,58,77,78,79,80
1,3,4,5,6,7,8,9,10,11,12,13,14,15,16,17,18,19,20,21,22,23,24,25,26,27,28,29,30,31,32,33,34,35,36,37,38,75,76,2,39,40,41,42,43,44,45,46,47,48,49,50,51,52,63,64,65,66,53,54,67,68,69,70,55,56,71,72,73,74,57,58,77,78,79,80
1,3,4,5,6,7,8,9,10,11,12,13,14,15,16,17,18,19,20,21,22,23,24,25,26,27,28,29,30,31,32,33,34,35,36,37,38,75,76,2,39,40,41,42,43,44,45,46,47,48,49,50,51,52,63,64,65,66,53,54,67,68,69,70,55,56,71,72,73,74,57,58,77,78,79,80
1,3,4,5,6,7,8,9,10,11,12,13,14,15,16,17,18,19,20,21,22,23,24,25,26,27,28,29,30,31,32,33,34,35,36,37,38,75,76,2,39,40,41,42,43,44,45,46,47,48,49,50,51,52,63,64,65,66,53,54,67,68,69,70,55,56,71,72,73,74,57,58,77,78,79,80
1,3,4,5,6,7,8,9,10,11,12,13,14,15,16,17,18,19,20,21,22,23,24,25,26,27,28,29,30,31,32,33,34,35,36,37,38,75,76,2,39,40,41,42,43,44,45,46,47,48,49,50,51,52,63,64,65,66,53,54,67,68,69,70,55,56,71,72,73,74,57,58,77,78,79,80
1,3,4,5,6,7,8,9,10,11,12,13,14,15,16,17,18,19,20,21,22,23,24,25,26,27,28,29,30,31,32,33,34,35,36,37,38,75,76,2,39,40,41,42,43,44,45,46,47,48,49,50,51,52,63,64,65,66,53,54,67,68,69,70,55,56,71,72,73,74,57,58,77,78,79,80
1,3,4,5,6,7,8,9,10,11,12,13,14,15,16,17,18,19,20,21,22,23,24,25,26,27,28,29,30,31,32,33,34,35,36,37,38,75,76,81,82,2,39,40,41,42,43,44,45,46,47,48,49,50,51,52,63,64,65,66,53,54,67,68,69,70,55,56,71,72,73,74,57,58,77,78,79,80
1,3,4,5,6,7,8,9,10,11,12,13,14,15,16,17,18,19,20,21,22,23,24,25,26,27,28,29,30,31,32,33,34,35,36,37,38,75,76,81,82,2,39,40,41,42,43,44,45,46,47,48,49,50,51,52,63,64,65,66,53,54,67,68,69,70,55,56,71,72,73,74,57,58,77,78,79,80
1,3,4,5,6,7,8,9,10,11,12,13,14,15,16,17,18,19,20,21,22,23,24,25,26,27,28,29,30,31,32,33,34,35,36,37,38,75,76,81,82,2,39,40,41,42,43,44,45,46,47,48,49,50,51,52,63,64,65,66,53,54,67,68,69,70,55,56,71,72,73,74,57,58,77,78,79,80
1,3,4,5,6,7,8,9,10,11,12,13,14,15,16,17,18,19,20,21,22,23,24,25,26,27,28,29,30,31,32,33,34,35,36,37,38,75,76,81,82,2,39,40,41,42,43,44,45,46,47,48,49,50,51,52,63,64,65,66,53,54,67,68,69,70,55,56,71,72,73,74,57,58,77,78,79,80
1,3,4,5,6,7,8,9,10,11,12,13,14,15,16,17,18,19,20,21,22,23,24,25,26,27,28,29,30,31,32,33,34,35,36,37,38,75,76,81,82,2,39,40,41,42,43,44,45,46,47,48,49,50,51,52,63,64,65,66,53,54,67,68,69,70,55,56,71,72,73,74,57,58,77,78,79,80
1,3,4,5,6,7,8,9,10,11,12,13,14,15,16,17,18,19,20,21,22,23,24,25,26,27,28,29,30,31,32,33,34,35,36,37,38,75,76,81,82,2,39,40,41,42,43,44,45,46,47,48,49,50,51,52,63,64,65,66,53,54,67,68,69,70,55,56,71,72,73,74,57,58,77,78,79,80
1,3,4,5,6,7,8,9,10,11,12,13,14,15,16,17,18,19,20,21,22,23,24,25,26,27,28,29,30,31,32,33,34,35,36,37,38,75,76,81,82,2,39,40,41,42,43,44,45,46,47,48,49,50,51,52,63,64,65,66,53,54,67,68,69,70,55,56,71,72,73,74,57,58,77,78,79,80
1,3,4,5,6,7,8,9,10,11,12,13,14,15,16,17,18,19,20,21,22,23,24,25,26,27,28,29,30,31,32,33,34,35,36,37,38,75,76,81,82,2,39,40,41,42,43,44,45,46,47,48,49,50,51,52,63,64,65,66,53,54,67,68,69,70,55,56,71,72,73,74,57,58,77,78,79,80
1,3,4,5,6,7,8,9,10,11,12,13,14,15,16,17,18,19,20,21,22,23,24,25,26,27,28,29,30,31,32,33,34,35,36,37,38,75,76,81,82,2,39,40,41,42,43,44,45,46,47,48,49,50,51,52,63,64,65,66,53,54,67,68,69,70,55,56,71,72,73,74,57,58,77,78,79,80
1,3,4,5,6,7,8,9,10,11,12,13,14,15,16,17,18,19,20,21,22,23,24,25,26,27,28,29,30,31,32,33,34,35,36,37,38,75,76,81,82,2,39,40,41,42,43,44,45,46,47,48,49,50,51,52,63,64,65,66,53,54,67,68,69,70,55,56,71,72,73,74,57,58,77,78,79,80
1,3,4,5,6,7,8,9,10,11,12,13,14,15,16,17,18,19,20,21,22,23,24,25,26,27,28,29,30,31,32,33,34,35,36,37,38,75,76,81,82,2,39,40,41,42,43,44,45,46,47,48,49,50,51,52,63,64,65,66,53,54,67,68,69,70,55,56,71,72,73,74,57,58,77,78,79,80,59,60,83,84,85,86
1,3,4,5,6,7,8,9,10,11,12,13,14,15,16,17,18,19,20,21,22,23,24,25,26,27,28,29,30,31,32,33,34,35,36,37,38,75,76,81,82,2,39,40,41,42,43,44,45,46,47,48,49,50,51,52,63,64,65,66,53,54,67,68,69,70,55,56,71,72,73,74,57,58,77,78,79,80,59,60,83,84,85,86
1,3,4,5,6,7,8,9,10,11,12,13,14,15,16,17,18,19,20,21,22,23,24,25,26,27,28,29,30,31,32,33,34,35,36,37,38,75,76,81,82,2,39,40,41,42,43,44,45,46,47,48,49,50,51,52,63,64,65,66,53,54,67,68,69,70,55,56,71,72,73,74,57,58,77,78,79,80,59,60,83,84,85,86
1,3,4,5,6,7,8,9,10,11,12,13,14,15,16,17,18,19,20,21,22,23,24,25,26,27,28,29,30,31,32,33,34,35,36,37,38,75,76,81,82,2,39,40,41,42,43,44,45,46,47,48,49,50,51,52,63,64,65,66,53,54,67,68,69,70,55,56,71,72,73,74,57,58,77,78,79,80,59,60,83,84,85,86
1,3,4,5,6,7,8,9,10,11,12,13,14,15,16,17,18,19,20,21,22,23,24,25,26,27,28,29,30,31,32,33,34,35,36,37,38,75,76,81,82,2,39,40,41,42,43,44,45,46,47,48,49,50,51,52,63,64,65,66,53,54,67,68,69,70,55,56,71,72,73,74,57,58,77,78,79,80,59,60,83,84,85,86
1,3,4,5,6,7,8,9,10,11,12,13,14,15,16,17,18,19,20,21,22,23,24,25,26,27,28,29,30,31,32,33,34,35,36,37,38,75,76,81,82,2,39,40,41,42,43,44,45,46,47,48,49,50,51,52,63,64,65,66,53,54,67,68,69,70,55,56,71,72,73,74,57,58,77,78,79,80,59,60,83,84,85,86
1,3,4,5,6,7,8,9,10,11,12,13,14,15,16,17,18,19,20,21,22,23,24,25,26,27,28,29,30,31,32,33,34,35,36,37,38,75,76,81,82,2,39,40,41,42,43,44,45,46,47,48,49,50,51,52,63,64,65,66,53,54,67,68,69,70,55,56,71,72,73,74,57,58,77,78,79,80,59,60,83,84,85,86
1,3,4,5,6,7,8,9,10,11,12,13,14,15,16,17,18,19,20,21,22,23,24,25,26,27,28,29,30,31,32,33,34,35,36,37,38,75,76,81,82,2,39,40,41,42,43,44,45,46,47,48,49,50,51,52,63,64,65,66,53,54,67,68,69,70,55,56,71,72,73,74,57,58,77,78,79,80,59,60,83,84,85,86
1,3,4,5,6,7,8,9,10,11,12,13,14,15,16,17,18,19,20,21,22,23,24,25,26,27,28,29,30,31,32,33,34,35,36,37,38,75,76,81,82,2,39,40,41,42,43,44,45,46,47,48,49,50,51,52,63,64,65,66,53,54,67,68,69,70,55,56,71,72,73,74,57,58,77,78,79,80,59,60,83,84,85,86
1,3,4,5,6,7,8,9,10,11,12,13,14,15,16,17,18,19,20,21,22,23,24,25,26,27,28,29,30,31,32,33,34,35,36,37,38,75,76,81,82,2,39,40,41,42,43,44,45,46,47,48,49,50,51,52,63,64,65,66,53,54,67,68,69,70,55,56,71,72,73,74,57,58,77,78,79,80,59,60,83,84,85,86
1,3,4,5,6,7,8,9,10,11,12,13,14,15,16,17,18,19,20,21,22,23,24,25,26,27,28,29,30,31,32,33,34,35,36,37,38,75,76,81,82,2,39,40,41,42,43,44,45,46,47,48,49,50,51,52,63,64,65,66,53,54,67,68,69,70,55,56,71,72,73,74,57,58,77,78,79,80,59,60,83,84,85,86
1,3,4,5,6,7,8,9,10,11,12,13,14,15,16,17,18,19,20,21,22,23,24,25,26,27,28,29,30,31,32,33,34,35,36,37,38,75,76,81,82,2,39,40,41,42,43,44,45,46,47,48,49,50,51,52,63,64,65,66,53,54,67,68,69,70,55,56,71,72,73,74,57,58,77,78,79,80,59,60,83,84,85,86
1,3,4,5,6,7,8,9,10,11,12,13,14,15,16,17,18,19,20,21,22,23,24,25,26,27,28,29,30,31,32,33,34,35,36,37,38,75,76,81,82,2,39,40,41,42,43,44,45,46,47,48,49,50,51,52,63,64,65,66,53,54,67,68,69,70,55,56,71,72,73,74,57,58,77,78,79,80,59,60,83,84,85,86
1,3,4,5,6,7,8,9,10,11,12,13,14,15,16,17,18,19,20,21,22,23,24,25,26,27,28,29,30,31,32,33,34,35,36,37,38,75,76,81,82,2,39,40,41,42,43,44,45,46,47,48,49,50,51,52,63,64,65,66,53,54,67,68,69,70,55,56,71,72,73,74,57,58,77,78,79,80,59,60,83,84,85,86
1,3,4,5,6,7,8,9,10,11,12,13,14,15,16,17,18,19,20,21,22,23,24,25,26,27,28,29,30,31,32,33,34,35,36,37,38,75,76,81,82,2,39,40,41,42,43,44,45,46,47,48,49,50,51,52,63,64,65,66,53,54,67,68,69,70,55,56,71,72,73,74,57,58,77,78,79,80,59,60,83,84,85,86
1,3,4,5,6,7,8,9,10,11,12,13,14,15,16,17,18,19,20,21,22,23,24,25,26,27,28,29,30,31,32,33,34,35,36,37,38,75,76,81,82,2,39,40,41,42,43,44,45,46,47,48,49,50,51,52,63,64,65,66,53,54,67,68,69,70,55,56,71,72,73,74,57,58,77,78,79,80,59,60,83,84,85,86
1,3,4,5,6,7,8,9,10,11,12,13,14,15,16,17,18,19,20,21,22,23,24,25,26,27,28,29,30,31,32,33,34,35,36,37,38,75,76,81,82,2,39,40,41,42,43,44,45,46,47,48,49,50,51,52,63,64,65,66,53,54,67,68,69,70,55,56,71,72,73,74,57,58,77,78,79,80,59,60,83,84,85,86
1,3,4,5,6,7,8,9,10,11,12,13,14,15,16,17,18,19,20,21,22,23,24,25,26,27,28,29,30,31,32,33,34,35,36,37,38,75,76,81,82,2,39,40,41,42,43,44,45,46,47,48,49,50,51,52,63,64,65,66,53,54,67,68,69,70,55,56,71,72,73,74,57,58,77,78,79,80,59,60,83,84,85,86
1,3,4,5,6,7,8,9,10,11,12,13,14,15,16,17,18,19,20,21,22,23,24,25,26,27,28,29,30,31,32,33,34,35,36,37,38,75,76,81,82,2,39,40,41,42,43,44,45,46,47,48,49,50,51,52,63,64,65,66,53,54,67,68,69,70,55,56,71,72,73,74,57,58,77,78,79,80,59,60,83,84,85,86
1,3,4,5,6,7,8,9,10,11,12,13,14,15,16,17,18,19,20,21,22,23,24,25,26,27,28,29,30,31,32,33,34,35,36,37,38,75,76,81,82,2,39,40,41,42,43,44,45,46,47,48,49,50,51,52,63,64,65,66,53,54,67,68,69,70,55,56,71,72,73,74,57,58,77,78,79,80,59,60,83,84,85,86
1,3,4,5,6,7,8,9,10,11,12,13,14,15,16,17,18,19,20,21,22,23,24,25,26,27,28,29,30,31,32,33,34,35,36,37,38,75,76,81,82,2,39,40,41,42,43,44,45,46,47,48,49,50,51,52,63,64,65,66,53,54,67,68,69,70,55,56,71,72,73,74,57,58,77,78,79,80,59,60,83,84,85,86
1,3,4,5,6,7,8,9,10,11,12,13,14,15,16,17,18,19,20,21,22,23,24,25,26,27,28,29,30,31,32,33,34,35,36,37,38,75,76,81,82,2,39,40,41,42,43,44,45,46,47,48,49,50,51,52,63,64,65,66,53,54,67,68,69,70,55,56,71,72,73,74,57,58,77,78,79,80,59,60,83,84,85,86
1,3,4,5,6,7,8,9,10,11,12,13,14,15,16,17,18,19,20,21,22,23,24,25,26,27,28,29,30,31,32,33,34,35,36,37,38,75,76,81,82,87,88,2,39,40,41,42,43,44,45,46,47,48,49,50,51,52,63,64,65,66,53,54,67,68,69,70,55,56,71,72,73,74,57,58,77,78,79,80,59,60,83,84,85,86
1,3,4,5,6,7,8,9,10,11,12,13,14,15,16,17,18,19,20,21,22,23,24,25,26,27,28,29,30,31,32,33,34,35,36,37,38,75,76,81,82,87,88,2,39,40,41,42,43,44,45,46,47,48,49,50,51,52,63,64,65,66,53,54,67,68,69,70,55,56,71,72,73,74,57,58,77,78,79,80,59,60,83,84,85,86
1,3,4,5,6,7,8,9,10,11,12,13,14,15,16,17,18,19,20,21,22,23,24,25,26,27,28,29,30,31,32,33,34,35,36,37,38,75,76,81,82,87,88,2,39,40,41,42,43,44,45,46,47,48,49,50,51,52,63,64,65,66,53,54,67,68,69,70,55,56,71,72,73,74,57,58,77,78,79,80,59,60,83,84,85,86
1,3,4,5,6,7,8,9,10,11,12,13,14,15,16,17,18,19,20,21,22,23,24,25,26,27,28,29,30,31,32,33,34,35,36,37,38,75,76,81,82,87,88,2,39,40,41,42,43,44,45,46,47,48,49,50,51,52,63,64,65,66,53,54,67,68,69,70,55,56,71,72,73,74,57,58,77,78,79,80,59,60,83,84,85,86
1,3,4,5,6,7,8,9,10,11,12,13,14,15,16,17,18,19,20,21,22,23,24,25,26,27,28,29,30,31,32,33,34,35,36,37,38,75,76,81,82,87,88,2,39,40,41,42,43,44,45,46,47,48,49,50,51,52,63,64,65,66,53,54,67,68,69,70,55,56,71,72,73,74,57,58,77,78,79,80,59,60,83,84,85,86
1,3,4,5,6,7,8,9,10,11,12,13,14,15,16,17,18,19,20,21,22,23,24,25,26,27,28,29,30,31,32,33,34,35,36,37,38,75,76,81,82,87,88,2,39,40,41,42,43,44,45,46,47,48,49,50,51,52,63,64,65,66,53,54,67,68,69,70,55,56,71,72,73,74,57,58,77,78,79,80,59,60,83,84,85,86
1,3,4,5,6,7,8,9,10,11,12,13,14,15,16,17,18,19,20,21,22,23,24,25,26,27,28,29,30,31,32,33,34,35,36,37,38,75,76,81,82,87,88,2,39,40,41,42,43,44,45,46,47,48,49,50,51,52,63,64,65,66,53,54,67,68,69,70,55,56,71,72,73,74,57,58,77,78,79,80,59,60,83,84,85,86
1,3,4,5,6,7,8,9,10,11,12,13,14,15,16,17,18,19,20,21,22,23,24,25,26,27,28,29,30,31,32,33,34,35,36,37,38,75,76,81,82,87,88,2,39,40,41,42,43,44,45,46,47,48,49,50,51,52,63,64,65,66,53,54,67,68,69,70,55,56,71,72,73,74,57,58,77,78,79,80,59,60,83,84,85,86
1,3,4,5,6,7,8,9,10,11,12,13,14,15,16,17,18,19,20,21,22,23,24,25,26,27,28,29,30,31,32,33,34,35,36,37,38,75,76,81,82,87,88,2,39,40,41,42,43,44,45,46,47,48,49,50,51,52,63,64,65,66,53,54,67,68,69,70,55,56,71,72,73,74,57,58,77,78,79,80,59,60,83,84,85,86
1,3,4,5,6,7,8,9,10,11,12,13,14,15,16,17,18,19,20,21,22,23,24,25,26,27,28,29,30,31,32,33,34,35,36,37,38,75,76,81,82,87,88,2,39,40,41,42,43,44,45,46,47,48,49,50,51,52,63,64,65,66,53,54,67,68,69,70,55,56,71,72,73,74,57,58,77,78,79,80,59,60,83,84,85,86
1,3,4,5,6,7,8,9,10,11,12,13,14,15,16,17,18,19,20,21,22,23,24,25,26,27,28,29,30,31,32,33,34,35,36,37,38,75,76,81,82,87,88,89,2,39,40,41,42,43,44,45,46,47,48,49,50,51,52,63,64,65,66,53,54,67,68,69,70,55,56,71,72,73,74,57,58,77,78,79,80,59,60,83,84,85,86
1,3,4,5,6,7,8,9,10,11,12,13,14,15,16,17,18,19,20,21,22,23,24,25,26,27,28,29,30,31,32,33,34,35,36,37,38,75,76,81,82,87,88,89,2,39,40,41,42,43,44,45,46,47,48,49,50,51,52,63,64,65,66,53,54,67,68,69,70,55,56,71,72,73,74,57,58,77,78,79,80,59,60,83,84,85,86
1,3,4,5,6,7,8,9,10,11,12,13,14,15,16,17,18,19,20,21,22,23,24,25,26,27,28,29,30,31,32,33,34,35,36,37,38,75,76,81,82,87,88,89,2,39,40,41,42,43,44,45,46,47,48,49,50,51,52,63,64,65,66,53,54,67,68,69,70,55,56,71,72,73,74,57,58,77,78,79,80,59,60,83,84,85,86
1,3,4,5,6,7,8,9,10,11,12,13,14,15,16,17,18,19,20,21,22,23,24,25,26,27,28,29,30,31,32,33,34,35,36,37,38,75,76,81,82,87,88,89,2,39,40,41,42,43,44,45,46,47,48,49,50,51,52,63,64,65,66,53,54,67,68,69,70,55,56,71,72,73,74,57,58,77,78,79,80,59,60,83,84,85,86
1,3,4,5,6,7,8,9,10,11,12,13,14,15,16,17,18,19,20,21,22,23,24,25,26,27,28,29,30,31,32,33,34,35,36,37,38,75,76,81,82,87,88,89,2,39,40,41,42,43,44,45,46,47,48,49,50,51,52,63,64,65,66,53,54,67,68,69,70,55,56,71,72,73,74,57,58,77,78,79,80,59,60,83,84,85,86
1,3,4,5,6,7,8,9,10,11,12,13,14,15,16,17,18,19,20,21,22,23,24,25,26,27,28,29,30,31,32,33,34,35,36,37,38,75,76,81,82,87,88,89,2,39,40,41,42,43,44,45,46,47,48,49,50,51,52,63,64,65,66,53,54,67,68,69,70,55,56,71,72,73,74,57,58,77,78,79,80,59,60,83,84,85,86
1,3,4,5,6,7,8,9,10,11,12,13,14,15,16,17,18,19,20,21,22,23,24,25,26,27,28,29,30,31,32,33,34,35,36,37,38,75,76,81,82,87,88,89,2,39,40,41,42,43,44,45,46,47,48,49,50,51,52,63,64,65,66,53,54,67,68,69,70,55,56,71,72,73,74,57,58,77,78,79,80,59,60,83,84,85,86
1,3,4,5,6,7,8,9,10,11,12,13,14,15,16,17,18,19,20,21,22,23,24,25,26,27,28,29,30,31,32,33,34,35,36,37,38,75,76,81,82,87,88,89,2,39,40,41,42,43,44,45,46,47,48,49,50,51,52,63,64,65,66,53,54,67,68,69,70,55,56,71,72,73,74,57,58,77,78,79,80,59,60,83,84,85,86
1,3,4,5,6,7,8,9,10,11,12,13,14,15,16,17,18,19,20,21,22,23,24,25,26,27,28,29,30,31,32,33,34,35,36,37,38,75,76,81,82,87,88,89,90,2,39,40,41,42,43,44,45,46,47,48,49,50,51,52,63,64,65,66,53,54,67,68,69,70,55,56,71,72,73,74,57,58,77,78,79,80,59,60,83,84,85,86
1,3,4,5,6,7,8,9,10,11,12,13,14,15,16,17,18,19,20,21,22,23,24,25,26,27,28,29,30,31,32,33,34,35,36,37,38,75,76,81,82,87,88,89,90,2,39,40,41,42,43,44,45,46,47,48,49,50,51,52,63,64,65,66,53,54,67,68,69,70,55,56,71,72,73,74,57,58,77,78,79,80,59,60,83,84,85,86
1,3,4,5,6,7,8,9,10,11,12,13,14,15,16,17,18,19,20,21,22,23,24,25,26,27,28,29,30,31,32,33,34,35,36,37,38,75,76,81,82,87,88,89,90,2,39,40,41,42,43,44,45,46,47,48,49,50,51,52,63,64,65,66,53,54,67,68,69,70,55,56,71,72,73,74,57,58,77,78,79,80,59,60,83,84,85,86
1,3,4,5,6,7,8,9,10,11,12,13,14,15,16,17,18,19,20,21,22,23,24,25,26,27,28,29,30,31,32,33,34,35,36,37,38,75,76,81,82,87,88,89,90,2,39,40,41,42,43,44,45,46,47,48,49,50,51,52,63,64,65,66,53,54,67,68,69,70,55,56,71,72,73,74,57,58,77,78,79,80,59,60,83,84,85,86
1,3,4,5,6,7,8,9,10,11,12,13,14,15,16,17,18,19,20,21,22,23,24,25,26,27,28,29,30,31,32,33,34,35,36,37,38,75,76,81,82,87,88,89,90,2,39,40,41,42,43,44,45,46,47,48,49,50,51,52,63,64,65,66,53,54,67,68,69,70,55,56,71,72,73,74,57,58,77,78,79,80,59,60,83,84,85,86
1,3,4,5,6,7,8,9,10,11,12,13,14,15,16,17,18,19,20,21,22,23,24,25,26,27,28,29,30,31,32,33,34,35,36,37,38,75,76,81,82,87,88,89,90,2,39,40,41,42,43,44,45,46,47,48,49,50,51,52,63,64,65,66,53,54,67,68,69,70,55,56,71,72,73,74,57,58,77,78,79,80,59,60,83,84,85,86
1,3,4,5,6,7,8,9,10,11,12,13,14,15,16,17,18,19,20,21,22,23,24,25,26,27,28,29,30,31,32,33,34,35,36,37,38,75,76,81,82,87,88,89,90,2,39,40,41,42,43,44,45,46,47,48,49,50,51,52,63,64,65,66,53,54,67,68,69,70,55,56,71,72,73,74,57,58,77,78,79,80,59,60,83,84,85,86
1,3,4,5,6,7,8,9,10,11,12,13,14,15,16,17,18,19,20,21,22,23,24,25,26,27,28,29,30,31,32,33,34,35,36,37,38,75,76,81,82,87,88,89,90,2,39,40,41,42,43,44,45,46,47,48,49,50,51,52,63,64,65,66,53,54,67,68,69,70,55,56,71,72,73,74,57,58,77,78,79,80,59,60,83,84,85,86
1,3,4,5,6,7,8,9,10,11,12,13,14,15,16,17,18,19,20,21,22,23,24,25,26,27,28,29,30,31,32,33,34,35,36,37,38,75,76,81,82,87,88,89,90,91,2,39,40,41,42,43,44,45,46,47,48,49,50,51,52,63,64,65,66,53,54,67,68,69,70,55,56,71,72,73,74,57,58,77,78,79,80,59,60,83,84,85,86
1,3,4,5,6,7,8,9,10,11,12,13,14,15,16,17,18,19,20,21,22,23,24,25,26,27,28,29,30,31,32,33,34,35,36,37,38,75,76,81,82,87,88,89,90,91,2,39,40,41,42,43,44,45,46,47,48,49,50,51,52,63,64,65,66,53,54,67,68,69,70,55,56,71,72,73,74,57,58,77,78,79,80,59,60,83,84,85,86,61,62,92,93,94,95
1,3,4,5,6,7,8,9,10,11,12,13,14,15,16,17,18,19,20,21,22,23,24,25,26,27,28,29,30,31,32,33,34,35,36,37,38,75,76,81,82,87,88,89,90,91,2,39,40,41,42,43,44,45,46,47,48,49,50,51,52,63,64,65,66,53,54,67,68,69,70,55,56,71,72,73,74,57,58,77,78,79,80,59,60,83,84,85,86,61,62,92,93,94,95
1,3,4,5,6,7,8,9,10,11,12,13,14,15,16,17,18,19,20,21,22,23,24,25,26,27,28,29,30,31,32,33,34,35,36,37,38,75,76,81,82,87,88,89,90,91,2,39,40,41,42,43,44,45,46,47,48,49,50,51,52,63,64,65,66,53,54,67,68,69,70,55,56,71,72,73,74,57,58,77,78,79,80,59,60,83,84,85,86,61,62,92,93,94,95
1,3,4,5,6,7,8,9,10,11,12,13,14,15,16,17,18,19,20,21,22,23,24,25,26,27,28,29,30,31,32,33,34,35,36,37,38,75,76,81,82,87,88,89,90,91,2,39,40,41,42,43,44,45,46,47,48,49,50,51,52,63,64,65,66,53,54,67,68,69,70,55,56,71,72,73,74,57,58,77,78,79,80,59,60,83,84,85,86,61,62,92,93,94,95
1,3,4,5,6,7,8,9,10,11,12,13,14,15,16,17,18,19,20,21,22,23,24,25,26,27,28,29,30,31,32,33,34,35,36,37,38,75,76,81,82,87,88,89,90,91,2,39,40,41,42,43,44,45,46,47,48,49,50,51,52,63,64,65,66,53,54,67,68,69,70,55,56,71,72,73,74,57,58,77,78,79,80,59,60,83,84,85,86,61,62,92,93,94,95
1,3,4,5,6,7,8,9,10,11,12,13,14,15,16,17,18,19,20,21,22,23,24,25,26,27,28,29,30,31,32,33,34,35,36,37,38,75,76,81,82,87,88,89,90,91,2,39,40,41,42,43,44,45,46,47,48,49,50,51,52,63,64,65,66,53,54,67,68,69,70,55,56,71,72,73,74,57,58,77,78,79,80,59,60,83,84,85,86,61,62,92,93,94,95
1,3,4,5,6,7,8,9,10,11,12,13,14,15,16,17,18,19,20,21,22,23,24,25,26,27,28,29,30,31,32,33,34,35,36,37,38,75,76,81,82,87,88,89,90,91,2,39,40,41,42,43,44,45,46,47,48,49,50,51,52,63,64,65,66,53,54,67,68,69,70,55,56,71,72,73,74,57,58,77,78,79,80,59,60,83,84,85,86,61,62,92,93,94,95
