0.133735635651309,0.13373434970515646,0.13373014206544828,0.13372860142270396,0.07132205172821554,0.0713225805698892,0.0713210982525784,0.07132164487575902
0.13373015808519115,0.1337288709062813,0.13372458339421206,0.13372304125396323,0.07308221335661187,0.0730824276455974,0.07305010977355973,0.07305094418641002
0.13372570432193745,0.13372441614059108,0.13372006116163393,0.1337185178029833,0.07451003639444233,0.0745099466191355,0.07445108716404765,0.07445219280916132
0.13372120714678862,0.133719917953151,0.13371549489064524,0.1337139503016249,0.07595080436802919,0.07595040195617962,0.07586461846508351,0.07586600294701316
0.1337166698485216,0.1337153796334759,0.13371088791901722,0.13370934208855598,0.07740341232511277,0.0774026887991988,0.07728964493514648,0.07729131577976676
0.1337120913351801,0.13371080008936204,0.133706239137941,0.13370469205466642,0.0788681830928979,0.0788671297131725,0.07872648726968545,0.07872845223324086
0.13370747152190465,0.13370617923592884,0.13370154846075297,0.13370000011326658,0.08034511294409644,0.08034372082371055,0.08017514510826779,0.08017741207989647
0.1337028101564444,0.13370151682086637,0.1336968156307485,0.13369526600758014,0.08183425209365805,0.08183251217642229,0.08163567124528008,0.08163824826632957
0.13369810737587945,0.13369681298128308,0.13369204078633293,0.1336904898760469,0.08333552523967136,0.08333342834935274,0.08310799460622341,0.08311088982852803
0.13369336343126867,0.13369206796829286,0.13368722417485382,0.13368567196607828,0.08484881136998168,0.08484634814376588,0.084592019110927,0.08459524085063715
0.13368858346008444,0.1336872869205227,0.13368237098981,0.1336808174725716,0.08637241008149975,0.08636957138144045,0.0860861208502978,0.0860896772272014
0.1336837711792923,0.13368247355577362,0.1336774849933317,0.13367593015866794,0.08790506982759122,0.08790184669411374,0.08758913464529829,0.08759303363451286
0.13367890935052462,0.133677610631793,0.13367254879654195,0.13367099263080062,0.08945240301165466,0.08944878510138518,0.08910635049171071,0.08911060128777944
0.13367400163933923,0.1336727018149618,0.13366756583024195,0.13366600832069173,0.0910074974462109,0.09100363301739547,0.0906423255083699,0.09064693856102707
0.13366913072709805,0.13366782980526926,0.13366261822474632,0.13366105938080525,0.0925486439259337,0.0925445592775122,0.09216752676968858,0.09217236453302712
0.13366429940968272,0.13366299739922888,0.13365770871493018,0.13365614854675648,0.09407513781786417,0.09407085947125034,0.09368097164607538,0.09368601487619163
0.1336624560833324,0.1336611536575031,0.1336557890530964,0.13365422836710475,0.09558765479211907,0.09558320899129084,0.09518326911368724,0.09518849771949849
0.020259937186862385,0.020259910228312757,0.020259805499975168,0.020259773233794316,0.0146525645171023,0.014651744883021256,0.014593236312853808,0.014593915996861223
0.020259926074800597,0.020259899116256887,0.02025979425635085,0.020259761990177167,0.014819208337638888,0.014818363976284598,0.014761410942319919,0.014762111002387479
0.020259915094063833,0.020259888135525976,0.02025978340723404,0.02025975114106726,0.014983892625190018,0.014983026267391881,0.01492779174367961,0.014928510055646455
0.02025990423490348,0.0202598772763714,0.020259772416510557,0.02025974015035078,0.015146764806910277,0.015145879134433859,0.015092513623690114,0.015093248094411905
0.020259893537066233,0.02025986657853983,0.020259761850292442,0.020259729584139387,0.01530721872643884,0.015306316438745684,0.015254993225987898,0.01525574173966045
0.02025988301547256,0.020259856056951766,0.020259751328726112,0.020259719062579763,0.015465034054181294,0.015464117807665486,0.015415000048087353,0.015415760511707031
0.020259872669713592,0.020259845711198286,0.020259732453536832,0.020259700187402505,0.015620226022019481,0.01561929840516112,0.015572534599557836,0.015573304967668617
0.020259827318049557,0.02025980035955839,0.020259685572848154,0.020259653306743668,0.015774381092400123,0.015773444596611407,0.015729062265636678,0.015729840567353364,0.0020815202251266607
0.13362084767136392,0.1336195358658935,0.13361353342418866,0.13361196133555037,0.10503752973390884,0.10503232468604629,0.10475305427844718,0.10475926874264721,0.014728696871964505
0.13361694941739,0.1336156367327998,0.1336095621444465,0.13360798898372991,0.1059920789884138,0.1059869008589665,0.10572544612098225,0.10573168055947851,0.015760572143818177
0.13361308326916416,0.13361176971263589,0.13360562199895998,0.13360404777449778,0.106932475929755,0.10692733661603167,0.106683950513212,0.10669019521143502,0.016806457098889893
0.13360924996951273,0.13360793554839728,0.13360171372119511,0.13360013844151955,0.10785758620981797,0.10785249709344022,0.10762740010510072,0.10763364567422337,0.017870222022997775
0.13360545216197808,0.1336041368842241,0.13359783998377223,0.1335962636581393,0.10876609007874091,0.10876106209122582,0.10855447804495678,0.10856071536396311,0.01895384636208784
0.13360170028275248,0.13360038415866496,0.1335940030395528,0.1335924256778285,0.10965529306239678,0.10965033653416315,0.1094623360474735,0.10946855631343368,0.02005545521204591
0.1335979849204337,0.13359666795819625,0.13359021833668158,0.13358863995290612,0.11052749475432924,0.11052261966564492,0.11035315783101665,0.1103593526122562,0.021178005242055622
0.13359430829498226,0.1335929905032809,0.13358645438126984,0.13358487498098073,0.11138202995901049,0.1113772455990713,0.11122631498803656,0.11123247632067003,0.022321533024215863
0.13359067123902021,0.13358935262673052,0.13358274634511388,0.13358116594334926,0.11221896220747095,0.11221427754509654,0.1120813655427225,0.11208748579992187,0.02348580470331215
0.13358709396523982,0.1335857745458006,0.13357907995264126,0.13357749856058662,0.11303234359141638,0.11302776614033112,0.11291464583487855,0.1129207179522639,0.02466480496923244
0.13358354494123367,0.13358222472097017,0.13357545847953486,0.13357387610926236,0.11383036295008818,0.11382590083471172,0.11373237762833904,0.11373839461358243,0.02586940289079617
0.1335800372674049,0.13357871625560017,0.1335718590447205,0.1335702757021236,0.11460986741384942,0.1146055277094928,0.11453153627188126,0.11453749175305293,0.027095746310831583
0.13357658273117554,0.13357526093977487,0.13356832108880773,0.13356673679043654,0.11536831629194969,0.11536410511616632,0.11530937792814587,0.11531526618855843,0.02833961425985654
0.13356242358873482,0.1335610986015206,0.13355406219450938,0.13355247404353981,0.11609928212253379,0.11609520861356766,0.11605943954896736,0.11606525744873016,0.02960311153244841,0.01334263206524906
0.1335580214196526,0.1335566954386843,0.1335495731462948,0.13354798378224303,0.11681655577846398,0.11681262185600033,0.11679554156305767,0.11680128231289398,0.03088379420101014,0.014632322903993421
0.13355364088074875,0.1335523139108366,0.1335451079891221,0.1335435174183544,0.11751491161631988,0.11751112203124825,0.117512267088474,0.11751792615206177,0.03218817838066869,0.015945724748601457
0.020259586878936687,0.020259559920573433,0.020259421969478084,0.020259389703541412,0.017931138483911722,0.017930388403180477,0.017933861952525828,0.017934502998986735,0.005084633044369297,0.0026217980398585065
0.020259573089943705,0.02025954613158779,0.020259408180529986,0.0202593759146021,0.018036537498926076,0.018035806564964115,0.018042038442947484,0.018042664595668678,0.005288364528652179,0.002826870765147378
0.02025952038209742,0.020259493423769533,0.02025935547285521,0.020259323206960878,0.018138510018514315,0.018137799037340318,0.018146697481841154,0.01814730806576002,0.005495046375089597,0.003034906722153767,0.0023192988618653708
0.02025951430975947,0.020259487351434825,0.02025934940053703,0.020259317134646567,0.01823684396117983,0.018236153545058087,0.01824763311917844,0.01824822761214306,0.005704006876082405,0.003245219114526118,0.0024914205953538667
0.020259508081989997,0.02025948112366866,0.020259343172787818,0.020259310906901314,0.018331849538459184,0.018331180256667294,0.01834512939663756,0.01834570731948911,0.005915953285320427,0.003458526077158812,0.0026660439593754553
0.020259492120806438,0.020259465162493585,0.020259327414922437,0.02025929514904597,0.018423207190225683,0.018422559413729122,0.01843888037842372,0.0184394414080092,0.0061300109134450964,0.003673948092963497,0.0028424462361762897
0.020259476233662293,0.020259449275357895,0.02025931132456376,0.020259279058697538,0.018511425245276113,0.018510799352696714,0.01852936080763119,0.018529904626418854,0.006347221698212649,0.003892532667745929,0.003021491643377039
0.02025946049103803,0.02025943353274201,0.02025929578525684,0.020259263519400512,0.018596155500602403,0.018595551668035566,0.018616240968704043,0.01861676741779541,0.006566522000606125,0.004113209522132296,0.003202295409795366
0.13350446300382451,0.1335031249266726,0.1334958588688727,0.1334942549825689,0.12307468350862065,0.12307227742918556,0.12321701195236134,0.12322184420807136,0.044731733867740237,0.028575487258415334,0.022306607445087768
0.13349951257756051,0.13349817338181844,0.13349091137906338,0.13348930615451207,0.12355866050901632,0.12355641534400057,0.12371223709354025,0.12371696622509515,0.04620646586670138,0.03005947187911832,0.023554909427779505
0.1334945831257595,0.1334932428160776,0.1334859646714191,0.1334843581087257,0.12402388177728246,0.1240217956302564,0.12418784369515501,0.1241924705130922,0.047697371069676,0.03155956000560099,0.024817833238802656
0.1334896537177256,0.13348831229402525,0.1334810382460467,0.13347943035059232,0.12447195661773165,0.12447002768725968,0.1246456111578839,0.12465013643867322,0.049211433174790785,0.033082746814227314,0.02610121233670172
0.1334847168510473,0.13348337431155474,0.13347608409487954,0.1334744748590577,0.12490412312828436,0.1249023496620097,0.1250865395542999,0.12509096417113094,0.050750442059755596,0.03463084091937885,0.027406646775171333
0.13346878788061153,0.13346744174037675,0.13346014219333896,0.13345852864364915,0.12530903701546706,0.12530741999964998,0.12549931434478906,0.12550364274312403,0.0523052404287098,0.03619599760053884,0.02872747023572247,0.013573309773287683
0.13346276311809194,0.1334614156157225,0.13345409853085832,0.13345248334547333,0.12570620598582316,0.12570473942768853,0.12590324804603026,0.12590747926226106,0.05388237161293061,0.03778220778412928,0.030067710164185697,0.014922898650993431
0.13345671842543774,0.13345536955629778,0.13344805525619047,0.1334464384350599,0.12608754135697764,0.12608622248010898,0.1262904471978426,0.12629458293546372,0.055481645542188755,0.03939051661719053,0.031427864938366246,0.01629241593991153
0.1334506586634793,0.13344930842403077,0.13344197652132803,0.13344035805469762,0.12645300365962467,0.12645182932988158,0.12666068974966482,0.12666473205400253,0.05710152021255244,0.04101936770177978,0.03280671775633457,0.017680639929620767
0.1334445788535231,0.13344322723910118,0.1334358980975697,0.13343427798536767,0.1268031013119164,0.12680206822943166,0.12701443576985755,0.12701838686685998,0.05874291382335586,0.04266964789444225,0.03420544112160282,0.019088716915054427
0.1334385014633936,0.13343714847441557,0.1334298119018852,0.1334281901418518,0.1271368516288461,0.1271359558487821,0.12735234540760454,0.12735620752310578,0.06039868930580049,0.04433422806817434,0.03561742743829802,0.02051003468708516
0.13343240005924992,0.1334310456901534,0.13342370165659995,0.13342207824206753,0.12745632701920898,0.12745556508879538,0.1276753290127104,0.12767910441364844,0.062076023276860105,0.04602029103586944,0.037049062362874724,0.02195098713910758
0.133426281231333,0.13342492547804544,0.13341757396149867,0.1334159488875855,0.1277613783739662,0.12776074650225933,0.12798318726713875,0.1279868784867842,0.0637726371057036,0.04772552591545187,0.03849882336601439,0.02341002905971813
0.13342013525578775,0.13341877811203626,0.13341141907863124,0.13340979233781755,0.12805254270744038,0.1280520371027063,0.12827646366773293,0.1282800732736116,0.06549123656608631,0.04945266680201411,0.039968834165403394,0.024889307497135953
0.13341395612948118,0.13341259758763294,0.13340523099615403,0.13340360257929,0.12833059954898976,0.12833021650679777,0.12855593808986465,0.12855946862474263,0.0672330269418189,0.051202925584027684,0.04146006455922119,0.02638979658321873
0.1334077584506383,0.13340639850636296,0.13339902433344472,0.13339739423533908,0.12859528747447946,0.1285950229636343,0.1288213289548645,0.12882478320644264,0.06899344742593565,0.052971725438533825,0.042968505549541736,0.02790746622661262
0.020259123755254127,0.020259096797137256,0.020258958847302652,0.02025892658166087,0.01956851913154429,0.019568253702974894,0.019603555833854484,0.01960381745600022,0.01074864021671111,0.008316558739430421,0.006757948943859194,0.004471779524594057
0.020259108846287417,0.020259081888178473,0.02025894393838447,0.020258911672752167,0.019602440469149555,0.01960218856934073,0.019638043367951757,0.019638294351702626,0.010960675939083656,0.008529427537192961,0.006935685555157784,0.004650556093111009
0.020259093964052507,0.02025906700595148,0.02025892905619799,0.020258896790575173,0.019634812047535585,0.019634573255533323,0.019670861975959703,0.019671102680533945,0.01117413550664991,0.008743716432443495,0.007114622557115116,0.004830535033863119
0.02025907916711511,0.02025905220902196,0.020258914259308737,0.020258881993695344,0.01966557620837072,0.019665350054927967,0.01970197120646155,0.01970220202467101,0.011388092421566293,0.008958493607145247,0.007293964002313781,0.005010915975120043
0.02025906441990368,0.020259037461818372,0.0202588995121453,0.02025886724654131,0.01969485642812564,0.019694642469521875,0.01973149594827026,0.019731717254155803,0.01160299599598005,0.009174211130395906,0.007474094146318928,0.005192085471415928
0.020259049715486546,0.020259022757409064,0.020258884807776024,0.02025885254218138,0.019722720879322732,0.01972251867688074,0.01975951043531466,0.019759722598269015,0.011818879622341048,0.009390901633015676,0.007655047453027251,0.005374077661189984
0.020259035064507606,0.020259008106437913,0.020258870360109173,0.020258838094523723,0.01974920592073045,0.019749015032366476,0.019786056628042132,0.019786260018676942,0.012035525945838732,0.009608348139364559,0.007836630323128112,0.00555669867138562
0.020259020455295557,0.020258993497233636,0.020258855547680258,0.02025882328210425,0.019774386639943804,0.019774206635910615,0.019811220845276787,0.019811415824076625,0.012253042651421714,0.009826658499278444,0.008018933979306848,0.005740040482605776
0.13335217242538935,0.1333507998970788,0.13334335769773292,0.1333417125137996,0.1303120697043244,0.1303126045507532,0.1305489297658527,0.13055187405499438,0.0820833009058012,0.06611825904908522,0.05398008796211855,0.03898840285742391,0.013617267157131348
0.13334662279806828,0.13334524901281278,0.13333778964665569,0.13333614295307764,0.13044033624206858,0.1304409390016316,0.1306758258528736,0.13067872737564432,0.08348765804817364,0.06752815499328665,0.05518666800240557,0.040202171217825315,0.01460566744448575
0.1333410506044679,0.13333967555705328,0.1333322197404627,0.13333057153661362,0.13056251985130607,0.13056318793689356,0.13079610707047712,0.13079896776935254,0.08490152673707578,0.0689474204876308,0.05640328710842126,0.04142587969370961,0.015601737922925539
0.133335432416185,0.1333340560960885,0.13332658300855482,0.13332493327619063,0.13067941672708625,0.13068014789136168,0.13091089477836562,0.1309137162765901,0.08633072336522923,0.07038190798098781,0.0576347391436332,0.04266437874420175,0.016609455540594075
0.13332978039520782,0.1333284027946597,0.13332093317703111,0.13331928191247333,0.1307908872221594,0.1307916791089734,0.13101963237439615,0.13102241650070517,0.08777204524041693,0.07182838615455164,0.05887852867691646,0.043915123449703844,0.01762658331234404
0.1333287782746584,0.13332740044707153,0.13331991919939737,0.13331826765984325,0.13090172891860893,0.13090257771215216,0.131127645348859,0.1311303922188614,0.0892294611253788,0.07329026767975438,0.06013730279714794,0.04518026421661614,0.018656537287567835
0.1333230838019445,0.13332170468416293,0.13331421645263003,0.1333125633663823,0.13100306262844663,0.131003967648048,0.13122569189347655,0.13122840466812194,0.09068648343330188,0.07476365812672568,0.061407931038966565,0.046457710649076236,0.019697538464046038
0.13331736556919796,0.13331598515573162,0.13330848991066005,0.13330683527113704,0.13109995086170775,0.13110091010300157,0.13131860122361488,0.13132128152042633,0.09211475472650159,0.07625643840812879,0.06269713300014383,0.04775367450633436,0.020753867166048996
0.13331164527510134,0.1333102635653759,0.133302771735798,0.13330111554514146,0.13119205220993144,0.13119306347991186,0.1314071421551919,0.13140979136477215,0.09350812826492112,0.07776233091416061,0.06399933961258414,0.049062581547634335,0.021821145275238662
0.13330589061807946,0.13330450760420015,0.1332969982832213,0.1332953405263078,0.13128018393582033,0.1312812454078072,0.1314916482939307,0.1314942677140168,0.09487457519241724,0.07928992471237171,0.06532219923779581,0.05039208978239936,0.02290507441452071
0.1333001389392961,0.13329875462183027,0.13329124869645465,0.13328958937962998,0.13136376018959786,0.13136486973221417,0.1315716211053428,0.1315742121926119,0.09620471743841255,0.08082891746224923,0.06665682993790228,0.05173327210277103,0.02399917608597801
0.1332943566899383,0.13329297106184904,0.1332854475904456,0.1332837866996029,0.13144359311266576,0.1314447489697654,0.1316473371240372,0.1316499012792835,0.09750683407702275,0.08238865939904896,0.06801086282879634,0.05309383312562495,0.025109640184238887
0.1332885536781959,0.13328716673466878,0.13327964661463002,0.13327798414967543,0.13151955703368667,0.13152075736886387,0.13171935528974202,0.1317218937362804,0.09877801255835206,0.08396590200533878,0.06938195423127341,0.05447137422088314,0.02623426115568702
0.13328272763746574,0.13328133937317124,0.13327380163245,0.13327213758131137,0.1315918282149143,0.13159307126163755,0.13178722307010546,0.13178973719307366,0.10001906363168499,0.08556167411465483,0.07077077938435015,0.05586660202505297,0.02737320658419758
0.13327689933249695,0.1332755097468127,0.13326796485370393,0.13326629921847755,0.13166028940448982,0.13166157331753545,0.1318513703461537,0.13185386139015495,0.10122515343814249,0.08716957658248611,0.07217220373439776,0.057274324235908426,0.02852187586768592
0.1332599806064678,0.13325858718436642,0.13325102152582766,0.13324935129148954,0.13171447101284597,0.13171579778474557,0.13190109695823318,0.1319035697406637,0.10239466879199777,0.08879107733783469,0.07358740860086796,0.05869702106858718,0.029684042653702926,0.013291515943597915
0.020258668635745374,0.020258641677870618,0.020258503729274988,0.020258471463922997,0.020035200933762022,0.02003514651205636,0.0200638098044879,0.020063910919824797,0.01574264938789704,0.013750082703958473,0.011407402683302982,0.009144263316260967,0.004692198275982304,0.0022009850140157876
0.020258647944440787,0.020258620986577037,0.02025848303803773,0.020258450772698916,0.020046691561816054,0.02004664235805956,0.020074617294344736,0.020074714663700546,0.01591855086953026,0.014001667039972293,0.011630638968360005,0.009368361651669476,0.004871425232044815,0.002381438465899359
0.020258627384505037,0.020258600426652226,0.020258462478168898,0.020258430212843168,0.020057573909687498,0.020057529678006898,0.02008479957504682,0.020084893394776652,0.01608933553840547,0.014246043131234195,0.011855923908559237,0.009594511714145975,0.005052369081007874,0.002563611217659298
0.020258606950611498,0.02025857999276956,0.02025844204434185,0.020258409779029145,0.020067862519037187,0.020067823016093538,0.0200943768000496,0.02009446726253312,0.016254939942686935,0.014483120077485381,0.012083106367753392,0.009822560264996841,0.0052353138439552825,0.0027477883441484477
0.020258551609489805,0.020258524651677313,0.020258386703400254,0.020258354438122777,0.0200775601158884,0.020077525111095226,0.020103353198236498,0.02010344048543318,0.016415619924049926,0.014713276077547912,0.012312421700496148,0.010052748941769829,0.005420197685480327,0.002933912893173868,0.0021107772231297064
0.020258544190355034,0.02025851723254648,0.02025837928428963,0.020258347019016874,0.02008675118059956,0.020086720441813255,0.020111820559992517,0.0201119048525271,0.016570965732977623,0.014935885826837714,0.012543153702804967,0.010284347704722845,0.0056063895888286384,0.003121339305054879,0.0022640822911269842
0.020258521731482907,0.020258494773686308,0.020258356825490584,0.020258324560232136,0.020095418996938293,0.02009539230835567,0.020119762803515535,0.020119844269408594,0.016721473704114986,0.015151684079396169,0.012775899817431255,0.010517964519389071,0.005794428709874376,0.0033106179971361133,0.002418934847370822
0.020258499358844752,0.02025847240106005,0.020258334452925242,0.020258302187681033,0.02010360893334939,0.020103586089819415,0.020127221085500382,0.02012729988542933,0.016867192062253462,0.01536072963914167,0.013010599802232568,0.01075353765965515,0.005984249513881335,0.00350168142566096,0.0025752813594865746
0.13318977882581534,0.13318836947548848,0.13318071760579978,0.1331790282766734,0.13221406287389986,0.13221569304165,0.13235798452659356,0.1323603075654398,0.11180856833583347,0.10230755945547464,0.08707952783657825,0.07224793013319221,0.04059594720358723,0.024284931939276826,0.01796430711728277
0.13318226984635162,0.13318085879140104,0.13317319769583805,0.13317150632320854,0.1322451750707011,0.1322468301373497,0.13238455197494528,0.132386863769784,0.11266747401795407,0.10354855221789892,0.08863083342255121,0.07380553325577824,0.041876121548795664,0.025573969812692856,0.019047664456833296
0.133174731267312,0.13317331850084704,0.13316565880879547,0.1331639653873018,0.132274396002715,0.13227607488035212,0.13240885748555337,0.13241115894347674,0.11350170194937677,0.10475455306618606,0.09020341334003332,0.07538434188322592,0.04317389076280504,0.0268805579542827,0.020146560896301888
0.13317505060253487,0.13317363790857353,0.1331659786083775,0.13316428527380084,0.13230992018019677,0.13231161935384286,0.1324396677256621,0.13244195683045795,0.11432288182431272,0.10593879294974248,0.09176430388160683,0.07700164563446568,0.04449964501727514,0.028214158612840164,0.02126887804269403
0.13316750826716733,0.13316609386067496,0.1331584253048796,0.13315672991732577,0.1323362247316312,0.1323379458738607,0.13246127451955966,0.13246355452042638,0.11511838129257486,0.10709000266500043,0.09329880597403432,0.07865145103167628,0.04585038080201868,0.029573707943969532,0.02241399315751351
0.1331599320585664,0.13315851593168088,0.13315083807786243,0.13314914062790645,0.13236110396950693,0.13236284620864444,0.13248147951079955,0.13248375103495763,0.11589393940172196,0.10821297074878489,0.09480967010352542,0.0803373723014516,0.04722765255641844,0.03095979568699165,0.023582226994806676
0.13315233669038115,0.1331509188385801,0.13314323166237083,0.13314153214459204,0.1323845291688852,0.13238629162214235,0.1325002807170432,0.13250254437882075,0.11664785356401282,0.10930521649855275,0.09629301259033594,0.08205679275369221,0.04862865472932507,0.03236960188750706,0.02477117791752035
0.13314470860514696,0.1331432890208284,0.13313559248121457,0.13313389088650024,0.13240658983283699,0.13240837166757813,0.1325177696765404,0.13252002606185656,0.11738123842025726,0.11036832488441309,0.09775053303281372,0.08381325487321105,0.05005621217253442,0.03380593809517229,0.025983459660059213
0.1331257693983809,0.13312434551178276,0.13311661497020197,0.13311490821501024,0.13241596041369622,0.13241776447706,0.13252281581116696,0.1325250692365927,0.11808210069948365,0.11138999311571184,0.09916904086215059,0.0855953792384762,0.05150516062025595,0.03526503101553599,0.02721604193314965,0.01346047240503374
0.13311698981018197,0.13311556392883425,0.1331078333574877,0.1331061242139241,0.13243431932700647,0.13243614153919242,0.13253652876609173,0.1325387764563956,0.11877269089949323,0.11239271380486346,0.10056955327900403,0.08742482984765429,0.05298874359576425,0.03675750569479141,0.028478288271533113,0.01473086133544877
0.13310814399564078,0.13310671610427074,0.13309896388932307,0.13309725233322317,0.13245142194865275,0.13245326157341913,0.13254947663149436,0.13255171897299356,0.11944275427880109,0.11336621939821699,0.10194153335626914,0.08929322249106408,0.05450203379543703,0.038279689083300324,0.02976691119914894,0.01602767064377125
0.13309925487689098,0.1330978249654318,0.13309007261420733,0.13308835863936885,0.13246731923055816,0.1324691755453212,0.1325608864045629,0.13256312403703896,0.12009196800117315,0.11431000189240785,0.10328458626829874,0.09117782071512542,0.056044469848628285,0.03983101083487928,0.031081512603213318,0.017350471110904847
0.13309032541603172,0.13308889347508712,0.13308111934469694,0.13307940293398246,0.13248217936810147,0.13248405171442101,0.1325717461244495,0.1325739793666455,0.12072294979412791,0.11522779614810934,0.104606277716987,0.09303298119830246,0.05762326923835693,0.04141870499249425,0.03242846339947854,0.01870566799948223
0.13308140601184684,0.13307997204347544,0.13307219776793242,0.13307047892969426,0.13249589814806884,0.13249778580895633,0.13258114123503892,0.1325833706880904,0.1213322132525246,0.11611452357586151,0.10589758675661816,0.09484613917596707,0.05923066125227686,0.04303496467765469,0.033801076229910215,0.020086521558087798
0.133072422343727,0.1330709863330937,0.13306319017880805,0.13306146888937023,0.13250874372618524,0.13251064613845312,0.13259015731839904,0.13259238324361136,0.12192486237048934,0.11697753301335138,0.1071685853996661,0.09663148437207596,0.06088044299650573,0.044693657753601415,0.03521114561078323,0.021504901698531517
0.13306341216474973,0.13306197410559906,0.1330541777231146,0.13305245398088023,0.13252062767233128,0.1325225442269369,0.13259788516123017,0.13260010810527756,0.12249816745760435,0.11781284349280548,0.10841241529511217,0.09837935727279395,0.06256698228660401,0.04638911510630638,0.03665398527328368,0.022956070758764532
0.02025807392288903,0.020258046965330657,0.020257909018354024,0.020257876753380706,0.02017981352989087,0.02017983137112319,0.02019200792513507,0.020192060022634243,0.01873714648861443,0.018062501135277444,0.016693850493861302,0.015241256866188041,0.009789994929035125,0.007327772003858085,0.005806588105458221,0.0037218441524956986
0.02025805246305979,0.020258025505512835,0.02025788755859461,0.020257855293634944,0.020183386223789127,0.020183405455906703,0.020195085126363088,0.020195136369091045,0.018812806930928818,0.018171897525027503,0.016857666366689797,0.015470603735924942,0.010002169089567853,0.007540867012796659,0.005983905280952107,0.003900095297804231
0.02025805013409833,0.020258023176552613,0.020257885432901183,0.020257853167942864,0.020186759014332423,0.020186779554511713,0.020197965964144006,0.020198016409432272,0.018885469106240196,0.01827700166716891,0.017016476097757263,0.01569305445917927,0.010216832134887477,0.0077564508734135505,0.006163311540514605,0.004080437449241463
0.02025802915797403,0.020258002200439468,0.020257864253584685,0.020257831988639872,0.02018991210697456,0.020189933877846535,0.020200649385253726,0.02020069908453262,0.018955178444110963,0.018377890190176875,0.017170270466814817,0.015908603931501862,0.010433842007199542,0.007974384967032075,0.006344677615450368,0.004262744122966138
0.02025800823094492,0.02025798127342149,0.02025784352988396,0.02025781126495234,0.020192872555516845,0.020192895482770454,0.020203144447162587,0.02020319345028461,0.019022016645074143,0.018474667569538382,0.017319052477928133,0.016117244699772004,0.01065328313971466,0.008194751850835751,0.006528079574912539,0.004447090149282594
0.020257987422007125,0.020257960464494774,0.020257822517753606,0.020257790252835365,0.0201956481723307,0.020195672184626635,0.020205475947728396,0.020205524302083402,0.019086013462969575,0.018567372038002114,0.017462746982878478,0.016318863639045934,0.010875009504561689,0.008417404592748617,0.006713397012352157,0.004633354221234028
0.02025798250142695,0.02025795554391721,0.02025781780044962,0.020257785535534378,0.020198253231852387,0.020198278258821464,0.020207642613744418,0.02020769036603242,0.01914708503215274,0.01865587184186905,0.017601012459504375,0.016512968472014375,0.01109837982466587,0.008641697267413977,0.006900084579869634,0.00482098711003871
0.0202579622562157,0.02025793529871673,0.020257797352044055,0.02025776508714184,0.020200683200182416,0.02020070917876839,0.020209658348966434,0.020209705539760238,0.019205494670164892,0.01874055534097415,0.01773432011072082,0.016700225799440055,0.011324345238908792,0.008868589936012968,0.007088943839660897,0.005010797579472492
0.1329981801088911,0.1329967272121415,0.13298885064932037,0.13298710911991019,0.13262823709857743,0.13263024915642743,0.13267774979153665,0.13267995713804326,0.12644185360207674,0.12355367891640552,0.1172549238787896,0.11080799463550187,0.0758362986027776,0.059722864188500986,0.04778540305042232,0.03415127597939848,0.013893929733399125
0.1329903898204442,0.13298893515095173,0.13298103802581207,0.13297929436826514,0.1326269431554158,0.132628963034479,0.13267426724095926,0.13267647428438342,0.12676055160910893,0.12402271982689615,0.11802057928991729,0.11189132202926516,0.07732769734964356,0.06122106337688227,0.04906381511951432,0.035436622755462444,0.014944527937443318
0.1329825916068331,0.13298113516263146,0.13297323943065376,0.1329714936485973,0.1326253868727489,0.13262741423778407,0.13267021673226914,0.1326724238382346,0.12706595202831608,0.12447243846481561,0.11875968367052542,0.11293767492691048,0.07883993536275292,0.06274002394638363,0.05036172725294874,0.0367414326708729,0.016011879376042613
0.13297475140185275,0.13297329317322232,0.13296538779894934,0.1329636398777406,0.13262365096634585,0.13262568556020354,0.13266629241338862,0.1326684996963573,0.12735975256217277,0.12490527831269048,0.11947563233143531,0.11395175428266154,0.08037961577387606,0.06428637665273554,0.051684940481148293,0.0380715151646703,0.01710046532867727
0.13296686403804056,0.13296540401408397,0.1329574889387068,0.1329557388652826,0.13262173434356836,0.1326237759258855,0.13266227367172423,0.13266448130770053,0.12764223089234586,0.12532162923685786,0.12016841205411695,0.11493353246305445,0.08194803085291048,0.0658614231043785,0.05303451476705739,0.03942794196764918,0.018211248440037367
0.13295893781104642,0.13295747598275254,0.1329495511576579,0.13294779892121625,0.13261962883051606,0.13262167715575265,0.13265815642042855,0.13266036458360836,0.1279131808044419,0.1257211833505807,0.12083704158059247,0.11588159293144508,0.08354371265908454,0.06746368119353448,0.05440917841180011,0.04080943307485152,0.01934255573244817
0.13295099603582128,0.13294953239948498,0.13294158675401066,0.13293983234709958,0.13261730818267353,0.13261936299280097,0.1326541365723136,0.13265634535907359,0.12817197434540653,0.12610302487638883,0.12147958669645416,0.11679317309445102,0.08516132195601447,0.06908778788780831,0.055804322745894704,0.04221135710536969,0.020492082319625696
0.13294301682874,0.13294155137567393,0.13293359589996215,0.13293183931517544,0.1326147899869091,0.13261685105186238,0.13264979267856788,0.13265200232453772,0.12841946803236048,0.12646838736621024,0.12209771917164712,0.11767059585466329,0.08680550866272474,0.07073839792406254,0.057224229619546256,0.043638001890101634,0.02166247951533346
0.13293498126517175,0.1329335139823775,0.13292554860617453,0.13292378982793046,0.13261211531766384,0.13261418245591075,0.13264536319297326,0.13264757383603637,0.12865654805029375,0.12681854165673692,0.12269294213098358,0.11851594326739393,0.0884802045966011,0.07241946723268783,0.05867217140454511,0.04509265821989712,0.022856387351769494
0.13292691788650834,0.1329254487674849,0.1329174845478163,0.13291572357134607,0.13260924401147292,0.13261131701641193,0.13264060433173702,0.13264281618299192,0.1288825101605673,0.12715246709725803,0.12326322505698609,0.11932629321356103,0.09017920681268045,0.07412476404642925,0.06014274475775419,0.046569893348755526,0.024069544471417795
0.13291884338496784,0.13291737242701485,0.13290938716510958,0.13290762398112896,0.13260625093249742,0.13260832961209304,0.1326362252906396,0.13263843832671007,0.12909834920658872,0.12747157677508295,0.12381035438291287,0.12010416183639433,0.0918496747498538,0.07586207764691927,0.06164267799801517,0.04807646698759347,0.025306934296720443
0.13291077265056367,0.1329092998543728,0.1329013046461759,0.13289953925853853,0.1326031209123274,0.13260520506671733,0.13263156924083755,0.13263378365402337,0.12930397230753463,0.1277757332988252,0.12433412640227363,0.12084920156374038,0.09348338807242672,0.07762913789432865,0.06317004318347975,0.049610439049118486,0.026567075863019582
0.13290269858665923,0.13290122395130638,0.13289322992567393,0.13289146233630894,0.13259987846004823,0.13260196791794918,0.13262665148406672,0.13262886744950067,0.12949978252830974,0.12806551416648973,0.12483451887699823,0.12156137102169681,0.09508109623038004,0.07942775026578458,0.06472594374249517,0.05117292451746128,0.027853256445515576
0.13289458584472197,0.13289310936123072,0.13288510534985812,0.1328833355449734,0.13259652886669332,0.13259862347869128,0.13262190148569977,0.13262411904010035,0.12968653201441244,0.12834201203883422,0.12531428729586105,0.12224448839343888,0.09664549448935092,0.08126209545605463,0.06631497397114176,0.05276850465245931,0.02916645642905435
0.13287442618381368,0.13287294510709916,0.13286491627827593,0.1328631409671088,0.13258105166850886,0.13258315525195055,0.13260506005515524,0.132607283380984,0.12985264929234067,0.12859386608179985,0.12576164405917764,0.12288685384665456,0.098168816173759,0.08312760497337757,0.06793292692150248,0.0543942420428008,0.03050620407655003,0.013964015651800398
0.1328650866488779,0.1328636034438794,0.13285555191750706,0.13285377405193435,0.13257625378586319,0.13257836261832023,0.13259919768765396,0.1326014231261984,0.13001991081928443,0.12884235462092006,0.12619646490405909,0.12350712447794349,0.0996582426111783,0.08502796431658446,0.06958286063791148,0.056050772554917444,0.03187043125709853,0.015338357759512845
0.02025749531909922,0.020257468361848652,0.02025733061970537,0.020257298355100328,0.020215585000780887,0.020215619898088018,0.02021991423502363,0.02021995638313515,0.019851646704325408,0.01968410808904025,0.019308675778656147,0.018925793641549827,0.01542028468812731,0.013262769857563285,0.010869314953621622,0.008806440202821675,0.005073184481706072,0.002553428890651735
0.020257468642946762,0.020257441685710392,0.020257303740381503,0.020257271475793585,0.020217348595179173,0.020217383787652768,0.020221491098469505,0.020221533097906336,0.019878401714661535,0.019722671628894822,0.01937440745480621,0.019018546311243088,0.01564234007232841,0.013570785850864835,0.011131490742544329,0.009069496358648534,0.005286195642716708,0.0027678604585169267
0.020257407637674,0.020257380680470078,0.020257242938565134,0.020257210674015928,0.020218950235020752,0.020218985702148754,0.0202229026011365,0.020222944462570443,0.01990353576744757,0.019758913882353357,0.01943629567755801,0.019105918318025026,0.015857260464287013,0.013879917552596686,0.011397143574657313,0.009336035160703344,0.0055022927328532084,0.002985390421412725,0.0021257356553765214
0.020257378510907597,0.020257351553719178,0.020257213811893406,0.02025718154736274,0.02022045334961979,0.020220489071077333,0.020224224078088222,0.020224265812277358,0.019927117747158607,0.019792906403966706,0.019494393118896548,0.019187953591604683,0.016064801341612093,0.014178560966093191,0.011665881253092683,0.00960565529870087,0.005721127435983955,0.0032056597313679055,0.002306182436437072
0.02025734950211023,0.020257322544937232,0.02025718480319032,0.02025715253867813,0.020221853360281553,0.020221889318473997,0.020225448999176738,0.020225490615131528,0.01994931664599146,0.019824901407724145,0.019549102962040456,0.019265225835112042,0.016266211709344718,0.014468532018384715,0.011939251027332152,0.009879914825949972,0.005944076977121675,0.0034300582462134925,0.002490080337816884
0.020257338247501193,0.02025731129033419,0.020257173548617866,0.020257141284112833,0.0202231650651617,0.020223201242688855,0.02022659185167427,0.020226633358434144,0.019970139255307637,0.019854903245807576,0.019600413668673874,0.019337709373077716,0.016460754243725038,0.014748760720997314,0.012216292004188212,0.010157846059995104,0.00617022734496149,0.003657664024453156,0.002676674534432213
0.020257310166853528,0.02025728320970147,0.02025714546806148,0.020257113203574335,0.020224358518768956,0.0202243948990576,0.02022762333091507,0.02022766473700861,0.01998959705137762,0.019882944223511313,0.01964839183919334,0.019405508804315987,0.01664820038270142,0.01501893035612546,0.012496594935984484,0.010439041606057462,0.006399172090435696,0.0038880727500640597,0.0028656230746596863
0.020257282125206447,0.0202572551680693,0.020257117223248158,0.020257084958779002,0.020225454230422303,0.02022549079769504,0.020228567170221423,0.02022860848390427,0.02000775233997678,0.019909107465816655,0.019693154970001923,0.01946878172083456,0.016828404849613097,0.015278818737040095,0.01277975909023509,0.010723096590278968,0.006630542995798526,0.004120911708979474,0.0030566188154859003
0.13277128406149324,0.1327697794691473,0.13276162359201796,0.1327598200907589,0.13255980149940982,0.13256195745781457,0.1325722134697089,0.13257446588515007,0.13123185937693335,0.13063296657749615,0.12932611294873156,0.12796783627715413,0.11141942984938497,0.10177199803977471,0.08562841657013213,0.07215828175613874,0.044994537455701075,0.028559070718832937,0.021304624818427098
0.13276121709879637,0.13275971020991056,0.13275154192594288,0.1327497356716416,0.13254971630117884,0.13255187557868603,0.13256211446347455,0.13256437031171286,0.13131414239816144,0.13075868705525648,0.1295526236040333,0.128294934038229,0.11247872446328386,0.10331057714559906,0.0875293046722819,0.07406582304699166,0.046580070288901286,0.03015516787128757,0.022649276693820625
0.1327510749192965,0.13274956571647617,0.1327413849318274,0.13273957590363258,0.13253955543789364,0.13254171805906947,0.13255193996408712,0.1325541992711333,0.13139136075801247,0.13087686479022398,0.1297656674866842,0.12860284157021765,0.11350687249157652,0.10480486461502939,0.08947368503045607,0.07601682690366719,0.04820324776749942,0.03178894208367291,0.02402691900623543
0.13274088770243728,0.13273937617517048,0.13273117142084337,0.1327293596030377,0.13252941736203927,0.1325315842722188,0.13254194163110894,0.1325442043374154,0.13146373446666576,0.13098781301952106,0.12996590926576485,0.12889240953640635,0.11450361748713156,0.10625444694193871,0.09142151334355456,0.0780153672146632,0.04986448695112719,0.0334608056486286,0.025437822382929607
0.13273063792899764,0.13272912406277365,0.13272091808518469,0.13271910346660784,0.13251951847014165,0.13252168968173272,0.13253143772123982,0.132533703999054,0.13153183782087796,0.13109234838552725,0.13015441492690907,0.12916522858671253,0.11547340271159241,0.10766572317721092,0.09334054004249123,0.0800757007806466,0.05157307075812412,0.035180084150619045,0.026889982662492564
0.1327075795708361,0.13270606044192385,0.1326978145647972,0.13269599363430173,0.13249706842121164,0.13249924810816563,0.13250852845605465,0.13251080252467443,0.13158288319364211,0.1311777121319893,0.13031872655192347,0.12940890207749464,0.11640224131564163,0.1090241830525536,0.09521487299969397,0.08218701280959921,0.053321559047185156,0.036940909142793396,0.028378742464295982,0.014580486368597182
0.13269588802771515,0.13269436622995007,0.13268611740529168,0.13268429327857542,0.13248624875561632,0.13248843311112207,0.13249667206106916,0.13249894967416423,0.13164099937163407,0.13126799152686386,0.13048261762637647,0.12964709533187646,0.11730918606172631,0.1103464191700985,0.0970561591029323,0.08436152479120057,0.05511694914777543,0.03874724203351994,0.029907711277563618,0.01611915854580258
0.13268409549442906,0.13268257100445383,0.13267429612630235,0.1326724687690868,0.13247556522362183,0.13247775423651384,0.1324854412165829,0.13248772229088326,0.13169505772556833,0.13135222657027737,0.1306357339811173,0.12986983409647193,0.11818612100466162,0.11162582148329095,0.09885866470979146,0.08659879413632872,0.05696139557224683,0.04060269429825704,0.031480091946167764,0.01770132962648725
0.13267224522003476,0.13267071802436145,0.13266244004046962,0.13266060944287875,0.13246498929898054,0.13246718293778356,0.13247392420425777,0.13247620895804996,0.13174496607827266,0.13143030323973354,0.13077773081267233,0.13007671630722364,0.1190287865157015,0.1128561421859058,0.10061176445519159,0.08888929267721984,0.058846334334156654,0.04249868071110395,0.03308817491392195,0.019319261658058577
0.1326603263680485,0.13265879645071274,0.1326504922136053,0.13264865835019957,0.1324545406650261,0.13245673890655812,0.13246303603480916,0.13246532439314357,0.13179104251582008,0.13150268245360427,0.13090945504960014,0.13026893766108663,0.11983950139274235,0.11404069536282246,0.10232028633013393,0.09121795635242066,0.060778725887147,0.04444213020307859,0.03473875759292764,0.020979739160302747
0.13264835678584644,0.1326468241349572,0.13263850511113953,0.13263666797081766,0.13244426692904593,0.13244646974962274,0.1324521272711588,0.1324544193644433,0.13183379994290628,0.13157006903027327,0.1310321164548839,0.13044812611020598,0.12062264510193045,0.11518574542223234,0.10399745762536237,0.09350471381641043,0.06276846247111872,0.04644300232667641,0.03644000135298287,0.022690961575833363
0.1326363497492424,0.13263481435594,0.13262648049766787,0.1326246400698103,0.13243414784441707,0.13243635522131394,0.1324414045043425,0.13244370038318456,0.13187325113295428,0.13163250084416134,0.13114578117332978,0.1306144141778976,0.12137653745011869,0.11628879370932113,0.10563710440495822,0.09574124059372116,0.06481606398485218,0.048501810726956855,0.038192570238148996,0.02445359345398588
0.13262429933351916,0.13262276118758978,0.13261441243979907,0.1326125687121636,0.13242416102005464,0.13242637293122123,0.13243084644482978,0.13243314616461846,0.13190951942842175,0.13169017017856557,0.1312508217382644,0.13076833953634034,0.1221008612284725,0.11734932178865712,0.10723640315736588,0.09792376341301762,0.06692506844954813,0.05062209689679483,0.03999951707356699,0.02627068866395169
0.13261219491994986,0.13261065400949357,0.1326022903081331,0.13260044326645642,0.1324142885253344,0.13241650495874627,0.1324204260864734,0.13242272969681326,0.1319427716584288,0.13174332750121243,0.13134770042242577,0.1309105635501352,0.12279612538794271,0.11836800792300686,0.10879423874731053,0.10005080906465984,0.06909883641367155,0.052807240011226254,0.04186395201954801,0.02814536680384949
0.1326000640984961,0.13259852041640818,0.13259014172310377,0.13258829135886985,0.13240451323917235,0.13240673417414114,0.1324101280380029,0.1324124355806954,0.13197305967008313,0.13179206172397365,0.13143662743290485,0.13104139392084055,0.12346060048820602,0.11934227174404796,0.11030454273754728,0.10211412640388445,0.07133354654145413,0.05505338750491138,0.04378257907060401,0.030074308501056746
0.13258789518673617,0.1325863487240089,0.13257795499022418,0.13257610129263653,0.1323947951066721,0.13239702052678062,0.13239991049010008,0.13240222200670687,0.13200046571658777,0.13183651485126788,0.13151791020985387,0.131161285773572,0.12409369184798483,0.12027119273283567,0.11176354653675273,0.10410857973039012,0.07362846718664726,0.057359805483719134,0.04575475410673392,0.032056866820153795
0.020256713387531083,0.020256686430696513,0.020256548690678736,0.020256516426571582,0.02022890058384349,0.02022893865387231,0.020230703486105495,0.02023074410858059,0.02017432522730739,0.02015169657606783,0.02010865490813141,0.020059345469550332,0.019042839477621074,0.018495418692123188,0.017265678054553302,0.016163560096554782,0.011531161585687802,0.00904623596571536,0.0072324913981795915,0.005140243686470777
0.020256686609273804,0.020256659652453476,0.020256521709253496,0.02025648944516353,0.020230088598715532,0.020230126718237547,0.020231845171863588,0.020231885769505735,0.02018013118722662,0.02015964840114097,0.020121245895604087,0.02007679335616529,0.01912415918323326,0.018613733736913878,0.017452747868603416,0.0164184588060701,0.01181960505345555,0.009335902545560479,0.007474630430231528,0.0053835551285250655
0.02025666013165047,0.020256633174844225,0.020256495434971232,0.02025646317089798,0.02023117069660243,0.020231208862979907,0.020232869868834574,0.020232910442693486,0.020185469391023815,0.0201669515381969,0.020132749266253386,0.02009272641585784,0.019201126272570257,0.018725771256728238,0.017631811620674617,0.016662610294997694,0.012112596667488365,0.009630125240925675,0.007720609057843712,0.005630714412614944
0.02025665293981336,0.020256625983010944,0.020256488039902636,0.02025645577583409,0.020232168247931483,0.0202322064583185,0.020233816159256037,0.020233856710592666,0.02019037676565143,0.020173651980190742,0.02014323501143345,0.02010723817552042,0.019273760135335216,0.01883154326436563,0.017802611731426693,0.016895641430201263,0.01240966560093792,0.009928427229819627,0.007970045447366693,0.005881335762706931
0.020256627405250978,0.020256600448462145,0.020256462708678105,0.020256430444625693,0.02023304859401831,0.020233086845441853,0.020234636949468407,0.020234677479609005,0.020194836796717557,0.020179743179177898,0.02015273114628684,0.020120382225710637,0.019341995462321376,0.01893096523545345,0.01796477702393573,0.017117045866796715,0.012709861387352153,0.010229857311353651,0.00822213493228984,0.006134614006574649
0.020256566298223002,0.02025653934146668,0.02025640139859424,0.020256369134580877,0.02023381125757836,0.020233849547377183,0.02023534761401853,0.020235388124188285,0.020198883014674693,0.02018527568970643,0.020161324831452013,0.020132285801913983,0.01940624511683157,0.019024635731811713,0.01811900475022572,0.017327763824712145,0.013014640767357115,0.01053588309549134,0.008478111737590022,0.006391791955657544,0.0022360660502516415
0.020256537787769004,0.02025651083102784,0.020256373091487402,0.02025634082749205,0.02023452956348585,0.020234567889047716,0.02023600658955264,0.02023604708105595,0.02020260613389084,0.020190349945759266,0.02016914858052836,0.020143105795295338,0.01946663734437859,0.019112704325638857,0.018265272529818233,0.017527725465314264,0.013323344963363166,0.010845832461231657,0.008737416423087022,0.0066522995232269466,0.0024468688864266674
0.020256530798361053,0.02025650384162361,0.02025636610210217,0.020256333838111266,0.020235198849573643,0.02023523720836575,0.020236621593647388,0.02023666206777216,0.0202060204268289,0.02019499051190186,0.020176251328669154,0.020152916342581838,0.01952328563917945,0.019195335556973236,0.018403643848379635,0.017717004736187692,0.013635769230059597,0.011159501684778169,0.008999877302475647,0.00691596566423971,0.0026608794258808476
0.1325093043048814,0.1325077398766776,0.1324992607839241,0.13249738555309074,0.13236306934053463,0.1323653245589772,0.13236471068057845,0.13236704925759743,0.13218163239853736,0.13211499261289855,0.1320006240672049,0.13186205427618006,0.12803406625980351,0.12605037475317746,0.12121227912365094,0.11703899083559854,0.09121020590939029,0.07506259974827735,0.060596212945937894,0.046976098140435414,0.018824270975706523
0.13249914426824771,0.13249757751662525,0.13248908587519745,0.13248720785912885,0.1323528843422644,0.13235514292096823,0.1323545127919947,0.13235685484565815,0.1321823091264344,0.13212180030890497,0.1320193818459322,0.13189422313224966,0.12832652983886667,0.12648503401719424,0.12196901247736712,0.11808215338219333,0.09314139530154844,0.0771355374992596,0.062373167801326575,0.04876163300585176,0.020306237589594288
0.13248900559458324,0.13248743652422937,0.13247892051274263,0.132477039713816,0.13234272071903747,0.13234498265123457,0.13234456623450874,0.13234691167941637,0.13218234036297702,0.132127448019123,0.13203580868583678,0.13192289006222427,0.1286022685888258,0.12689512329479827,0.12268805084779555,0.11907395298770602,0.095021336820525,0.07925086957116997,0.06418916268818037,0.050586168288023585,0.02182316756674839
0.13247883715633435,0.13247726576024588,0.1324687490346723,0.1324668654509793,0.1323325272124195,0.13233479250825322,0.13233412989512336,0.13233647889856257,0.13218183390035995,0.13213209981740004,0.13205037226415473,0.13194865037991982,0.12886312322151394,0.12728331204459742,0.12337333643628848,0.12001979714696812,0.09685863481032919,0.08142033718046679,0.06605424306488472,0.052459800905884785,0.02338255181027948
0.13246867424565192,0.13246710052489746,0.13245857124430754,0.13245668487388776,0.13232233920211975,0.13232460786005726,0.13232392898802736,0.13232628147001432,0.13218077686166718,0.1321357601210479,0.13206294439420965,0.1319714222225248,0.12910846913535665,0.1276486858817853,0.12402220963995247,0.12091592026785392,0.09864467462819632,0.08363643928296303,0.06796199759201643,0.05437607545701048,0.024979356030949897
0.13245846341043913,0.1324568873538615,0.1324483454581281,0.13244645628760707,0.13231210310219227,0.13231437513838432,0.13231367992954418,0.13231603590678823,0.13217924556045227,0.13213855066369776,0.1320738021545351,0.1319915857224877,0.12933999439222585,0.12799369582068018,0.1246390398341826,0.1217682803625089,0.10038687443365615,0.08591069711645223,0.06992268850586288,0.05634530456392849,0.026621300575274093
0.13244824642064643,0.1324466680266432,0.13243811350724596,0.13243622153470452,0.1323018607865634,0.13230413620334153,0.13230342464661535,0.13230578412152674,0.13217722066988508,0.13214046649618896,0.13208298564071363,0.13200921926549444,0.12955710002779425,0.1283174678454645,0.12522115135807338,0.12257315433914767,0.10207643677086796,0.08823451686526779,0.07192842864452324,0.058359571098439283,0.02830097762217909
0.13243509062889197,0.13243350922484481,0.1324249265094287,0.13242303092528804,0.13228865656307165,0.13229093633845443,0.1322904354458538,0.13229279935127347,0.13217174507393728,0.13213857697044618,0.1320876287160803,0.1320215212148045,0.12975720574646063,0.12861762106701996,0.1257661447736616,0.12332832698767797,0.1037081778340777,0.09060356925497132,0.07397604420562615,0.06041597544039471,0.03001849519598067,0.013558596092356528
0.13242339461567437,0.13242181053531482,0.13241321334616868,0.1324113145537593,0.132276931353437,0.1322792149995978,0.1322786957821016,0.1322810636922136,0.13216738467218994,0.13213748123587202,0.13209240099628533,0.13203323549937862,0.12994607128820052,0.1289004510289529,0.12628091678311987,0.12404150926816118,0.10529595806145832,0.09291121677236584,0.07608276353865383,0.0625313412711387,0.031785938419484225,0.015338871170581561
0.13241164468051364,0.1324100579112529,0.13240144618047234,0.1323995441647053,0.13226515202285974,0.13226743955802467,0.1322669019296032,0.13226927386326315,0.13216270606673325,0.13213577978229696,0.13209597003709103,0.1320431065812601,0.13012328108306517,0.12916605036483028,0.12676629509612672,0.12471437062005379,0.10684300565515406,0.09516077861832745,0.0782572857013571,0.06471455733340058,0.033614449930973345,0.01718039136291626
0.13239984100466104,0.13239825153395118,0.13238962519385225,0.1323877199396866,0.13225331875467844,0.13225561019701484,0.13225505407191987,0.132257430047922,0.13215768131107886,0.1321334601814492,0.13209836470075118,0.1320512016680657,0.1302888850843194,0.12941450364846935,0.12722204948969765,0.12534656358878488,0.10834595530069284,0.09734744828153956,0.08049947777254642,0.06696548518608737,0.035507509879975724,0.01908664390309899
0.1323740241147726,0.1323724287346155,0.1323637824825969,0.1323618701477078,0.1322274377765159,0.13222973776561323,0.13222890738755602,0.13223129228578068,0.13213827246355614,0.1321164996802693,0.13208552965399187,0.13204350644531976,0.13042911170924015,0.12963219722853012,0.12763462880435353,0.12592469738005865,0.10978849229971248,0.09945398336106576,0.08279696993945086,0.06927317735673134,0.03745932555035599,0.02105357603051417,0.015564686935359152
0.1323605001762465,0.13235890170001377,0.13235022665972612,0.1323483106100803,0.1322138799035729,0.1322161843706021,0.13221556658806105,0.13221795603934192,0.13213095898860383,0.13211140350269357,0.13208423111403356,0.13204683819504218,0.13057083187354593,0.12984614547987125,0.12803099158411985,0.1264758948290377,0.1111947712024949,0.10150339501169076,0.08517537948713688,0.07166055357490395,0.039483941859013404,0.02309193294043288,0.01728521633432585
0.13234679200912355,0.1323451903943165,0.13233651047423478,0.13233459066550293,0.1322001373398948,0.1322024463463209,0.13220157236683638,0.13220396659466474,0.13212321797794177,0.13210566478566013,0.1320817369967618,0.13204850598726733,0.13070202842216358,0.13004460033099044,0.12839997962914976,0.12698942819604397,0.11255308470244163,0.10348439517128274,0.08762840961030406,0.0741225992762851,0.04158148059049759,0.025203419714106525,0.0190692294730886
0.13234114235496827,0.1323395394465426,0.13233084043850338,0.1323289190757179,0.13219461707663901,0.13219692817771314,0.13219612162456565,0.13219851771299096,0.1321232825180892,0.13210753257389907,0.13208659420664848,0.1320570917241824,0.1308310342019137,0.1302359431791619,0.12874965912225791,0.12747335466441895,0.11386623715348619,0.10539726726279953,0.09015784721374359,0.0766602504445917,0.043751449654766204,0.027386498616274374,0.02091522802525564
0.13232732200934427,0.1323257159362018,0.13231699981477388,0.13231507465825285,0.13218122463623147,0.13218354052528644,0.13218224920237273,0.13218465002644791,0.13211496441839934,0.13210083528845715,0.13208246521128283,0.13205630019833375,0.13094255137457228,0.13040531909994352,0.12906624986924412,0.1279147470781551,0.11512406819788168,0.10723459038357103,0.09265800901727198,0.07928377225075048,0.045998389501364055,0.02964774680721647,0.022829225075191133
0.02025599177902881,0.020255964822578694,0.020255826881829697,0.020255794618182832,0.020235480665516323,0.020235519145450336,0.020236684810998412,0.02023672524632043,0.020227207262627382,0.020225548239710848,0.02022406529265154,0.02022082642463828,0.020066268715528912,0.019991942206774728,0.01980933976150437,0.019650432058477475,0.017814417265015516,0.016692014828289636,0.014563839658825161,0.012558599062350451,0.007401571548930894,0.00489983082604873,0.0038009883278794046
0.020255955421598606,0.02025592846516784,0.02025579052452093,0.020255758260897216,0.020236628873415874,0.020236667384492264,0.020237756591699827,0.020237797009246904,0.020229042900276772,0.02022759815489813,0.020226440228246705,0.02022363821804671,0.02008467956177725,0.020018338887393815,0.019856032168512557,0.019714360871370098,0.017999257843230327,0.01696078485149348,0.014931356150855848,0.01299384549954608,0.007769473350493062,0.005269886815053177,0.004107155866097217
0.02025588674814256,0.020255859791748335,0.020255721851294203,0.020255689587714207,0.020237614781389603,0.020237653321804334,0.02023866780625624,0.020238708206999998,0.02023066331108035,0.020229407708921236,0.02022852330232409,0.020226104702022636,0.020101473243410994,0.02004241703089565,0.019898594446312576,0.019772649823388236,0.01817514745449137,0.01721677200826843,0.01528732845568843,0.01344369200852462,0.008149721788899349,0.005652340818032498,0.004423829069767213,0.0020581381696432627
0.020255869132353953,0.020255842175969097,0.02025570423556442,0.02025567197199566,0.020238525697884986,0.020238564265563044,0.02023950723232201,0.02023954761749502,0.020232155627545653,0.020231065911645786,0.02023040982598448,0.02022832560709808,0.020116761178819234,0.02006430468690741,0.01993719397225711,0.019825497189193898,0.018341364479035227,0.017458864772277656,0.01562946117655732,0.013906134086972801,0.008541079192631683,0.006045935243443095,0.004750072715224707,0.002386495131373567
0.020255848262356758,0.020255821305983003,0.020255683365636934,0.020255651102081447,0.0202393332391377,0.020239371832193903,0.020240246270985657,0.02024028664170751,0.02023349833191316,0.020232554362587706,0.020232087912760734,0.020230295783981934,0.020130686382533264,0.020084225960817898,0.019972249500242616,0.019873489946446624,0.018499270682493973,0.017689042912765247,0.01596156603504931,0.014359381492759095,0.008947164092899923,0.006454315426943274,0.005088902927547725,0.0027275005504634755
0.020255807658877533,0.020255780702525383,0.02025564276229331,0.020255610498763687,0.020240033516235635,0.020240072132804564,0.020240881422438534,0.020240921779811398,0.020234689404987828,0.020233873136555433,0.020233562952401765,0.020232025273534873,0.020143317365003913,0.02010228738210782,0.020003964203729286,0.01991691081598441,0.01864872284134952,0.01790708156679977,0.016282846999904496,0.014798115442675083,0.009368015263806352,0.006877520076132264,0.005440385182760825,0.0030812212529934342
0.020255813075765405,0.02025578611941037,0.020255648179163074,0.020255615915630003,0.020240701634004314,0.020240740272289205,0.020241488155433113,0.020241528500602488,0.020235805447783906,0.02023510067434272,0.02023491813143159,0.020233601341742773,0.020154790880071542,0.020118658671378797,0.020032595502876744,0.019956087635401385,0.018789513696672335,0.018112624148487345,0.01659175513322292,0.015220217854135529,0.009803067174603828,0.0073149706782720016,0.005804056933387155,0.0034471833673505752
0.020255773461837163,0.0202557465055032,0.020255608565367123,0.020255576301859278,0.020241259321127615,0.020241297979397024,0.02024198811100627,0.02024202844498105,0.020236772673038247,0.020236165122092448,0.02023608575460402,0.020234960466760404,0.020165131031616972,0.02013341264160383,0.020058341221186226,0.01999132233513326,0.01892213284709617,0.018306400369480003,0.016889029332040797,0.015626723596495088,0.010254689759536384,0.007769059746846276,0.006181980353455706,0.0038274712525517987
0.13221780648829934,0.13221617532612795,0.13220732354293055,0.1322053683107584,0.13211476436113764,0.13211711941211332,0.13211170962489815,0.13211414844595695,0.13207996727189844,0.132074684779107,0.13206816673476154,0.13205983831156812,0.13165692311990515,0.13147758079458471,0.13104115260779903,0.13066127044960352,0.12429037631626891,0.12064631390511195,0.11206035237904795,0.1045065984182876,0.06996927174545621,0.0537669038826062,0.042895486418895325,0.027548749990363854
0.13220216064456455,0.132200525896518,0.13219165472497474,0.1321896951942203,0.13209907200684118,0.13210143224805326,0.13209599844415357,0.13209844263493747,0.13206423009136548,0.13205894875936708,0.13205243380112314,0.1320449200049398,0.1316875867838503,0.1315303066117648,0.13114807312656382,0.13081542606577654,0.12501012322837737,0.12170990062577597,0.11379067724538505,0.10688623092612405,0.0731515712797994,0.05696650518858939,0.04562956307276711,0.030299821260762496
0.13218636049215451,0.13218472212248786,0.1321758437397404,0.13217387987095125,0.13208322477248247,0.1320855902557031,0.13207989201586323,0.13208234171203245,0.13204833747490477,0.13204309531392194,0.1320368659895598,0.1320301037712832,0.13171409601131084,0.13157672571740697,0.13124320250536936,0.1309531046239081,0.1256847444084878,0.12270774180968907,0.11543998346879501,0.10915631309422,0.07646746896549414,0.06029997578457719,0.04848323135733279,0.033170832162001423
0.13217032356513012,0.132168681519187,0.13215978328771194,0.13215781501198462,0.13206713993032387,0.13206951073470263,0.1320637873331602,0.13206624253469149,0.13203229648440237,0.13202749276836567,0.13202157166037182,0.13201547616885512,0.131736866023665,0.1316174715001293,0.131327608461573,0.13107584443331094,0.12631741194377555,0.12364439704760463,0.11701365673463741,0.11132412792623873,0.07993741830480161,0.06378783960886605,0.05147420968904113,0.0361795698778133
0.13217579773059804,0.13217415693958606,0.13216526548362137,0.13216329871224278,0.1320725897279577,0.13207495872938277,0.1320692438532686,0.13207169718943282,0.1320382895894168,0.1320338926317888,0.13202824925267648,0.13202274179897433,0.131777831050338,0.13167455793796196,0.13142364509007334,0.13120618537368184,0.12692826116905773,0.12453911663747219,0.11852381618933046,0.11339801883917068,0.08358065116541757,0.06744666862011509,0.054617679671831044,0.03933870967003579
0.13215955655696618,0.13215791204259858,0.1321490004839419,0.1321470292491913,0.13205629934319624,0.13205867373414903,0.13205293337330598,0.13205539228556668,0.1320229581654904,0.13201890591393622,0.13201346036736553,0.13200845381348802,0.13179384793305743,0.13170500087250056,0.13148865487679126,0.1313018088470895,0.1274752082838884,0.12535036555562407,0.11992673555998053,0.11533402041475735,0.08737178584988532,0.07125635784297468,0.05789769689061481,0.04263731426364738
0.1321430132630915,0.13214136495570675,0.13213242047346752,0.13213044468842566,0.13203970587331074,0.13204208575463866,0.13203656107382164,0.1320390255838908,0.13200770099144565,0.13200395083122396,0.13199872153430567,0.13199414628489986,0.13180659325126687,0.1317305800105299,0.13154469173835076,0.13138500544161563,0.12797942723221584,0.12609908045126184,0.12123795455370288,0.11714522339232648,0.09133243252675607,0.07523590991927827,0.06133033789935867,0.0460889946469544
0.13212620766858021,0.13212455550763155,0.13211560266553435,0.13211362226445478,0.1320228491365611,0.1320252345959584,0.13201944189853837,0.13202191226238882,0.1319926761930212,0.13198918922062478,0.13198399509412825,0.13197979130166823,0.13181674173942098,0.13175219517629397,0.13159339368180695,0.13145789726489662,0.12844779719316116,0.12679517946152974,0.12247401572130684,0.11885408765523492,0.0952275530119468,0.07945690741143605,0.06497963803965974,0.04975799425302466
0.13211774182707198,0.13211608772473127,0.13210712440140154,0.1321051416730832,0.13201451443014559,0.13201690283534467,0.13201092334708125,0.1320133966240202,0.1319864341635571,0.13198317592354464,0.13197804637861787,0.13197416310548266,0.1318330065869459,0.13177863062189293,0.1316435951185725,0.1315294858284452,0.12888796191881052,0.1274457915664346,0.1236367319419454,0.12045968472501295,0.09897548056112826,0.08393772239782792,0.06886117769921707,0.05365891554840428
0.1321005073590283,0.13209884930415558,0.1320898521233548,0.13208786465351346,0.13199800888440402,0.13200040315541406,0.13199417020089718,0.1319966492297545,0.13197181406416383,0.1319687495025378,0.13196370055218368,0.13196008800485612,0.13183845041186532,0.13179306891171044,0.13167876301047085,0.1315835003888518,0.12928425883799846,0.12803590154918493,0.12470921378354191,0.12194503730370308,0.10255936092264133,0.0887010255124489,0.07299950387147146,0.057818365080914674
0.13208298748608682,0.13208132541280057,0.1320723190566999,0.13207032677323757,0.13198179130013266,0.13198419154386848,0.13197724867065108,0.13197973374601352,0.13195730367054395,0.1319544039295155,0.13194926432384532,0.13194588099878413,0.13184177164457858,0.13180429926507162,0.13170813584801394,0.13162938495187232,0.12964595279165028,0.12857506396543403,0.12569976842101074,0.12331812412222173,0.10597606855840917,0.09370995687787498,0.07742878217068162,0.062269598761157514
0.1320653225092685,0.13206365638385922,0.1320546155724747,0.13205261842809432,0.13196611224239505,0.13196851852398736,0.13196138718799605,0.13196387822987546,0.13194320056547434,0.13194044127815643,0.1319353034740274,0.1319321144899395,0.13184362420060264,0.1318131247687291,0.13173264069222276,0.13166838871346512,0.12997799961655743,0.12907034058302394,0.1266175847425475,0.12459133039032186,0.10926459089289146,0.09853504850029067,0.0822596376014804,0.06712354425966538
0.13204753089149532,0.13204586068448437,0.13203679780792638,0.13203479577073954,0.1319509099986812,0.1319533223761708,0.13194578668931906,0.1319482838572376,0.13192945937629558,0.13192681857138674,0.1319215800242365,0.13191855410763165,0.13184405777059333,0.13181964666595636,0.13175272109150823,0.13170107671535666,0.13027946481797298,0.12952033838545526,0.12745802584051058,0.12575805707572624,0.11239465220523588,0.10313266436107668,0.08753245111790076,0.07242051854780923
0.13202945937223493,0.132027785018976,0.1320187123699745,0.1320167053659626,0.13193597453278572,0.13193839311469183,0.13193022926020512,0.13193273276317413,0.13191588554642977,0.13191334358131074,0.13190790510177053,0.13190501450909217,0.13184299292371063,0.13182384612394435,0.1317685347781538,0.13172774589872208,0.13055000732237843,0.12992461475455763,0.12821818437485644,0.12681417825564573,0.11534295997014557,0.10746895497649056,0.09331096675833785,0.07822460085103523
0.1320112188058528,0.13200954026712483,0.13200043235049536,0.13199842032570194,0.1319216649910662,0.13192408986233914,0.13191579353023328,0.1319183032928639,0.13190289553036416,0.13190043622587835,0.13189489395225928,0.1318921159256111,0.13184117562313039,0.13182659948640596,0.1317810826982902,0.1317496758316781,0.13079490141293745,0.13029065365989648,0.12891010620107732,0.12777601106716618,0.11814790510146511,0.11160012554076497,0.09907812588666448,0.08479965755551519
0.13200327839085355,0.1320015980299879,0.13199248026336768,0.13199046605429693,0.13191845314221118,0.13192088091647003,0.13191222381867398,0.13191473642403043,0.1319009817832147,0.1318985936813667,0.1318928572594567,0.13189017485863952,0.13184918307697327,0.1318385205384861,0.13180130377319824,0.13177789561017328,0.13102390328602792,0.13062783702991954,0.12954072931479757,0.12864895452346126,0.12078733066754596,0.11548826557231107,0.10470514421046816,0.09231731512557735
0.020255147811323097,0.020255120855321967,0.020254983120191247,0.02025495085708164,0.02024408998408554,0.02024412879190539,0.020244312767994294,0.020244353019197314,0.020242745543155284,0.020242676145672166,0.020242832185171946,0.02024274890908327,0.02023689458077171,0.02023529068474538,0.020231981144261613,0.02022872821772971,0.020128012227662518,0.020075760338170864,0.019933053383749556,0.01981521163539634,0.01872190399921529,0.017994212105243095,0.01646864550857502,0.014744358802893263
0.02025509506710499,0.02025506811113192,0.020254930172900483,0.02025489790982459,0.02024457895155601,0.020244617764358906,0.020244795043034683,0.020244835293886827,0.020243281348439793,0.020243218371108027,0.0202433785984718,0.020243304002253836,0.020238112271027585,0.020236791596974252,0.020234106928769497,0.02023143472615028,0.020144513331534494,0.0200998458574327,0.01997817820669273,0.019877510716856443,0.018891193786343775,0.018243632847762203,0.016840293369570113,0.01528253985903107,0.002301937052935244
0.020255069224791918,0.0202550422688326,0.020254904533922195,0.020254872270862617,0.02024503534564292,0.02024507416378994,0.020245234321835313,0.02024527457174456,0.020243789990584033,0.02024373232624476,0.02024388985547218,0.020243822387951086,0.020239222109359738,0.020238141756967046,0.02023597857515303,0.020233796778961612,0.02015917184871902,0.02012120337230444,0.02001811660871992,0.019932630924945405,0.01904846735068424,0.018475532996414454,0.01719446774631563,0.015795868679264916,0.0029253631358393075
0.02025508683435021,0.020255059878381526,0.020254922143421738,0.020254889880350943,0.020245483479236683,0.02024552230288785,0.020245667627096554,0.020245707875704174,0.020244294463829127,0.020244241173712155,0.020244393395073605,0.02024433175084078,0.02024025662864249,0.0202393791339399,0.020237645810446184,0.020235875973549082,0.020172167740879612,0.02014008931671248,0.02005331188563847,0.0199811752941296,0.019194110924257487,0.018690431545966,0.017530834782813698,0.016283837487712737,0.003581120541835517
0.02025506351576558,0.020255036559809304,0.020254898621666448,0.020254866358610644,0.020245842976541476,0.020245881805592367,0.020246015529075703,0.02024605577612668,0.02024471190788686,0.020244662194535835,0.020244807675987478,0.02024475075579781,0.020241138191125458,0.02024043056897827,0.020239048165964224,0.02023762167401997,0.020183513932178977,0.020156567329488572,0.020083967858682616,0.020023458538189973,0.019327502552122684,0.018887413523894923,0.01784635058272115,0.016742052976903603,0.004267856902895565
0.02025500205576256,0.02025497509983898,0.020254837161868676,0.020254804898852,0.020246124778540483,0.020246163612809058,0.0202462816051583,0.020246321850502836,0.020245051114413142,0.02024500431169848,0.02024514024453245,0.020245087137304954,0.020241881698102485,0.020241315468991078,0.020240218909042394,0.02023907685600587,0.020193349269382772,0.0201708425946026,0.020110473723195108,0.020060017060623936,0.019448661239227692,0.019066468106661055,0.018139274552942952,0.017167936253518954,0.004984918440472608,0.0025979157030100227
0.020254960296639937,0.02025493334073856,0.02025479560613354,0.02025476334314333,0.02024639418458328,0.020246433023879642,0.020246531501640543,0.020246571745257364,0.020245376827066945,0.02024533238388418,0.02024545655889214,0.02024540651631321,0.02024255943428798,0.020242110299904234,0.020241245239187432,0.02024033764103739,0.020201886562547657,0.020183200678139005,0.020133319809570498,0.02009150506720941,0.019558151802038595,0.01922836522200162,0.018409699325977538,0.01756152705129616,0.00573472085104536,0.0033518025977146326,0.00226019011560855
0.1319176845366473,0.13191598452898606,0.1319067733976692,0.13190473564068664,0.1318505696998185,0.13185302679488986,0.13184333208642512,0.1318458747819773,0.13183523576456127,0.13183299829312178,0.13182682554435762,0.1318243491258516,0.13180691773222417,0.13180649261161645,0.13179091259444936,0.13178830261536278,0.1315783698091588,0.13147617274312737,0.13120165536742603,0.13097530024678478,0.12796524593804592,0.12612462151035608,0.12144426037364354,0.1166554609846999,0.04238298652410605,0.026897116768610754,0.01900219593572972
0.13190099704726915,0.131899293208207,0.1318900485319628,0.1318880061786014,0.1318338233836751,0.13183628602878827,0.13182681540907235,0.1318293637610663,0.13181843448480818,0.13181619207445947,0.13181007005971976,0.13180758820645405,0.1317900550375676,0.13178963497517598,0.13177396485455828,0.1317718076558125,0.13159559611448246,0.13151073266827917,0.1312833418795759,0.13109607740769957,0.1284991206227223,0.1269256329098178,0.12285820948916235,0.11872895568077321,0.04766371390032688,0.0322045970378387,0.023597044528571524
0.13187190155481374,0.1318701910347326,0.1318609231620727,0.13185887280346673,0.1318046271946937,0.13180709951708244,0.1317973340844487,0.13179989253402175,0.13178914433756028,0.1317868933160855,0.1317806728271247,0.13177818143757775,0.13176065968676706,0.13176024844288345,0.13174461142474284,0.13174331447326643,0.13159584045965608,0.13152575620788087,0.13133842055571412,0.1311844407880762,0.1289594898467136,0.12762364650302085,0.1241210326649858,0.12058886124812117,0.05315240457668302,0.037721994629429004,0.02838310041639013,0.01375755034011496
0.13185997393130852,0.13185826067208073,0.1318489780151755,0.13184692437305798,0.13179263874121527,0.13179511503766114,0.1317853311477547,0.13178789370884092,0.13177709776624952,0.13177484320279934,0.13176861023503536,0.1317661149320666,0.1317485503139774,0.13174814270320495,0.131732983517175,0.13173242341484298,0.13160945853511513,0.13155188998305795,0.13139831925829032,0.13127247509710765,0.12937931074061917,0.12825298210465155,0.12526314295838364,0.12226535660955493,0.058863533418196196,0.04346022977808015,0.03337016569015487,0.01876801242397255
0.1318385241429688,0.13183680595745398,0.13182748373916206,0.1318254241881685,0.13177111303068756,0.13177359646327505,0.13176403140593065,0.13176660126365913,0.131755501098109,0.13175324018422108,0.13174705355537944,0.13174455125830267,0.1317268743878881,0.13172657246295424,0.13171211358007168,0.1317121652937064,0.13161000134913486,0.13156295636887344,0.13143761632011636,0.13133538716415324,0.1297359429882214,0.12879304253492496,0.12626312218334093,0.12373922891846055,0.06479184147549132,0.04941719400112224,0.03855913264683394,0.023981834386108628
0.13181675229629652,0.1318150291100117,0.13180569287443117,0.13180362733241352,0.13174926387394761,0.13175175455064797,0.1317419038741194,0.13174448131283667,0.1317335796680667,0.1317313123075895,0.13172503425598917,0.1317225248139854,0.13170492627780012,0.13170511759038633,0.1316913627003588,0.1316919130890512,0.1316071166667861,0.13156885292143047,0.13146698082803757,0.13138441620359068,0.13004258005989652,0.12925889019340195,0.12713709111571478,0.1250294148684791,0.07094032918028384,0.05559476244026314,0.043951636771224364,0.029399592278223148
0.13180414738177643,0.13180242130003736,0.13179306943746116,0.13179100042456876,0.13173659484653374,0.13173908972400097,0.13172921953821015,0.13173180132298432,0.13172084939353157,0.13171857828907535,0.1317122870479421,0.13170977346933685,0.13169256964728038,0.13169317779197068,0.13167993468175118,0.13168088122348,0.13161056857738332,0.13157954682908374,0.13149690943751904,0.1314305245352889,0.13031147367002505,0.12966411194539698,0.12789792784938556,0.12615008669109234,0.07728030659562414,0.06196302589436508,0.049519590221520575,0.034992012208154406
0.13178199646054223,0.13178026529014464,0.13177088596416847,0.13176881085133957,0.13171436442661852,0.1317168666757824,0.13170696225477405,0.13170955166620177,0.13169854459775848,0.13169626693293499,0.131689952581039,0.13168743175410103,0.1316709675706555,0.13167192027165758,0.13165905575826806,0.13166032072727663,0.13160201899051183,0.13157694193620686,0.13150999658373438,0.13145686490876915,0.13052965130266,0.12999855411084046,0.12854003192714386,0.12710155887690308,0.08382027366986018,0.06853265864032508,0.05527705105953798,0.04077524528107564
0.131759581373768,0.1317578450535072,0.1317484248247766,0.1317463435350435,0.1316918686419715,0.13169437835157194,0.13168469392516155,0.1316872909677786,0.13167597329927352,0.1316736889950408,0.13166742069503415,0.13166489255497763,0.13164930872561942,0.13165053464880924,0.1316378866209001,0.13163940362174825,0.13159102388336044,0.13157077533659542,0.13151647591437576,0.13147408355666462,0.13070998025453492,0.13027683324601128,0.12908031050451504,0.1279041092801424,0.09053332456186966,0.0752755765414144,0.061197203891618625,0.04672135020540641
0.131746058539126,0.13174431911174822,0.13173488209120554,0.1317327970768722,0.13167827804867888,0.13168079226577978,0.13167108736391295,0.13167368906975882,0.13166231802349335,0.13166002970220952,0.13165374737687255,0.13165121479855754,0.13163686761730883,0.1316383085561358,0.13162587549800822,0.131627589531731,0.13158735247552078,0.1315710320911129,0.131526965521506,0.1314932847631972,0.1308682246353839,0.13051779082747178,0.12954459890798325,0.12859107477962498,0.09708148184595419,0.08228006007328179,0.06735947381892135,0.05290886910253321
0.13172296999738028,0.13172122526456914,0.1317117595723828,0.13170966819826213,0.13165510639678638,0.1316576282996776,0.1316478884854488,0.1316504981426139,0.1316391813499636,0.1316368968328677,0.13163047240707684,0.13162794015981372,0.13161527951877405,0.13161689460809162,0.13160459290181692,0.13160646656158645,0.13157306324659132,0.13155995342564664,0.13152417196187846,0.13149759292948374,0.13099217793152423,0.13071217188968712,0.1299302883382312,0.1291670898210064,0.10292448198017572,0.08969413635119912,0.07390614292410505,0.05948245884434767
0.13170975039638197,0.13170800262565074,0.13169852051623618,0.13169642550046912,0.13164192031548477,0.1316444466708663,0.13163458477674148,0.1316371989940439,0.1316266235448731,0.1316243448230324,0.13161776842402018,0.131615245148659,0.13160406249560835,0.13160581352881065,0.1315936026943408,0.13159560025046513,0.1315679388235759,0.1315574387544516,0.13152832803032685,0.13150750174422327,0.13110433087246023,0.1308838620777125,0.1302643995478198,0.12966254595431342,0.10812353625877717,0.09726738210179504,0.08092066345324171,0.06652347846337271
0.13168691077133401,0.13168515775156614,0.13167566051212198,0.13167355920782234,0.13162004183429804,0.13162257587622198,0.1316122171626892,0.1316148393308625,0.13160531167481443,0.13160303391413847,0.1315962320096598,0.13159371183015187,0.13158391063055758,0.1315857729721418,0.13157364861797535,0.13157574786645548,0.13155297679333866,0.13154460699834208,0.13152088478207474,0.1315047407559884,0.13118986490968992,0.1310201796471328,0.13053952027897306,0.1300755156297223,0.11279680986762217,0.10408697422124309,0.08864692525945297,0.0742783268452844
0.13166380568588354,0.13166204735557224,0.13165250818286844,0.13165040050902985,0.13159876379942848,0.13160130564773875,0.13159098016432838,0.13159361023831906,0.13158453960600316,0.13158226099988132,0.13157537769667685,0.1315728580753949,0.13156417317333638,0.13156612414520924,0.13155391171126105,0.13155609195688348,0.13153765644267992,0.13153100144563082,0.13151151264610758,0.13149912513320428,0.1312593948672502,0.13113234684852684,0.13076827652423537,0.13042011055921982,0.11693432807799431,0.11013443998715779,0.09706449697385394,0.0829002993444501
0.1316569553613046,0.13165519545639928,0.13164564777492432,0.13164353821357733,0.13159491726785352,0.13159746156565577,0.1315869416963413,0.13158957422463485,0.13158120934013592,0.1315789334133256,0.13157190711660627,0.1315693914682799,0.1315618694156238,0.13156388686554887,0.1315516320632832,0.13155387224862858,0.13153925765479724,0.1315339910384052,0.13151787936962311,0.13150851781977677,0.13133319031674306,0.13124211198052574,0.1309763140536314,0.13072587725938453,0.1206448293477858,0.11555960528221622,0.10498693908611476,0.0929575771400167
0.1316448610755851,0.13164309839062172,0.13163353568645228,0.13163142279257437,0.1315874042838512,0.13158995283893654,0.1315792187186109,0.1315818555659695,0.13157424289864705,0.13157196715713573,0.13156477298640237,0.13156225818865766,0.13155595915328863,0.13155803089041596,0.13154567620817859,0.13154796555287385,0.13153690975454985,0.13153276224861524,0.13151928840338334,0.1315123569609055,0.1313924538426209,0.1313317305045525,0.1311486183387399,0.13098059063366885,0.12395984796969142,0.12041648777530421,0.11249917287873917,0.10384321791955961
0.02025422519730034,0.02025419824179004,0.02025406050924589,0.020254028246723736,0.020248697492061138,0.020248736384857996,0.020248650403055745,0.020248690627326694,0.02024833521029108,0.020248299804594375,0.020248259705668806,0.02024822064040447,0.020247733472386495,0.020247757925966114,0.020247632420190464,0.02024766093512294,0.02024663954147364,0.02024641519448413,0.02024588798169578,0.02024543682733433,0.020234254672660164,0.020228539306053023,0.020212839211010636,0.020197318037790384,0.01953888676692156,0.01920674803879454,0.018419726077576623,0.017584778854489985
0.02025418909789516,0.020254162142404067,0.02025402440996113,0.02025399214746196,0.020250631194972793,0.0202506701038708,0.02025054619555048,0.020250586420865888,0.0202503822057201,0.02025034722005097,0.02025027493348302,0.02025023634641234,0.020249976290751922,0.020250005319355023,0.020249853472895218,0.020249886048007697,0.020249362358812466,0.02024924232713471,0.020248937943903544,0.02024871097733229,0.02024338830565789,0.02024072051998525,0.02023325783991786,0.020225988546772725,0.019910276173351567,0.01975097900253666,0.019355816821025062,0.018946047473995663
0.020254219227517516,0.02025419227201039,0.020254054336237913,0.0202540220737197,0.0202523384888577,0.020252377411418252,0.020252226749734707,0.020252266976117452,0.02025218043666448,0.02025214573007881,0.02025204840078859,0.020252010114334314,0.020251927224259055,0.020251958976560513,0.020251783459015734,0.02025181845039143,0.020251652020319935,0.02025159397532587,0.020251413961404223,0.02025131975148142,0.02024965768410105,0.02024884685635106,0.02024638627567149,0.02024413953776237,0.02014461650279518,0.02009436554232446,0.01996734800464611,0.01983685542291394
0.02025425028140969,0.02025422332588605,0.020254085390026363,0.020254053127488392,0.020253336119921254,0.020253375049493982,0.020253211057207825,0.020253251284903444,0.020253216721013757,0.020253182125341704,0.02025307361120453,0.020253035440129994,0.02025302744072858,0.02025306019672964,0.020252874885974905,0.020252910768760304,0.020252887241053404,0.02025285179536132,0.02025271580505429,0.02025266992170866,0.020252371011726295,0.02025224299334927,0.02025161999831284,0.02025121958006285,0.02023214816576353,0.020222476365599474,0.020197922823054798,0.020172797384012973
0.020254290534807404,0.020254263579262348,0.02025412564328967,0.020254093380726042,0.02025374263354763,0.020253781565352798,0.02025361451583741,0.020253654744401453,0.020253631792664328,0.02025359722121617,0.02025348619526869,0.020253448048759913,0.020253456584019815,0.020253489549892072,0.020253302057276937,0.020253338126818763,0.02025334538792934,0.020253314597267626,0.020253187558432154,0.020253151622753544,0.020253135492700768,0.02025314832424813,0.020252904392479003,0.020252884836091563,0.02025045275908151,0.020249173200812254,0.02024592618131237,0.020242653797351903
0.02025432466923615,0.020254297713672938,0.020254159777604443,0.020254127515019073,0.02025390024541893,0.020253939177853928,0.020253771671402823,0.020253811900383976,0.020253790605130644,0.02025375603702195,0.020253644648442436,0.02025360650519579,0.02025361736906022,0.020253650363684907,0.02025346256153004,0.02025349865676574,0.02025351016293376,0.020253479992047064,0.020253354137165933,0.02025331952510107,0.02025334118289235,0.020253372761024995,0.02025317929304284,0.020253210428237176,0.02025299419934032,0.020252832166644277,0.02025242523027895,0.020252064311401113
0.02025442229723566,0.02025439534162051,0.020254257405277906,0.020254225142630384,0.020254048012381516,0.0202540869451042,0.02025391937872524,0.020253959607967883,0.020253938503913053,0.020253903936062558,0.020253792503709955,0.020253754360667,0.020253765486273972,0.020253798484146927,0.020253610646058885,0.020253646744250016,0.02025365870845377,0.020253628600023818,0.02025350286342403,0.020253468384611308,0.020253493875815792,0.020253527341799277,0.02025333895810422,0.020253375197452194,0.02025338212587777,0.0202533326281179,0.02025321178919307,0.020253144097157103
0.020254472538632995,0.020254445582991117,0.02025430764650746,0.020254275383827944,0.02025412466862824,0.02025416360149562,0.020253996024429947,0.020254036253813605,0.02025401517671774,0.020253980608833735,0.020253869170040024,0.020253831026936016,0.020253842186122497,0.020253875184441338,0.020253687341585797,0.02025372344020621,0.02025373545540296,0.020253705352252967,0.020253579625578604,0.02025354515799538,0.020253570983654053,0.020253604609141176,0.020253416656072876,0.020253453326282388,0.02025347909287149,0.020253439091369212,0.020253342404357715,0.020253299458301975
0.13174630615802696,0.1317445667875451,0.13173513007448112,0.13173304512835035,0.13172989605425175,0.13173241268192637,0.13172104309173702,0.1317236465530537,0.13171910075838197,0.1317168624042642,0.13170910997098084,0.1317066368161855,0.1317049171299545,0.13170705725045725,0.1316943338716209,0.13169667829466739,0.1316957574979939,0.13169380231783256,0.13168509778572113,0.13168285598033763,0.13168357968074773,0.13168576742873273,0.13167300405817275,0.1316753945128977,0.13167695753938535,0.13167440218988122,0.13166769488785074,0.1316650237159438
0.1317691382244162,0.1317674040999025,0.13175799573780628,0.13175591708018639,0.1317527733159952,0.13175528235335449,0.13174394694421368,0.13174654255305904,0.13174200979750017,0.13173977819455582,0.13173204903257227,0.13172958333742515,0.1317278683217731,0.13173000198723134,0.13171731687354327,0.1317196542250507,0.13171873584565527,0.13171678656286875,0.1317081081742986,0.13170587313110196,0.13170659444531008,0.13170877559421654,0.13169605061070278,0.13169843385460725,0.13169999211873795,0.13169744447626347,0.1316907572910844,0.1316880941741168
0.13178273700611137,0.13178100600584428,0.1317716145285389,0.13176953961605672,0.13176639901651932,0.13176890353344747,0.1317575884812353,0.13176017941351922,0.13175565442533888,0.1317534268430767,0.1317457115407076,0.13174325028817996,0.13174153805556701,0.13174366787670008,0.1317310055522843,0.13173333869230808,0.13173242175354924,0.13173047598296872,0.1317218131646139,0.13171958214866808,0.131720302042337,0.13172247926113234,0.13170977713952461,0.13171215608898934,0.13171371151700279,0.13171116846448805,0.13170449326032058,0.13170183494051418
0.13181351660135218,0.13181179267181628,0.1318024394087102,0.13180037297215452,0.13179723954122008,0.13179973382758706,0.13178846484770504,0.13179104519606902,0.1317865377921327,0.13178431930941992,0.13177663537480966,0.13177418417676148,0.13177247824671426,0.13177459936741726,0.13176198862030078,0.13176431222893836,0.13176339855341918,0.13176146073162795,0.1317528331525215,0.1317506112510188,0.1317513279313172,0.13175349625551602,0.13174084587569146,0.13174321510600628,0.13174476411569083,0.13174223145114294,0.13173558336321767,0.131732935900325
0.1318195342029389,0.13181781165565679,0.13180846586316977,0.13180640108357047,0.13180326905506168,0.1318057613414586,0.1317945013683882,0.1317970796477031,0.13179257568215536,0.13179035897831268,0.13178268117592667,0.1317802319434294,0.13177852724612202,0.13178064666597697,0.13176804600185793,0.1317703677472026,0.13176945471006749,0.13176751844218748,0.13175889775215666,0.13175667763243964,0.13175739368480952,0.13175956027020028,0.13174692000554328,0.13174928733585625,0.13175083509087518,0.13174830445707672,0.13174166167026377,0.13173901632979634
0.13183991378190765,0.13183819591556006,0.13182887542229932,0.13182681625390283,0.1318236889771699,0.1318261744907633,0.1318149450191812,0.1318175162917561,0.13181302397221586,0.13181081329243824,0.13180315625690334,0.13180071368065943,0.13179901315955905,0.13180112681956416,0.13178856030143854,0.13179087573681694,0.13178996486265365,0.13178803385703,0.13177943649692322,0.1317772224111563,0.13177793633769733,0.13178009703468063,0.13176749102500426,0.13176985192103105,0.1317713954273108,0.1317688716705685,0.13176224683612706,0.13175960868317643
0.13188089431867178,0.13187918586364647,0.13186991623774258,0.13186786835104733,0.13186475063986525,0.1318672225362742,0.13185605439164405,0.13185861157667522,0.1318541426818733,0.13185194411391082,0.13184432883324576,0.1318418996398926,0.13184020752275835,0.13184230960215504,0.13182981173875127,0.1318321144874561,0.13183120796726414,0.1318292875418156,0.13182073708996836,0.13181853513594005,0.13181924479123708,0.13182139364910783,0.1318088565134632,0.1318112044728282,0.13181273943731636,0.13181022950746046,0.13180364076937015,0.13180101706752653
0.13191982907041222,0.13191812955510482,0.13190890824957976,0.13190687107927415,0.13190376246890037,0.13190622143045658,0.13189511154180505,0.13189765534517664,0.13189320871326768,0.1318910216502444,0.131883446034281,0.13188102955327238,0.13187934542817564,0.13188143650720072,0.13186900386066075,0.13187129455833002,0.13187039218033875,0.13186848180497168,0.13185997591318713,0.13185778548308416,0.13185849108472467,0.13186062869663473,0.13184815698640545,0.13185049265723098,0.13185201950867043,0.1318495227129757,0.13184296826484102,0.13184035829012464
0.13194350468136604,0.13194181060128288,0.13193261867482986,0.13193058801994811,0.13192748840936233,0.13192993950683243,0.131918865016644,0.1319214006842551,0.13191696765000663,0.13191478758194747,0.13190723607284932,0.13190482732084752,0.13190314811694565,0.13190523250830236,0.131892839509308,0.13189512288051125,0.13189422308392873,0.13189231881936986,0.13188384002331127,0.1318816566001606,0.1318823597960273,0.13188449057424423,0.1318720586622989,0.13187438687069822,0.13187590919950667,0.13187342058418422,0.13186688752688688,0.13186428645563342
0.13197019196896825,0.13196850401468257,0.13195934520093033,0.13195732188929848,0.13195424720057908,0.13195668943532085,0.13194565484703308,0.13194818134573977,0.13194376363304744,0.13194159144817869,0.1319340671128562,0.13193166707132137,0.13192999340700673,0.13193207026133452,0.131919721948991,0.13192199706324165,0.13192110016549163,0.1319192027875985,0.13191075453049333,0.13190857900393754,0.13190927947554004,0.13191140255103545,0.13189901548851296,0.13190133528385256,0.13190285235542137,0.13190037287592504,0.1318938636671065,0.13189127230923012
0.131990813114849,0.1319891298933323,0.1319799966629579,0.13197797902469952,0.1319749291039918,0.13197736449160805,0.1319663607424892,0.13196888015752936,0.13196447424934976,0.1319623081547275,0.13195480481875016,0.13195241150662423,0.13195074208927204,0.13195281312048818,0.131940499334509,0.13194276806944838,0.13194187337775798,0.13193998132003948,0.13193155665529585,0.13192938722912978,0.1319300855643434,0.13193220268682257,0.13191985026327244,0.13192216355386094,0.13192367634802257,0.13192120382796266,0.13191471279324096,0.13191212871710165
0.13201744116216643,0.13201576405126406,0.1320066638531347,0.1320046535399392,0.13200162848585761,0.1320040550326708,0.131993091103246,0.13199560137206467,0.1319912107008775,0.13198905246979015,0.131981576247704,0.13197919162439276,0.13197752768606505,0.1319795911986108,0.13196732199186004,0.13196958248997237,0.13196869064211922,0.1319668054536358,0.13195841124992996,0.13195624970039546,0.1319569452730405,0.1319590547089441,0.1319467470085836,0.131949051899963,0.13195055915241813,0.13194809560999918,0.13194162801909512,0.1319390533264358
0.13203247446540528,0.13203080080394455,0.13202171925291878,0.13201971307472482,0.1320167057922501,0.13201912734855908,0.1320081858977537,0.13201069100366072,0.13200630894003207,0.13200415514780287,0.13199669423228405,0.13199431451369315,0.1319926536733016,0.13199471294166118,0.13198246890051862,0.13198472474905285,0.13198383451025358,0.13198195319936962,0.1319735761918316,0.13197141908856272,0.1319721131040587,0.13197421820098737,0.13196193574769172,0.13196423589781495,0.13196574002243502,0.13196328154762707,0.13195682719159924,0.13195425779544442
0.132057203494341,0.13205553550638754,0.13204648462602436,0.13204448524892531,0.13204150094228928,0.13204391429016768,0.13203300981183588,0.1320355064257285,0.13203113851438864,0.1320289920232395,0.13202155628320225,0.13201918463195503,0.13201752888257767,0.13201958117003662,0.13200737852053845,0.13200962672137107,0.132008739125585,0.13200686419262245,0.13199851546834668,0.13199636567835718,0.13199705713018475,0.1319991550902863,0.13198691416234268,0.1319892065139543,0.13199070549277517,0.13198825535322836,0.13198182276434708,0.13197926207991592
0.13206874131678842,0.13206707597564227,0.13205803940403826,0.13205604319979136,0.1320530750891693,0.13205548460784222,0.13204459737828228,0.13204709003067586,0.13204272872978826,0.13204058564457583,0.13203316165032977,0.1320307937624809,0.132029140394719,0.1320311894256101,0.13201900608682554,0.13202125072002685,0.13202036436215078,0.13201849240448504,0.13201015687601958,0.13200801049767033,0.13200870075662663,0.1320107953874202,0.13199857383283387,0.1320008625464575,0.132002359125793,0.13199991287463964,0.13199349044215572,0.13199093382174026
0.13208617735789996,0.1320845160162836,0.1320755010666394,0.1320735096568191,0.1320705583993383,0.13207296213150033,0.13206210096603763,0.1320645876320032,0.13206023631035538,0.13205809837202975,0.1320506921256607,0.1320483299248812,0.13204668014803517,0.1320487242577432,0.13203657009845768,0.1320388093404077,0.13203792484711888,0.13203605738557325,0.13202774179588794,0.13202560057304563,0.13202628902551122,0.13202837862518735,0.1320161863444474,0.13201846956049068,0.13201996251242412,0.13201752213723078,0.1320111150500126,0.13200856457095106
0.02025539754956693,0.02025537059343295,0.020255232654352272,0.020255200391083774,0.020255086269893297,0.02025512520361755,0.020254957611650068,0.02025499784190919,0.020254976788997785,0.02025494222046448,0.020254830773763312,0.020254792629909323,0.020254803815717162,0.02025483681493293,0.02025464896521309,0.020254685064793228,0.02025469710964574,0.020254667006482083,0.020254541278598687,0.02025450681136351,0.02025453268664024,0.020254566325897592,0.020254378407981357,0.02025441511374091,0.02025444240634289,0.020254403166379234,0.020254308427579033,0.020254267467208133
0.020255425243285045,0.020255398287136333,0.020255260347977914,0.020255228084691785,0.02025515490418068,0.020255193838084357,0.020255026244775553,0.020255066475218752,0.020255045420646923,0.020255010851957876,0.0202548994043623,0.020254861260334576,0.020254872445137243,0.020254905444507896,0.020254717593615478,0.020254753693365282,0.020254765737778874,0.020254735634482022,0.020254609905795695,0.020254575438407547,0.020254601313754804,0.020254634953171997,0.02025444703424192,0.020254483740173062,0.02025451103319636,0.02025447179305555,0.02025437705376371,0.02025433609320956
0.02025522007301137,0.020255193116971798,0.020255055381638496,0.020255023118482856,0.02025494917926818,0.020254988113013888,0.020254816580477845,0.02025485681075471,0.02025483909711991,0.0202548045285716,0.020254692010769286,0.020254653866897593,0.020254665524315933,0.02025469852355191,0.020254511660780492,0.02025454776038359,0.02025455821927568,0.020254528116102035,0.02025440269553589,0.020254368228288532,0.020254393198338952,0.02025442683761801,0.020254239007346315,0.02025427571312686,0.020254302321523195,0.020254263081544075,0.020254168901661197,0.020254127941275235,0.006751420287187482,0.003277865003736904,0.006751410512119511,0.003041641986015842
0.020255172805077288,0.02025514584906287,0.020255007910613177,0.020254975647487787,0.02025490175569801,0.020254940689407277,0.0202547730998146,0.020254813330056944,0.020254791517616853,0.020254756949101005,0.02025464550503445,0.02025460736119776,0.020254617788934896,0.020254650788139778,0.020254462941094422,0.02025449904066281,0.020254510327949338,0.020254480224804135,0.02025435449961831,0.020254320032403732,0.020254345151116945,0.020254378790364097,0.020254190875174435,0.020254227580920117,0.02025425411833029,0.020254214878388493,0.020254120142269728,0.02025407918192318,0.008071086552702798,0.004605595303232432,0.00803908391562924,0.004337796506058896
0.020255114367866624,0.020255087411883296,0.02025494967684633,0.020254917413758,0.02025484316345936,0.0202548820971236,0.02025471056495546,0.020254750795148154,0.020254732769982638,0.02025469820150687,0.02025458568394971,0.02025454754015806,0.02025455888597252,0.020254591885139044,0.020254405022769973,0.02025444112229709,0.020254451269575657,0.020254421166465558,0.020254295746173233,0.02025426127899863,0.020254285937393063,0.02025431957660092,0.020254131746735956,0.020254168452438805,0.02025419474916327,0.020254155509267454,0.02025406132959369,0.020254020369294683,0.009389492364097717,0.005932021419102145,0.009319598179573497,0.0056267095425761105
0.020255056028987035,0.02025502907303474,0.0202548911349129,0.020254858871861858,0.020254784669650822,0.020254823603270116,0.020254656014074664,0.02025469624422405,0.02025467412087864,0.02025463955244288,0.020254528108644518,0.0202544899648962,0.02025450008164051,0.02025453308076873,0.020254345234169767,0.020254381333654297,0.020254392309932503,0.020254362206857425,0.02025423648197448,0.0202542020148402,0.02025422682249971,0.020254260461668314,0.02025407254692756,0.02025410925258752,0.020254135478926943,0.020254096239077035,0.020254001503190185,0.020253960542939542,0.010707010206267341,0.007257511448143437,0.010599382856043607,0.006914826754370306
0.02025501343887432,0.020254986482944694,0.020254848544942416,0.020254816281918497,0.020254741924901214,0.020254780858487656,0.02025461326943723,0.020254653499552668,0.020254631221224582,0.020254596652818094,0.02025448520911773,0.02025444706540171,0.0202544570271315,0.020254490026231677,0.020254302179796,0.02025433827924985,0.020254349100507975,0.020254318997458567,0.020254193272686526,0.02025415880558163,0.020254183458204556,0.020254217097344367,0.020254029182768134,0.020254065888396688,0.020254091959693323,0.02025405271987711,0.020253957984075338,0.020253917023859876,0.012026794691034159,0.008585224065661121,0.011869688707980075,0.008193369201313777
0.020254955581030607,0.02025492862513174,0.020254790687291916,0.020254758424304836,0.02025468391276503,0.020254722846306902,0.020254555257453274,0.020254595487522665,0.020254573054432252,0.020254538486065447,0.020254427042497976,0.02025438889882574,0.02025439870574981,0.020254431704812014,0.020254243858597507,0.020254279958009807,0.020254290624454583,0.020254260521439915,0.02025413479681793,0.020254100329752805,0.020254124827539906,0.020254158466640793,0.02025397055228701,0.02025400725787308,0.0202540331743254,0.020253993934554713,0.020253899198867862,0.020253858238699924,0.013347723316542772,0.009914041076283922,0.013135464021385252,0.00946730488045644
