0.5793636979572255,9.554460833383777,13.538740352993477
0.5794601657788646,9.635912671602174,13.631344224475493
0.5795576441163107,9.717735388862563,13.724789254489611
0.5796558783134044,9.7998618608086,13.819004782080066
0.5797549273318842,9.882306901435221,13.914012046387151
0.5798547758945439,9.96506674915068,14.009811087975493
0.579955420858179,10.048140722926814,14.106405456342065
0.5800568313259049,10.131521184789966,14.203790536353392
0.5801589946472046,10.21529563183106,14.30195939667232
0.5802615910125054,10.299659137459782,14.400803327405427
0.5803643625998167,10.384536209484885,14.500243319253705
0.580468294520569,10.468967406115487,14.600636680212277
0.5805742630072259,10.554088169743544,14.701909024599395
0.5806862187395342,10.641100426541016,14.80237716996156
0.580804544161773,10.73008264521659,14.901987585227708
0.5809294614646134,10.821075737909197,15.000644289355108
0.580973353784922,10.91392974225688,15.098442082802574
0.5812295383926657,11.006570366555732,15.197685203181964
0.5814902068367925,11.099986947987725,15.296495344221173
0.5817550531812266,11.194311533873291,15.394979481838764
0.5820234726720283,11.28984205670665,15.492996584927194
0.5822951399173876,11.386472630913541,15.590427637639571
0.5825702421996484,11.484257724610629,15.68729281881577
0.5828503990610382,11.581926851186438,15.78380078760468
0.5831359014812223,11.680887923943043,15.879969566786771
0.5832074551830165,11.782931461642443,15.974100698108241
0.5832823622297013,11.886065379437689,16.067780956631555
0.5833610960266906,11.990471280761353,16.161067779108187
0.583443387145491,12.096323795036847,16.25394427204978
0.5835288207499294,12.203180711500371,16.346166006473474
0.5836179669844868,12.311417722319375,16.43798057508023
0.5837109258297225,12.421014943318918,16.52934320822105
0.5838077778478153,12.532197422028919,16.620248104083785
0.5839073105781423,12.643901496551733,16.71015730348395
0.5840113036063788,12.757345396553415,16.799917669182012
0.5841193449655453,12.872227459488148,16.889194082478056
0.5842306398088055,12.95390498574852,17.012191859059357
0.5843462799068442,13.036991641978714,17.13537038309146
0.5844614609886396,13.117902583679374,17.26108055158359
0.5845806079742587,13.19931250983326,17.387005451044253
0.5847037012548311,13.281776715822671,17.513030308046464
0.5850685059319642,13.364071446908353,17.639868284119036
0.585438723092153,13.447206341590995,17.76642316477064
0.5858116393013011,13.530901780359697,17.892171671485254
0.5861874660467766,13.615425260434312,18.01766155639407
0.5865664573898881,13.700428883526802,18.14241530850727
0.5869514934755544,13.786324295133305,18.26705549030421
0.5873395888350482,13.872682954302125,18.391012069626893
0.5877318368285331,13.959993813645612,18.514730074925957
0.5878743399055721,14.049261382260912,18.636959021592116
0.5880182175638294,14.139534226482123,18.758965968404087
0.5881654905852547,14.229869126475252,18.88127741606085
0.5883169756118349,14.321315998485044,19.004085976990453
0.5884716348474278,14.413586099696046,19.127021786764647
0.5886256839157609,14.506582384329322,19.249898908079185
0.5887829321317322,14.600500943727905,19.373099755523604
0.5889430112185762,14.695245242281878,19.496532750020616
0.5891060898365009,14.79085469041692,19.62030083109312
0.5892705117554358,14.887006441096505,19.743925594071985
0.5894382051488805,14.984449525816679,19.867960226885604
0.5896085459348791,15.08304515817219,19.99226699983738
0.5897816436819902,15.181588851100871,20.117041844077004
0.5899580517183711,15.281056309714803,20.242408193570544
0.5901367735062949,15.381188673943202,20.368067353241813
0.5903167957098283,15.48187557434932,20.493944105826472
0.5907133934479172,15.583188015407574,20.620372301706976
0.5911129118938275,15.685023701655657,20.74691801672202
0.5915131178635473,15.786701694741241,20.87309098502497
0.591914619179614,15.888420376888762,20.999188806563975
0.5923174699319531,15.990223715248037,21.125257684944156
0.5927213203309487,16.091978833423752,21.25120183633972
0.5931263473338337,16.193749746755415,21.377109709530266
0.5935324083386331,16.295499601055084,21.50295385104179
0.5936384320197676,16.399176515258066,21.627124822069913
0.5937437293769948,16.503319325247652,21.7517957141119
0.5938506538138668,16.608336563760137,21.877501478417614
0.5939585072434542,16.714004704267413,22.003969226133485
0.594067355655086,16.81976637460613,22.13135152548137
0.594176000285854,16.92609616693797,22.25953585668436
0.594287365693019,17.033392593377137,22.388397791791615
0.5943994335985338,17.141259410679,22.517403115850442
0.5945142927536151,17.2503371036953,22.647302871762818
0.5946295028426583,17.35974711900623,22.777227810546503
0.5947472304625345,17.470198004793563,22.907980997287343
0.5948667133712092,17.581456428103895,23.03930008612393
0.5949881167789761,17.693725763862098,23.171259553584264
0.5951102780276724,17.774780586878734,23.335241584919743
0.5952348077708632,17.85663419777269,23.500554410866723
0.5953570693504489,17.935953985018422,23.669529918520357
0.5958078751253192,18.01529448006351,23.839623158668395
0.5962628570520994,18.095385612162364,24.009251050993285
0.5967201100074067,18.175235565420266,24.178483207905987
0.5971799502176627,18.255625760264486,24.347447358519297
0.5976408730106674,18.33629715060804,24.515497915882353
0.59810333978805,18.41746010693358,24.683246579168134
0.5985691607555258,18.49909788414453,24.85067310600096
0.5990370061648065,18.581115996134745,25.01763636128743
0.5991634201186647,18.664515210915432,25.183863674329384
0.5992901403308977,18.748224060926866,25.35079931923829
0.5994214767331277,18.83276073823966,25.518702473605675
0.5995541681994963,18.918259666242967,25.687733979613608
0.5996925711684313,19.00489926525326,25.85773889788279
0.5998350721487301,19.092600296567745,26.028367935659077
0.5999822926992876,19.18154135394258,26.19993874923991
0.6001330965788734,19.27046975274536,26.372174227146257
0.6002863648831341,19.36058722983962,26.545656126384014
0.6004443657665757,19.451817273099465,26.720269987013825
0.6006070237667543,19.544138181507417,26.895597059933483
0.6007759977259522,19.637972516516406,27.07157507047834
0.6009490202905097,19.732867495119798,27.24721860244265
0.6011301815328417,19.82962737329175,27.42400601294744
0.6013176783043243,19.927913152441185,27.601198176594522
0.6015114631595491,20.027714826602555,27.778700547064915
0.6020393176597474,20.13127869100091,27.953687124991795
0.6025722310327133,20.235652839168473,28.127880264348654
0.603109264171429,20.340681707616397,28.301268756332334
0.6036755904466583,20.446433705545598,28.4739055146756
0.6042457078807877,20.552894476232392,28.64569712714895
0.6048181300473184,20.659701635484147,28.8161817723628
0.6053943686511931,20.766520556376907,28.9862050445406
0.6059755782380485,20.874071622490057,29.155883151794132
0.606138366002178,20.985249179922768,29.322629978954293
0.6063015778329837,21.09734572373618,29.48968503366287
0.606469993205147,21.210934253712175,29.657810729549787
0.6066435505082547,21.326068343618125,29.82713009371725
0.6068217844789477,21.442827813850155,29.997448860966244
0.6070033742230219,21.560476691978693,30.168256620009846
0.6071888917865944,21.679478379090263,30.340038940176065
0.6073803955022908,21.800185694790397,30.51322056407181
0.6075758073825942,21.922151487617583,30.687160581478086
0.6077765276212739,22.046046083478956,30.861624704930904
0.6079815973196752,22.171425313154064,31.036311148204668
0.6081920706369087,22.297802361622637,31.211424737067656
0.6084090090859718,22.389365957073984,31.424088147800376
0.6086326158345454,22.48215022141068,31.638680229306196
0.6088567035276826,22.572380384587245,31.85718626890334
0.6090877068082253,22.663869946961253,32.07767952606764
0.6097768924757203,22.754237772783046,32.300291285029616
0.6104741632602108,22.845175387318157,32.522803153609686
0.6111746132155987,22.936501480355727,32.74357270690875
0.6118821545549046,23.028797122516448,32.964106938824116
0.61259479579364,23.121928651784277,33.18362527152656
0.6133107285918679,23.215908389331716,33.40187241255114
0.6140310229706435,23.31057845615036,33.61861023189282
0.6147592955806465,23.404728833990937,33.83560178691456
0.6150180069478541,23.501078106491402,34.05144343070988
0.6152819982913171,23.598302743906977,34.26911513665576
0.615553571084474,23.69646158985433,34.488070479509844
0.6158363378784274,23.796140088939932,34.70884475210806
0.6161289399117653,23.89720936817219,34.93103654905581
0.6164270002066504,23.99954355999014,35.15414256097674
0.6167350886495042,24.10351694235443,35.37896870193936
0.617051057617547,24.208677089510235,35.60445087644585
0.6173760027424634,24.315457935971185,35.83101508654285
0.6177140129882903,24.424937816078323,36.05839080054324
0.6180640085902643,24.53715633272645,36.28631078807856
0.618426326572018,24.650592622832093,36.514890092891854
0.6188019098004143,24.766559665486422,36.74434573149348
0.619189903386437,24.884856515398347,36.974140055884384
0.619590038763062,25.005441068761343,37.20407235164548
0.6199190488576758,25.135277307120578,37.42864306885823
0.6207795776287375,25.26256300162197,37.65656941872931
0.6216510199089949,25.39098698356634,37.883490394800866
0.6225288327401801,25.520588755488177,38.10906331576105
0.6234107569496375,25.65081311748636,38.332736261585694
0.6243001357824848,25.78139865250607,38.55576908887097
0.6251948312888046,25.912992398801308,38.777539444281594
0.6260948861418041,26.04510961243355,38.99819407884028
0.6269998940327554,26.178249317540235,39.21768272816413
0.627363065795744,26.317778380574605,39.43263242514721
0.627731196526237,26.459084286409013,39.64766365120996
0.6281098126293708,26.6026665883767,39.863951867671425
0.6284969993725121,26.74805265974214,40.080713219153516
0.6288957289720941,26.896063434554797,40.29911920564587
0.6293037103476269,27.046540775759226,40.518241836487526
0.6297207957471318,27.15041434349017,40.78641289573625
0.6301448303790664,27.25295254982024,41.05919293462971
0.6305836200624002,27.356945986875218,41.33476101048326
0.6310355376725223,27.46112204648622,41.613186429244486
0.6314999557768756,27.565200924975787,41.894069957533226
0.6319746503611162,27.669371943188878,42.17816134271145
0.6324633004275919,27.77360827883675,42.46588191104567
0.6329649762142735,27.877558319741535,42.756753694683596
0.6334788642221506,27.981520974854817,43.050426102611816
0.6340100567042936,28.085586841905744,43.34700809211886
0.6351359814522424,28.187220725451834,43.64731840003447
0.63628162214443,28.288768781326002,43.9490217081632
0.6374394268506002,28.388635409429767,44.25079257372394
0.6386127223119381,28.488318411499993,44.55285277254772
0.639802746096992,28.58760332533508,44.85462283462449
0.6410102480598995,28.686116957740474,45.1554670173289
0.6422340787895695,28.784168161177266,45.45683606567179
0.6434785796172975,28.881496637838456,45.75851285162117
0.6441478812236107,28.979719443605727,46.06094583242689
0.6448365939686509,29.07727428255655,46.36627275051886
0.6455541525035468,29.174501986839736,46.676191278825684
0.6463007912359529,29.271071957113726,46.99078317176343
0.6470696652098423,29.366191557995652,47.309963543933485
0.6479117757386283,29.459983617919928,47.63419110749306
0.6487989796873118,29.552569666745104,47.96390538281763
0.6497332411601173,29.64322957909637,48.297971496054785
0.6507192236977124,29.731904988579462,48.638049517185806
0.6517653932421209,29.818447043633597,48.98437337145626
0.6528913932668344,29.90390707952129,49.334741179990125
0.6541055843474045,29.987709588650873,49.68904224524106
0.6554190814895394,30.06948873520122,50.04835058245996
0.6568734351882428,30.150768804754552,50.4107614242253
0.6584975099515894,30.231233159067912,50.77524024833197
0.6594831964749235,30.374057961890713,51.09924933340171
0.6611275840487786,30.516032728873544,51.41493763066858
0.6628096536530259,30.657708829644697,51.729814278082365
0.6645259752128824,30.799115098088894,52.04532926207481
0.6662721168205653,30.94011122164614,52.36000895719943
0.668052370148024,31.080620305028702,52.67400426605683
0.6698655818439835,31.217910420249314,52.989334121571055
0.6717053287751884,31.260091087321978,53.39891555906776
0.672933002816969,31.30110499317457,53.81410852590324
0.6741958831587309,31.340278833593068,54.234092152477025
0.6754977629373976,31.377681962825374,54.65908366995685
0.6768390006118036,31.413407400516085,55.09009036152384
0.6782222301705918,31.447575934248455,55.527624933151934
0.679639831396786,31.48013247579242,55.96980930403226
0.6810932016101969,31.511360853241253,56.4187929129741
0.6825790312854488,31.54129272949648,56.87303808268249
0.6841093697007447,31.570433537959154,57.33166841294877
0.6857093743738131,31.599520366754017,57.79452933330891
0.6873937639797478,31.628885354229286,58.2609657420997
0.6892061660987153,31.65947211177734,58.72760554979204
0.6911719637287502,31.691751720001218,59.19599016312619
0.6933722709161376,31.72743070246022,59.6599277550847
0.6960577376670134,31.769051061083065,60.113811783488245
0.6994185560614936,31.821502321598363,60.538243868462835
0.7040594482229944,31.890121786269287,60.896185380360315
0.7099222515830566,31.942646478731238,61.128612615151404
0.7167762223206017,31.974902666604017,61.21672105361582
0.7241521404741733,31.997591607846235,61.2354089569582
0.7317703161609166,32.018466174958355,61.238092377486986
0.739508178840267,32.03935020537666,61.238460440348454
0.7473122363514957,32.06041130327704,61.23854903257731
0.7551570124895185,32.081613946719315,61.238594352723915
0.7631985407240159,32.10291242266809,61.238594352723915
0.7712564455500507,32.124288794763224,61.238594352723915
0.7793246457983399,32.145727141527416,61.238594352723915
0.7873987060911424,32.1672160921856,61.238594352723915
0.7954764466159021,32.188749799997716,61.238594352723915
0.8035543470846502,32.210319173027855,61.238594352723915
0.8116286885001108,32.231914320101836,61.238594352723915
0.8197008464582625,32.2535393191715,61.238595839132394
0.8279209004876025,32.27518742909353,61.23860335324315
0.8361353456613377,32.29685625684995,61.23861128625959
0.8443436296401896,32.318544306812825,61.238618684662015
0.8525439913419376,32.34024688832454,61.23862434660755
0.8607377395222278,32.361967468281804,61.23863116068212
0.8689232273546115,32.383701877893714,61.2386365206832
0.8771002844934358,32.405449512226845,61.238641578736164
0.8852678461436452,32.427207535946096,61.23864559462091
0.8936137735729069,32.44898378740264,61.238751650530354
0.9005144412665251,32.57475430667201,63.37237728091007
0.9033466063847753,32.60221102955666,63.936240284986326
0.9061671742429374,32.629590225899165,64.49827683187846
0.9089873564666322,32.65700934225644,65.05995677614212
0.9118083851431362,32.684346631585335,65.62006241189165
0.9146289422794565,32.71166649456657,66.1794298864471
0.9174475387463166,32.7389493996143,66.73727850881255
