0.2864438993983479,0.286441307602152,0.2864296085822742,0.2864264676762001,0.2864261459765259,0.286429115170211,0.28641177554627406,0.28641503597245854,0.28641477135518834,0.2864121693365236,0.28639998924707905,0.2863972548714747,0.28639922172935894,0.28640107268537024,0.28638526278191373,0.2863879679551314,0.2863898668254345,0.286386888237514,0.28638356005255206,0.28638076440545407,0.28638657782772386,0.28638688970966847
0.2864510976812516,0.28644850795414245,0.2864367689465902,0.28643363053060167,0.286433348362846,0.2864363151896764,0.2864190241796711,0.2864222819945308,0.2864219727534046,0.2864193728058421,0.2864072023917513,0.28640447019240506,0.28640642545853917,0.2864082749434303,0.2863908816461548,0.2863935851450718,0.28639706178180885,0.28639405955374897,0.2863905976220831,0.28638776668398225,0.2863937736967804,0.2863940894724529
0.2864504939089993,0.2864479040083379,0.2864361642157145,0.2864330255894207,0.2864327320656125,0.2864356990949746,0.2864184069062702,0.286421664943507,0.2864213443275135,0.28641874419921426,0.28640657294079297,0.28640384055153284,0.2864057845779119,0.2864076341936837,0.28638957108931884,0.2863922749787579,0.28639640134735755,0.2863933674391253,0.28638956852924474,0.2863866959109094,0.28639311225782393,0.28639343240184517
0.28645279338917234,0.28645020414949324,0.28643846734684386,0.2864353295215055,0.28643502497698237,0.2864379912528277,0.2864207034494547,0.2864239606593405,0.28642362902360247,0.28642102955239124,0.2864088613636252,0.28640612966481555,0.2864080620881288,0.2864099112387843,0.28639185267042305,0.28639455587998947,0.2863986634045294,0.2863956023002161,0.28639145676124356,0.2863885419891792,0.28639537325792314,0.2863956978257262
0.2864551137350806,0.28645252516239106,0.2864407913768914,0.2864376543597872,0.28643733917354214,0.28644030468886533,0.2864230213115968,0.2864262776864394,0.2864259354105523,0.28642333660267627,0.28641117151275564,0.28640844051096115,0.2864103617060767,0.28641221038709513,0.2863942790618849,0.28639698154841803,0.28640094897568724,0.2863978649549807,0.2863933074963789,0.28639034913460987,0.286397656426605,0.28639798560010954
0.28645502931396166,0.2864524407170049,0.2864407068217315,0.2864375697752211,0.2864372442392165,0.2864402097857385,0.28642292622689836,0.286426182635997,0.28642582999623806,0.286423231158044,0.2864110659264874,0.28640833489283557,0.28641024573180524,0.2864120944365086,0.28639416288188446,0.28639686540303777,0.2864008178474561,0.28639771450446144,0.28639268688086944,0.28638968241423324,0.28639752050782347,0.28639785461539324
0.28645282627147856,0.2864502370412514,0.28643850028135953,0.28643536246747503,0.2864350269916754,0.28643799326685865,0.2864207054673397,0.286423962676498,0.28642360006921386,0.2864210005896752,0.28640883236200704,0.28640610065444705,0.28640800205869177,0.2864098512216069,0.28639191522871127,0.2863946184196362,0.2863985583606352,0.28639543950683893,0.28639059313847387,0.2863875411055721,0.286395253876306,0.28639559325352554
0.286455466721849,0.28645287825062704,0.28644119420805186,0.2864380573310424,0.28643766315668223,0.2864406285655326,0.2864233110130354,0.2864265672835081,0.2864262300662846,0.28642363134315457,0.2864115822304704,0.2864088513525982,0.2864106270827733,0.2864124757095947,0.2863944222498815,0.2863971246937463,0.2864011740158315,0.28639804533320484,0.2863919495814347,0.2863888504800461,0.2863978626487774,0.28639820740290517
0.2864586817503365,0.28645609420330026,0.2864443650573834,0.2864412292831294,0.28644087557181624,0.2864438399249409,0.28642656331146454,0.2864298184102291,0.28642943758251754,0.28642683978191164,0.28641467939756937,0.28641194945418685,0.28641383116482877,0.2864156791372881,0.28639775467523715,0.28640045612606335,0.28640437063377877,0.2864012354557477,0.28639414477944414,0.28639100027988923,0.286401051044373,0.28640140156970045
0.28645975329929024,0.28645716606028265,0.2864454875682199,0.2864423521843567,0.28644194079170404,0.28644490479475154,0.28642759544028223,0.28643085016719655,0.2864304956976109,0.2864278982013366,0.28641585476549086,0.28641312517674966,0.2864148826421411,0.2864167303998566,0.2863986854160334,0.28640138658950265,0.28640541348099474,0.28640227347183544,0.2863947388746295,0.2863915505105384,0.2864020831538498,0.2864024401313029
0.2864585323085653,0.2864559447185706,0.28644421537832815,0.2864410795520183,0.28644070990177795,0.2864436743093489,0.28642639737900527,0.2864296525375513,0.28642925574890177,0.2864266578959979,0.28641449726733637,0.2864117672690006,0.28641363303527,0.28641548104819275,0.2863975561942043,0.28640025770417765,0.28640415423715876,0.28640101048283595,0.2863918954166762,0.2863886677817763,0.2864008107350742,0.2864011748476081
0.28646085146043215,0.2864582645371059,0.2864465382125695,0.28644340319410516,0.286443027301293,0.2864459909472641,0.2864287184493054,0.2864319727716246,0.2864315697476183,0.28642897256026106,0.28641681504078265,0.2864140857417853,0.2864159446904139,0.286417792231226,0.2863998719501478,0.28640257277003217,0.28640646147950166,0.28640331650427353,0.2863929708564074,0.2863897138417248,0.2864031044974006,0.2864034762867995
0.2864649893700859,0.2864624036362753,0.28645068269257346,0.28644754911552245,0.2864471682161881,0.28645013050124535,0.2864328659235836,0.28643611875163777,0.2864357107420662,0.2864331147457539,0.2864209627903955,0.28641823474291656,0.28642008767489546,0.2864219343695662,0.2864040222842894,0.28640672186736255,0.2864106033542684,0.28640745863261124,0.28639694795395226,0.2863936716072145,0.28640723197389245,0.28640761209365245
0.28646741832686723,0.286464833291317,0.2864531647247561,0.28645003201095076,0.28644959774925244,0.28645255923582646,0.2864352645563487,0.2864385165201994,0.2864381391308997,0.2864355438330611,0.2864235105697217,0.2864207832910103,0.2864225160365012,0.286424362235207,0.28640633245553704,0.2864090313501603,0.2864130298735908,0.28640988532258327,0.28639971169366457,0.2863964231727987,0.2864086801604837,0.28640906949902994
0.28647586937626557,0.28647328677024336,0.2864615799753002,0.28645845018839333,0.2864580620736521,0.2864610207782797,0.28644377703818374,0.28644702593497373,0.2864466107728873,0.2864440179118125,0.2864318806031636,0.28642915585010875,0.2864309989259474,0.2864328433920643,0.28641495289282076,0.2864176492183986,0.28642151817576994,0.28641837617597166,0.286407872166839,0.2864045787554813,0.2864169902855146,0.28641738821812307
0.286485827062673,0.2864832473194657,0.2864715534747123,0.2864684271568643,0.28646803645194546,0.28647099187814395,0.28645376721807836,0.28645701251519523,0.2864565948257226,0.2864540048365937,0.28644188094470563,0.28643915920941504,0.28644099728836697,0.28644283971225676,0.2864249689943252,0.2864276623347622,0.28643152403663114,0.28642838530706694,0.28641789172697907,0.2864145978578613,0.2864268075742858,0.28642721441215385
0.28648866110969984,0.2864860821813056,0.286474392022441,0.2864712666919554,0.2864708734028555,0.2864738278965558,0.28645660866351963,0.2864598529367654,0.2864594326785185,0.2864568435057378,0.2864447234275662,0.28644200255007307,0.28644383735498397,0.28644567919875075,0.28642781409998563,0.2864305065924515,0.2864343643653169,0.2864312265155144,0.28642073564997206,0.2864174407710212,0.2864294472649433,0.28642986362411427
0.08,0.08,0.08,0.08,0.08,0.08,0.08,0.08,0.08,0.08,0.08,0.08,0.08,0.08,0.08,0.08,0.08,0.08,0.08,0.08,0.08,0.08
0.08,0.08,0.08,0.08,0.08,0.08,0.08,0.08,0.08,0.08,0.08,0.08,0.08,0.08,0.08,0.08,0.08,0.08,0.08,0.08,0.08,0.08
0.08,0.08,0.08,0.08,0.08,0.08,0.08,0.08,0.08,0.08,0.08,0.08,0.08,0.08,0.08,0.08,0.08,0.08,0.08,0.08,0.08,0.08
0.08,0.08,0.08,0.08,0.08,0.08,0.08,0.08,0.08,0.08,0.08,0.08,0.08,0.08,0.08,0.08,0.08,0.08,0.08,0.08,0.08,0.08
0.08,0.08,0.08,0.08,0.08,0.08,0.08,0.08,0.08,0.08,0.08,0.08,0.08,0.08,0.08,0.08,0.08,0.08,0.08,0.08,0.08,0.08
0.08,0.08,0.08,0.08,0.08,0.08,0.08,0.08,0.08,0.08,0.08,0.08,0.08,0.08,0.08,0.08,0.08,0.08,0.08,0.08,0.08,0.08
0.08,0.08,0.08,0.08,0.08,0.08,0.08,0.08,0.08,0.08,0.08,0.08,0.08,0.08,0.08,0.08,0.08,0.08,0.08,0.08,0.08,0.08
0.08,0.08,0.08,0.08,0.08,0.08,0.08,0.08,0.08,0.08,0.08,0.08,0.08,0.08,0.08,0.08,0.08,0.08,0.08,0.08,0.08,0.08
0.28649216349563356,0.28648958557422455,0.2864779490536441,0.2864748249604623,0.2864743800870973,0.28647733342813786,0.28646008625015407,0.2864633292702814,0.28646294118863985,0.2864603530251505,0.2864483527737886,0.28644563299157155,0.28644734931533294,0.28644919044171996,0.2864312101297791,0.2864339016100555,0.28643787738260384,0.2864347406971835,0.28642459067929316,0.28642129620060386,0.28643274913914113,0.28643317527828827
0.28649627708901587,0.286493700350349,0.2864820691575218,0.28647894649753836,0.2864784988219388,0.28648145080910703,0.28646421152640306,0.28646745305999005,0.28646706216127693,0.28646447518329204,0.28645248041751675,0.28644976188098153,0.28645147443372787,0.2864533147174674,0.2864353426234676,0.28643803287202313,0.28644200383753265,0.28643886852590594,0.2864287230232191,0.28642542950287037,0.28643661788634894,0.2864370555005968
0.28650183413950736,0.28649925899865186,0.28648763500329943,0.28648451427947885,0.2864840635166178,0.28648701367455814,0.28646978505923776,0.2864730245843483,0.2864726305792322,0.28647004520319225,0.28645805784997935,0.2864553409967055,0.28645704915522563,0.28645888830017235,0.28644092731230036,0.2864436158962505,0.2864475810762484,0.2864444476555222,0.28643430837664124,0.28643101662056547,0.2864418951780138,0.28644234574153893
0.28650428628073843,0.28650171184496004,0.28649004200897393,0.28648692212248567,0.28648651700859684,0.286489466360006,0.28647227705457146,0.2864755156816467,0.286475083686646,0.2864724990163421,0.2864603999723674,0.28645768382595965,0.2864595030084922,0.28646134165215875,0.28644350755017584,0.28644619536502647,0.28645003400091196,0.2864469014022215,0.2864364282736229,0.28643313717221885,0.28644402383223855,0.28644448833557234
0.28650860168056336,0.28650602848563983,0.28649441325592795,0.286491294890109,0.2864908373506908,0.2864937852818552,0.2864766042421264,0.28647984130979004,0.28647940592347665,0.28647682249666534,0.28646472926193095,0.2864620144221531,0.286463829139937,0.2864656668998312,0.28644784135825846,0.2864505278812911,0.2864543610903742,0.2864512299778651,0.28644076187247786,0.2864374723017303,0.2864480177402397,0.28644849644818304
0.28650888364503513,0.2865063105311892,0.2864946956666994,0.2864915773991268,0.2864911163038755,0.286494064143337,0.2864768836373103,0.2864801206042858,0.28647968165773274,0.28647709831025053,0.28646500544611786,0.2864622906896962,0.2864641017727881,0.2864659394769864,0.28644811447489693,0.28645080091651853,0.28645463042509406,0.28645149939550507,0.2864410316083703,0.2864377421147202,0.2864479488081619,0.2864484419919975
0.2865059538524544,0.2865033798961676,0.28649176123681835,0.28648864194841006,0.28648817717753766,0.2864911259831968,0.28647393985398156,0.2864771778818296,0.286476735251405,0.286474151056247,0.2864621691672564,0.2864594535548081,0.28646114670535094,0.28646298501323436,0.2864450321888701,0.28644771954926135,0.2864516686807962,0.2864485366145252,0.2864384019364234,0.2864351114736879,0.2864447889661278,0.2864452967792634,0.286500001615867
0.286496357811159,0.286493781095702,0.28648210094730175,0.2864789782983769,0.28647853530159745,0.28648148727677425,0.2864642480639988,0.28646748958441937,0.28646707762209855,0.28646449064856117,0.2864523808445643,0.28644966227797825,0.2864514688193377,0.28645330910422434,0.2864354591050523,0.2864381493188892,0.28644197706439156,0.2864388416248064,0.2864283591730164,0.28642506504324766,0.2864350611118585,0.28643558394179275,0.28649011312067224,0.2864742328739165
0.28649917902539224,0.2864966031211089,0.2864849266421509,0.2864818049761785,0.28648135519803725,0.28648430624626414,0.2864670724391174,0.28647031294175507,0.28646989746875107,0.28646731130643205,0.28645520529220103,0.28645248757802244,0.2864542899169995,0.2864561296256025,0.2864382852084259,0.28644097457990414,0.28644479749735413,0.2864416630377417,0.28643118385685623,0.2864278907562696,0.2864378544675717,0.2864383917972844,0.28649296758146586,0.2864770091191039
0.28648090340764054,0.28647832224887126,0.28646667114540847,0.2864635431293262,0.2864630134681826,0.2864659705453848,0.28644873627668566,0.2864519833865838,0.2864515056225251,0.28644891416944906,0.2864368986965064,0.2864341754577198,0.2864358625440342,0.28643770601674223,0.2864198251397972,0.28642252001330065,0.28642634703220715,0.2864232061548112,0.2864127055836623,0.2864094057416761,0.28641826128020637,0.2864188149391829,0.2864750046692693,0.2864585937205436,0.28647448464957304,0.28644558128013925
0.28646867558160216,0.2864660909074829,0.2864544239689967,0.2864512916931581,0.28645072712598163,0.2864536882413752,0.28643639572646995,0.28643964728276683,0.28643919678416707,0.2864366017905428,0.28642445451937765,0.28642172752549655,0.28642352885797273,0.28642537484981895,0.2864073470875342,0.2864100456797854,0.2864139968153454,0.2864108516358682,0.28640067469986846,0.2863973704634949,0.2864055615957385,0.2864061304943981,0.28646249273139374,0.2864462560635938,0.28646188001088946,0.28643316960951565,0.28644659249300586
0.2864620536223212,0.28645946704457464,0.28644774228328523,0.28644460768358265,0.2864440745186286,0.286447037820434,0.2864297673254616,0.28643302126989156,0.28643252903947386,0.2864299321280284,0.2864178913982722,0.2864151624240458,0.28641684604758066,0.2864186934043057,0.28640077490630744,0.28640347545711053,0.28640730344179516,0.28640415593330226,0.2863936332943025,0.2863903264886668,0.28639852838167523,0.2863991120538524,0.28645623239557977,0.286439503822674,0.28645552659837886,0.28642666036800773,0.28643988437356643
0.28645343047136484,0.28645084141481586,0.2864391547356357,0.28643601714935146,0.2864353923433737,0.2864383584984907,0.2864210365941004,0.28642429368396644,0.28642380482659113,0.28642120540594235,0.2864091530657388,0.286406421454941,0.2864081031875904,0.28640995232985245,0.2863920165370012,0.2863947196977375,0.2863985478277631,0.2863953972737096,0.28638486448674644,0.2863815544822311,0.28638942894265207,0.28639002762808397,0.28644732902436565,0.2864307617563096,0.2864465286127246,0.28641780793621463,0.2864311884605474,0.2864172885426491
0.28643049672426335,0.2864279010758117,0.28641618470359503,0.2864130391295205,0.28641235704348234,0.28641533076822095,0.2863979647213336,0.28640123012257035,0.2864006952762547,0.2863980892096013,0.2863860061175891,0.2863832675234357,0.2863849196700396,0.28638677354658243,0.2863687918973264,0.28637150197819616,0.2863753363449624,0.286372177721563,0.28636161803102006,0.2863582995500148,0.2863658561378541,0.2863664709407909,0.2864247490337087,0.28640761401989795,0.2864238511623626,0.2863948605500604,0.28640808928063033,0.2863942469346942,0.2863800091504446
0.28641912018987004,0.28641652127176187,0.2864047901715846,0.28640164063547957,0.286400929210928,0.28640390669058324,0.28638651874688853,0.28638978827098527,0.28638923543310885,0.2863866260710883,0.2863745277311578,0.2863717856743659,0.28637343367970497,0.2863752899015512,0.28635728553572426,0.28635999904473913,0.2863638346499757,0.28636067202719256,0.2863500990081521,0.2863467763262385,0.2863540023926468,0.28635463267609446,0.28641309119038033,0.2863961209338436,0.28641209532913625,0.2863833114029922,0.28639664560255557,0.28638260238057545,0.2863687972169732
0.08,0.08,0.08,0.08,0.08,0.08,0.08,0.08,0.08,0.08,0.08,0.08,0.08,0.08,0.08,0.08,0.08,0.08,0.08,0.08,0.08,0.08,0.08,0.08,0.08,0.08,0.08,0.08,0.08
0.08,0.08,0.08,0.08,0.08,0.08,0.08,0.08,0.08,0.08,0.08,0.08,0.08,0.08,0.08,0.08,0.08,0.08,0.08,0.08,0.08,0.08,0.08,0.08,0.08,0.08,0.08,0.08,0.08
0.08,0.08,0.08,0.08,0.08,0.08,0.08,0.08,0.08,0.08,0.08,0.08,0.08,0.08,0.08,0.08,0.08,0.08,0.08,0.08,0.08,0.08,0.08,0.08,0.08,0.08,0.08,0.08,0.08
0.08,0.08,0.08,0.08,0.08,0.08,0.08,0.08,0.08,0.08,0.08,0.08,0.08,0.08,0.08,0.08,0.08,0.08,0.08,0.08,0.08,0.08,0.08,0.08,0.08,0.08,0.08,0.08,0.08
0.08,0.08,0.08,0.08,0.08,0.08,0.08,0.08,0.08,0.08,0.08,0.08,0.08,0.08,0.08,0.08,0.08,0.08,0.08,0.08,0.08,0.08,0.08,0.08,0.08,0.08,0.08,0.08,0.08
0.08,0.08,0.08,0.08,0.08,0.08,0.08,0.08,0.08,0.08,0.08,0.08,0.08,0.08,0.08,0.08,0.08,0.08,0.08,0.08,0.08,0.08,0.08,0.08,0.08,0.08,0.08,0.08,0.08
0.08,0.08,0.08,0.08,0.08,0.08,0.08,0.08,0.08,0.08,0.08,0.08,0.08,0.08,0.08,0.08,0.08,0.08,0.08,0.08,0.08,0.08,0.08,0.08,0.08,0.08,0.08,0.08,0.08
0.08,0.08,0.08,0.08,0.08,0.08,0.08,0.08,0.08,0.08,0.08,0.08,0.08,0.08,0.08,0.08,0.08,0.08,0.08,0.08,0.08,0.08,0.08,0.08,0.08,0.08,0.08,0.08,0.08
0.28641145323164,0.2864088521101444,0.28639711108498733,0.28639395887891095,0.28639321708147497,0.2863961970950121,0.2863787943750209,0.28638206668129385,0.28638149538568913,0.2863788837980834,0.286366775160238,0.286364030764891,0.2863656738488706,0.2863675316550929,0.2863495119430666,0.2863522277679739,0.2863560629810899,0.2863528976554812,0.28634231563150303,0.2863389901106183,0.2863458708544695,0.2863465165723638,0.2864057927117129,0.28638829727122744,0.28640469357790127,0.2863757485703751,0.2863888743803766,0.2863749391780069,0.28636068388883235
0.28639055883950804,0.28638795171372855,0.2863761340038574,0.2863729745047925,0.2863722301706189,0.28637521707899416,0.28635780919914816,0.28636108906325786,0.2863604417404248,0.2863578240995322,0.28634557103029007,0.2863428202392832,0.28634455467126513,0.28634641678916456,0.2863282317600753,0.28633095392419095,0.28633491801015687,0.2863317453367682,0.2863214797076815,0.28631814659228155,0.28632437510268605,0.28632503681754096,0.28638460844473534,0.28636724057968943,0.28638341349392454,0.2863545991123659,0.28636786765518946,0.2863536946608946,0.28633981369168965,0.28634004103227206
0.2863768634260082,0.28637425236506703,0.28636246656891023,0.2863593023186446,0.28635847092779937,0.28636146235604315,0.28634402817192717,0.28634731299878424,0.2863466399951472,0.28634401838642,0.2863317467815665,0.2863289918212727,0.2863307156711107,0.28633258061408207,0.28631449177624496,0.2863172180329794,0.2863210607241985,0.2863178832325084,0.2863072606523043,0.2863039223517324,0.28631041960993087,0.2863110973989904,0.28637095485366737,0.28635338860508247,0.2863696560227091,0.28634084018605305,0.2863540684202082,0.28633983516655337,0.28632590834174826,0.2863261321945151
0.2863725528198377,0.2863699405203772,0.28635809940793316,0.28635493363959447,0.286354114214134,0.28635710707346906,0.2863396294439197,0.2863429158547383,0.28634225210496983,0.2863396292348447,0.2863274683926455,0.28632471214209065,0.2863263062595285,0.28632817210258177,0.2863099507450323,0.2863126783542947,0.28631664290885667,0.2863134638805487,0.2863031777635848,0.2862998379736443,0.2863059650035528,0.28630665833138164,0.28636669284774274,0.2863489414226482,0.28636528993347865,0.2863365018834545,0.286349675104602,0.2863353959045079,0.28632143226033446,0.2863216549190395
0.2863616556231917,0.28635904019289826,0.2863472347157531,0.2863440651708978,0.28634315717283615,0.286346153631173,0.28632869017356816,0.2863319805233898,0.28633125506607815,0.28632862903474887,0.2863164535657794,0.28631369399356354,0.2863152759677692,0.2863171440623063,0.2862989007479191,0.28630163164822847,0.2863055971720851,0.2863024143044075,0.2862921158041916,0.2862887719815074,0.28629396766879006,0.28629467740245557,0.2863561649780432,0.28633786668934713,0.28635465546558575,0.28632568203185,0.2863386558333353,0.2863244735167143,0.2863100127849978,0.2863102365344566
0.2863452935115733,0.28634267338071845,0.28633084673085785,0.2863276714900703,0.28632672367138207,0.2863297255271108,0.2863122306586051,0.2863155269346779,0.2863147741282639,0.2863121433597133,0.28629994597193126,0.28629718142204186,0.286298752228608,0.28630062369566855,0.2862823474920114,0.2862850833220171,0.28628905233318913,0.28628586371688214,0.28627520405852946,0.28627185407252176,0.28627706784069357,0.28627779383865876,0.2863395206837459,0.28632135407093245,0.28633790200762804,0.28630911372825385,0.2863222001353953,0.28630779869565703,0.28629372812694004,0.2862939547195585
0.28633081277253936,0.2863281884819869,0.2863162931298809,0.2863131128311928,0.2863121748014459,0.28631518143514717,0.2862976234821263,0.28630092501703647,0.2863001799020263,0.28629754493894705,0.2862852109504681,0.28628244195781155,0.28628411830758427,0.28628599276118083,0.28626781180551286,0.2862705519639706,0.2862743992680655,0.28627120556138314,0.2862608720867779,0.2862575168784585,0.28626206099841467,0.2862628032560085,0.2863254093287832,0.28630668195859404,0.2863236803158985,0.2862946972517921,0.2863075857731095,0.28629327435825386,0.28627869824257945,0.286278928940679
0.2863141022021615,0.286311473111815,0.28629960610618443,0.28629642000868744,0.28629539139647603,0.28629840354148334,0.28628084879346993,0.28628415636700355,0.28628334817686363,0.2862807083766218,0.2862684692002247,0.28626569516021727,0.2862672430175298,0.28626912091476914,0.28625078200365484,0.28625352723279573,0.2862575025127852,0.28625430293797,0.2862436067356174,0.28624024523769886,0.2862449461002288,0.28624570463638044,0.28630841625706566,0.2862898162035851,0.28630657529596454,0.2862777786308349,0.2862907787289492,0.2862762465771942,0.28626206027229034,0.28626229612500276
0.28629838788970435,0.28629575428614984,0.2862838669521223,0.28628067538572455,0.28627960473850034,0.28628262206700855,0.2862650371532986,0.2862683504182285,0.2862675130932999,0.2862648687427505,0.2862526085128083,0.2862498296915332,0.28625136480377983,0.2862532459408827,0.28623487543465703,0.28623762539957626,0.28624160259418235,0.2862383974979616,0.2862276828811197,0.2862243155828627,0.286228981791239,0.28622976176691495,0.28629307225103995,0.28627390280196635,0.2862911188680982,0.2862621216959508,0.2862749246738022,0.28626047976127594,0.2862457827421108,0.28624602454594217
0.2862716384017963,0.28626899711664905,0.28625707518350624,0.2862538743089074,0.2862527349040402,0.2862557610540713,0.2862380892957822,0.28624141225937105,0.2862405549176901,0.2862379028215186,0.2862254887991878,0.286222701803599,0.28622431874438814,0.2862262053993974,0.2862077810829495,0.2862105391135079,0.286214497777649,0.2862112832701986,0.286200537266213,0.28619716008128987,0.2862017967717807,0.28620259934853914,0.2862660344548848,0.2862469415994566,0.28626396297678935,0.28623507116019514,0.28624802486051126,0.2862333155905243,0.2862189674840845,0.286219216202587,0.2862072317842606
0.28625995251086905,0.2862573078702877,0.2862453708238679,0.28624216588331053,0.2862409812392643,0.2862440112476547,0.2862263169904179,0.2862296441904322,0.2862287549295526,0.28622609944339444,0.2862136695856545,0.2862108790279735,0.28621247988000714,0.28621436895009267,0.2861959210821328,0.28619868264285697,0.28620263910197546,0.28619942047747315,0.2861886607429466,0.2861852792329875,0.2861898782204901,0.2861907023327165,0.28625472426958637,0.28623505939205324,0.28625253664293,0.2862234536460527,0.28623620388245496,0.2862215856497433,0.2862067263213581,0.28620698227841995,0.28619473132253354
0.2862447280673077,0.2862420790555947,0.2862301223211864,0.28622691208389617,0.28622568130359094,0.286228716334071,0.28621099279203555,0.2862143255062343,0.28621340371235127,0.2862107438163365,0.2861984116610929,0.286195616505322,0.28619708337986016,0.2861989755905125,0.2861806226472757,0.2861833887612621,0.286187219004696,0.2861839950271296,0.28617356384904774,0.28617017684173657,0.28617439285812696,0.28617523903219166,0.2862392179487689,0.28621967111168695,0.2862369118202904,0.2862080175240075,0.28622087779634614,0.2862060352123996,0.2861915641634065,0.28619182800348164,0.28617990366061885
0.28622952035823623,0.28622686698058636,0.28621484006208997,0.28621162451681703,0.2862103941926841,0.2862134342405936,0.28619571711164277,0.28619905532207385,0.2861980615616574,0.28619539725878745,0.2861829262165185,0.2861801263945148,0.28618169252233366,0.28618358787211745,0.2861650787657233,0.28616784950560537,0.2861718013027203,0.28616857197340617,0.28615777653825936,0.28615438378271146,0.28615888160330494,0.2861597631421372,0.2862240567462923,0.2862042720324511,0.28622163074633467,0.28619272463385775,0.2862055417916933,0.2861906250388948,0.28617608575430165,0.2861763580058755,0.2861644599955377
0.28620248451314473,0.28619982337481636,0.2861878120216879,0.2861845870899411,0.2861832292910108,0.2861862782536842,0.28616847347097923,0.28617182148252274,0.2861708007115258,0.28616812857927276,0.28615573981094206,0.2861529317978797,0.28615433694140363,0.28615623786995364,0.28613780049033843,0.28614057934727827,0.28614438125590436,0.2861411424098228,0.28613066324312775,0.2861272606167419,0.286131350469764,0.28613226886767573,0.28619706086293206,0.2861769856141998,0.28619451040559063,0.28616550657341144,0.2861783209593052,0.2861632853232207,0.2861486337037638,0.28614891519095764,0.2861369797114973,0.2861368116184354
0.286179760264259,0.28617709260385565,0.2861650010839357,0.28616176823141853,0.2861604029643243,0.2861634594168619,0.28614564682312527,0.2861490030455258,0.286147902495205,0.28614522378749724,0.28613268545866927,0.28612987050053124,0.2861313702191247,0.2861332758307048,0.2861146666543968,0.28611745239413383,0.28612137350853994,0.2861181266782665,0.28610727287846643,0.28610386173787417,0.28610823504791777,0.2861091911075096,0.2861743794272791,0.28615403890149843,0.2861717044032751,0.2861426542707191,0.28615544012434885,0.28614031066118417,0.28612557133882666,0.28612586238054083,0.2861139263203754,0.28611371758064597
0.28616145066869025,0.2861587777538935,0.2861467133600946,0.28614347415819485,0.2861419997295915,0.2861450622199402,0.28612717855636693,0.28613054142108724,0.28612943273722863,0.286126748726388,0.28611430500069795,0.28611148450615925,0.28611283943092797,0.28611474882056825,0.28609622949286856,0.2860990207173745,0.2861028062810328,0.28609955300831313,0.2860888433529401,0.2860854255047358,0.2860895650316693,0.2860905588739189,0.28615611584505934,0.2861355166897764,0.28615331550330697,0.28612423343949145,0.2861369839227933,0.28612176703225506,0.2861069459299054,0.28610724679632726,0.28609531661037435,0.286095068392804
0.08,0.08,0.08,0.08,0.08,0.08,0.08,0.08,0.08,0.08,0.08,0.08,0.08,0.08,0.08,0.08,0.08,0.08,0.08,0.08,0.08,0.08,0.08,0.08,0.08,0.08,0.08,0.08,0.08,0.08,0.08,0.08
0.08,0.08,0.08,0.08,0.08,0.08,0.08,0.08,0.08,0.08,0.08,0.08,0.08,0.08,0.08,0.08,0.08,0.08,0.08,0.08,0.08,0.08,0.08,0.08,0.08,0.08,0.08,0.08,0.08,0.08,0.08,0.08
0.08,0.08,0.08,0.08,0.08,0.08,0.08,0.08,0.08,0.08,0.08,0.08,0.08,0.08,0.08,0.08,0.08,0.08,0.08,0.08,0.08,0.08,0.08,0.08,0.08,0.08,0.08,0.08,0.08,0.08,0.08,0.08
0.08,0.08,0.08,0.08,0.08,0.08,0.08,0.08,0.08,0.08,0.08,0.08,0.08,0.08,0.08,0.08,0.08,0.08,0.08,0.08,0.08,0.08,0.08,0.08,0.08,0.08,0.08,0.08,0.08,0.08,0.08,0.08
0.08,0.08,0.08,0.08,0.08,0.08,0.08,0.08,0.08,0.08,0.08,0.08,0.08,0.08,0.08,0.08,0.08,0.08,0.08,0.08,0.08,0.08,0.08,0.08,0.08,0.08,0.08,0.08,0.08,0.08,0.08,0.08
0.08,0.08,0.08,0.08,0.08,0.08,0.08,0.08,0.08,0.08,0.08,0.08,0.08,0.08,0.08,0.08,0.08,0.08,0.08,0.08,0.08,0.08,0.08,0.08,0.08,0.08,0.08,0.08,0.08,0.08,0.08,0.08
0.08,0.08,0.08,0.08,0.08,0.08,0.08,0.08,0.08,0.08,0.08,0.08,0.08,0.08,0.08,0.08,0.08,0.08,0.08,0.08,0.08,0.08,0.08,0.08,0.08,0.08,0.08,0.08,0.08,0.08,0.08,0.08
0.08,0.08,0.08,0.08,0.08,0.08,0.08,0.08,0.08,0.08,0.08,0.08,0.08,0.08,0.08,0.08,0.08,0.08,0.08,0.08,0.08,0.08,0.08,0.08,0.08,0.08,0.08,0.08,0.08,0.08,0.08,0.08
0.28614634991100707,0.2861436726630981,0.2861315887534054,0.28612834430085393,0.28612680922266753,0.28612987669628936,0.28611199996747383,0.28611536829080453,0.2861141778065639,0.28611148941608355,0.2860989058587827,0.28609608072631026,0.2860975275509722,0.2860994400620898,0.28608076360441054,0.28608355942931907,0.28608746031209636,0.28608420171481014,0.2860736588035602,0.2860702354289423,0.2860741179853151,0.2860751505631606,0.2861410652871648,0.28612020470117727,0.2861381348513432,0.28610903148572303,0.286121740062427,0.28610643802422736,0.2860915374936925,0.28609184864946163,0.2860799276886964,0.2860796369994731
0.2861275624111384,0.28612487977275647,0.28611272050840103,0.28610946950621285,0.28610792723195855,0.2861110008992308,0.2860930520629308,0.28609642719973116,0.2860952285916749,0.28609253476148516,0.2860800456064208,0.2860772147941654,0.2860785162142558,0.2860804326006315,0.2860617183533737,0.2860645198428081,0.2860684116930255,0.28606514648758785,0.2860545822492691,0.286051151932933,0.2860549656828757,0.28605603610580704,0.28612232141247046,0.28610120428404806,0.2861192686483787,0.2860901296407052,0.2861028048669077,0.286087414762519,0.2860724310935807,0.2860727525203501,0.2860608343691754,0.28606050401030103
0.2861079182687793,0.28610522999477495,0.28609304524126467,0.28608978741007673,0.2860881840850793,0.2860912642277424,0.2860732776336968,0.2860766598803662,0.2860754149978639,0.28607271548047725,0.2860600799499236,0.28605724312567943,0.28605863748945387,0.2860605579274314,0.28604193159492347,0.28604473896875504,0.28604849400802307,0.2860452218937389,0.28603445036575015,0.2860310127245204,0.28603494002839097,0.28603604976387126,0.28610272273326554,0.28608133665383023,0.2860995415487063,0.28607036518317164,0.28608300560461547,0.286067523497658,0.28605245164034165,0.2860527833615353,0.286040869531648,0.28604049795809455
0.2860882784140652,0.2860855845063204,0.2860734255636345,0.28607016092352855,0.286068444455326,0.2860715310714746,0.2860535429479465,0.2860569322893714,0.2860556042418711,0.28605289903876596,0.28604035726756916,0.2860375145051931,0.28603876118311594,0.28604068567172836,0.28602189241617554,0.28602470574877265,0.28602857850850766,0.2860252994869454,0.2860146906592949,0.28601124582943066,0.2860149155051037,0.286016064989418,0.2860831279757328,0.28606147150364136,0.2860798182808459,0.28605060434242147,0.28606320921212125,0.2860476335934877,0.2860324730781727,0.2860328150945144,0.2860209061614894,0.2860204932023865
0.28606469345921925,0.2860619927869316,0.2860498033784755,0.28604653054144336,0.28604475086407694,0.2860478452493949,0.28602981191586485,0.2860332097876682,0.2860318336301621,0.28602912160572885,0.28601654827648126,0.2860136983465805,0.28601491755940456,0.28601684690653534,0.2859980062739834,0.2860008267083446,0.28600469119353,0.28600140388821615,0.28599076832651477,0.2859873147947613,0.2859909123575102,0.28599210251634516,0.28605958507600965,0.2860376488001802,0.2860561464255742,0.28602688176822794,0.2860394561433853,0.2860237795299809,0.28600852290577117,0.28600887561962873,0.28599696702073935,0.28599651222613
0.2860430155261596,0.28604030863712254,0.28602809123029604,0.2860248108601283,0.2860229677856745,0.2860260693127458,0.28600799442053076,0.28601140013381954,0.28600997558807717,0.2860072572919985,0.28599465494802606,0.2859917984281848,0.2859929894855766,0.28599492330029946,0.2859760391030842,0.2859788660677845,0.2859827212513475,0.28597942632822654,0.2859687661819561,0.28596530464787606,0.28596882841178894,0.28597005939276615,0.28603794859424475,0.28601573797595625,0.2860343841843215,0.2860050728157989,0.28601761435392836,0.2860018388055957,0.2859864879117525,0.2859868514781771,0.2859749460689113,0.2859744491675246
0.2860229340286838,0.28602022138142735,0.28600797804155287,0.28600469069387574,0.2860027842341402,0.28600589237773055,0.2859877425139788,0.2859911555051597,0.2859897187865388,0.2859869946789733,0.28597424429189683,0.2859713816291674,0.2859726651001781,0.28597460305524497,0.2859558070705774,0.28595864004905297,0.28596235650140817,0.2859590545179412,0.28594818490549717,0.28594471588680853,0.28594835118620104,0.2859496231046384,0.28601790665131444,0.2859954292364912,0.2860142219692672,0.28598486570622483,0.2859973732429362,0.2859815000372337,0.28596605608168735,0.2859664306254664,0.2859545308724471,0.28595399152977036
0.28600447102768833,0.28600175308690545,0.2859894859070001,0.28598619214490595,0.28598422255970535,0.28598733678744065,0.2859691514483977,0.2859725711198529,0.2859710856344,0.28596835618176986,0.2859555808293648,0.2859527125502377,0.285953966795463,0.28595590855918207,0.2859370756884683,0.28593991423402587,0.2859436192998941,0.2859403108210917,0.28592941987981546,0.28592594403780974,0.2859295022130194,0.28593081557883376,0.2859994796168394,0.2859767467226552,0.2859956839703767,0.28596628243888406,0.2859787558788198,0.28596278598820335,0.2859472498627647,0.2859476354633108,0.2859357439506188,0.2859351619768477
0.28598621266539825,0.28598348949032654,0.2859711987373701,0.28596789863264327,0.28596586655943296,0.28596898680324345,0.28595076638600303,0.2859541926629916,0.2859526582889946,0.2859499235509145,0.28593724514205016,0.28593437134576477,0.28593547431386424,0.2859374198438994,0.2859185504973582,0.2859213945481125,0.2859250879355638,0.28592177303348665,0.2859110484114217,0.2859075658899352,0.28591085835733393,0.285912213560567,0.28598125060789026,0.2859582759546481,0.2859773581419581,0.2859479036582583,0.2859603464169326,0.2859442783184688,0.2859286483107101,0.28592904503075933,0.28591716243211596,0.28591653753269586
0.2859652746535484,0.28596254547668204,0.2859502196215789,0.28594691224139995,0.28594482618496714,0.2859479533238421,0.28592972939584166,0.2859331632302909,0.28593154255150843,0.2859288017575819,0.2859159734337544,0.28591309323761704,0.2859142878672472,0.28591623771176683,0.2858971972060949,0.2859000476017368,0.2859038592176347,0.28590053695819756,0.2858894316247398,0.28588594124476846,0.28588951190533457,0.2858909098439962,0.2859603317270031,0.28593712890259854,0.28595636078560377,0.2859268327631599,0.2859392550013558,0.28592308121159227,0.28590734859405126,0.28590775664031093,0.2858958797983178,0.28589521032865545
0.2859352346039775,0.28593249681754834,0.2859201402621366,0.2859168224521561,0.28591466660944415,0.2859178036303122,0.28589948539136767,0.2859029300892223,0.28590129527438624,0.285898545807065,0.28588579925856744,0.2858829099855394,0.2858839529089033,0.2858859089300047,0.2858669379811524,0.28586979736661183,0.28587347169094757,0.28587013890153196,0.2858593565553099,0.28585585524363,0.28585899105139934,0.2858604338860734,0.28593026517237313,0.28590687086305816,0.28592623326630257,0.2858966218964022,0.28590904546497276,0.28589274748501803,0.28587689206883626,0.2858773118018629,0.28586542980336965,0.28586471439099753,0.2859251319244838
0.28591553034267775,0.2859127869097799,0.28590039681084767,0.2858970721559731,0.2858948428703364,0.28589798638563335,0.28587966716462576,0.28588311897997964,0.2858813989352565,0.28587864376351174,0.2858657482869553,0.28586285298315756,0.28586398693831044,0.2858659470241343,0.28584680665615986,0.28584967202161543,0.2858534640235101,0.2858501243020073,0.2858389607412711,0.28583545201720884,0.28583886388877755,0.2858403508363724,0.2859105606444074,0.28588695112585183,0.2859064903870732,0.2858767606872406,0.2858891607656289,0.28587277975530573,0.2858568107018401,0.28585724151752345,0.2858453673876843,0.2858446060290559,0.28590521539522656,0.2858759516263163
0.28590375317474975,0.28590100636729077,0.2858886091862815,0.28588528044511347,0.28588298983497545,0.2858861372330667,0.2858677584885751,0.2858712145803999,0.28586948601587225,0.2858667274289279,0.28585393869246534,0.2858510398370061,0.2858520183144731,0.2858539808366698,0.2858349469277546,0.2858378158158022,0.2858414620567804,0.2858381181773299,0.28582730004326085,0.28582378708179146,0.2858267530610418,0.28582828352295275,0.28589878149128545,0.2858750499871991,0.28589468924851796,0.28586487778991215,0.28587728222995307,0.28586081210220743,0.2858447317689224,0.2858451729681471,0.28583331647635635,0.28583250906849234,0.28589366700248126,0.2858641373348546
0.28587763448308273,0.28587488019256135,0.2858624411654381,0.2858591033538895,0.2858567412708042,0.2858598972663842,0.2858415054246361,0.28584497094301925,0.2858431328079997,0.28584036666696233,0.28582741995843053,0.285824513128531,0.28582558300966876,0.2858275509125149,0.2858083343222443,0.28581121111390534,0.2858149773399988,0.285811624286257,0.285800416270124,0.2857968935404103,0.28580013611472743,0.28580171295374557,0.28587262438775624,0.2858487555732403,0.2858685118808697,0.285838510469508,0.2858510056436678,0.2858343760418773,0.285818175023568,0.28581862668594815,0.28580676964554935,0.2858059141998883,0.28586727289341907,0.2858376826487695,0.2858666685796247,0.28583347582182056
0.2858610456979249,0.28585828665527907,0.2858458343748361,0.2858424908077541,0.2858400704009694,0.2858432318562564,0.2858247711506525,0.2858282426769675,0.28582639701642315,0.28582362607871487,0.28581078020774486,0.28580786837474864,0.2858087823249001,0.28581075364692576,0.2857915037171502,0.28579438550665104,0.28579813745997606,0.2857947785736542,0.2857835511094664,0.28578002225257243,0.2857831777761878,0.28578479985154165,0.2858560165123533,0.2858320330489157,0.28585189213476997,0.2858219187321508,0.2858342934718224,0.28581774021416567,0.2858009271139741,0.28580138787967513,0.28578922941882945,0.2857883259145484,0.2858509164803045,0.28582121502834223,0.28585021373449365,0.2858176024721908
0.2858339289875708,0.2858311621779603,0.28581867492310686,0.2858153219444592,0.2858128180491305,0.2858159884283437,0.2857974756944244,0.285800957019004,0.2857990666128218,0.28579628784297684,0.2857834057436519,0.28578048568106196,0.28578136805443494,0.2857833449548923,0.2857640406341707,0.28576693057770086,0.2857706722104694,0.2857673038127244,0.2857560446366398,0.2857525057879113,0.28575557733971674,0.2857572465730273,0.2858292157437667,0.2858047383111792,0.2858250773751264,0.2857944430054589,0.28580700851198565,0.28579023112984364,0.2857737288201951,0.2857741977856666,0.2857623447254724,0.2857613915707246,0.2858247496112036,0.28579359745766414,0.28582393366024944,0.2857894694271992,0.28579400909148944
0.08,0.08,0.08,0.08,0.08,0.08,0.08,0.08,0.08,0.08,0.08,0.08,0.08,0.08,0.08,0.08,0.08,0.08,0.08,0.08,0.08,0.08,0.08,0.08,0.08,0.08,0.08,0.08,0.08,0.08,0.08,0.08,0.08,0.08,0.08,0.08,0.08,0.08
0.08,0.08,0.08,0.08,0.08,0.08,0.08,0.08,0.08,0.08,0.08,0.08,0.08,0.08,0.08,0.08,0.08,0.08,0.08,0.08,0.08,0.08,0.08,0.08,0.08,0.08,0.08,0.08,0.08,0.08,0.08,0.08,0.08,0.08,0.08,0.08,0.08,0.08
0.08,0.08,0.08,0.08,0.08,0.08,0.08,0.08,0.08,0.08,0.08,0.08,0.08,0.08,0.08,0.08,0.08,0.08,0.08,0.08,0.08,0.08,0.08,0.08,0.08,0.08,0.08,0.08,0.08,0.08,0.08,0.08,0.08,0.08,0.08,0.08,0.08,0.08
0.08,0.08,0.08,0.08,0.08,0.08,0.08,0.08,0.08,0.08,0.08,0.08,0.08,0.08,0.08,0.08,0.08,0.08,0.08,0.08,0.08,0.08,0.08,0.08,0.08,0.08,0.08,0.08,0.08,0.08,0.08,0.08,0.08,0.08,0.08,0.08,0.08,0.08
0.08,0.08,0.08,0.08,0.08,0.08,0.08,0.08,0.08,0.08,0.08,0.08,0.08,0.08,0.08,0.08,0.08,0.08,0.08,0.08,0.08,0.08,0.08,0.08,0.08,0.08,0.08,0.08,0.08,0.08,0.08,0.08,0.08,0.08,0.08,0.08,0.08,0.08
0.08,0.08,0.08,0.08,0.08,0.08,0.08,0.08,0.08,0.08,0.08,0.08,0.08,0.08,0.08,0.08,0.08,0.08,0.08,0.08,0.08,0.08,0.08,0.08,0.08,0.08,0.08,0.08,0.08,0.08,0.08,0.08,0.08,0.08,0.08,0.08,0.08,0.08
0.08,0.08,0.08,0.08,0.08,0.08,0.08,0.08,0.08,0.08,0.08,0.08,0.08,0.08,0.08,0.08,0.08,0.08,0.08,0.08,0.08,0.08,0.08,0.08,0.08,0.08,0.08,0.08,0.08,0.08,0.08,0.08,0.08,0.08,0.08,0.08,0.08,0.08
0.08,0.08,0.08,0.08,0.08,0.08,0.08,0.08,0.08,0.08,0.08,0.08,0.08,0.08,0.08,0.08,0.08,0.08,0.08,0.08,0.08,0.08,0.08,0.08,0.08,0.08,0.08,0.08,0.08,0.08,0.08,0.08,0.08,0.08,0.08,0.08,0.08,0.08
0.2858124265006082,0.2858096535329431,0.28579713034458837,0.28579376990112215,0.28579119159885236,0.28579436905878525,0.2857758523239115,0.28577934140957456,0.2857773456979281,0.2857745607043306,0.28576152594955734,0.2857585993101514,0.2857595730213093,0.2857615543561446,0.28574233826146433,0.2857452346477256,0.2857488316058602,0.2857454556452144,0.2857345339916018,0.2857309873297123,0.2857336075515113,0.2857353242236914,0.28580768826110536,0.28578307752745186,0.28580353939043374,0.28577282834619827,0.2857853546280873,0.2857685948494046,0.28575148701879327,0.2857519622789905,0.2857397933448422,0.285738788948338,0.2858030559170141,0.28577171086593767,0.28580211764208724,0.2857684680212982,0.28577218940826393,0.28576793157867925
0.2857937813181072,0.28579100301131793,0.28577846398215345,0.2857750970718879,0.2857724480754127,0.28577563167143477,0.28575704187795764,0.2857605377142812,0.28575853152443587,0.2857557411406076,0.28574280531675245,0.28573987305081316,0.28574069284945397,0.2857426780251536,0.2857232930161277,0.28572619505562546,0.28572991001597847,0.28572652750434246,0.2857155847117906,0.28571203116827354,0.28571456576550214,0.28571632734945296,0.28578902006335394,0.2857643032562751,0.28578486261866926,0.28575399620745967,0.28576658563952595,0.28574974865936326,0.2857325118218312,0.28573299080317244,0.28572081244125047,0.2857197591330032,0.2857846547114944,0.28575292211108483,0.2857836005892648,0.28574971324979653,0.2857534708153336,0.28574908796463894
0.28577103510751795,0.28576825028805425,0.28575562890926826,0.2857522540889593,0.28574959415843515,0.28575278523525266,0.28573418926850125,0.28573769330512117,0.28573560159713585,0.2857328046447301,0.2857197140390144,0.2857167748337906,0.285717690330587,0.2857196801851967,0.28570038158365907,0.2857032904231577,0.28570686092973846,0.2857034704390891,0.2856921376009457,0.2856885755434339,0.28569138970299857,0.285693197145111,0.28576624771592074,0.2857414149247325,0.28576208021317834,0.28573104446499925,0.28574370313358455,0.28572678378596167,0.28570975962935413,0.28571024054353095,0.28569834919359716,0.2856972434440518,0.28576193535514394,0.28572979083628797,0.2857607562376468,0.285726763618143,0.28573041558468587,0.28572604220960546
0.28575271491080706,0.28574992484655737,0.2857373328719243,0.2857339517146578,0.28573117678366405,0.2857343738883245,0.28571570533477,0.2857192160032469,0.28571711559984064,0.28571431335252656,0.2857013226509462,0.2856983779195043,0.28569914242814237,0.2857011360550924,0.28568166864257194,0.28568458303529715,0.2856882716082823,0.2856848746832701,0.2856738853819006,0.28567031669755333,0.2856726838126843,0.2856745348347883,0.2857475571653437,0.28572294382075475,0.28574338150911144,0.28571239626996453,0.2857252365872278,0.28570812579187893,0.2856908081644828,0.28569128957514156,0.2856790460157018,0.28567788749776757,0.2857424854214236,0.2857114994904386,0.2857411781072153,0.28570753538915367,0.28571220181112655,0.28570670456112585
0.2857223385974889,0.28571953983822596,0.2857068554219486,0.285703463710131,0.285700646949692,0.2857038540450522,0.285685127242861,0.2856886488808727,0.28568647016280974,0.2856836591390575,0.2856706278403411,0.2856676738871045,0.285668383379675,0.28567038326160177,0.28565085486088737,0.28565377839653083,0.28565745811236587,0.2856540505233674,0.2856430268122725,0.28563944692572707,0.28564173972463214,0.2856436342910193,0.2857174960562318,0.28569239635251753,0.2857133074543642,0.2856818625392563,0.2856946963937481,0.28567757791064224,0.28566029573917534,0.28566077781708005,0.2856488124852586,0.28564759902198594,0.2857132943286326,0.2856804876951896,0.28571185412288874,0.2856777254917934,0.2856812704087963,0.2856767804028673,0.28564694146895403
0.28570715994922985,0.2857043568457669,0.2856916527847563,0.28568825580887136,0.2856853794269302,0.28568859151781717,0.2856698355904769,0.28567336271344795,0.2856711406561773,0.28566832524285884,0.28565514842152506,0.285652189818364,0.28565300045223196,0.28565500346191214,0.2856355774665633,0.2856385055346246,0.2856420384747896,0.28563862555006614,0.2856272179130517,0.2856236322883922,0.28562622243778346,0.2856281538573717,0.2857019462283299,0.28567707717597524,0.28569775093140065,0.2856663704025252,0.285679380864783,0.2856620786034513,0.28564453719975386,0.2856450193452425,0.2856326767442477,0.28563140919360624,0.2856972048954156,0.2856652385637657,0.2856956304571789,0.2856616167478595,0.285666103175768,0.28566055560200765,0.2856304501729016
0.28568943561488624,0.2856866274391293,0.2856739004410659,0.2856704973188508,0.2856675620223175,0.28567077994248186,0.28565199002918995,0.2856555235525549,0.2856532593430309,0.2856504388099452,0.28563723807884045,0.28563427409605185,0.2856350631790775,0.2856370698355182,0.285617608525338,0.2856205419238078,0.28562406278509506,0.2856206436407797,0.28560921526704725,0.2856056231086695,0.2856081565332589,0.28561012009742665,0.2856845442290337,0.2856592522522329,0.2856803414626708,0.285648606391726,0.28566156014808725,0.28564430663889023,0.28562690995394063,0.28562739250025065,0.2856152934618844,0.28561397088437723,0.2856804664100901,0.28564706348682156,0.28567875465083714,0.2856445896540788,0.2856480121859054,0.28564340853551135,0.28561349312277956
0.2856619206460281,0.285659104597177,0.2856463419971191,0.2856429293347204,0.2856399089935418,0.2856431359596655,0.2856242933068285,0.28562783676241466,0.28562550518503427,0.28562267670646574,0.28560943886960954,0.28560646653805927,0.2856072121506175,0.28560922446858117,0.28558970833319897,0.2855926500070167,0.2855961636537146,0.28559273485760406,0.28558127430422275,0.2855776720065813,0.2855801645636052,0.28558215614009147,0.28565664966363485,0.2856315364287651,0.2856524349464644,0.28562068219180337,0.2856338508361317,0.2856163701562599,0.2855986606080313,0.2855991442670861,0.28558666225408225,0.2855852822668619,0.28565202721074523,0.2856193969653646,0.28565017292912337,0.2856160448473099,0.285620432683773,0.2856147391560859,0.28558442024860475,0.28558462083197894
0.2856339000918979,0.2856310760266009,0.28561827717676064,0.2856148548004792,0.2856117365618119,0.28561497274228287,0.2855960763686171,0.2855996299413059,0.2855972185226233,0.2855943819474688,0.2855811062996511,0.2855781254605704,0.28557881564097176,0.28558083373038246,0.28556126170576424,0.2855642118156008,0.2855676901425665,0.28556425149759546,0.2855527581079923,0.2855491454640742,0.28555158083257987,0.2855535944527308,0.28562894721826443,0.28560334718156305,0.28562472063863387,0.2855925077897972,0.2856056682037903,0.28558818341431064,0.2855705664087869,0.2855710512929005,0.28555877291786547,0.285557334676343,0.28562498965663785,0.2855908370874841,0.2856229898943659,0.2855886099212329,0.28559196201722026,0.2855871765016127,0.285556942281161,0.285557139433935,0.28553822766404385
0.28560959742938363,0.28560676641237537,0.2855939900292985,0.28559055924797616,0.28558731841407786,0.2855905625797429,0.285571657717085,0.28557522004364866,0.2855727201246139,0.2855698765382957,0.2855566946197156,0.2855537064515901,0.28555424334615803,0.28555626642898163,0.2855365118162293,0.28553946926463913,0.28554307411377544,0.28553962695556795,0.28552847557030575,0.28552485411754797,0.2855268999199766,0.2855289296111088,0.28560426402446004,0.2855788681360924,0.2856000268782066,0.28556783935442814,0.28558119489951256,0.28556350419431176,0.2855456168961645,0.2855461029202178,0.2855340002141798,0.2855325033989725,0.2855997624834419,0.2855665145714052,0.28559761485344803,0.2855632689417183,0.2855677302676364,0.285561704942033,0.2855312221058238,0.28553141870683835,0.28551345854141336
0.28557993583737823,0.28557709633710476,0.2855642276926763,0.28556078661316436,0.28555750223967835,0.2855607561542299,0.2855417945696036,0.2855453676001285,0.285542788933701,0.28553993678279566,0.28552671524948636,0.28552371808219434,0.28552420155754604,0.285526230744269,0.2855064166188815,0.28550938298935025,0.2855129570661176,0.28550949949388205,0.28549794300183023,0.2854943104747427,0.2854966911413603,0.2854987340938855,0.28557456877198467,0.28554900964924085,0.28557031891777396,0.2855378770407879,0.2855513434114477,0.28553352880234106,0.2855155346900591,0.2855160221418597,0.28550380537180214,0.28550224874063734,0.2855699057140015,0.2855363769369946,0.28556760606739434,0.28553336700393295,0.28553768576120553,0.2855316690317594,0.2855010155210906,0.285501213876068,0.28548320759499823,0.2854835917438918
0.2855549302295879,0.28555208357882594,0.2855392368007198,0.28553578707540683,0.2855323723989496,0.28553563452877884,0.2855165868694748,0.2855201689338194,0.28551757132231953,0.28551471195676026,0.2855013298804628,0.2854983250942744,0.28549890288911534,0.2855009372151872,0.28548120796135285,0.2854841818039886,0.28548760958059793,0.2854841432450177,0.2854729299846262,0.2854692883866735,0.28547128615088524,0.2854733387110207,0.28554953174708486,0.28552384105503603,0.2855452711804232,0.2855126302523829,0.2855261807156313,0.2855082709990351,0.28549019981461127,0.28549068848206394,0.28547838329982295,0.28547676636024977,0.2855451533880456,0.285511149421823,0.28554270062410847,0.28550823754695276,0.28551255308708173,0.285506403372265,0.28547550033487595,0.28547570226753477,0.28545766474540174,0.2854580829848761
0.2855276689298091,0.28552481448473677,0.2855118782638023,0.28550841907504926,0.28550498069067576,0.2855082517738251,0.28548919029834263,0.28549278217941526,0.2854900877658027,0.28548722053854003,0.2854738017498536,0.2854707887029572,0.28547133361887456,0.28547337354468505,0.2854535900661164,0.28545657209376685,0.2854599887771765,0.28545651289379975,0.2854452688284192,0.2854416172008295,0.285443607396249,0.28544566827682494,0.28552223762392553,0.2854964083070237,0.2855179653821693,0.28548511609177435,0.2854987543952065,0.2854807448397109,0.28546259229041593,0.28546308229408285,0.28545068520177425,0.28544900688545366,0.28551769893547446,0.2854834329322574,0.2855150906923631,0.28548073423391795,0.2854849335134568,0.28547876078290135,0.2854477646307548,0.28544797168979774,0.28542988753030096,0.2854303428682183
0.28550580980591467,0.28550294911198326,0.2854899846357904,0.2854865178750376,0.2854830020151195,0.2854862802812232,0.28546717701413055,0.28547077678184124,0.28546802424741985,0.2854651507097876,0.2854517024534067,0.28544868277587515,0.2854491939630207,0.28545123838506964,0.28543127571847243,0.2854342643583666,0.2854378034484906,0.2854343198973517,0.2854226767958367,0.28541901697784006,0.28542137485133634,0.28542344185260654,0.28550034832496857,0.28547439287791043,0.2854960667212224,0.2854630241941385,0.2854767441240648,0.2854586433094032,0.28544041893927086,0.28544091001912186,0.28542842715613903,0.2854266877628019,0.28549587469870075,0.2854612469751949,0.28549311010972256,0.28545871059326267,0.2854628454954832,0.28545659531197337,0.28542546837364124,0.2854256816498292,0.2854076086260551,0.28540810339664946
0.28547969389405925,0.28547682573544353,0.2854638821154239,0.2854604063282938,0.2854567556617347,0.2854600425043072,0.28544085077222725,0.28544445997041706,0.2854416857351748,0.2854388046655656,0.285425449375149,0.2854224218218175,0.28542277068119887,0.28542482046865675,0.2854049414964677,0.2854079379386607,0.28541132943678293,0.28540783673693393,0.2853965384159732,0.28539286912326256,0.2853948476600095,0.2853969210074678,0.2854741995933096,0.28544812966584554,0.28546990680754436,0.2854367989454182,0.2854504870636068,0.2854324066287364,0.28541430533257195,0.28541479768297895,0.28540129073478887,0.28539948891465283,0.28547001392376115,0.285434703925128,0.285467089059189,0.28543329805334744,0.28543640262555114,0.2854310377215463,0.28539993765048316,0.2854001582714955,0.28538092224572564,0.28538145900462847
0.2854567136493345,0.2854538389232547,0.28544086573300825,0.2854373819878599,0.2854336510333009,0.2854369454246238,0.28541770968475066,0.285421327171232,0.285418492836493,0.2854156051354259,0.2854022191734759,0.2853991846522155,0.28539949834772266,0.28540155286007485,0.28538162813564577,0.2853846314841013,0.2853880097153251,0.2853845089579933,0.2853731846413662,0.2853695068845558,0.2853714803735763,0.28537355903415385,0.28545154366278264,0.2854249629579114,0.28544724118181497,0.2854134324259107,0.2854273257805611,0.2854090299257806,0.28539065016232423,0.2853911436645346,0.2853784826380779,0.2853766188523073,0.2854478191232618,0.2854115712270794,0.2854447267049138,0.28540930894736666,0.2854133710285161,0.2854069019755127,0.2853754950288549,0.28537572384961113,0.2853574467962052,0.2853580275161717
0.08,0.08,0.08,0.08,0.08,0.08,0.08,0.08,0.08,0.08,0.08,0.08,0.08,0.08,0.08,0.08,0.08,0.08,0.08,0.08,0.08,0.08,0.08,0.08,0.08,0.08,0.08,0.08,0.08,0.08,0.08,0.08,0.08,0.08,0.08,0.08,0.08,0.08,0.08,0.08,0.08,0.08
0.08,0.08,0.08,0.08,0.08,0.08,0.08,0.08,0.08,0.08,0.08,0.08,0.08,0.08,0.08,0.08,0.08,0.08,0.08,0.08,0.08,0.08,0.08,0.08,0.08,0.08,0.08,0.08,0.08,0.08,0.08,0.08,0.08,0.08,0.08,0.08,0.08,0.08,0.08,0.08,0.08,0.08
0.08,0.08,0.08,0.08,0.08,0.08,0.08,0.08,0.08,0.08,0.08,0.08,0.08,0.08,0.08,0.08,0.08,0.08,0.08,0.08,0.08,0.08,0.08,0.08,0.08,0.08,0.08,0.08,0.08,0.08,0.08,0.08,0.08,0.08,0.08,0.08,0.08,0.08,0.08,0.08,0.08,0.08
0.08,0.08,0.08,0.08,0.08,0.08,0.08,0.08,0.08,0.08,0.08,0.08,0.08,0.08,0.08,0.08,0.08,0.08,0.08,0.08,0.08,0.08,0.08,0.08,0.08,0.08,0.08,0.08,0.08,0.08,0.08,0.08,0.08,0.08,0.08,0.08,0.08,0.08,0.08,0.08,0.08,0.08
0.08,0.08,0.08,0.08,0.08,0.08,0.08,0.08,0.08,0.08,0.08,0.08,0.08,0.08,0.08,0.08,0.08,0.08,0.08,0.08,0.08,0.08,0.08,0.08,0.08,0.08,0.08,0.08,0.08,0.08,0.08,0.08,0.08,0.08,0.08,0.08,0.08,0.08,0.08,0.08,0.08,0.08
0.08,0.08,0.08,0.08,0.08,0.08,0.08,0.08,0.08,0.08,0.08,0.08,0.08,0.08,0.08,0.08,0.08,0.08,0.08,0.08,0.08,0.08,0.08,0.08,0.08,0.08,0.08,0.08,0.08,0.08,0.08,0.08,0.08,0.08,0.08,0.08,0.08,0.08,0.08,0.08,0.08,0.08
0.08,0.08,0.08,0.08,0.08,0.08,0.08,0.08,0.08,0.08,0.08,0.08,0.08,0.08,0.08,0.08,0.08,0.08,0.08,0.08,0.08,0.08,0.08,0.08,0.08,0.08,0.08,0.08,0.08,0.08,0.08,0.08,0.08,0.08,0.08,0.08,0.08,0.08,0.08,0.08,0.08,0.08
0.08,0.08,0.08,0.08,0.08,0.08,0.08,0.08,0.08,0.08,0.08,0.08,0.08,0.08,0.08,0.08,0.08,0.08,0.08,0.08,0.08,0.08,0.08,0.08,0.08,0.08,0.08,0.08,0.08,0.08,0.08,0.08,0.08,0.08,0.08,0.08,0.08,0.08,0.08,0.08,0.08,0.08
0.285432133762091,0.285429252012379,0.285416247198329,0.28541275494241264,0.2854089403841836,0.2854122428478332,0.2853929600481545,0.2853965863977932,0.2853936896290746,0.2853907948371294,0.2853773760790932,0.2853743341071761,0.28537461149676824,0.28537667106108267,0.28535669741768294,0.28535970815046463,0.28536307319314674,0.28535956382057176,0.2853482117105697,0.28534452490373796,0.28534649372177534,0.28534857780320266,0.28542657314772407,0.2854002357526518,0.2854222599847835,0.28538874299773975,0.28540260436519344,0.2853843297393674,0.2853660749548242,0.28536656965419965,0.28535288197629877,0.28535095447659775,0.2854223046646773,0.28538644515458095,0.28541903398794255,0.285385385915736,0.28538835095760223,0.2853828267072564,0.28535144066943613,0.2853516786081909,0.2853323452138302,0.2853329724045101
0.2854035532906243,0.28540066337541115,0.2853876217967385,0.28538411964641974,0.28538022304101435,0.2853835348843878,0.285364236262868,0.28536787289722776,0.2853648759829533,0.285361972954913,0.28534838699007936,0.28534533632547465,0.2853457082807175,0.2853477737113694,0.28532760622066095,0.28533062556869754,0.28533411689660454,0.2853305975220151,0.2853192131435841,0.2853155158300002,0.28531748128880785,0.28531957147563775,0.28539831553176265,0.28537145130351527,0.2853939902864873,0.2853597521792654,0.28537382665405736,0.28535532629228655,0.285336782053597,0.2853372781798779,0.2853244378767226,0.2853224491560009,0.2853947324051971,0.2853576863767406,0.285391290327686,0.2853557123181246,0.2853596949052762,0.28535300436937633,0.2853212856083053,0.2853215331711262,0.2853032138022561,0.28530388685537833
0.28537750220008257,0.2853746048432237,0.2853615297594415,0.28535801859184406,0.2853540379258177,0.28535735832044135,0.2853380099482366,0.2853416559715525,0.2853385965310702,0.2853356859925368,0.2853221944060539,0.2853191358886103,0.28531934313242996,0.2853214139134038,0.28530133165853705,0.28530435878641414,0.2853077015246034,0.28530417302717914,0.28529238009103985,0.28528867305692374,0.28529101370102505,0.28529310940465447,0.28537187079889237,0.2853452481550768,0.28536753424279016,0.28533344068586564,0.2853476296398405,0.28532900333754874,0.28531072876057106,0.2853112261560901,0.28529735887716495,0.28529530954414034,0.28536773889348477,0.28533107736256913,0.28536411573027637,0.2853294717127214,0.2853331940388581,0.28532660855134245,0.2852958103512952,0.2852960682874518,0.2852766785824267,0.2852773994598793
0.2853586198965925,0.28535571714661223,0.2853425625140097,0.2853390447923031,0.2853350363811695,0.28533836298028054,0.285318939478502,0.2853225923280833,0.2853195109486658,0.2853165949563335,0.28530294845533044,0.2852998841685056,0.2853001859661921,0.2853022606342354,0.2852820030852005,0.28528503593545246,0.28528850323388616,0.28528496810702164,0.28527353290966945,0.2852698190489058,0.28527177495188055,0.28527387464923076,0.2853533169920227,0.28532618550395633,0.2853489724949052,0.2853144714743842,0.28532857145653695,0.2853100258555854,0.28529118737003994,0.2852916857174991,0.2852786913111989,0.28527658671194833,0.28535010637160735,0.2853119241199765,0.2853463053935059,0.2853113346955294,0.28531415336208416,0.28530831028209,0.2852754089681467,0.28527567770912476,0.28525727780692783,0.285258046784546
0.2853355963971832,0.28533268707209986,0.28531955810364007,0.2853160324337756,0.28531188397644713,0.28531521813446126,0.2852957896884655,0.2852994508234644,0.28529626864734015,0.2852933460142407,0.2852797984911916,0.28527672726554926,0.28527686525663803,0.2852789446559559,0.28525864098066006,0.28526168074656816,0.28526513806026865,0.2852615948661002,0.2852501336430128,0.28524641130785167,0.28524836243095175,0.28525046695274703,0.28532990045593465,0.28530301607645747,0.2853255459273744,0.2852910511209834,0.28530540745737853,0.28528659529566436,0.28526818192900383,0.28526868139708295,0.2852546738585188,0.2852525191506843,0.2853259065865349,0.28528844880284143,0.2853219307581113,0.2852872376165771,0.28529079442365507,0.2852840454577744,0.2852529833761505,0.2852532635339315,0.2852337473066821,0.28523456564077054
0.2853109751530169,0.28530805879753685,0.2852948426503018,0.28529130844231354,0.28528712892806823,0.2852904711670756,0.2852709564913224,0.2852746265129738,0.2852714206953053,0.28526849096368656,0.2852547803089898,0.285251701585634,0.2852519361259642,0.2852540205821454,0.285233805911945,0.2852368530284857,0.28524016352015175,0.2852366117042507,0.28522474103576034,0.28522100950561585,0.28522333685188783,0.28522544652372245,0.28530561013441774,0.28527819364144114,0.2853012451670101,0.2852663158677101,0.28528059084123175,0.2852618492616998,0.2852428610175739,0.2852433617190515,0.2852302415405773,0.28522804569686705,0.2853025210362918,0.28526351732226796,0.28529839798564266,0.2852633403190655,0.28526598289714006,0.2852599740765485,0.2852267831221666,0.285227074467248,0.2852086431727019,0.28520951669712413
0.2852763349700428,0.2852734087250797,0.2852602035797419,0.2852566574075572,0.2852523048910903,0.2852556584959836,0.2852361169120532,0.28523979939897004,0.2852364616693312,0.28523352195245344,0.28521989541979575,0.28521680624362805,0.2852168513118757,0.28521894288372945,0.2851985205370555,0.28520157809542424,0.28520499711832764,0.28520143316441876,0.2851899049702459,0.28518616082778003,0.28518810174861897,0.28519021865564853,0.2852709424631321,0.28524331747046583,0.2852665625964786,0.28523131699888254,0.28524572285296046,0.2852268351368532,0.2852077270248456,0.2852082294377619,0.2851949961300297,0.2851927668025181,0.2852676474627472,0.2852285260685691,0.28526343364466544,0.28522838252581545,0.2852311145787067,0.285224828275594,0.2851915339913001,0.2851918371589338,0.28517320108253064,0.2851741362183049,0.2851800481339628
0.2852619840410446,0.28525905369960686,0.2852457743189079,0.28524222316364,0.2852378428281387,0.285241201152477,0.28522159270742153,0.2852252803901976,0.2852219169017086,0.2852189730310558,0.2852051963574671,0.2852021027775618,0.28520224201347827,0.2852043365478569,0.285184024293397,0.2851870861409339,0.28519035355145683,0.2851867845400441,0.28517485656849756,0.28517110697539516,0.28517342237452387,0.2851755423027705,0.2852565807103143,0.2852288254327407,0.28525219463992385,0.28521674125520274,0.2852312342528194,0.2852122530114999,0.28519308534646637,0.2851935884739812,0.2851803232495927,0.2851780738667167,0.2852535222636706,0.28521375950391653,0.2852492754165726,0.28521394059694927,0.2852164423007116,0.2852101962088139,0.2851766795292922,0.2851769947257645,0.28515844209802327,0.28515944052237074,0.28516556860414843
0.28524167451525506,0.28523873837705727,0.28522548869120257,0.2852219305311031,0.2852174171363365,0.28522078212555624,0.28520117431090114,0.2852048692973548,0.2852013990287288,0.28519844929907984,0.2851847764599761,0.28518167676304856,0.2851816468196909,0.2851837455299992,0.2851632535907213,0.28516632158327815,0.28516971729591073,0.2851661411549746,0.2851545736981119,0.28515081675606363,0.28515273973797395,0.28515486391288686,0.28523625965587035,0.2852083981330032,0.28523186486801627,0.2851960429944373,0.2852108117820236,0.2851915456751842,0.2851728067274606,0.2851733108443109,0.2851590570169149,0.28515679288366635,0.2852329687376565,0.28519313289149134,0.2852287057699614,0.2851925626623546,0.2851958633971341,0.285188634907686,0.28515696146471486,0.2851572896989812,0.2851375590316428,0.2851386256109259,0.2851436552465034
0.2852251406555762,0.28522219979878755,0.28520887287686625,0.28520530897978774,0.2852007870504268,0.2852041574654294,0.28518447853886053,0.28518817949674713,0.2851846881299121,0.28518173362889776,0.2851679073202483,0.2851648025705301,0.285164863114884,0.28516696522791724,0.2851465795924792,0.2851496525174959,0.28515289630915414,0.2851493143527933,0.2851373433173778,0.28513358012912604,0.28513587762081616,0.2851380052599382,0.28521935229059486,0.28519175104051675,0.28521495025771654,0.2851793092084047,0.28519416861451063,0.2851748045051885,0.2851559856400321,0.28515649057849074,0.28514221110783855,0.2851399375708874,0.2852156562635846,0.2851763273277754,0.2852113842053218,0.28517593390779505,0.2851790752292283,0.28517188893480094,0.2851399796381942,0.28514032183233456,0.2851205969956948,0.28512173666532553,0.28512698454804425
0.2852043876799508,0.28520144090113625,0.2851880872053299,0.2851845161323346,0.28517990288889145,0.28518328011686495,0.2851635614749982,0.2851672699132753,0.2851636896017994,0.2851607291058695,0.28514687480623463,0.28514376375738637,0.2851437473696299,0.28514585376318347,0.28512528692094524,0.28512836614399495,0.28513170386831743,0.2851281145902267,0.2851165048464705,0.2851127341080331,0.28511463596783165,0.2851167679654152,0.285198587696369,0.28517084805383613,0.2851941767846541,0.2851584428262647,0.285173270530278,0.2851539289689509,0.28513446987884306,0.28513497586705955,0.28512095715556246,0.28511867589895334,0.28519465444909364,0.2851553881785694,0.2851903732441981,0.28515579136205943,0.2851581448779468,0.2851516987385374,0.28511750923848755,0.28511786618350177,0.2850991350145942,0.285100353313896,0.28510541173355264,0.28510520555230895
0.2851900593664834,0.28518710849939816,0.285173792503605,0.28517021649610885,0.2851654835852735,0.28516886551671555,0.2851491591383913,0.28515287272671297,0.2851491906327144,0.28514622599788,0.28513248422747905,0.28512936886918006,0.2851291645660874,0.28513127391550946,0.2851108182138638,0.28511390171607126,0.2851170752374603,0.28511348090719046,0.28510146869593855,0.28509769251165956,0.28509996824482137,0.285102103252513,0.2851842513854712,0.28515641604239184,0.2851798343479765,0.2851437869502138,0.28515884190042035,0.28513926668262607,0.2851198468867296,0.2851203535895655,0.2851062985929025,0.2851040125247091,0.2851805431098377,0.2851410475951724,0.28517625596005497,0.2851403698815622,0.28514380885388674,0.2851362606837072,0.28510274066500235,0.2851031123638545,0.285084355259881,0.2850856549035836,0.2850909004326695,0.2850906439428381
0.2851805934395652,0.2851776398717751,0.2851642554828417,0.2851606761834197,0.2851559373027061,0.2851593223478525,0.28513959785530224,0.2851433148623416,0.28513957134672596,0.2851366039661473,0.2851228494978059,0.2851197312544646,0.2851194688637308,0.28512158017828604,0.2851011054493977,0.2851041918239747,0.2851073377669772,0.28510374007766354,0.28509171667109195,0.2850879369583044,0.28509019948763825,0.2850923364988299,0.2851751464027541,0.28514683688425835,0.2851707254791564,0.2851343108121256,0.2851492649827232,0.2851297864099148,0.2851106246792864,0.28511113183276937,0.28509653529381185,0.28509424624641766,0.28517183718834616,0.28513155805657087,0.28516754642042924,0.2851316173482617,0.2851343219996869,0.28512750220247185,0.2850936501687954,0.2850940349577665,0.2850744267803618,0.2850758084648663,0.2850810665093269,0.2850807552678168
0.28515575892833184,0.28515279827577916,0.2851394382263247,0.28513585036152106,0.28513098592676217,0.28513437910944633,0.2851145674627171,0.28511829341866485,0.28511452261243836,0.28511154808264666,0.2850977605523678,0.28509463479711955,0.2850943134360165,0.2850964298485667,0.2850759057590066,0.28507899958514893,0.2850821219503862,0.285078515563859,0.2850664631691244,0.285062674320049,0.2850649266458624,0.28506706882997523,0.28515025322409093,0.2851218637282445,0.285145821676896,0.2851092494359992,0.2851242976636945,0.28510471412887817,0.2850854205510244,0.2850859289327407,0.285071277477627,0.2850689824754467,0.28514693613240893,0.28510666199809864,0.2851426350510981,0.2851065922823148,0.2851094325902917,0.28510246666488853,0.2850682209967076,0.2850686166332072,0.2850489669662945,0.28505043477209246,0.2850557125202627,0.28505534498528545,0.28514164963058725
0.28514359953965396,0.2851406354186662,0.28512720331910235,0.2851236112320309,0.2851187413296881,0.28512213850533263,0.2851023434431172,0.28510607376893377,0.2851022022638724,0.28509922421809447,0.2850852879775277,0.2850821584882706,0.285081912625485,0.2850840315509013,0.28506334253893617,0.28506644007961424,0.2850696746787579,0.2850660639996092,0.2850543852481808,0.28505059203007416,0.28505244283911835,0.28505458757958607,0.28513808105189187,0.28510960844762695,0.28513364431058313,0.2850969228891458,0.28511204524705835,0.28509238222133243,0.28507298445366525,0.28507349344446464,0.2850588011652494,0.2850565032211392,0.28513499207135734,0.2850942749245033,0.28513068604498304,0.28509422020359837,0.28509704880942904,0.28509008956401416,0.28505552370467485,0.2850559254591711,0.28503625832963947,0.28503781253418203,0.28504293699251576,0.28504251265486114,0.2851294667518548
0.28511044896767956,0.28510747539184705,0.2850940571634751,0.2850904536392059,0.2850854184035111,0.2850888264442829,0.28506896817441957,0.28507271042968063,0.28506877754912746,0.2850657899658886,0.2850518091954396,0.2850486696847562,0.28504837366792235,0.285050499388651,0.2850297441319443,0.28503285160521485,0.28503606314012686,0.2850324408672523,0.2850204283710866,0.285016622867654,0.2850187592320509,0.28502091086538445,0.28510487420393443,0.2850762118846081,0.28510042329450025,0.28506348140318144,0.28507865648754577,0.2850589261940546,0.285039400682074,0.2850399113144496,0.2850251378945866,0.2850228324650365,0.28510154275418004,0.2850609436623443,0.2850972228810681,0.28506077017459314,0.28506372639993444,0.2850566262816991,0.28502177586322075,0.28502218111947547,0.28500241513640096,0.28500406300642184,0.28500915831809553,0.285008673726051,0.2850961989792519,0.28509571899113934,0.2850721706363211
0.08,0.08,0.08,0.08,0.08,0.08,0.08,0.08,0.08,0.08,0.08,0.08,0.08,0.08,0.08,0.08,0.08,0.08,0.08,0.08,0.08,0.08,0.08,0.08,0.08,0.08,0.08,0.08,0.08,0.08,0.08,0.08,0.08,0.08,0.08,0.08,0.08,0.08,0.08,0.08,0.08,0.08,0.08,0.08,0.08,0.08,0.08,0.08
0.08,0.08,0.08,0.08,0.08,0.08,0.08,0.08,0.08,0.08,0.08,0.08,0.08,0.08,0.08,0.08,0.08,0.08,0.08,0.08,0.08,0.08,0.08,0.08,0.08,0.08,0.08,0.08,0.08,0.08,0.08,0.08,0.08,0.08,0.08,0.08,0.08,0.08,0.08,0.08,0.08,0.08,0.08,0.08,0.08,0.08,0.08,0.08
0.08,0.08,0.08,0.08,0.08,0.08,0.08,0.08,0.08,0.08,0.08,0.08,0.08,0.08,0.08,0.08,0.08,0.08,0.08,0.08,0.08,0.08,0.08,0.08,0.08,0.08,0.08,0.08,0.08,0.08,0.08,0.08,0.08,0.08,0.08,0.08,0.08,0.08,0.08,0.08,0.08,0.08,0.08,0.08,0.08,0.08,0.08,0.08
0.08,0.08,0.08,0.08,0.08,0.08,0.08,0.08,0.08,0.08,0.08,0.08,0.08,0.08,0.08,0.08,0.08,0.08,0.08,0.08,0.08,0.08,0.08,0.08,0.08,0.08,0.08,0.08,0.08,0.08,0.08,0.08,0.08,0.08,0.08,0.08,0.08,0.08,0.08,0.08,0.08,0.08,0.08,0.08,0.08,0.08,0.08,0.08
0.08,0.08,0.08,0.08,0.08,0.08,0.08,0.08,0.08,0.08,0.08,0.08,0.08,0.08,0.08,0.08,0.08,0.08,0.08,0.08,0.08,0.08,0.08,0.08,0.08,0.08,0.08,0.08,0.08,0.08,0.08,0.08,0.08,0.08,0.08,0.08,0.08,0.08,0.08,0.08,0.08,0.08,0.08,0.08,0.08,0.08,0.08,0.08
0.08,0.08,0.08,0.08,0.08,0.08,0.08,0.08,0.08,0.08,0.08,0.08,0.08,0.08,0.08,0.08,0.08,0.08,0.08,0.08,0.08,0.08,0.08,0.08,0.08,0.08,0.08,0.08,0.08,0.08,0.08,0.08,0.08,0.08,0.08,0.08,0.08,0.08,0.08,0.08,0.08,0.08,0.08,0.08,0.08,0.08,0.08,0.08
0.08,0.08,0.08,0.08,0.08,0.08,0.08,0.08,0.08,0.08,0.08,0.08,0.08,0.08,0.08,0.08,0.08,0.08,0.08,0.08,0.08,0.08,0.08,0.08,0.08,0.08,0.08,0.08,0.08,0.08,0.08,0.08,0.08,0.08,0.08,0.08,0.08,0.08,0.08,0.08,0.08,0.08,0.08,0.08,0.08,0.08,0.08,0.08
0.08,0.08,0.08,0.08,0.08,0.08,0.08,0.08,0.08,0.08,0.08,0.08,0.08,0.08,0.08,0.08,0.08,0.08,0.08,0.08,0.08,0.08,0.08,0.08,0.08,0.08,0.08,0.08,0.08,0.08,0.08,0.08,0.08,0.08,0.08,0.08,0.08,0.08,0.08,0.08,0.08,0.08,0.08,0.08,0.08,0.08,0.08,0.08
0.28507821340707884,0.2850752306391597,0.2850617142393738,0.28505809955723915,0.28505301333779903,0.2850564319423599,0.28503647210659994,0.28504022597477385,0.28503623528125266,0.28503323841417477,0.28501921429859517,0.2850160650329845,0.28501572445130785,0.2850178567857765,0.2849970370550267,0.2850001541954809,0.28500333844775255,0.2849997048843234,0.28498765508287427,0.284983837720038,0.28498596217947997,0.28498812052665423,0.2850725979049017,0.2850437714939046,0.28506813322651803,0.28503088035865365,0.2850462236757467,0.2850263109757907,0.28500671693243956,0.2850072291620983,0.2849923602370889,0.28499004756432,0.285069489670427,0.28502834137619804,0.28506515652823355,0.2850282035574329,0.2850311327730693,0.28502404677784454,0.2849889929120089,0.2849894001152329,0.28496938986987375,0.284971140526187,0.28497625761506684,0.28497570542201245,0.2850638805202022,0.2850632143549282,0.28503967646037137,0.28502134810637875
0.2850467958918985,0.2850438041668582,0.2850302472740127,0.28502662173826776,0.285021437788948,0.2850248666849226,0.2850048468595073,0.2850086120272392,0.28500456632565146,0.28500156042560515,0.28498749413675367,0.28498433537982093,0.28498395635149815,0.2849860951199855,0.2849652126677904,0.28496833921272563,0.28497149679555805,0.2849678522526702,0.2849557661561847,0.2849519372602676,0.28495405005011026,0.2849562149264234,0.2850411426694738,0.2850121284249755,0.2850366645754701,0.28499918947869757,0.285014587997743,0.2849946063199013,0.28497492030731647,0.28497543408622156,0.284960467030075,0.28495814733998703,0.28503802518970306,0.2849966518967326,0.28503367902646504,0.2849965047039343,0.28499945170699764,0.2849923353905991,0.28495713325476824,0.2849575418391501,0.28493725434325995,0.2849391055425688,0.28494424392285733,0.2849436260822348,0.2850323853369981,0.2850315581922564,0.2850079504916069,0.2849896094471,0.2850086009383547
0.285022782484086,0.2850197839139619,0.2850062531678483,0.2850026193574034,0.28499726716646073,0.28500070393905635,0.28498067852546966,0.2849844523270044,0.2849802799402655,0.28497726711414245,0.2849633024863653,0.28496013649200214,0.28495958334822513,0.2849617270521716,0.2849409387234105,0.2849440724403844,0.2849470560453446,0.28494340307656285,0.2849315879995522,0.2849277503608763,0.2849295496480898,0.28493171953788016,0.2850170937797869,0.28498791398343004,0.2850126054306557,0.2849748526293718,0.28499037921106557,0.28497025889277255,0.28495052615590827,0.28495104112217934,0.28493659332063925,0.28493426838094094,0.28501396923327194,0.28497251721339234,0.2850096131162103,0.28497211874395184,0.2849753234306263,0.28496793979009943,0.2849327720252976,0.2849331815906733,0.28491247526455754,0.2849144328835995,0.28492087241548814,0.2849201844801735,0.28500830117947407,0.28500730342184444,0.28498365456487745,0.28496519817520666,0.28498449409670323,0.2849648605987348
0.2849940316713176,0.2849910249069872,0.28497740002626837,0.2849737562669849,0.2849683632316184,0.2849718094218187,0.28495168878795746,0.2849554729440356,0.2849512684979716,0.28494824739957725,0.2849341101537116,0.28493093542724907,0.2849304750621394,0.2849326246594861,0.28491163664445,0.28491477901770584,0.28491787309981126,0.2849142100737374,0.28490206286841424,0.284898214556982,0.2849002985731309,0.28490247444515043,0.2849879311308904,0.2849589867161436,0.28498343034795115,0.284945654014604,0.2849614586981776,0.28494104758934263,0.2849212385056062,0.284921754896107,0.28490794156100874,0.2849056103334155,0.28498391843431214,0.28494321011209944,0.2849795498856137,0.2849422304106694,0.2849460241074228,0.2849380396443248,0.284903804637237,0.28490421533034604,0.2848830377910338,0.28488510617428137,0.284892331179412,0.28489157057467107,0.2849787719914405,0.2849775978861624,0.28495466488392546,0.2849363004936537,0.28495569395842607,0.2849358105020557
0.28496667411302745,0.2849636595528828,0.28494999943037025,0.2849463462246834,0.2849408547903407,0.28494430994195497,0.28492417761309435,0.2849279715939505,0.2849236536631441,0.28492062469203394,0.2849065854064504,0.28490340244809326,0.28490276519462143,0.2849049204012886,0.28488387770562484,0.28488702827790147,0.28489008923747255,0.28488641663932884,0.2848742377781368,0.28487037941149584,0.2848724484428163,0.2848746300079494,0.2849605340012205,0.2849314312647975,0.2849560215391887,0.2849180032474346,0.2849339096798353,0.28491338480929695,0.2848935046302663,0.28489402236848493,0.2848801107987265,0.28487777346856047,0.28495651097452673,0.2849156136897429,0.28495213109017115,0.2849145142948866,0.28491843500742275,0.28491031257752275,0.2848760055275704,0.284876417295343,0.28485494518304544,0.28485712636386923,0.28486437590948566,0.28486354097440386,0.2849513339457718,0.2849499827929611,0.2849270211543031,0.2849085812311177,0.28492823804458567,0.28490794339770087
0.2849359566366143,0.28493293332472697,0.2849192912019628,0.28491562741139287,0.2849099766323148,0.2849134418413445,0.28489321034813414,0.28489701538607903,0.2848926628650185,0.2848896250602815,0.28487554492692296,0.28487235268683353,0.28487167203896463,0.2848738335387301,0.2848527294973801,0.2848558892681345,0.2848589173192073,0.2848552339838765,0.28484332097088544,0.2848394514339269,0.28484120434049887,0.284843392289903,0.2849297747055929,0.28490050226827146,0.2849252491334873,0.2848869746151988,0.2849029879026309,0.2848823426991902,0.2848623845624696,0.2848629038123619,0.2848488883746379,0.2848465442024365,0.28492574008357774,0.2848847556017142,0.28492134747466563,0.2848835322436702,0.28488758510575035,0.28487931828720314,0.2848448344317915,0.28484524740219597,0.28482339550268315,0.2848256917222945,0.2848330215227584,0.28483211053719604,0.2849205299320331,0.2849190001678164,0.284895997994982,0.2848774797571529,0.28489740891400966,0.28487669680467276
0.284907409434438,0.2849043779905791,0.28489064154491944,0.2848869678807872,0.28488127357534976,0.2848847481316774,0.2848645029227885,0.28486831820910746,0.28486385027395705,0.2848608042579345,0.28484655068180703,0.2848433497734034,0.2848427612522021,0.28484492860231864,0.28482391133637003,0.2848270796159866,0.2848299302563562,0.28482623693820497,0.28481420287073517,0.28481032281522084,0.2848121488084303,0.2848143426919215,0.2849011866345025,0.28487175026437256,0.2848966488798867,0.2848581250590361,0.28487424260871547,0.2848534806139171,0.28483344876204264,0.28483396941725436,0.28481985266039533,0.28481750212911916,0.28489737787869385,0.2848558439767987,0.2848929735433468,0.28485461664145584,0.28485868114944585,0.2848503912642528,0.2848158710250003,0.2848162851121644,0.28479414631504957,0.2847965562551897,0.2848040937234337,0.28480310591173763,0.28489189810818505,0.2848901887295973,0.28486715124372947,0.2848485577390133,0.28486875541704165,0.28484763051179
0.28486341310526203,0.2848603691312954,0.28484663400009974,0.28484294517288594,0.28483704082953637,0.2848405297873542,0.2848202008042226,0.2848240319026835,0.28481944014057786,0.28481638147089844,0.2848020688216504,0.28479885461756543,0.2847981797791075,0.2848003561486984,0.28477910715715166,0.28478228866276445,0.28478525334908894,0.28478154464809147,0.28476954982416736,0.2847656536418393,0.2847673773206095,0.28476958034755984,0.2848571400758768,0.28482745444603824,0.28485258355534215,0.284813669337584,0.2848299571256429,0.28480900558995587,0.2847887865612283,0.28478930938506397,0.28477511201186306,0.2847727516845135,0.2848530780833098,0.28481160002528255,0.28484865543605403,0.28481014647423536,0.28481444893077756,0.2848059035365871,0.284771135750286,0.2847715515620118,0.28474904493121933,0.2847515724290713,0.2847589593630604,0.2847578919013292,0.28484779324998843,0.28484589888149947,0.2848227515278856,0.28480401395920046,0.2848245535462011,0.28480294067224093,0.2847854973776748
0.2848348752975484,0.2848318231978027,0.2848179933795131,0.28481429468612857,0.28480833830203184,0.28481183660291154,0.284791412224396,0.2847952535957264,0.28479061996609517,0.28478755308655684,0.28477333851157605,0.2847701157218436,0.2847692538956362,0.28477143611606737,0.28475027488289795,0.28475346489780146,0.284756249762151,0.28475253107703447,0.28474041458539506,0.2847365078829555,0.2847383044922884,0.28474051346413715,0.2848285607324461,0.2847987021802422,0.2848239920383966,0.28478481157188335,0.2848012115669692,0.28478013529706225,0.28475982955377266,0.28476035378334036,0.28474605908778955,0.2847436924002888,0.2848247262286256,0.2847826873564159,0.2848202918642936,0.2847813365454429,0.284785543927454,0.2847770822337762,0.28474211143864886,0.2847425283690263,0.2847197716032839,0.28472241501876333,0.2847300118524204,0.2847288653361842,0.2848191680685269,0.2848170877589498,0.2847938993050553,0.28477508063905316,0.2847959000105514,0.28477386224427825,0.28475652987561856
0.2847979400036285,0.2847948773890803,0.2847810492925836,0.28477733787512693,0.2847711874034797,0.28477469779510484,0.28475420294368553,0.2847580575901011,0.2847533077144709,0.2847502302080772,0.2847358296223989,0.2847325956258813,0.2847317895453553,0.28473397934220146,0.2847125994652117,0.2847158005970821,0.28471869790582477,0.28471496629652454,0.2847028975899229,0.28469897734359517,0.28470067033016794,0.2847028870005346,0.2847919585259519,0.28476146812060454,0.28478737424404116,0.2847476107581926,0.284763986191316,0.2847429183376354,0.2847224539089748,0.2847229799526017,0.2847072322456589,0.28470485705933074,0.2847885282072996,0.28474562428871714,0.28478407888615953,0.2847448627517187,0.2847484906842586,0.2847405940431836,0.2847042397566634,0.2847046581463954,0.28468182454928503,0.284684579018604,0.2846899241553007,0.28468869489066617,0.28478284392129627,0.28478057482952557,0.2847565338602963,0.28473741810389197,0.2847587382734957,0.2847360522607128,0.2847194210248601,0.2847198309573149
0.2847590176883118,0.28475594399580173,0.28474207509454247,0.2847383502568561,0.2847320625439148,0.28473558566581236,0.2847150579528401,0.2847189265617578,0.28471403671962847,0.2847109480310697,0.28469663261522454,0.28469338691023466,0.284692381823866,0.2846945795883059,0.2846732678688435,0.2846764806037048,0.28467920401754754,0.2846754588164694,0.28466334628522283,0.28465941176173143,0.2846610956978433,0.2846633204732953,0.2847526081418703,0.2847223087420323,0.28474800710552683,0.28470814150872825,0.28472483594368214,0.2847034319618212,0.2846828340267566,0.28468336199292654,0.2846688942139862,0.28466651063529147,0.28474874672566597,0.2847062993066161,0.28474428097078136,0.2847045843740837,0.2847091761238624,0.2847002997705869,0.28466498986469246,0.2846654097659256,0.28464203467312077,0.28464487552598117,0.28465253888100567,0.28465122330276815,0.2847431042277557,0.28474064212967903,0.2847172903362447,0.2846982364755261,0.2847197032366765,0.28469671895398946,0.2846794639856063,0.28468004331873015
0.28472466416099895,0.2847215806930215,0.28470766779145773,0.28470393110868636,0.2846975210285979,0.284701055386989,0.2846804208436516,0.28468430180444854,0.28467936027007307,0.28467626170979793,0.2846617628400914,0.28465850672151494,0.28465758203896707,0.2846597868377925,0.2846382607283335,0.2846414837881586,0.2846443283612539,0.28464057115752506,0.2846280162484464,0.2846240689717433,0.28462615431745997,0.2846283862551177,0.28471820870562864,0.2846877109990554,0.28471359302606963,0.28467342262799716,0.2846902462662137,0.2846686980193429,0.2846479830392771,0.284648512696205,0.2846339592917141,0.28463156805953105,0.28471433510568245,0.2846716505793718,0.28470985513849545,0.2846699120269431,0.2846745365770172,0.2846656137438427,0.28463010198661226,0.2846305232315626,0.28460701211886996,0.2846099010193774,0.2846171989773387,0.28461578834556867,0.2847086506384992,0.28470599444849143,0.2846825831255761,0.28466343052703014,0.2846852062779032,0.2846617578719583,0.2846445870750992,0.28464533298263933
0.28468741460286184,0.28468432053760445,0.2846703507854086,0.2846666012586091,0.28466007843386315,0.28466362496986175,0.2846429610624762,0.28464685537886353,0.28464178050798844,0.2846386712517901,0.28462426073802594,0.2846209934221615,0.2846198762147518,0.2846220886337346,0.2846004882476549,0.2846037224456279,0.284606546627431,0.28460277642409326,0.28459017821673993,0.2845862172847761,0.2845883069253551,0.28459054660644073,0.28468091141721996,0.28465020913659816,0.2846762798642849,0.28463579838407027,0.2846527531443976,0.2846310574567927,0.2846102230355282,0.2846107545239437,0.2845961141503433,0.28459371463122723,0.28467678307861605,0.28463397383406824,0.2846722876054454,0.2846322177712324,0.28463686981224867,0.2846279046194847,0.284592260058499,0.28459268276076666,0.2845690705251802,0.2845719839746206,0.28457917887002804,0.28457766786685135,0.2846712957237275,0.28466844329631596,0.2846449678488878,0.28462571485820554,0.28464780536770296,0.2846238823226172,0.284606799587203,0.2846077116500974
0.2846501987755445,0.28464709412496003,0.2846330858807485,0.2846293235307125,0.2846226695727487,0.2846262282726634,0.28460545185626607,0.28460935954287003,0.2846042346875836,0.28460111474752314,0.2845866548362968,0.2845833762946747,0.28458220489576797,0.28458442492621944,0.2845627503490219,0.2845659956724336,0.2845688005897876,0.2845650174036754,0.284552375948041,0.2845484013783258,0.284550497295637,0.28455274469989394,0.2846436481428945,0.28461274080317067,0.2846390007345934,0.2845982077627017,0.2846152935418403,0.2845934505350519,0.28457249691486125,0.28457303023270863,0.2845583039144829,0.2845558961181274,0.28463950578665353,0.28459656994364474,0.2846349949243862,0.28459467315729664,0.28459947582785844,0.28459034519926074,0.28455447222777913,0.2845548963849325,0.284531185761158,0.28453411392102756,0.28454118921200533,0.2845395747169441,0.28463397431441123,0.28463092649959004,0.2846073843649983,0.28458803121545884,0.28461043812035003,0.284586036990883,0.2845690450677962,0.2845701254954493
0.2846174611543452,0.28461434719412,0.28460029704832157,0.2845965234176752,0.28458974997371744,0.28459331937556326,0.2845724805846307,0.28457640002142187,0.28457118559026817,0.28456805624789755,0.28455355286519624,0.28455026444437637,0.2845490397240352,0.28455126645407125,0.28452952657481606,0.2845327816907867,0.2845355671081918,0.284531772493719,0.2845190929690004,0.2845151063943752,0.2845172083845379,0.2845194625829708,0.28461086651549,0.2845797656845663,0.28460620516166596,0.2845651158707765,0.2845823261054792,0.2845603442965673,0.28453928042040044,0.28453981534865436,0.28452501083330517,0.28452259574431177,0.2846067118307216,0.2845635462655221,0.28460218743303967,0.2845615707087067,0.284566460893873,0.2845572296989772,0.2845212014120248,0.284521626849887,0.28449783590373123,0.28450077432706744,0.2845077241071944,0.28450600745661986,0.2846011385586475,0.28459790063267487,0.28457429519356914,0.2845548486088891,0.2845775647664612,0.28455269079704165,0.28453580071281565,0.28453705063914336
0.2845876692294584,0.28458454679884887,0.2845704585293795,0.2845666746350668,0.28455978676750165,0.28456336590834463,0.2845425123510212,0.2845464424657766,0.2845411010872507,0.2845379631875999,0.28452328068152455,0.28451998322776406,0.28451884881396605,0.2845210816416107,0.28449943047697185,0.2845026944619529,0.28450531600612095,0.2845015109872063,0.28448920564508423,0.28448520828887325,0.284486907013219,0.2844891673943907,0.28458103388254974,0.2845497497033332,0.28457635984010216,0.28453498973651736,0.2845523171157791,0.28453020510398547,0.2845090400537757,0.28450957644786956,0.2844947072851772,0.2844922855410728,0.2845768679809281,0.2845334860912885,0.2845723312677693,0.2845313764290237,0.2845364086775873,0.28452702351649417,0.28449093199973235,0.2844913586026877,0.2844674250764653,0.28447037198929415,0.28447751628356693,0.2844757126293385,0.28457125536564926,0.2845678372019545,0.2845441663650934,0.28452463263474326,0.28454765046799285,0.2845223087290498,0.2845055322569857,0.2845069554099877
0.08,0.08,0.08,0.08,0.08,0.08,0.08,0.08,0.08,0.08,0.08,0.08,0.08,0.08,0.08,0.08,0.08,0.08,0.08,0.08,0.08,0.08,0.08,0.08,0.08,0.08,0.08,0.08,0.08,0.08,0.08,0.08,0.08,0.08,0.08,0.08,0.08,0.08,0.08,0.08,0.08,0.08,0.08,0.08,0.08,0.08,0.08,0.08,0.08,0.08,0.08,0.08
0.08,0.08,0.08,0.08,0.08,0.08,0.08,0.08,0.08,0.08,0.08,0.08,0.08,0.08,0.08,0.08,0.08,0.08,0.08,0.08,0.08,0.08,0.08,0.08,0.08,0.08,0.08,0.08,0.08,0.08,0.08,0.08,0.08,0.08,0.08,0.08,0.08,0.08,0.08,0.08,0.08,0.08,0.08,0.08,0.08,0.08,0.08,0.08,0.08,0.08,0.08,0.08
0.08,0.08,0.08,0.08,0.08,0.08,0.08,0.08,0.08,0.08,0.08,0.08,0.08,0.08,0.08,0.08,0.08,0.08,0.08,0.08,0.08,0.08,0.08,0.08,0.08,0.08,0.08,0.08,0.08,0.08,0.08,0.08,0.08,0.08,0.08,0.08,0.08,0.08,0.08,0.08,0.08,0.08,0.08,0.08,0.08,0.08,0.08,0.08,0.08,0.08,0.08,0.08
0.08,0.08,0.08,0.08,0.08,0.08,0.08,0.08,0.08,0.08,0.08,0.08,0.08,0.08,0.08,0.08,0.08,0.08,0.08,0.08,0.08,0.08,0.08,0.08,0.08,0.08,0.08,0.08,0.08,0.08,0.08,0.08,0.08,0.08,0.08,0.08,0.08,0.08,0.08,0.08,0.08,0.08,0.08,0.08,0.08,0.08,0.08,0.08,0.08,0.08,0.08,0.08
0.08,0.08,0.08,0.08,0.08,0.08,0.08,0.08,0.08,0.08,0.08,0.08,0.08,0.08,0.08,0.08,0.08,0.08,0.08,0.08,0.08,0.08,0.08,0.08,0.08,0.08,0.08,0.08,0.08,0.08,0.08,0.08,0.08,0.08,0.08,0.08,0.08,0.08,0.08,0.08,0.08,0.08,0.08,0.08,0.08,0.08,0.08,0.08,0.08,0.08,0.08,0.08
0.08,0.08,0.08,0.08,0.08,0.08,0.08,0.08,0.08,0.08,0.08,0.08,0.08,0.08,0.08,0.08,0.08,0.08,0.08,0.08,0.08,0.08,0.08,0.08,0.08,0.08,0.08,0.08,0.08,0.08,0.08,0.08,0.08,0.08,0.08,0.08,0.08,0.08,0.08,0.08,0.08,0.08,0.08,0.08,0.08,0.08,0.08,0.08,0.08,0.08,0.08,0.08
0.08,0.08,0.08,0.08,0.08,0.08,0.08,0.08,0.08,0.08,0.08,0.08,0.08,0.08,0.08,0.08,0.08,0.08,0.08,0.08,0.08,0.08,0.08,0.08,0.08,0.08,0.08,0.08,0.08,0.08,0.08,0.08,0.08,0.08,0.08,0.08,0.08,0.08,0.08,0.08,0.08,0.08,0.08,0.08,0.08,0.08,0.08,0.08,0.08,0.08,0.08,0.08
0.08,0.08,0.08,0.08,0.08,0.08,0.08,0.08,0.08,0.08,0.08,0.08,0.08,0.08,0.08,0.08,0.08,0.08,0.08,0.08,0.08,0.08,0.08,0.08,0.08,0.08,0.08,0.08,0.08,0.08,0.08,0.08,0.08,0.08,0.08,0.08,0.08,0.08,0.08,0.08,0.08,0.08,0.08,0.08,0.08,0.08,0.08,0.08,0.08,0.08,0.08,0.08
