1,3,4,5,6,7,8,9,10,11,12,13,14,15,16,17,18,19,20,21,22,23,24,25,26,27,28,29,30,31,32,33,34,35,36,37,38,39,40,41,42,43,44,45,46,47,48,2,49,50,51,52,53,54,55,56,57,58,59,60,61,62,63,64,65,66,67,68,69,70,71,72,73,74,75,76,77,78,79,80,81,82,83,84
1,3,4,5,6,7,8,9,10,11,12,13,14,15,16,17,18,19,20,21,22,23,24,25,26,27,28,29,30,31,32,33,34,35,36,37,38,39,40,41,42,43,44,45,46,47,48,2,49,50,51,52,53,54,55,56,57,58,59,60,61,62,63,64,65,66,67,68,69,70,71,72,73,74,75,76,77,78,79,80,81,82,83,84
1,3,4,5,6,7,8,9,10,11,12,13,14,15,16,17,18,19,20,21,22,23,24,25,26,27,28,29,30,31,32,33,34,35,36,37,38,39,40,41,42,43,44,45,46,47,48,2,49,50,51,52,53,54,55,56,57,58,59,60,61,62,63,64,65,66,67,68,69,70,71,72,73,74,75,76,77,78,79,80,81,82,83,84
1,3,4,5,6,7,8,9,10,11,12,13,14,15,16,17,18,19,20,21,22,23,24,25,26,27,28,29,30,31,32,33,34,35,36,37,38,39,40,41,42,43,44,45,46,47,48,85,2,49,50,51,52,53,54,55,56,57,58,59,60,61,62,63,64,65,66,67,68,69,70,71,72,73,74,75,76,77,78,79,80,81,82,83,84
1,3,4,5,6,7,8,9,10,11,12,13,14,15,16,17,18,19,20,21,22,23,24,25,26,27,28,29,30,31,32,33,34,35,36,37,38,39,40,41,42,43,44,45,46,47,48,85,2,49,50,51,52,53,54,55,56,57,58,59,60,61,62,63,64,65,66,67,68,69,70,71,72,73,74,75,76,77,78,79,80,81,82,83,84
1,3,4,5,6,7,8,9,10,11,12,13,14,15,16,17,18,19,20,21,22,23,24,25,26,27,28,29,30,31,32,33,34,35,36,37,38,39,40,41,42,43,44,45,46,47,48,85,2,49,50,51,52,53,54,55,56,57,58,59,60,61,62,63,64,65,66,67,68,69,70,71,72,73,74,75,76,77,78,79,80,81,82,83,84
1,3,4,5,6,7,8,9,10,11,12,13,14,15,16,17,18,19,20,21,22,23,24,25,26,27,28,29,30,31,32,33,34,35,36,37,38,39,40,41,42,43,44,45,46,47,48,85,2,49,50,51,52,53,54,55,56,57,58,59,60,61,62,63,64,65,66,67,68,69,70,71,72,73,74,75,76,77,78,79,80,81,82,83,84
1,3,4,5,6,7,8,9,10,11,12,13,14,15,16,17,18,19,20,21,22,23,24,25,26,27,28,29,30,31,32,33,34,35,36,37,38,39,40,41,42,43,44,45,46,47,48,85,2,49,50,51,52,53,54,55,56,57,58,59,60,61,62,63,64,65,66,67,68,69,70,71,72,73,74,75,76,77,78,79,80,81,82,83,84
1,3,4,5,6,7,8,9,10,11,12,13,14,15,16,17,18,19,20,21,22,23,24,25,26,27,28,29,30,31,32,33,34,35,36,37,38,39,40,41,42,43,44,45,46,47,48,85,2,49,50,51,52,53,54,55,56,57,58,59,60,61,62,63,64,65,66,67,68,69,70,71,72,73,74,75,76,77,78,79,80,81,82,83,84
1,3,4,5,6,7,8,9,10,11,12,13,14,15,16,17,18,19,20,21,22,23,24,25,26,27,28,29,30,31,32,33,34,35,36,37,38,39,40,41,42,43,44,45,46,47,48,85,2,49,50,51,52,53,54,55,56,57,58,59,60,61,62,63,64,65,66,67,68,69,70,71,72,73,74,75,76,77,78,79,80,81,82,83,84
1,3,4,5,6,7,8,9,10,11,12,13,14,15,16,17,18,19,20,21,22,23,24,25,26,27,28,29,30,31,32,33,34,35,36,37,38,39,40,41,42,43,44,45,46,47,48,85,2,49,50,51,52,53,54,55,56,57,58,59,60,61,62,63,64,65,66,67,68,69,70,71,72,73,74,75,76,77,78,79,80,81,82,83,84
1,3,4,5,6,7,8,9,10,11,12,13,14,15,16,17,18,19,20,21,22,23,24,25,26,27,28,29,30,31,32,33,34,35,36,37,38,39,40,41,42,43,44,45,46,47,48,85,2,49,50,51,52,53,54,55,56,57,58,59,60,61,62,63,64,65,66,67,68,69,70,71,72,73,74,75,76,77,78,79,80,81,82,83,84
1,3,4,5,6,7,8,9,10,11,12,13,14,15,16,17,18,19,20,21,22,23,24,25,26,27,28,29,30,31,32,33,34,35,36,37,38,39,40,41,42,43,44,45,46,47,48,85,2,49,50,51,52,53,54,55,56,57,58,59,60,61,62,63,64,65,66,67,68,69,70,71,72,73,74,75,76,77,78,79,80,81,82,83,84
1,3,4,5,6,7,8,9,10,11,12,13,14,15,16,17,18,19,20,21,22,23,24,25,26,27,28,29,30,31,32,33,34,35,36,37,38,39,40,41,42,43,44,45,46,47,48,85,2,49,50,51,52,53,54,55,56,57,58,59,60,61,62,63,64,65,66,67,68,69,70,71,72,73,74,75,76,77,78,79,80,81,82,83,84
1,3,4,5,6,7,8,9,10,11,12,13,14,15,16,17,18,19,20,21,22,23,24,25,26,27,28,29,30,31,32,33,34,35,36,37,38,39,40,41,42,43,44,45,46,47,48,85,2,49,50,51,52,53,54,55,56,57,58,59,60,61,62,63,64,65,66,67,68,69,70,71,72,73,74,75,76,77,78,79,80,81,82,83,84
1,3,4,5,6,7,8,9,10,11,12,13,14,15,16,17,18,19,20,21,22,23,24,25,26,27,28,29,30,31,32,33,34,35,36,37,38,39,40,41,42,43,44,45,46,47,48,85,86,2,49,50,51,52,53,54,55,56,57,58,59,60,61,62,63,64,65,66,67,68,69,70,71,72,73,74,75,76,77,78,79,80,81,82,83,84
1,3,4,5,6,7,8,9,10,11,12,13,14,15,16,17,18,19,20,21,22,23,24,25,26,27,28,29,30,31,32,33,34,35,36,37,38,39,40,41,42,43,44,45,46,47,48,85,86,2,49,50,51,52,53,54,55,56,57,58,59,60,61,62,63,64,65,66,67,68,69,70,71,72,73,74,75,76,77,78,79,80,81,82,83,84
1,3,4,5,6,7,8,9,10,11,12,13,14,15,16,17,18,19,20,21,22,23,24,25,26,27,28,29,30,31,32,33,34,35,36,37,38,39,40,41,42,43,44,45,46,47,48,85,86,2,49,50,51,52,53,54,55,56,57,58,59,60,61,62,63,64,65,66,67,68,69,70,71,72,73,74,75,76,77,78,79,80,81,82,83,84
1,3,4,5,6,7,8,9,10,11,12,13,14,15,16,17,18,19,20,21,22,23,24,25,26,27,28,29,30,31,32,33,34,35,36,37,38,39,40,41,42,43,44,45,46,47,48,85,86,2,49,50,51,52,53,54,55,56,57,58,59,60,61,62,63,64,65,66,67,68,69,70,71,72,73,74,75,76,77,78,79,80,81,82,83,84
1,3,4,5,6,7,8,9,10,11,12,13,14,15,16,17,18,19,20,21,22,23,24,25,26,27,28,29,30,31,32,33,34,35,36,37,38,39,40,41,42,43,44,45,46,47,48,85,86,2,49,50,51,52,53,54,55,56,57,58,59,60,61,62,63,64,65,66,67,68,69,70,71,72,73,74,75,76,77,78,79,80,81,82,83,84
1,3,4,5,6,7,8,9,10,11,12,13,14,15,16,17,18,19,20,21,22,23,24,25,26,27,28,29,30,31,32,33,34,35,36,37,38,39,40,41,42,43,44,45,46,47,48,85,86,2,49,50,51,52,53,54,55,56,57,58,59,60,61,62,63,64,65,66,67,68,69,70,71,72,73,74,75,76,77,78,79,80,81,82,83,84
1,3,4,5,6,7,8,9,10,11,12,13,14,15,16,17,18,19,20,21,22,23,24,25,26,27,28,29,30,31,32,33,34,35,36,37,38,39,40,41,42,43,44,45,46,47,48,85,86,2,49,50,51,52,53,54,55,56,57,58,59,60,61,62,63,64,65,66,67,68,69,70,71,72,73,74,75,76,77,78,79,80,81,82,83,84
1,3,4,5,6,7,8,9,10,11,12,13,14,15,16,17,18,19,20,21,22,23,24,25,26,27,28,29,30,31,32,33,34,35,36,37,38,39,40,41,42,43,44,45,46,47,48,85,86,2,49,50,51,52,53,54,55,56,57,58,59,60,61,62,63,64,65,66,67,68,69,70,71,72,73,74,75,76,77,78,79,80,81,82,83,84
1,3,4,5,6,7,8,9,10,11,12,13,14,15,16,17,18,19,20,21,22,23,24,25,26,27,28,29,30,31,32,33,34,35,36,37,38,39,40,41,42,43,44,45,46,47,48,85,86,2,49,50,51,52,53,54,55,56,57,58,59,60,61,62,63,64,65,66,67,68,69,70,71,72,73,74,75,76,77,78,79,80,81,82,83,84
1,3,4,5,6,7,8,9,10,11,12,13,14,15,16,17,18,19,20,21,22,23,24,25,26,27,28,29,30,31,32,33,34,35,36,37,38,39,40,41,42,43,44,45,46,47,48,85,86,2,49,50,51,52,53,54,55,56,57,58,59,60,61,62,63,64,65,66,67,68,69,70,71,72,73,74,75,76,77,78,79,80,81,82,83,84
1,3,4,5,6,7,8,9,10,11,12,13,14,15,16,17,18,19,20,21,22,23,24,25,26,27,28,29,30,31,32,33,34,35,36,37,38,39,40,41,42,43,44,45,46,47,48,85,86,2,49,50,51,52,53,54,55,56,57,58,59,60,61,62,63,64,65,66,67,68,69,70,71,72,73,74,75,76,77,78,79,80,81,82,83,84
1,3,4,5,6,7,8,9,10,11,12,13,14,15,16,17,18,19,20,21,22,23,24,25,26,27,28,29,30,31,32,33,34,35,36,37,38,39,40,41,42,43,44,45,46,47,48,85,86,2,49,50,51,52,53,54,55,56,57,58,59,60,61,62,63,64,65,66,67,68,69,70,71,72,73,74,75,76,77,78,79,80,81,82,83,84
1,3,4,5,6,7,8,9,10,11,12,13,14,15,16,17,18,19,20,21,22,23,24,25,26,27,28,29,30,31,32,33,34,35,36,37,38,39,40,41,42,43,44,45,46,47,48,85,86,2,49,87,88,50,51,52,53,54,55,56,57,58,59,60,61,62,63,64,65,66,67,68,69,70,71,72,73,74,75,76,77,78,79,80,81,82,83,84
1,3,4,5,6,7,8,9,10,11,12,13,14,15,16,17,18,19,20,21,22,23,24,25,26,27,28,29,30,31,32,33,34,35,36,37,38,39,40,41,42,43,44,45,46,47,48,85,86,2,49,87,88,50,51,52,53,54,55,89,90,56,57,58,59,60,61,62,63,64,65,66,67,68,69,70,71,72,73,74,75,76,77,78,79,80,81,82,83,84
1,3,4,5,6,7,8,9,10,11,12,13,14,15,16,17,18,19,20,21,22,23,24,25,26,27,28,29,30,31,32,33,34,35,36,37,38,39,40,41,42,43,44,45,46,47,48,85,86,2,49,87,91,92,93,94,88,50,51,52,53,54,55,89,90,56,57,58,59,60,61,62,63,64,65,66,67,68,69,70,71,72,73,74,75,76,77,78,79,80,81,82,83,84
1,3,4,5,6,7,8,9,10,11,12,13,14,15,16,17,18,19,20,21,22,23,24,25,26,27,28,29,30,31,32,33,34,35,36,37,38,39,40,41,42,43,44,45,46,47,48,85,86,2,49,87,91,92,93,94,88,50,51,52,53,54,55,89,95,96,97,98,90,56,57,58,59,60,61,99,100,62,63,64,65,66,67,68,69,70,71,72,73,74,75,76,77,78,79,80,81,82,83,84
1,3,4,5,6,7,8,9,10,11,12,13,14,15,16,17,18,19,20,21,22,23,24,25,26,27,28,29,30,31,32,33,34,35,36,37,38,39,40,41,42,43,44,45,46,47,48,85,86,2,49,87,91,92,93,94,88,50,51,52,53,54,55,89,95,96,97,98,90,56,57,58,59,60,61,99,100,62,63,64,65,66,67,68,69,70,71,72,73,74,75,76,77,78,79,80,81,82,83,84
1,3,4,5,6,7,8,9,10,11,12,13,14,15,16,17,18,19,20,21,22,23,24,25,26,27,28,29,30,31,32,33,34,35,36,37,38,39,40,41,42,43,44,45,46,47,48,85,86,2,49,87,91,92,93,94,88,50,51,52,53,54,55,89,95,96,97,98,90,56,57,58,59,60,61,99,101,102,103,104,100,62,63,64,65,66,67,68,69,70,71,72,73,74,75,76,77,78,79,80,81,82,83,84
1,3,4,5,6,7,8,9,10,11,12,13,14,15,16,17,18,19,20,21,22,23,24,25,26,27,28,29,30,31,32,33,34,35,36,37,38,39,40,41,42,43,44,45,46,47,48,85,86,2,49,87,91,92,93,94,88,50,51,52,53,54,55,89,95,96,97,98,90,56,57,58,59,60,61,99,101,102,103,104,100,62,63,64,65,66,67,105,106,68,69,70,71,72,73,74,75,76,77,78,79,80,81,82,83,84
1,3,4,5,6,7,8,9,10,11,12,13,14,15,16,17,18,19,20,21,22,23,24,25,26,27,28,29,30,31,32,33,34,35,36,37,38,39,40,41,42,43,44,45,46,47,48,85,86,107,2,49,87,91,92,93,94,88,50,51,52,53,54,55,89,95,96,97,98,90,56,57,58,59,60,61,99,101,102,103,104,100,62,63,64,65,66,67,105,106,68,69,70,71,72,73,74,75,76,77,78,79,80,81,82,83,84
1,3,4,5,6,7,8,9,10,11,12,13,14,15,16,17,18,19,20,21,22,23,24,25,26,27,28,29,30,31,32,33,34,35,36,37,38,39,40,41,42,43,44,45,46,47,48,85,86,107,2,49,87,91,92,93,94,88,50,51,52,53,54,55,89,95,96,97,98,90,56,57,58,59,60,61,99,101,102,103,104,100,62,63,64,65,66,67,105,108,109,110,111,106,68,69,70,71,72,73,74,75,76,77,78,79,80,81,82,83,84
1,3,4,5,6,7,8,9,10,11,12,13,14,15,16,17,18,19,20,21,22,23,24,25,26,27,28,29,30,31,32,33,34,35,36,37,38,39,40,41,42,43,44,45,46,47,48,85,86,107,2,49,87,91,92,93,94,88,50,51,52,53,54,55,89,95,96,97,98,90,56,57,58,59,60,61,99,101,102,103,104,100,62,63,64,65,66,67,105,108,109,110,111,106,68,69,70,71,72,73,74,75,76,77,78,79,80,81,82,83,84
1,3,4,5,6,7,8,9,10,11,12,13,14,15,16,17,18,19,20,21,22,23,24,25,26,27,28,29,30,31,32,33,34,35,36,37,38,39,40,41,42,43,44,45,46,47,48,85,86,107,2,49,87,91,92,93,94,88,50,51,52,53,54,55,89,95,96,97,98,90,56,57,58,59,60,61,99,101,102,103,104,100,62,63,64,65,66,67,105,108,109,110,111,106,68,69,70,71,72,73,74,75,76,77,78,79,80,81,82,83,84
1,3,4,5,6,7,8,9,10,11,12,13,14,15,16,17,18,19,20,21,22,23,24,25,26,27,28,29,30,31,32,33,34,35,36,37,38,39,40,41,42,43,44,45,46,47,48,85,86,107,2,49,87,91,92,93,94,88,50,51,52,53,54,55,89,95,96,97,98,90,56,57,58,59,60,61,99,101,102,103,104,100,62,63,64,65,66,67,105,108,109,110,111,106,68,69,70,71,72,73,74,75,76,77,78,79,80,81,82,83,84
1,3,4,5,6,7,8,9,10,11,12,13,14,15,16,17,18,19,20,21,22,23,24,25,26,27,28,29,30,31,32,33,34,35,36,37,38,39,40,41,42,43,44,45,46,47,48,85,86,107,2,49,87,91,92,93,94,88,50,51,52,53,54,55,89,95,96,97,98,90,56,57,58,59,60,61,99,101,102,103,104,100,62,63,64,65,66,67,105,108,109,110,111,106,68,69,70,71,72,73,74,75,76,77,78,79,80,81,82,83,84
1,3,4,5,6,7,8,9,10,11,12,13,14,15,16,17,18,19,20,21,22,23,24,25,26,27,28,29,30,31,32,33,34,35,36,37,38,39,40,41,42,43,44,45,46,47,48,85,86,107,2,49,87,91,92,93,94,88,50,51,52,53,54,55,89,95,96,97,98,90,56,57,58,59,60,61,99,101,102,103,104,100,62,63,64,65,66,67,105,108,109,110,111,106,68,69,70,71,72,73,74,75,76,77,78,79,80,81,82,83,84
1,3,4,5,6,7,8,9,10,11,12,13,14,15,16,17,18,19,20,21,22,23,24,25,26,27,28,29,30,31,32,33,34,35,36,37,38,39,40,41,42,43,44,45,46,47,48,85,86,107,2,49,87,91,92,93,94,88,50,51,52,53,54,55,89,95,96,97,98,90,56,57,58,59,60,61,99,101,102,103,104,100,62,63,64,65,66,67,105,108,109,110,111,106,68,69,70,71,72,73,74,75,76,77,78,79,80,81,82,83,84
1,3,4,5,6,7,8,9,10,11,12,13,14,15,16,17,18,19,20,21,22,23,24,25,26,27,28,29,30,31,32,33,34,35,36,37,38,39,40,41,42,43,44,45,46,47,48,85,86,107,2,49,87,91,92,93,94,88,50,51,52,53,54,55,89,95,96,97,98,90,56,57,58,59,60,61,99,101,102,103,104,100,62,63,64,65,66,67,105,108,109,110,111,106,68,69,70,71,72,73,74,75,76,77,78,79,80,81,82,83,84
1,3,4,5,6,7,8,9,10,11,12,13,14,15,16,17,18,19,20,21,22,23,24,25,26,27,28,29,30,31,32,33,34,35,36,37,38,39,40,41,42,43,44,45,46,47,48,85,86,107,2,49,87,91,92,93,94,88,50,51,52,53,54,55,89,95,96,97,98,90,56,57,58,59,60,61,99,101,102,103,104,100,62,63,64,65,66,67,105,108,109,110,111,106,68,69,70,71,72,73,74,75,76,77,78,79,80,81,82,83,84
1,3,4,5,6,7,8,9,10,11,12,13,14,15,16,17,18,19,20,21,22,23,24,25,26,27,28,29,30,31,32,33,34,35,36,37,38,39,40,41,42,43,44,45,46,47,48,85,86,107,2,49,87,91,92,93,94,88,50,51,52,53,54,55,89,95,96,97,98,90,56,57,58,59,60,61,99,101,102,103,104,100,62,63,64,65,66,67,105,108,109,110,111,106,68,69,70,71,72,73,74,75,76,77,78,79,80,81,82,83,84
1,3,4,5,6,7,8,9,10,11,12,13,14,15,16,17,18,19,20,21,22,23,24,25,26,27,28,29,30,31,32,33,34,35,36,37,38,39,40,41,42,43,44,45,46,47,48,85,86,107,2,49,87,91,92,93,94,88,50,51,52,53,54,55,89,95,96,97,98,90,56,57,58,59,60,61,99,101,102,103,104,100,62,63,64,65,66,67,105,108,109,110,111,106,68,69,70,71,72,73,74,75,76,77,78,79,80,81,82,83,84
1,3,4,5,6,7,8,9,10,11,12,13,14,15,16,17,18,19,20,21,22,23,24,25,26,27,28,29,30,31,32,33,34,35,36,37,38,39,40,41,42,43,44,45,46,47,48,85,86,107,2,49,87,91,92,93,94,88,50,51,52,53,54,55,89,95,96,97,98,90,56,57,58,59,60,61,99,101,102,103,104,100,62,63,64,65,66,67,105,108,109,110,111,106,68,69,70,71,72,73,74,75,76,77,78,79,80,81,82,83,84
1,3,4,5,6,7,8,9,10,11,12,13,14,15,16,17,18,19,20,21,22,23,24,25,26,27,28,29,30,31,32,33,34,35,36,37,38,39,40,41,42,43,44,45,46,47,48,85,86,107,2,49,87,91,92,93,94,88,50,51,52,53,54,55,89,95,96,97,98,90,56,57,58,59,60,61,99,101,102,103,104,100,62,63,64,65,66,67,105,108,109,110,111,106,68,69,70,71,72,73,74,75,76,77,78,79,80,81,82,83,84
1,3,4,5,6,7,8,9,10,11,12,13,14,15,16,17,18,19,20,21,22,23,24,25,26,27,28,29,30,31,32,33,34,35,36,37,38,39,40,41,42,43,44,45,46,47,48,85,86,107,2,49,87,91,92,93,94,88,50,51,52,53,54,55,89,95,96,97,98,90,56,57,58,59,60,61,99,101,102,103,104,100,62,63,64,65,66,67,105,108,109,110,111,106,68,69,70,71,72,73,74,75,76,77,78,79,80,81,82,83,84
1,3,4,5,6,7,8,9,10,11,12,13,14,15,16,17,18,19,20,21,22,23,24,25,26,27,28,29,30,31,32,33,34,35,36,37,38,39,40,41,42,43,44,45,46,47,48,85,86,107,2,49,87,91,92,93,94,88,50,51,52,53,54,55,89,95,96,97,98,90,56,57,58,59,60,61,99,101,102,103,104,100,62,63,64,65,66,67,105,108,109,110,111,106,68,69,70,71,72,73,74,75,76,77,78,79,80,81,82,83,84
1,3,4,5,6,7,8,9,10,11,12,13,14,15,16,17,18,19,20,21,22,23,24,25,26,27,28,29,30,31,32,33,34,35,36,37,38,39,40,41,42,43,44,45,46,47,48,85,86,107,2,49,87,91,92,93,94,88,50,51,52,53,54,55,89,95,96,97,98,90,56,57,58,59,60,61,99,101,102,103,104,100,62,63,64,65,66,67,105,108,109,110,111,106,68,69,70,71,72,73,74,75,76,77,78,79,80,81,82,83,84
1,3,4,5,6,7,8,9,10,11,12,13,14,15,16,17,18,19,20,21,22,23,24,25,26,27,28,29,30,31,32,33,34,35,36,37,38,39,40,41,42,43,44,45,46,47,48,85,86,107,2,49,87,91,92,93,94,88,50,51,52,53,54,55,89,95,96,97,98,90,56,57,58,59,60,61,99,101,102,103,104,100,62,63,64,65,66,67,105,108,109,110,111,106,68,69,70,71,72,73,74,75,76,77,78,79,80,81,82,83,84
1,3,4,5,6,7,8,9,10,11,12,13,14,15,16,17,18,19,20,21,22,23,24,25,26,27,28,29,30,31,32,33,34,35,36,37,38,39,40,41,42,43,44,45,46,47,48,85,86,107,2,49,87,91,92,93,94,88,50,51,52,53,54,55,89,95,96,97,98,90,56,57,58,59,60,61,99,101,102,103,104,100,62,63,64,65,66,67,105,108,109,110,111,106,68,69,70,71,72,73,112,113,74,75,76,77,78,79,80,81,82,83,84
1,3,4,5,6,7,8,9,10,11,12,13,14,15,16,17,18,19,20,21,22,23,24,25,26,27,28,29,30,31,32,33,34,35,36,37,38,39,40,41,42,43,44,45,46,47,48,85,86,107,114,2,49,87,91,92,93,94,88,50,51,52,53,54,55,89,95,96,97,98,90,56,57,58,59,60,61,99,101,102,103,104,100,62,63,64,65,66,67,105,108,109,110,111,106,68,69,70,71,72,73,112,113,74,75,76,77,78,79,80,81,82,83,84
1,3,4,5,6,7,8,9,10,11,12,13,14,15,16,17,18,19,20,21,22,23,24,25,26,27,28,29,30,31,32,33,34,35,36,37,38,39,40,41,42,43,44,45,46,47,48,85,86,107,114,2,49,87,91,92,93,94,88,50,51,52,53,54,55,89,95,96,97,98,90,56,57,58,59,60,61,99,101,102,103,104,100,62,63,64,65,66,67,105,108,109,110,111,106,68,69,70,71,72,73,112,115,116,117,118,113,74,75,76,77,78,79,80,81,82,83,84
1,3,4,5,6,7,8,9,10,11,12,13,14,15,16,17,18,19,20,21,22,23,24,25,26,27,28,29,30,31,32,33,34,35,36,37,38,39,40,41,42,43,44,45,46,47,48,85,86,107,114,2,49,87,91,92,93,94,88,50,51,52,53,54,55,89,95,96,97,98,90,56,57,58,59,60,61,99,101,102,103,104,100,62,63,64,65,66,67,105,108,109,110,111,106,68,69,70,71,72,73,112,115,116,117,118,113,74,75,76,77,78,79,80,81,82,83,84
1,3,4,5,6,7,8,9,10,11,12,13,14,15,16,17,18,19,20,21,22,23,24,25,26,27,28,29,30,31,32,33,34,35,36,37,38,39,40,41,42,43,44,45,46,47,48,85,86,107,114,2,49,87,91,92,93,94,88,50,51,52,53,54,55,89,95,96,97,98,90,56,57,58,59,60,61,99,101,102,103,104,100,62,63,64,65,66,67,105,108,109,110,111,106,68,69,70,71,72,73,112,115,116,117,118,113,74,75,76,77,78,79,80,81,82,83,84,119,120
1,3,4,5,6,7,8,9,10,11,12,13,14,15,16,17,18,19,20,21,22,23,24,25,26,27,28,29,30,31,32,33,34,35,36,37,38,39,40,41,42,43,44,45,46,47,48,85,86,107,114,2,49,87,91,92,93,94,88,50,51,52,53,54,55,89,95,96,97,98,90,56,57,58,59,60,61,99,101,102,103,104,100,62,63,64,65,66,67,105,108,109,110,111,106,68,69,70,71,72,73,112,115,116,117,118,113,74,75,76,77,78,79,80,81,82,83,84,119,120
1,3,4,5,6,7,8,9,10,11,12,13,14,15,16,17,18,19,20,21,22,23,24,25,26,27,28,29,30,31,32,33,34,35,36,37,38,39,40,41,42,43,44,45,46,47,48,85,86,107,114,2,49,87,91,92,93,94,88,50,51,52,53,54,55,89,95,96,97,98,90,56,57,58,59,60,61,99,101,102,103,104,100,62,63,64,65,66,67,105,108,109,110,111,106,68,69,70,71,72,73,112,115,116,117,118,113,74,75,76,77,78,79,80,81,82,83,84,119,120
1,3,4,5,6,7,8,9,10,11,12,13,14,15,16,17,18,19,20,21,22,23,24,25,26,27,28,29,30,31,32,33,34,35,36,37,38,39,40,41,42,43,44,45,46,47,48,85,86,107,114,2,49,87,91,92,93,94,88,50,51,52,53,54,55,89,95,96,97,98,90,56,57,58,59,60,61,99,101,102,103,104,100,62,63,64,65,66,67,105,108,109,110,111,106,68,69,70,71,72,73,112,115,116,117,118,113,74,75,76,77,78,79,80,81,82,83,84,119,120
1,3,4,5,6,7,8,9,10,11,12,13,14,15,16,17,18,19,20,21,22,23,24,25,26,27,28,29,30,31,32,33,34,35,36,37,38,39,40,41,42,43,44,45,46,47,48,85,86,107,114,2,49,87,91,92,93,94,88,50,51,52,53,54,55,89,95,96,97,98,90,56,57,58,59,60,61,99,101,102,103,104,100,62,63,64,65,66,67,105,108,109,110,111,106,68,69,70,71,72,73,112,115,116,117,118,113,74,75,76,77,78,79,80,81,82,83,84,119,120
1,3,4,5,6,7,8,9,10,11,12,13,14,15,16,17,18,19,20,21,22,23,24,25,26,27,28,29,30,31,32,33,34,35,36,37,38,39,40,41,42,43,44,45,46,47,48,85,86,107,114,2,49,87,91,92,93,94,88,50,51,52,53,54,55,89,95,96,97,98,90,56,57,58,59,60,61,99,101,102,103,104,100,62,63,64,65,66,67,105,108,109,110,111,106,68,69,70,71,72,73,112,115,116,117,118,113,74,75,76,77,78,79,80,81,82,83,84,119,120
1,3,4,5,6,7,8,9,10,11,12,13,14,15,16,17,18,19,20,21,22,23,24,25,26,27,28,29,30,31,32,33,34,35,36,37,38,39,40,41,42,43,44,45,46,47,48,85,86,107,114,2,49,87,91,92,93,94,88,50,51,52,53,54,55,89,95,96,97,98,90,56,57,58,59,60,61,99,101,102,103,104,100,62,63,64,65,66,67,105,108,109,110,111,106,68,69,70,71,72,73,112,115,116,117,118,113,74,75,76,77,78,79,80,81,82,83,84,119,120
1,3,4,5,6,7,8,9,10,11,12,13,14,15,16,17,18,19,20,21,22,23,24,25,26,27,28,29,30,31,32,33,34,35,36,37,38,39,40,41,42,43,44,45,46,47,48,85,86,107,114,2,49,87,91,92,93,94,88,50,51,52,53,54,55,89,95,96,97,98,90,56,57,58,59,60,61,99,101,102,103,104,100,62,63,64,65,66,67,105,108,109,110,111,106,68,69,70,71,72,73,112,115,116,117,118,113,74,75,76,77,78,79,80,81,82,83,84,119,120
1,3,4,5,6,7,8,9,10,11,12,13,14,15,16,17,18,19,20,21,22,23,24,25,26,27,28,29,30,31,32,33,34,35,36,37,38,39,40,41,42,43,44,45,46,47,48,85,86,107,114,2,49,87,91,92,93,94,88,50,51,52,53,54,55,89,95,96,97,98,90,56,57,58,59,60,61,99,101,102,103,104,100,62,63,64,65,66,67,105,108,109,110,111,106,68,69,70,71,72,73,112,115,116,117,118,113,74,75,76,77,78,79,80,81,82,83,84,119,120
1,3,4,5,6,7,8,9,10,11,12,13,14,15,16,17,18,19,20,21,22,23,24,25,26,27,28,29,30,31,32,33,34,35,36,37,38,39,40,41,42,43,44,45,46,47,48,85,86,107,114,121,2,49,87,91,92,93,94,88,50,51,52,53,54,55,89,95,96,97,98,90,56,57,58,59,60,61,99,101,102,103,104,100,62,63,64,65,66,67,105,108,109,110,111,106,68,69,70,71,72,73,112,115,116,117,118,113,74,75,76,77,78,79,80,81,82,83,84,119,120
1,3,4,5,6,7,8,9,10,11,12,13,14,15,16,17,18,19,20,21,22,23,24,25,26,27,28,29,30,31,32,33,34,35,36,37,38,39,40,41,42,43,44,45,46,47,48,85,86,107,114,121,2,49,87,91,92,93,94,88,50,51,52,53,54,55,89,95,96,97,98,90,56,57,58,59,60,61,99,101,102,103,104,100,62,63,64,65,66,67,105,108,109,110,111,106,68,69,70,71,72,73,112,115,116,117,118,113,74,75,76,77,78,79,80,81,82,83,84,119,120
1,3,4,5,6,7,8,9,10,11,12,13,14,15,16,17,18,19,20,21,22,23,24,25,26,27,28,29,30,31,32,33,34,35,36,37,38,39,40,41,42,43,44,45,46,47,48,85,86,107,114,121,2,49,87,91,92,93,94,88,50,51,52,53,54,55,89,95,96,97,98,90,56,57,58,59,60,61,99,101,102,103,104,100,62,63,64,65,66,67,105,108,109,110,111,106,68,69,70,71,72,73,112,115,116,117,118,113,74,75,76,77,78,79,80,81,82,83,84,119,120
1,3,4,5,6,7,8,9,10,11,12,13,14,15,16,17,18,19,20,21,22,23,24,25,26,27,28,29,30,31,32,33,34,35,36,37,38,39,40,41,42,43,44,45,46,47,48,85,86,107,114,121,2,49,87,91,92,93,94,88,50,51,52,53,54,55,89,95,96,97,98,90,56,57,58,59,60,61,99,101,102,103,104,100,62,63,64,65,66,67,105,108,109,110,111,106,68,69,70,71,72,73,112,115,116,117,118,113,74,75,76,77,78,79,80,81,82,83,84,119,120
1,3,4,5,6,7,8,9,10,11,12,13,14,15,16,17,18,19,20,21,22,23,24,25,26,27,28,29,30,31,32,33,34,35,36,37,38,39,40,41,42,43,44,45,46,47,48,85,86,107,114,121,2,49,87,91,92,93,94,88,50,51,52,53,54,55,89,95,96,97,98,90,56,57,58,59,60,61,99,101,102,103,104,100,62,63,64,65,66,67,105,108,109,110,111,106,68,69,70,71,72,73,112,115,116,117,118,113,74,75,76,77,78,79,80,81,82,83,84,119,120
1,3,4,5,6,7,8,9,10,11,12,13,14,15,16,17,18,19,20,21,22,23,24,25,26,27,28,29,30,31,32,33,34,35,36,37,38,39,40,41,42,43,44,45,46,47,48,85,86,107,114,121,2,49,87,91,92,93,94,88,50,51,52,53,54,55,89,95,96,97,98,90,56,57,58,59,60,61,99,101,102,103,104,100,62,63,64,65,66,67,105,108,109,110,111,106,68,69,70,71,72,73,112,115,116,117,118,113,74,75,76,77,78,79,80,81,82,83,84,119,120
1,3,4,5,6,7,8,9,10,11,12,13,14,15,16,17,18,19,20,21,22,23,24,25,26,27,28,29,30,31,32,33,34,35,36,37,38,39,40,41,42,43,44,45,46,47,48,85,86,107,114,121,2,49,87,91,92,93,94,88,50,51,52,53,54,55,89,95,96,97,98,90,56,57,58,59,60,61,99,101,102,103,104,100,62,63,64,65,66,67,105,108,109,110,111,106,68,69,70,71,72,73,112,115,116,117,118,113,74,75,76,77,78,79,80,81,82,83,84,119,120
1,3,4,5,6,7,8,9,10,11,12,13,14,15,16,17,18,19,20,21,22,23,24,25,26,27,28,29,30,31,32,33,34,35,36,37,38,39,40,41,42,43,44,45,46,47,48,85,86,107,114,121,2,49,87,91,92,93,94,88,50,51,52,53,54,55,89,95,96,97,98,90,56,57,58,59,60,61,99,101,102,103,104,100,62,63,64,65,66,67,105,108,109,110,111,106,68,69,70,71,72,73,112,115,116,117,118,113,74,75,76,77,78,79,80,81,82,83,84,119,120
1,3,4,5,6,7,8,9,10,11,12,13,14,15,16,17,18,19,20,21,22,23,24,25,26,27,28,29,30,31,32,33,34,35,36,37,38,39,40,41,42,43,44,45,46,47,48,85,86,107,114,121,2,49,87,91,92,93,94,88,50,51,52,53,54,55,89,95,96,97,98,90,56,57,58,59,60,61,99,101,102,103,104,100,62,63,64,65,66,67,105,108,109,110,111,106,68,69,70,71,72,73,112,115,116,117,118,113,74,75,76,77,78,79,80,81,82,83,84,119,120
1,3,4,5,6,7,8,9,10,11,12,13,14,15,16,17,18,19,20,21,22,23,24,25,26,27,28,29,30,31,32,33,34,35,36,37,38,39,40,41,42,43,44,45,46,47,48,85,86,107,114,121,2,49,87,91,92,93,94,88,50,51,52,53,54,55,89,95,96,97,98,90,56,57,58,59,60,61,99,101,102,103,104,100,62,63,64,65,66,67,105,108,109,110,111,106,68,69,70,71,72,73,112,115,116,117,118,113,74,75,76,77,78,79,80,81,82,83,84,119,120
1,3,4,5,6,7,8,9,10,11,12,13,14,15,16,17,18,19,20,21,22,23,24,25,26,27,28,29,30,31,32,33,34,35,36,37,38,39,40,41,42,43,44,45,46,47,48,85,86,107,114,121,2,49,87,91,92,93,94,88,50,51,52,53,54,55,89,95,96,97,98,90,56,57,58,59,60,61,99,101,102,103,104,100,62,63,64,65,66,67,105,108,109,110,111,106,68,69,70,71,72,73,112,115,116,117,118,113,74,75,76,77,78,79,80,81,82,83,84,119,120
1,3,4,5,6,7,8,9,10,11,12,13,14,15,16,17,18,19,20,21,22,23,24,25,26,27,28,29,30,31,32,33,34,35,36,37,38,39,40,41,42,43,44,45,46,47,48,85,86,107,114,121,2,49,87,91,92,93,94,88,50,51,52,53,54,55,89,95,96,97,98,90,56,57,58,59,60,61,99,101,102,103,104,100,62,63,64,65,66,67,105,108,109,110,111,106,68,69,70,71,72,73,112,115,116,117,118,113,74,75,76,77,78,79,80,81,82,83,84,119,120
1,3,4,5,6,7,8,9,10,11,12,13,14,15,16,17,18,19,20,21,22,23,24,25,26,27,28,29,30,31,32,33,34,35,36,37,38,39,40,41,42,43,44,45,46,47,48,85,86,107,114,121,2,49,87,91,92,93,94,88,50,51,52,53,54,55,89,95,96,97,98,90,56,57,58,59,60,61,99,101,102,103,104,100,62,63,64,65,66,67,105,108,109,110,111,106,68,69,70,71,72,73,112,115,116,117,118,113,74,75,76,77,78,79,80,81,82,83,84,119,120
1,3,4,5,6,7,8,9,10,11,12,13,14,15,16,17,18,19,20,21,22,23,24,25,26,27,28,29,30,31,32,33,34,35,36,37,38,39,40,41,42,43,44,45,46,47,48,85,86,107,114,121,2,49,87,91,92,93,94,88,50,51,52,53,54,55,89,95,96,97,98,90,56,57,58,59,60,61,99,101,102,103,104,100,62,63,64,65,66,67,105,108,109,110,111,106,68,69,70,71,72,73,112,115,116,117,118,113,74,75,76,77,78,79,80,81,82,83,84,119,120
1,3,4,5,6,7,8,9,10,11,12,13,14,15,16,17,18,19,20,21,22,23,24,25,26,27,28,29,30,31,32,33,34,35,36,37,38,39,40,41,42,43,44,45,46,47,48,85,86,107,114,121,2,49,87,91,92,93,94,88,50,51,52,53,54,55,89,95,96,97,98,90,56,57,58,59,60,61,99,101,102,103,104,100,62,63,64,65,66,67,105,108,109,110,111,106,68,69,70,71,72,73,112,115,116,117,118,113,74,75,76,77,78,79,80,81,82,83,84,119,120
1,3,4,5,6,7,8,9,10,11,12,13,14,15,16,17,18,19,20,21,22,23,24,25,26,27,28,29,30,31,32,33,34,35,36,37,38,39,40,41,42,43,44,45,46,47,48,85,86,107,114,121,2,49,87,91,92,93,94,88,50,51,52,53,54,55,89,95,96,97,98,90,56,57,58,59,60,61,99,101,102,103,104,100,62,63,64,65,66,67,105,108,109,110,111,106,68,69,70,71,72,73,112,115,116,117,118,113,74,75,76,77,78,79,80,81,82,83,84,119,120
1,3,4,5,6,7,8,9,10,11,12,13,14,15,16,17,18,19,20,21,22,23,24,25,26,27,28,29,30,31,32,33,34,35,36,37,38,39,40,41,42,43,44,45,46,47,48,85,86,107,114,121,2,49,87,91,92,93,94,88,50,51,52,53,54,55,89,95,96,97,98,90,56,57,58,59,60,61,99,101,102,103,104,100,62,63,64,65,66,67,105,108,109,110,111,106,68,69,70,71,72,73,112,115,116,117,118,113,74,75,76,77,78,79,80,81,82,83,84,119,120
1,3,4,5,6,7,8,9,10,11,12,13,14,15,16,17,18,19,20,21,22,23,24,25,26,27,28,29,30,31,32,33,34,35,36,37,38,39,40,41,42,43,44,45,46,47,48,85,86,107,114,121,2,49,87,91,92,93,94,88,50,51,52,53,54,55,89,95,96,97,98,90,56,57,58,59,60,61,99,101,102,103,104,100,62,63,64,65,66,67,105,108,109,110,111,106,68,69,70,71,72,73,112,115,116,117,118,113,74,75,76,77,78,79,80,81,82,83,84,119,120
1,3,4,5,6,7,8,9,10,11,12,13,14,15,16,17,18,19,20,21,22,23,24,25,26,27,28,29,30,31,32,33,34,35,36,37,38,39,40,41,42,43,44,45,46,47,48,85,86,107,114,121,2,49,87,91,92,93,94,88,50,51,52,53,54,55,89,95,96,97,98,90,56,57,58,59,60,61,99,101,102,103,104,100,62,63,64,65,66,67,105,108,109,110,111,106,68,69,70,71,72,73,112,115,116,117,118,113,74,75,76,77,78,79,80,81,82,83,84,119,120
1,3,4,5,6,7,8,9,10,11,12,13,14,15,16,17,18,19,20,21,22,23,24,25,26,27,28,29,30,31,32,33,34,35,36,37,38,39,40,41,42,43,44,45,46,47,48,85,86,107,114,121,122,2,49,87,91,92,93,94,88,50,51,52,53,54,55,89,95,96,97,98,90,56,57,58,59,60,61,99,101,102,103,104,100,62,63,64,65,66,67,105,108,109,110,111,106,68,69,70,71,72,73,112,115,116,117,118,113,74,75,76,77,78,79,80,81,82,83,84,119,120
1,3,4,5,6,7,8,9,10,11,12,13,14,15,16,17,18,19,20,21,22,23,24,25,26,27,28,29,30,31,32,33,34,35,36,37,38,39,40,41,42,43,44,45,46,47,48,85,86,107,114,121,122,2,49,87,91,92,93,94,88,50,51,52,53,54,55,89,95,96,97,98,90,56,57,58,59,60,61,99,101,102,103,104,100,62,63,64,65,66,67,105,108,109,110,111,106,68,69,70,71,72,73,112,115,116,117,118,113,74,75,76,77,78,79,80,81,82,83,84,119,120
1,3,4,5,6,7,8,9,10,11,12,13,14,15,16,17,18,19,20,21,22,23,24,25,26,27,28,29,30,31,32,33,34,35,36,37,38,39,40,41,42,43,44,45,46,47,48,85,86,107,114,121,122,2,49,87,91,92,93,94,88,50,51,52,53,54,55,89,95,96,97,98,90,56,57,58,59,60,61,99,101,102,103,104,100,62,63,64,65,66,67,105,108,109,110,111,106,68,69,70,71,72,73,112,115,116,117,118,113,74,75,76,77,78,79,80,81,82,83,84,119,120
1,3,4,5,6,7,8,9,10,11,12,13,14,15,16,17,18,19,20,21,22,23,24,25,26,27,28,29,30,31,32,33,34,35,36,37,38,39,40,41,42,43,44,45,46,47,48,85,86,107,114,121,122,2,49,87,91,92,93,94,88,50,51,52,53,54,55,89,95,96,97,98,90,56,57,58,59,60,61,99,101,102,103,104,100,62,63,64,65,66,67,105,108,109,110,111,106,68,69,70,71,72,73,112,115,116,117,118,113,74,75,76,77,78,79,80,81,82,83,84,119,120
1,3,4,5,6,7,8,9,10,11,12,13,14,15,16,17,18,19,20,21,22,23,24,25,26,27,28,29,30,31,32,33,34,35,36,37,38,39,40,41,42,43,44,45,46,47,48,85,86,107,114,121,122,2,49,87,91,92,93,94,88,50,51,52,53,54,55,89,95,96,97,98,90,56,57,58,59,60,61,99,101,102,103,104,100,62,63,64,65,66,67,105,108,109,110,111,106,68,69,70,71,72,73,112,115,116,117,118,113,74,75,76,77,78,79,80,81,82,83,84,119,120
1,3,4,5,6,7,8,9,10,11,12,13,14,15,16,17,18,19,20,21,22,23,24,25,26,27,28,29,30,31,32,33,34,35,36,37,38,39,40,41,42,43,44,45,46,47,48,85,86,107,114,121,122,2,49,87,91,92,93,94,88,50,51,52,53,54,55,89,95,96,97,98,90,56,57,58,59,60,61,99,101,102,103,104,100,62,63,64,65,66,67,105,108,109,110,111,106,68,69,70,71,72,73,112,115,116,117,118,113,74,75,76,77,78,79,80,81,82,83,84,119,120
1,3,4,5,6,7,8,9,10,11,12,13,14,15,16,17,18,19,20,21,22,23,24,25,26,27,28,29,30,31,32,33,34,35,36,37,38,39,40,41,42,43,44,45,46,47,48,85,86,107,114,121,122,2,49,87,91,92,93,94,88,50,51,52,53,54,55,89,95,96,97,98,90,56,57,58,59,60,61,99,101,102,103,104,100,62,63,64,65,66,67,105,108,109,110,111,106,68,69,70,71,72,73,112,115,116,117,118,113,74,75,76,77,78,79,80,81,82,83,84,119,120
1,3,4,5,6,7,8,9,10,11,12,13,14,15,16,17,18,19,20,21,22,23,24,25,26,27,28,29,30,31,32,33,34,35,36,37,38,39,40,41,42,43,44,45,46,47,48,85,86,107,114,121,122,2,49,87,91,92,93,94,88,50,51,52,53,54,55,89,95,96,97,98,90,56,57,58,59,60,61,99,101,102,103,104,100,62,63,64,65,66,67,105,108,109,110,111,106,68,69,70,71,72,73,112,115,116,117,118,113,74,75,76,77,78,79,80,81,82,83,84,119,120
1,3,4,5,6,7,8,9,10,11,12,13,14,15,16,17,18,19,20,21,22,23,24,25,26,27,28,29,30,31,32,33,34,35,36,37,38,39,40,41,42,43,44,45,46,47,48,85,86,107,114,121,122,2,49,87,91,92,93,94,88,50,51,52,53,54,55,89,95,96,97,98,90,56,57,58,59,60,61,99,101,102,103,104,100,62,63,64,65,66,67,105,108,109,110,111,106,68,69,70,71,72,73,112,115,116,117,118,113,74,75,76,77,78,79,80,81,82,83,84,119,120
1,3,4,5,6,7,8,9,10,11,12,13,14,15,16,17,18,19,20,21,22,23,24,25,26,27,28,29,30,31,32,33,34,35,36,37,38,39,40,41,42,43,44,45,46,47,48,85,86,107,114,121,122,2,49,87,91,92,93,94,88,50,51,52,53,54,55,89,95,96,97,98,90,56,57,58,59,60,61,99,101,102,103,104,100,62,63,64,65,66,67,105,108,109,110,111,106,68,69,70,71,72,73,112,115,116,117,118,113,74,75,76,77,78,79,80,81,82,83,84,119,120
1,3,4,5,6,7,8,9,10,11,12,13,14,15,16,17,18,19,20,21,22,23,24,25,26,27,28,29,30,31,32,33,34,35,36,37,38,39,40,41,42,43,44,45,46,47,48,85,86,107,114,121,122,2,49,87,91,92,93,94,88,50,51,52,53,54,55,89,95,96,97,98,90,56,57,58,59,60,61,99,101,102,103,104,100,62,63,64,65,66,67,105,108,109,110,111,106,68,69,70,71,72,73,112,115,116,117,118,113,74,75,76,77,78,79,80,81,82,83,84,119,120
1,3,4,5,6,7,8,9,10,11,12,13,14,15,16,17,18,19,20,21,22,23,24,25,26,27,28,29,30,31,32,33,34,35,36,37,38,39,40,41,42,43,44,45,46,47,48,85,86,107,114,121,122,2,49,87,91,92,93,94,88,50,51,52,53,54,55,89,95,96,97,98,90,56,57,58,59,60,61,99,101,102,103,104,100,62,63,64,65,66,67,105,108,109,110,111,106,68,69,70,71,72,73,112,115,116,117,118,113,74,75,76,77,78,79,80,81,82,83,84,119,120
1,3,4,5,6,7,8,9,10,11,12,13,14,15,16,17,18,19,20,21,22,23,24,25,26,27,28,29,30,31,32,33,34,35,36,37,38,39,40,41,42,43,44,45,46,47,48,85,86,107,114,121,122,2,49,87,91,92,93,94,88,50,51,52,53,54,55,89,95,96,97,98,90,56,57,58,59,60,61,99,101,102,103,104,100,62,63,64,65,66,67,105,108,109,110,111,106,68,69,70,71,72,73,112,115,116,117,118,113,74,75,76,77,78,79,80,81,82,83,84,119,120
1,3,4,5,6,7,8,9,10,11,12,13,14,15,16,17,18,19,20,21,22,23,24,25,26,27,28,29,30,31,32,33,34,35,36,37,38,39,40,41,42,43,44,45,46,47,48,85,86,107,114,121,122,2,49,87,91,92,93,94,88,50,51,52,53,54,55,89,95,96,97,98,90,56,57,58,59,60,61,99,101,102,103,104,100,62,63,64,65,66,67,105,108,109,110,111,106,68,69,70,71,72,73,112,115,116,117,118,113,74,75,76,77,78,79,80,81,82,83,84,119,120
1,3,4,5,6,7,8,9,10,11,12,13,14,15,16,17,18,19,20,21,22,23,24,25,26,27,28,29,30,31,32,33,34,35,36,37,38,39,40,41,42,43,44,45,46,47,48,85,86,107,114,121,122,2,49,87,91,92,93,94,88,50,51,52,53,54,55,89,95,96,97,98,90,56,57,58,59,60,61,99,101,102,103,104,100,62,63,64,65,66,67,105,108,109,110,111,106,68,69,70,71,72,73,112,115,116,117,118,113,74,75,76,77,78,79,80,81,82,83,84,119,120
1,3,4,5,6,7,8,9,10,11,12,13,14,15,16,17,18,19,20,21,22,23,24,25,26,27,28,29,30,31,32,33,34,35,36,37,38,39,40,41,42,43,44,45,46,47,48,85,86,107,114,121,122,2,49,87,91,92,93,94,88,50,51,52,53,54,55,89,95,96,97,98,90,56,57,58,59,60,61,99,101,102,103,104,100,62,63,64,65,66,67,105,108,109,110,111,106,68,69,70,71,72,73,112,115,116,117,118,113,74,75,76,77,78,79,80,81,82,83,84,119,120
1,3,4,5,6,7,8,9,10,11,12,13,14,15,16,17,18,19,20,21,22,23,24,25,26,27,28,29,30,31,32,33,34,35,36,37,38,39,40,41,42,43,44,45,46,47,48,85,86,107,114,121,122,2,49,87,91,92,93,94,88,50,51,52,53,54,55,89,95,96,97,98,90,56,57,58,59,60,61,99,101,102,103,104,100,62,63,64,65,66,67,105,108,109,110,111,106,68,69,70,71,72,73,112,115,116,117,118,113,74,75,76,77,78,79,80,81,82,83,84,119,120
1,3,4,5,6,7,8,9,10,11,12,13,14,15,16,17,18,19,20,21,22,23,24,25,26,27,28,29,30,31,32,33,34,35,36,37,38,39,40,41,42,43,44,45,46,47,48,85,86,107,114,121,122,2,49,87,91,92,93,94,88,50,51,52,53,54,55,89,95,96,97,98,90,56,57,58,59,60,61,99,101,102,103,104,100,62,63,64,65,66,67,105,108,109,110,111,106,68,69,70,71,72,73,112,115,116,117,118,113,74,75,76,77,78,79,80,81,82,83,84,119,120
1,3,4,5,6,7,8,9,10,11,12,13,14,15,16,17,18,19,20,21,22,23,24,25,26,27,28,29,30,31,32,33,34,35,36,37,38,39,40,41,42,43,44,45,46,47,48,85,86,107,114,121,122,2,49,87,91,92,93,94,88,50,51,52,53,54,55,89,95,96,97,98,90,56,57,58,59,60,61,99,101,102,103,104,100,62,63,64,65,66,67,105,108,109,110,111,106,68,69,70,71,72,73,112,115,116,117,118,113,74,75,76,77,78,79,80,81,82,83,84,119,120
1,3,4,5,6,7,8,9,10,11,12,13,14,15,16,17,18,19,20,21,22,23,24,25,26,27,28,29,30,31,32,33,34,35,36,37,38,39,40,41,42,43,44,45,46,47,48,85,86,107,114,121,122,123,2,49,87,91,92,93,94,88,50,51,52,53,54,55,89,95,96,97,98,90,56,57,58,59,60,61,99,101,102,103,104,100,62,63,64,65,66,67,105,108,109,110,111,106,68,69,70,71,72,73,112,115,116,117,118,113,74,75,76,77,78,79,80,81,82,83,84,119,120
1,3,4,5,6,7,8,9,10,11,12,13,14,15,16,17,18,19,20,21,22,23,24,25,26,27,28,29,30,31,32,33,34,35,36,37,38,39,40,41,42,43,44,45,46,47,48,85,86,107,114,121,122,123,2,49,87,91,92,93,94,88,50,51,52,53,54,55,89,95,96,97,98,90,56,57,58,59,60,61,99,101,102,103,104,100,62,63,64,65,66,67,105,108,109,110,111,106,68,69,70,71,72,73,112,115,116,117,118,113,74,75,76,77,78,79,80,81,82,83,84,119,120
1,3,4,5,6,7,8,9,10,11,12,13,14,15,16,17,18,19,20,21,22,23,24,25,26,27,28,29,30,31,32,33,34,35,36,37,38,39,40,41,42,43,44,45,46,47,48,85,86,107,114,121,122,123,2,49,87,91,92,93,94,88,50,51,52,53,54,55,89,95,96,97,98,90,56,57,58,59,60,61,99,101,102,103,104,100,62,63,64,65,66,67,105,108,109,110,111,106,68,69,70,71,72,73,112,115,116,117,118,113,74,75,76,77,78,79,80,81,82,83,84,119,120
1,3,4,5,6,7,8,9,10,11,12,13,14,15,16,17,18,19,20,21,22,23,24,25,26,27,28,29,30,31,32,33,34,35,36,37,38,39,40,41,42,43,44,45,46,47,48,85,86,107,114,121,122,123,2,49,87,91,92,93,94,88,50,51,52,53,54,55,89,95,96,97,98,90,56,57,58,59,60,61,99,101,102,103,104,100,62,63,64,65,66,67,105,108,109,110,111,106,68,69,70,71,72,73,112,115,116,117,118,113,74,75,76,77,78,79,80,81,82,83,84,119,120
1,3,4,5,6,7,8,9,10,11,12,13,14,15,16,17,18,19,20,21,22,23,24,25,26,27,28,29,30,31,32,33,34,35,36,37,38,39,40,41,42,43,44,45,46,47,48,85,86,107,114,121,122,123,2,49,87,91,92,93,94,88,50,51,52,53,54,55,89,95,96,97,98,90,56,57,58,59,60,61,99,101,102,103,104,100,62,63,64,65,66,67,105,108,109,110,111,106,68,69,70,71,72,73,112,115,116,117,118,113,74,75,76,77,78,79,80,81,82,83,84,119,120
1,3,4,5,6,7,8,9,10,11,12,13,14,15,16,17,18,19,20,21,22,23,24,25,26,27,28,29,30,31,32,33,34,35,36,37,38,39,40,41,42,43,44,45,46,47,48,85,86,107,114,121,122,123,2,49,87,91,92,93,94,88,50,51,52,53,54,55,89,95,96,97,98,90,56,57,58,59,60,61,99,101,102,103,104,100,62,63,64,65,66,67,105,108,109,110,111,106,68,69,70,71,72,73,112,115,116,117,118,113,74,75,76,77,78,79,80,81,82,83,84,119,120
1,3,4,5,6,7,8,9,10,11,12,13,14,15,16,17,18,19,20,21,22,23,24,25,26,27,28,29,30,31,32,33,34,35,36,37,38,39,40,41,42,43,44,45,46,47,48,85,86,107,114,121,122,123,2,49,87,91,92,93,94,88,50,51,52,53,54,55,89,95,96,97,98,90,56,57,58,59,60,61,99,101,102,103,104,100,62,63,64,65,66,67,105,108,109,110,111,106,68,69,70,71,72,73,112,115,116,117,118,113,74,75,76,77,78,79,80,81,82,83,84,119,120
1,3,4,5,6,7,8,9,10,11,12,13,14,15,16,17,18,19,20,21,22,23,24,25,26,27,28,29,30,31,32,33,34,35,36,37,38,39,40,41,42,43,44,45,46,47,48,85,86,107,114,121,122,123,2,49,87,91,92,93,94,88,50,51,52,53,54,55,89,95,96,97,98,90,56,57,58,59,60,61,99,101,102,103,104,100,62,63,64,65,66,67,105,108,109,110,111,106,68,69,70,71,72,73,112,115,116,117,118,113,74,75,76,77,78,79,80,81,82,83,84,119,120
1,3,4,5,6,7,8,9,10,11,12,13,14,15,16,17,18,19,20,21,22,23,24,25,26,27,28,29,30,31,32,33,34,35,36,37,38,39,40,41,42,43,44,45,46,47,48,85,86,107,114,121,122,123,2,49,87,91,92,93,94,88,50,51,52,53,54,55,89,95,96,97,98,90,56,57,58,59,60,61,99,101,102,103,104,100,62,63,64,65,66,67,105,108,109,110,111,106,68,69,70,71,72,73,112,115,116,117,118,113,74,75,76,77,78,79,80,81,82,83,84,119,120
1,3,4,5,6,7,8,9,10,11,12,13,14,15,16,17,18,19,20,21,22,23,24,25,26,27,28,29,30,31,32,33,34,35,36,37,38,39,40,41,42,43,44,45,46,47,48,85,86,107,114,121,122,123,2,49,87,91,92,93,94,88,50,51,52,53,54,55,89,95,96,97,98,90,56,57,58,59,60,61,99,101,102,103,104,100,62,63,64,65,66,67,105,108,109,110,111,106,68,69,70,71,72,73,112,115,116,117,118,113,74,75,76,77,78,79,80,81,82,83,84,119,120
1,3,4,5,6,7,8,9,10,11,12,13,14,15,16,17,18,19,20,21,22,23,24,25,26,27,28,29,30,31,32,33,34,35,36,37,38,39,40,41,42,43,44,45,46,47,48,85,86,107,114,121,122,123,2,49,87,91,92,93,94,88,50,51,52,53,54,55,89,95,96,97,98,90,56,57,58,59,60,61,99,101,102,103,104,100,62,63,64,65,66,67,105,108,109,110,111,106,68,69,70,71,72,73,112,115,116,117,118,113,74,75,76,77,78,79,80,81,82,83,84,119,120
1,3,4,5,6,7,8,9,10,11,12,13,14,15,16,17,18,19,20,21,22,23,24,25,26,27,28,29,30,31,32,33,34,35,36,37,38,39,40,41,42,43,44,45,46,47,48,85,86,107,114,121,122,123,2,49,87,91,92,93,94,88,50,51,52,53,54,55,89,95,96,97,98,90,56,57,58,59,60,61,99,101,102,103,104,100,62,63,64,65,66,67,105,108,109,110,111,106,68,69,70,71,72,73,112,115,116,117,118,113,74,75,76,77,78,79,80,81,82,83,84,119,120
1,3,4,5,6,7,8,9,10,11,12,13,14,15,16,17,18,19,20,21,22,23,24,25,26,27,28,29,30,31,32,33,34,35,36,37,38,39,40,41,42,43,44,45,46,47,48,85,86,107,114,121,122,123,2,49,87,91,92,93,94,88,50,51,52,53,54,55,89,95,96,97,98,90,56,57,58,59,60,61,99,101,102,103,104,100,62,63,64,65,66,67,105,108,109,110,111,106,68,69,70,71,72,73,112,115,116,117,118,113,74,75,76,77,78,79,80,81,82,83,84,119,120
1,3,4,5,6,7,8,9,10,11,12,13,14,15,16,17,18,19,20,21,22,23,24,25,26,27,28,29,30,31,32,33,34,35,36,37,38,39,40,41,42,43,44,45,46,47,48,85,86,107,114,121,122,123,2,49,87,91,92,93,94,88,50,51,52,53,54,55,89,95,96,97,98,90,56,57,58,59,60,61,99,101,102,103,104,100,62,63,64,65,66,67,105,108,109,110,111,106,68,69,70,71,72,73,112,115,116,117,118,113,74,75,76,77,78,79,80,81,82,83,84,119,120
1,3,4,5,6,7,8,9,10,11,12,13,14,15,16,17,18,19,20,21,22,23,24,25,26,27,28,29,30,31,32,33,34,35,36,37,38,39,40,41,42,43,44,45,46,47,48,85,86,107,114,121,122,123,2,49,87,91,92,93,94,88,50,51,52,53,54,55,89,95,96,97,98,90,56,57,58,59,60,61,99,101,102,103,104,100,62,63,64,65,66,67,105,108,109,110,111,106,68,69,70,71,72,73,112,115,116,117,118,113,74,75,76,77,78,79,80,81,82,83,84,119,120
1,3,4,5,6,7,8,9,10,11,12,13,14,15,16,17,18,19,20,21,22,23,24,25,26,27,28,29,30,31,32,33,34,35,36,37,38,39,40,41,42,43,44,45,46,47,48,85,86,107,114,121,122,123,2,49,87,91,92,93,94,88,50,51,52,53,54,55,89,95,96,97,98,90,56,57,58,59,60,61,99,101,102,103,104,100,62,63,64,65,66,67,105,108,109,110,111,106,68,69,70,71,72,73,112,115,116,117,118,113,74,75,76,77,78,79,80,81,82,83,84,119,120
1,3,4,5,6,7,8,9,10,11,12,13,14,15,16,17,18,19,20,21,22,23,24,25,26,27,28,29,30,31,32,33,34,35,36,37,38,39,40,41,42,43,44,45,46,47,48,85,86,107,114,121,122,123,2,49,87,91,92,93,94,88,50,51,52,53,54,55,89,95,96,97,98,90,56,57,58,59,60,61,99,101,102,103,104,100,62,63,64,65,66,67,105,108,109,110,111,106,68,69,70,71,72,73,112,115,116,117,118,113,74,75,76,77,78,79,80,81,82,83,84,119,120
1,3,4,5,6,7,8,9,10,11,12,13,14,15,16,17,18,19,20,21,22,23,24,25,26,27,28,29,30,31,32,33,34,35,36,37,38,39,40,41,42,43,44,45,46,47,48,85,86,107,114,121,122,123,2,49,87,91,92,93,94,88,50,51,52,53,54,55,89,95,96,97,98,90,56,57,58,59,60,61,99,101,102,103,104,100,62,63,64,65,66,67,105,108,109,110,111,106,68,69,70,71,72,73,112,115,116,117,118,113,74,75,76,77,78,79,80,81,82,83,84,119,120
1,3,4,5,6,7,8,9,10,11,12,13,14,15,16,17,18,19,20,21,22,23,24,25,26,27,28,29,30,31,32,33,34,35,36,37,38,39,40,41,42,43,44,45,46,47,48,85,86,107,114,121,122,123,2,49,87,91,92,93,94,88,50,51,52,53,54,55,89,95,96,97,98,90,56,57,58,59,60,61,99,101,102,103,104,100,62,63,64,65,66,67,105,108,109,110,111,106,68,69,70,71,72,73,112,115,116,117,118,113,74,75,76,77,78,79,80,81,82,83,84,119,120
1,3,4,5,6,7,8,9,10,11,12,13,14,15,16,17,18,19,20,21,22,23,24,25,26,27,28,29,30,31,32,33,34,35,36,37,38,39,40,41,42,43,44,45,46,47,48,85,86,107,114,121,122,123,2,49,87,91,92,93,94,88,50,51,52,53,54,55,89,95,96,97,98,90,56,57,58,59,60,61,99,101,102,103,104,100,62,63,64,65,66,67,105,108,109,110,111,106,68,69,70,71,72,73,112,115,116,117,118,113,74,75,76,77,78,79,80,81,82,83,84,119,120
1,3,4,5,6,7,8,9,10,11,12,13,14,15,16,17,18,19,20,21,22,23,24,25,26,27,28,29,30,31,32,33,34,35,36,37,38,39,40,41,42,43,44,45,46,47,48,85,86,107,114,121,122,123,2,49,87,91,92,93,94,88,50,51,52,53,54,55,89,95,96,97,98,90,56,57,58,59,60,61,99,101,102,103,104,100,62,63,64,65,66,67,105,108,109,110,111,106,68,69,70,71,72,73,112,115,116,117,118,113,74,75,76,77,78,79,80,81,82,83,84,119,120
1,3,4,5,6,7,8,9,10,11,12,13,14,15,16,17,18,19,20,21,22,23,24,25,26,27,28,29,30,31,32,33,34,35,36,37,38,39,40,41,42,43,44,45,46,47,48,85,86,107,114,121,122,123,124,2,49,87,91,92,93,94,88,50,51,52,53,54,55,89,95,96,97,98,90,56,57,58,59,60,61,99,101,102,103,104,100,62,63,64,65,66,67,105,108,109,110,111,106,68,69,70,71,72,73,112,115,116,117,118,113,74,75,76,77,78,79,80,81,82,83,84,119,120
1,3,4,5,6,7,8,9,10,11,12,13,14,15,16,17,18,19,20,21,22,23,24,25,26,27,28,29,30,31,32,33,34,35,36,37,38,39,40,41,42,43,44,45,46,47,48,85,86,107,114,121,122,123,124,2,49,87,91,92,93,94,88,50,51,52,53,54,55,89,95,96,97,98,90,56,57,58,59,60,61,99,101,102,103,104,100,62,63,64,65,66,67,105,108,109,110,111,106,68,69,70,71,72,73,112,115,116,117,118,113,74,75,76,77,78,79,80,81,82,83,84,119,120
1,3,4,5,6,7,8,9,10,11,12,13,14,15,16,17,18,19,20,21,22,23,24,25,26,27,28,29,30,31,32,33,34,35,36,37,38,39,40,41,42,43,44,45,46,47,48,85,86,107,114,121,122,123,124,2,49,87,91,92,93,94,88,50,51,52,53,54,55,89,95,96,97,98,90,56,57,58,59,60,61,99,101,102,103,104,100,62,63,64,65,66,67,105,108,109,110,111,106,68,69,70,71,72,73,112,115,116,117,118,113,74,75,76,77,78,79,80,81,82,83,84,119,120
1,3,4,5,6,7,8,9,10,11,12,13,14,15,16,17,18,19,20,21,22,23,24,25,26,27,28,29,30,31,32,33,34,35,36,37,38,39,40,41,42,43,44,45,46,47,48,85,86,107,114,121,122,123,124,2,49,87,91,92,93,94,88,50,51,52,53,54,55,89,95,96,97,98,90,56,57,58,59,60,61,99,101,102,103,104,100,62,63,64,65,66,67,105,108,109,110,111,106,68,69,70,71,72,73,112,115,116,117,118,113,74,75,76,77,78,79,80,81,82,83,84,119,120
1,3,4,5,6,7,8,9,10,11,12,13,14,15,16,17,18,19,20,21,22,23,24,25,26,27,28,29,30,31,32,33,34,35,36,37,38,39,40,41,42,43,44,45,46,47,48,85,86,107,114,121,122,123,124,2,49,87,91,92,93,94,88,50,51,52,53,54,55,89,95,96,97,98,90,56,57,58,59,60,61,99,101,102,103,104,100,62,63,64,65,66,67,105,108,109,110,111,106,68,69,70,71,72,73,112,115,116,117,118,113,74,75,76,77,78,79,80,81,82,83,84,119,120
1,3,4,5,6,7,8,9,10,11,12,13,14,15,16,17,18,19,20,21,22,23,24,25,26,27,28,29,30,31,32,33,34,35,36,37,38,39,40,41,42,43,44,45,46,47,48,85,86,107,114,121,122,123,124,2,49,87,91,92,93,94,88,50,51,52,53,54,55,89,95,96,97,98,90,56,57,58,59,60,61,99,101,102,103,104,100,62,63,64,65,66,67,105,108,109,110,111,106,68,69,70,71,72,73,112,115,116,117,118,113,74,75,76,77,78,79,80,81,82,83,84,119,120
1,3,4,5,6,7,8,9,10,11,12,13,14,15,16,17,18,19,20,21,22,23,24,25,26,27,28,29,30,31,32,33,34,35,36,37,38,39,40,41,42,43,44,45,46,47,48,85,86,107,114,121,122,123,124,2,49,87,91,92,93,94,88,125,50,51,52,53,54,55,89,95,96,97,98,90,56,57,58,59,60,61,99,101,102,103,104,100,62,63,64,65,66,67,105,108,109,110,111,106,68,69,70,71,72,73,112,115,116,117,118,113,74,75,76,77,78,79,80,81,82,83,84,119,120
1,3,4,5,6,7,8,9,10,11,12,13,14,15,16,17,18,19,20,21,22,23,24,25,26,27,28,29,30,31,32,33,34,35,36,37,38,39,40,41,42,43,44,45,46,47,48,85,86,107,114,121,122,123,124,2,49,87,91,92,93,94,88,126,127,128,129,125,50,51,52,53,54,55,89,95,96,97,98,90,56,57,58,59,60,61,99,101,102,103,104,100,62,63,64,65,66,67,105,108,109,110,111,106,68,69,70,71,72,73,112,115,116,117,118,113,74,75,76,77,78,79,80,81,82,83,84,119,120
1,3,4,5,6,7,8,9,10,11,12,13,14,15,16,17,18,19,20,21,22,23,24,25,26,27,28,29,30,31,32,33,34,35,36,37,38,39,40,41,42,43,44,45,46,47,48,85,86,107,114,121,122,123,124,2,49,87,91,92,93,94,88,126,127,128,129,125,50,51,52,53,54,55,89,95,96,97,98,90,130,56,57,58,59,60,61,99,101,102,103,104,100,62,63,64,65,66,67,105,108,109,110,111,106,68,69,70,71,72,73,112,115,116,117,118,113,74,75,76,77,78,79,80,81,82,83,84,119,120
1,3,4,5,6,7,8,9,10,11,12,13,14,15,16,17,18,19,20,21,22,23,24,25,26,27,28,29,30,31,32,33,34,35,36,37,38,39,40,41,42,43,44,45,46,47,48,85,86,107,114,121,122,123,124,2,49,87,91,92,93,94,88,126,127,128,129,125,50,51,52,53,54,55,89,95,96,97,98,90,131,132,133,134,130,56,57,58,59,60,61,99,101,102,103,104,100,135,62,63,64,65,66,67,105,108,109,110,111,106,68,69,70,71,72,73,112,115,116,117,118,113,74,75,76,77,78,79,80,81,82,83,84,119,120
1,3,4,5,6,7,8,9,10,11,12,13,14,15,16,17,18,19,20,21,22,23,24,25,26,27,28,29,30,31,32,33,34,35,36,37,38,39,40,41,42,43,44,45,46,47,48,85,86,107,114,121,122,123,124,2,49,87,91,92,93,94,88,126,127,128,129,125,50,51,52,53,54,55,89,95,96,97,98,90,131,132,133,134,130,56,57,58,59,60,61,99,101,102,103,104,100,136,137,138,139,135,62,63,64,65,66,67,105,108,109,110,111,106,68,69,70,71,72,73,112,115,116,117,118,113,74,75,76,77,78,79,80,81,82,83,84,119,120
1,3,4,5,6,7,8,9,10,11,12,13,14,15,16,17,18,19,20,21,22,23,24,25,26,27,28,29,30,31,32,33,34,35,36,37,38,39,40,41,42,43,44,45,46,47,48,85,86,107,114,121,122,123,124,2,49,87,91,92,93,94,88,126,127,128,129,125,50,51,52,53,54,55,89,95,96,97,98,90,131,132,133,134,130,56,57,58,59,60,61,99,101,102,103,104,100,136,137,138,139,135,62,63,64,65,66,67,105,108,109,110,111,106,68,69,70,71,72,73,112,115,116,117,118,113,74,75,76,77,78,79,80,81,82,83,84,119,120
1,3,4,5,6,7,8,9,10,11,12,13,14,15,16,17,18,19,20,21,22,23,24,25,26,27,28,29,30,31,32,33,34,35,36,37,38,39,40,41,42,43,44,45,46,47,48,85,86,107,114,121,122,123,124,140,2,49,87,91,92,93,94,88,126,127,128,129,125,50,51,52,53,54,55,89,95,96,97,98,90,131,132,133,134,130,56,57,58,59,60,61,99,101,102,103,104,100,136,137,138,139,135,62,63,64,65,66,67,105,108,109,110,111,106,68,69,70,71,72,73,112,115,116,117,118,113,74,75,76,77,78,79,80,81,82,83,84,119,120
1,3,4,5,6,7,8,9,10,11,12,13,14,15,16,17,18,19,20,21,22,23,24,25,26,27,28,29,30,31,32,33,34,35,36,37,38,39,40,41,42,43,44,45,46,47,48,85,86,107,114,121,122,123,124,140,2,49,87,91,92,93,94,88,126,127,128,129,125,50,51,52,53,54,55,89,95,96,97,98,90,131,132,133,134,130,56,57,58,59,60,61,99,101,102,103,104,100,136,137,138,139,135,62,63,64,65,66,67,105,108,109,110,111,106,68,69,70,71,72,73,112,115,116,117,118,113,74,75,76,77,78,79,80,81,82,83,84,119,120
1,3,4,5,6,7,8,9,10,11,12,13,14,15,16,17,18,19,20,21,22,23,24,25,26,27,28,29,30,31,32,33,34,35,36,37,38,39,40,41,42,43,44,45,46,47,48,85,86,107,114,121,122,123,124,140,2,49,87,91,92,93,94,88,126,127,128,129,125,50,51,52,53,54,55,89,95,96,97,98,90,131,132,133,134,130,56,57,58,59,60,61,99,101,102,103,104,100,136,137,138,139,135,62,63,64,65,66,67,105,108,109,110,111,106,68,69,70,71,72,73,112,115,116,117,118,113,74,75,76,77,78,79,80,81,82,83,84,119,120
1,3,4,5,6,7,8,9,10,11,12,13,14,15,16,17,18,19,20,21,22,23,24,25,26,27,28,29,30,31,32,33,34,35,36,37,38,39,40,41,42,43,44,45,46,47,48,85,86,107,114,121,122,123,124,140,2,49,87,91,92,93,94,88,126,127,128,129,125,50,51,52,53,54,55,89,95,96,97,98,90,131,132,133,134,130,56,57,58,59,60,61,99,101,102,103,104,100,136,137,138,139,135,62,63,64,65,66,67,105,108,109,110,111,106,68,69,70,71,72,73,112,115,116,117,118,113,74,75,76,77,78,79,80,81,82,83,84,119,120
1,3,4,5,6,7,8,9,10,11,12,13,14,15,16,17,18,19,20,21,22,23,24,25,26,27,28,29,30,31,32,33,34,35,36,37,38,39,40,41,42,43,44,45,46,47,48,85,86,107,114,121,122,123,124,140,2,49,87,91,92,93,94,88,126,127,128,129,125,50,51,52,53,54,55,89,95,96,97,98,90,131,132,133,134,130,56,57,58,59,60,61,99,101,102,103,104,100,136,137,138,139,135,62,63,64,65,66,67,105,108,109,110,111,106,68,69,70,71,72,73,112,115,116,117,118,113,74,75,76,77,78,79,80,81,82,83,84,119,120
1,3,4,5,6,7,8,9,10,11,12,13,14,15,16,17,18,19,20,21,22,23,24,25,26,27,28,29,30,31,32,33,34,35,36,37,38,39,40,41,42,43,44,45,46,47,48,85,86,107,114,121,122,123,124,140,2,49,87,91,92,93,94,88,126,127,128,129,125,50,51,52,53,54,55,89,95,96,97,98,90,131,132,133,134,130,56,57,58,59,60,61,99,101,102,103,104,100,136,137,138,139,135,62,63,64,65,66,67,105,108,109,110,111,106,68,69,70,71,72,73,112,115,116,117,118,113,74,75,76,77,78,79,80,81,82,83,84,119,120
1,3,4,5,6,7,8,9,10,11,12,13,14,15,16,17,18,19,20,21,22,23,24,25,26,27,28,29,30,31,32,33,34,35,36,37,38,39,40,41,42,43,44,45,46,47,48,85,86,107,114,121,122,123,124,140,2,49,87,91,92,93,94,88,126,127,128,129,125,50,51,52,53,54,55,89,95,96,97,98,90,131,132,133,134,130,56,57,58,59,60,61,99,101,102,103,104,100,136,137,138,139,135,62,63,64,65,66,67,105,108,109,110,111,106,68,69,70,71,72,73,112,115,116,117,118,113,74,75,76,77,78,79,80,81,82,83,84,119,120
1,3,4,5,6,7,8,9,10,11,12,13,14,15,16,17,18,19,20,21,22,23,24,25,26,27,28,29,30,31,32,33,34,35,36,37,38,39,40,41,42,43,44,45,46,47,48,85,86,107,114,121,122,123,124,140,2,49,87,91,92,93,94,88,126,127,128,129,125,50,51,52,53,54,55,89,95,96,97,98,90,131,132,133,134,130,56,57,58,59,60,61,99,101,102,103,104,100,136,137,138,139,135,62,63,64,65,66,67,105,108,109,110,111,106,68,69,70,71,72,73,112,115,116,117,118,113,74,75,76,77,78,79,80,81,82,83,84,119,120
1,3,4,5,6,7,8,9,10,11,12,13,14,15,16,17,18,19,20,21,22,23,24,25,26,27,28,29,30,31,32,33,34,35,36,37,38,39,40,41,42,43,44,45,46,47,48,85,86,107,114,121,122,123,124,140,2,49,87,91,92,93,94,88,126,127,128,129,125,50,51,52,53,54,55,89,95,96,97,98,90,131,132,133,134,130,56,57,58,59,60,61,99,101,102,103,104,100,136,137,138,139,135,62,63,64,65,66,67,105,108,109,110,111,106,68,69,70,71,72,73,112,115,116,117,118,113,74,75,76,77,78,79,80,81,82,83,84,119,120
1,3,4,5,6,7,8,9,10,11,12,13,14,15,16,17,18,19,20,21,22,23,24,25,26,27,28,29,30,31,32,33,34,35,36,37,38,39,40,41,42,43,44,45,46,47,48,85,86,107,114,121,122,123,124,140,2,49,87,91,92,93,94,88,126,127,128,129,125,50,51,52,53,54,55,89,95,96,97,98,90,131,132,133,134,130,56,57,58,59,60,61,99,101,102,103,104,100,136,137,138,139,135,62,63,64,65,66,67,105,108,109,110,111,106,68,69,70,71,72,73,112,115,116,117,118,113,74,75,76,77,78,79,80,81,82,83,84,119,120
1,3,4,5,6,7,8,9,10,11,12,13,14,15,16,17,18,19,20,21,22,23,24,25,26,27,28,29,30,31,32,33,34,35,36,37,38,39,40,41,42,43,44,45,46,47,48,85,86,107,114,121,122,123,124,140,2,49,87,91,92,93,94,88,126,127,128,129,125,50,51,52,53,54,55,89,95,96,97,98,90,131,132,133,134,130,56,57,58,59,60,61,99,101,102,103,104,100,136,137,138,139,135,62,63,64,65,66,67,105,108,109,110,111,106,68,69,70,71,72,73,112,115,116,117,118,113,74,75,76,77,78,79,80,81,82,83,84,119,120
1,3,4,5,6,7,8,9,10,11,12,13,14,15,16,17,18,19,20,21,22,23,24,25,26,27,28,29,30,31,32,33,34,35,36,37,38,39,40,41,42,43,44,45,46,47,48,85,86,107,114,121,122,123,124,140,2,49,87,91,92,93,94,88,126,127,128,129,125,50,51,52,53,54,55,89,95,96,97,98,90,131,132,133,134,130,56,57,58,59,60,61,99,101,102,103,104,100,136,137,138,139,135,62,63,64,65,66,67,105,108,109,110,111,106,68,69,70,71,72,73,112,115,116,117,118,113,74,75,76,77,78,79,80,81,82,83,84,119,120
1,3,4,5,6,7,8,9,10,11,12,13,14,15,16,17,18,19,20,21,22,23,24,25,26,27,28,29,30,31,32,33,34,35,36,37,38,39,40,41,42,43,44,45,46,47,48,85,86,107,114,121,122,123,124,140,2,49,87,91,92,93,94,88,126,127,128,129,125,50,51,52,53,54,55,89,95,96,97,98,90,131,132,133,134,130,56,57,58,59,60,61,99,101,102,103,104,100,136,137,138,139,135,62,63,64,65,66,67,105,108,109,110,111,106,141,68,69,70,71,72,73,112,115,116,117,118,113,74,75,76,77,78,79,80,81,82,83,84,119,120
1,3,4,5,6,7,8,9,10,11,12,13,14,15,16,17,18,19,20,21,22,23,24,25,26,27,28,29,30,31,32,33,34,35,36,37,38,39,40,41,42,43,44,45,46,47,48,85,86,107,114,121,122,123,124,140,2,49,87,91,92,93,94,88,126,127,128,129,125,50,51,52,53,54,55,89,95,96,97,98,90,131,132,133,134,130,56,57,58,59,60,61,99,101,102,103,104,100,136,137,138,139,135,62,63,64,65,66,67,105,108,109,110,111,106,142,143,144,145,141,68,69,70,71,72,73,112,115,116,117,118,113,74,75,76,77,78,79,80,81,82,83,84,119,120
1,3,4,5,6,7,8,9,10,11,12,13,14,15,16,17,18,19,20,21,22,23,24,25,26,27,28,29,30,31,32,33,34,35,36,37,38,39,40,41,42,43,44,45,46,47,48,85,86,107,114,121,122,123,124,140,2,49,87,91,92,93,94,88,126,127,128,129,125,50,51,52,53,54,55,89,95,96,97,98,90,131,132,133,134,130,56,57,58,59,60,61,99,101,102,103,104,100,136,137,138,139,135,62,63,64,65,66,67,105,108,109,110,111,106,142,143,144,145,141,68,69,70,71,72,73,112,115,116,117,118,113,74,75,76,77,78,79,80,81,82,83,84,119,120
1,3,4,5,6,7,8,9,10,11,12,13,14,15,16,17,18,19,20,21,22,23,24,25,26,27,28,29,30,31,32,33,34,35,36,37,38,39,40,41,42,43,44,45,46,47,48,85,86,107,114,121,122,123,124,140,2,49,87,91,92,93,94,88,126,127,128,129,125,50,51,52,53,54,55,89,95,96,97,98,90,131,132,133,134,130,56,57,58,59,60,61,99,101,102,103,104,100,136,137,138,139,135,62,63,64,65,66,67,105,108,109,110,111,106,142,143,144,145,141,68,69,70,71,72,73,112,115,116,117,118,113,74,75,76,77,78,79,80,81,82,83,84,119,120
1,3,4,5,6,7,8,9,10,11,12,13,14,15,16,17,18,19,20,21,22,23,24,25,26,27,28,29,30,31,32,33,34,35,36,37,38,39,40,41,42,43,44,45,46,47,48,85,86,107,114,121,122,123,124,140,2,49,87,91,92,93,94,88,126,127,128,129,125,50,51,52,53,54,55,89,95,96,97,98,90,131,132,133,134,130,56,57,58,59,60,61,99,101,102,103,104,100,136,137,138,139,135,62,63,64,65,66,67,105,108,109,110,111,106,142,143,144,145,141,68,69,70,71,72,73,112,115,116,117,118,113,74,75,76,77,78,79,80,81,82,83,84,119,120
1,3,4,5,6,7,8,9,10,11,12,13,14,15,16,17,18,19,20,21,22,23,24,25,26,27,28,29,30,31,32,33,34,35,36,37,38,39,40,41,42,43,44,45,46,47,48,85,86,107,114,121,122,123,124,140,2,49,87,91,92,93,94,88,126,127,128,129,125,50,51,52,53,54,55,89,95,96,97,98,90,131,132,133,134,130,56,57,58,59,60,61,99,101,102,103,104,100,136,137,138,139,135,62,63,64,65,66,67,105,108,109,110,111,106,142,143,144,145,141,68,69,70,71,72,73,112,115,116,117,118,113,74,75,76,77,78,79,80,81,82,83,84,119,120
1,3,4,5,6,7,8,9,10,11,12,13,14,15,16,17,18,19,20,21,22,23,24,25,26,27,28,29,30,31,32,33,34,35,36,37,38,39,40,41,42,43,44,45,46,47,48,85,86,107,114,121,122,123,124,140,146,2,49,87,91,92,93,94,88,126,127,128,129,125,50,51,52,53,54,55,89,95,96,97,98,90,131,132,133,134,130,56,57,58,59,60,61,99,101,102,103,104,100,136,137,138,139,135,62,63,64,65,66,67,105,108,109,110,111,106,142,143,144,145,141,68,69,70,71,72,73,112,115,116,117,118,113,74,75,76,77,78,79,80,81,82,83,84,119,120
1,3,4,5,6,7,8,9,10,11,12,13,14,15,16,17,18,19,20,21,22,23,24,25,26,27,28,29,30,31,32,33,34,35,36,37,38,39,40,41,42,43,44,45,46,47,48,85,86,107,114,121,122,123,124,140,146,2,49,87,91,92,93,94,88,126,127,128,129,125,50,51,52,53,54,55,89,95,96,97,98,90,131,132,133,134,130,56,57,58,59,60,61,99,101,102,103,104,100,136,137,138,139,135,62,63,64,65,66,67,105,108,109,110,111,106,142,143,144,145,141,68,69,70,71,72,73,112,115,116,117,118,113,74,75,76,77,78,79,80,81,82,83,84,119,120
1,3,4,5,6,7,8,9,10,11,12,13,14,15,16,17,18,19,20,21,22,23,24,25,26,27,28,29,30,31,32,33,34,35,36,37,38,39,40,41,42,43,44,45,46,47,48,85,86,107,114,121,122,123,124,140,146,2,49,87,91,92,93,94,88,126,127,128,129,125,50,51,52,53,54,55,89,95,96,97,98,90,131,132,133,134,130,56,57,58,59,60,61,99,101,102,103,104,100,136,137,138,139,135,62,63,64,65,66,67,105,108,109,110,111,106,142,143,144,145,141,68,69,70,71,72,73,112,115,116,117,118,113,74,75,76,77,78,79,80,81,82,83,84,119,120
1,3,4,5,6,7,8,9,10,11,12,13,14,15,16,17,18,19,20,21,22,23,24,25,26,27,28,29,30,31,32,33,34,35,36,37,38,39,40,41,42,43,44,45,46,47,48,85,86,107,114,121,122,123,124,140,146,2,49,87,91,92,93,94,88,126,127,128,129,125,50,51,52,53,54,55,89,95,96,97,98,90,131,132,133,134,130,56,57,58,59,60,61,99,101,102,103,104,100,136,137,138,139,135,62,63,64,65,66,67,105,108,109,110,111,106,142,143,144,145,141,68,69,70,71,72,73,112,115,116,117,118,113,74,75,76,77,78,79,80,81,82,83,84,119,120
1,3,4,5,6,7,8,9,10,11,12,13,14,15,16,17,18,19,20,21,22,23,24,25,26,27,28,29,30,31,32,33,34,35,36,37,38,39,40,41,42,43,44,45,46,47,48,85,86,107,114,121,122,123,124,140,146,2,49,87,91,92,93,94,88,126,127,128,129,125,50,51,52,53,54,55,89,95,96,97,98,90,131,132,133,134,130,56,57,58,59,60,61,99,101,102,103,104,100,136,137,138,139,135,62,63,64,65,66,67,105,108,109,110,111,106,142,143,144,145,141,68,69,70,71,72,73,112,115,116,117,118,113,74,75,76,77,78,79,80,81,82,83,84,119,120
1,3,4,5,6,7,8,9,10,11,12,13,14,15,16,17,18,19,20,21,22,23,24,25,26,27,28,29,30,31,32,33,34,35,36,37,38,39,40,41,42,43,44,45,46,47,48,85,86,107,114,121,122,123,124,140,146,2,49,87,91,92,93,94,88,126,127,128,129,125,50,51,52,53,54,55,89,95,96,97,98,90,131,132,133,134,130,56,57,58,59,60,61,99,101,102,103,104,100,136,137,138,139,135,62,63,64,65,66,67,105,108,109,110,111,106,142,143,144,145,141,68,69,70,71,72,73,112,115,116,117,118,113,74,75,76,77,78,79,80,81,82,83,84,119,120
1,3,4,5,6,7,8,9,10,11,12,13,14,15,16,17,18,19,20,21,22,23,24,25,26,27,28,29,30,31,32,33,34,35,36,37,38,39,40,41,42,43,44,45,46,47,48,85,86,107,114,121,122,123,124,140,146,2,49,87,91,92,93,94,88,126,127,128,129,125,50,51,52,53,54,55,89,95,96,97,98,90,131,132,133,134,130,56,57,58,59,60,61,99,101,102,103,104,100,136,137,138,139,135,62,63,64,65,66,67,105,108,109,110,111,106,142,143,144,145,141,68,69,70,71,72,73,112,115,116,117,118,113,74,75,76,77,78,79,80,81,82,83,84,119,120
1,3,4,5,6,7,8,9,10,11,12,13,14,15,16,17,18,19,20,21,22,23,24,25,26,27,28,29,30,31,32,33,34,35,36,37,38,39,40,41,42,43,44,45,46,47,48,85,86,107,114,121,122,123,124,140,146,2,49,87,91,92,93,94,88,126,127,128,129,125,50,51,52,53,54,55,89,95,96,97,98,90,131,132,133,134,130,56,57,58,59,60,61,99,101,102,103,104,100,136,137,138,139,135,62,63,64,65,66,67,105,108,109,110,111,106,142,143,144,145,141,68,69,70,71,72,73,112,115,116,117,118,113,74,75,76,77,78,79,80,81,82,83,84,119,120
1,3,4,5,6,7,8,9,10,11,12,13,14,15,16,17,18,19,20,21,22,23,24,25,26,27,28,29,30,31,32,33,34,35,36,37,38,39,40,41,42,43,44,45,46,47,48,85,86,107,114,121,122,123,124,140,146,2,49,87,91,92,93,94,88,126,127,128,129,125,50,51,52,53,54,55,89,95,96,97,98,90,131,132,133,134,130,56,57,58,59,60,61,99,101,102,103,104,100,136,137,138,139,135,62,63,64,65,66,67,105,108,109,110,111,106,142,143,144,145,141,68,69,70,71,72,73,112,115,116,117,118,113,74,75,76,77,78,79,80,81,82,83,84,119,120
1,3,4,5,6,7,8,9,10,11,12,13,14,15,16,17,18,19,20,21,22,23,24,25,26,27,28,29,30,31,32,33,34,35,36,37,38,39,40,41,42,43,44,45,46,47,48,85,86,107,114,121,122,123,124,140,146,2,49,87,91,92,93,94,88,126,127,128,129,125,50,51,52,53,54,55,89,95,96,97,98,90,131,132,133,134,130,56,57,58,59,60,61,99,101,102,103,104,100,136,137,138,139,135,62,63,64,65,66,67,105,108,109,110,111,106,142,143,144,145,141,68,69,70,71,72,73,112,115,116,117,118,113,74,75,76,77,78,79,80,81,82,83,84,119,120
1,3,4,5,6,7,8,9,10,11,12,13,14,15,16,17,18,19,20,21,22,23,24,25,26,27,28,29,30,31,32,33,34,35,36,37,38,39,40,41,42,43,44,45,46,47,48,85,86,107,114,121,122,123,124,140,146,2,49,87,91,92,93,94,88,126,127,128,129,125,50,51,52,53,54,55,89,95,96,97,98,90,131,132,133,134,130,56,57,58,59,60,61,99,101,102,103,104,100,136,137,138,139,135,62,63,64,65,66,67,105,108,109,110,111,106,142,143,144,145,141,68,69,70,71,72,73,112,115,116,117,118,113,74,75,76,77,78,79,80,81,82,83,84,119,120
1,3,4,5,6,7,8,9,10,11,12,13,14,15,16,17,18,19,20,21,22,23,24,25,26,27,28,29,30,31,32,33,34,35,36,37,38,39,40,41,42,43,44,45,46,47,48,85,86,107,114,121,122,123,124,140,146,2,49,87,91,92,93,94,88,126,127,128,129,125,50,51,52,53,54,55,89,95,96,97,98,90,131,132,133,134,130,56,57,58,59,60,61,99,101,102,103,104,100,136,137,138,139,135,62,63,64,65,66,67,105,108,109,110,111,106,142,143,144,145,141,68,69,70,71,72,73,112,115,116,117,118,113,74,75,76,77,78,79,80,81,82,83,84,119,120
1,3,4,5,6,7,8,9,10,11,12,13,14,15,16,17,18,19,20,21,22,23,24,25,26,27,28,29,30,31,32,33,34,35,36,37,38,39,40,41,42,43,44,45,46,47,48,85,86,107,114,121,122,123,124,140,146,2,49,87,91,92,93,94,88,126,127,128,129,125,50,51,52,53,54,55,89,95,96,97,98,90,131,132,133,134,130,56,57,58,59,60,61,99,101,102,103,104,100,136,137,138,139,135,62,63,64,65,66,67,105,108,109,110,111,106,142,143,144,145,141,68,69,70,71,72,73,112,115,116,117,118,113,74,75,76,77,78,79,80,81,82,83,84,119,120
1,3,4,5,6,7,8,9,10,11,12,13,14,15,16,17,18,19,20,21,22,23,24,25,26,27,28,29,30,31,32,33,34,35,36,37,38,39,40,41,42,43,44,45,46,47,48,85,86,107,114,121,122,123,124,140,146,2,49,87,91,92,93,94,88,126,127,128,129,125,50,51,52,53,54,55,89,95,96,97,98,90,131,132,133,134,130,56,57,58,59,60,61,99,101,102,103,104,100,136,137,138,139,135,62,63,64,65,66,67,105,108,109,110,111,106,142,143,144,145,141,68,69,70,71,72,73,112,115,116,117,118,113,74,75,76,77,78,79,80,81,82,83,84,119,120
