1.0532990850174977,20.816073257701024,43.97936961600958
1.0576446462341063,21.374152768566443,44.08805230366482
1.0622300567699,21.936906519004427,44.194132899690864
1.0670262157981778,22.505177608611223,44.29667951856258
1.0721748611847826,23.0763357171488,44.39597757311134
1.0774477216461273,23.654909312752096,44.49087090920831
1.0828449335627055,24.238675249164583,44.581785055164744
1.0883319023072409,24.829244182694175,44.66754493477644
1.0939168967462742,25.42556748724125,44.748625050790345
1.099555442588031,26.033306504366173,44.82076196579167
1.1052728697578205,26.65430094110951,44.881431140303725
1.1110562746919326,27.288445607566235,44.9307237071415
1.1168885669121886,27.932971324654865,44.9710692827818
1.1227503939335164,28.587055632572678,45.00321952525784
1.12863720941433,29.24633700025072,45.031057772251195
1.1346583722933643,29.908082146074413,45.0567428068842
1.1407190627542407,30.57120546485575,45.08143729792499
1.14282232887038,30.598092987003938,45.0816716350272
1.1429186071173394,30.598145573549058,45.0816716350272
1.1429186796280848,30.598145601181336,45.0816716350272
1.1429186796280848,30.598145601181336,45.0816716350272
1.1429186796280848,30.598145601181336,45.0816716350272
1.1429186796280848,30.598145601181336,45.0816716350272
1.1429186796280848,30.598145601181336,45.0816716350272
1.1429186796280848,30.598145601181336,45.0816716350272
1.1485491534412278,31.226126344360033,45.110083749215164
1.1546852716799962,31.88152487964618,45.141785064609365
1.160825703468878,32.53607064049074,45.17525426954207
1.1669440261004602,33.19089222734742,45.20949329927604
1.1729812229711591,33.7171498344191,45.36356419052529
1.1789515298246027,34.12749545170771,45.62522690483909
1.1849118619089263,34.543364906813856,45.88484941488282
1.1908387790803616,34.851867455331885,46.24838337308149
1.1967515229385723,35.16031171274474,46.61287585603239
1.202791010551663,35.48236012394512,46.9724088197864
1.2088142218668096,35.71461253293719,47.42176561275501
1.2148300282643862,35.94741046198662,47.8742149324984
1.2208399061559565,36.18768516150355,48.32699271636943
1.226845129430168,36.43540431464758,48.782200430107416
1.2328426851147956,36.68449098229449,49.24167059133094
1.2349885353373542,36.69386588415217,49.26000923784611
1.2350960140931773,36.69386888763792,49.260015826650964
1.2350961574462818,36.69386888763792,49.260015826650964
1.2350961574462818,36.69386888763792,49.260015826650964
1.2350961574462818,36.69386888763792,49.260015826650964
1.2350961574462818,36.69386888763792,49.260015826650964
1.2350961574462818,36.69386888763792,49.260015826650964
1.2350961574462818,36.69386888763792,49.260015826650964
1.2406090838033128,36.93482815213937,49.70163987160046
1.246593036724952,37.19691753647835,50.16321095466836
1.252569470999221,37.45406020609072,50.63612717303259
1.2585370228336914,37.71232368028282,51.11464929959272
1.264495929081723,37.972266145248284,51.59857095201245
1.270568042892068,38.233975640719514,52.087791701020144
1.2766246360645717,38.41613054159825,52.65765407767832
1.2826655625833494,38.59285022872867,53.23948639901692
1.2886959464084278,38.770741344481216,53.82734459817849
1.2947170546490163,38.951833346412435,54.422953362921966
1.3007272290394296,39.13519335833822,55.02417307323776
1.3067291629692963,39.285834636330236,55.66338538073983
1.3127218063339305,39.43931357978759,56.30834184516651
1.3187047417857634,39.60486850010764,56.95389677517337
1.3246784785747585,39.77430248438628,57.60516302485204
1.330640891332998,39.944459981049945,58.26506625952949
1.3328685442058852,39.95108806934522,58.28599022309097
1.3329938595047597,39.95110151451865,58.28599022309097
1.3329940529706208,39.95110158221929,58.28599022309097
1.3329940529706208,39.95110177199627,58.28599022309097
1.3329940529706208,39.95110190143843,58.28599022309097
1.3329940529706208,39.951101967120586,58.28599022309097
1.3329940529706208,39.95110199337852,58.28599022309097
1.3329940529706208,39.951102000782875,58.28599022309097
1.338545364536214,40.116617455155804,58.92776567667854
1.344606048267246,40.29529062702025,59.59867016721873
1.3506580588601644,40.47933958517621,60.274208223262455
1.3567019209544782,40.672010084640654,60.95144908377245
1.3627393535732368,40.847774582059415,61.65398203114424
1.3687715349242446,41.03500260885761,62.355557518888226
1.3748015885399634,41.20699565565997,63.08070277698102
1.3808342633037485,41.396413058127976,63.79910567517282
1.3868742012087554,41.5736583519977,64.53771203583868
1.3929243761877759,41.77173566301722,65.26566334829474
1.3989840430865774,41.99529686147126,65.98209375179633
1.4050504172289922,42.24408099964111,66.68603067287708
1.4112584247256612,42.51332180603339,67.378254719176
1.4174696442257202,42.809091838956874,68.05939725580696
1.4236624387483645,43.08405763797108,68.76777549981462
1.4298478747771373,43.37668491478858,69.47151988821015
1.432264269268652,43.387146747639946,69.49233592385137
1.432414728078304,43.38715375739214,69.49233984488944
1.4324152101490333,43.38715380515068,69.49233984488944
1.4324152101490335,43.38715380989663,69.49233984488944
1.4324152101490335,43.38715380989663,69.49233984488944
1.4324152101490335,43.38715380989663,69.49233984488944
1.4324152101490335,43.38715380989663,69.49233984488944
1.4324152101490335,43.38715380989663,69.49233984488944
1.4380308448713583,43.6758659102647,70.17546629126186
1.4441812505944658,43.989691129277205,70.88094581230443
1.4503105686990059,44.30767408671293,71.59216014772484
1.4564235155085765,44.64123943315437,72.29814787784763
1.4625210585249646,44.992577014958854,73.0008383176135
1.4686009589678242,45.32465373087556,73.73041923104255
1.4746656509770975,45.666551574402845,74.45990386392047
1.480843773812283,46.02282142379819,75.18793680572549
1.4870058483152442,46.38870929343964,75.92059819124142
1.4931488088350944,46.7500992368193,76.66750821601327
1.4992763743183481,47.11725619009092,77.4223511195052
1.5053922780137758,47.48764764256299,78.18503346673856
1.5114972779843423,47.85915455672917,78.9575965484152
1.5175916369246671,48.23082639862138,79.74099390984819
1.5236648487649818,48.599491523963195,80.53853147965677
1.5297293773336824,48.96986167926251,81.34575153606244
1.5321421996961149,48.98196134726236,81.36660051386369
1.532298270178507,48.98197656079387,81.36660051386369
1.5322987683576865,48.98197656079388,81.36660051386369
1.5322987683576865,48.98197656079388,81.36660051386369
1.5322987683576865,48.98197656079388,81.36660051386369
1.5322987683576865,48.98197656079388,81.36660051386369
1.5322987683576865,48.98197656079388,81.36660051386369
1.5322987683576865,48.98197656079388,81.36660051386369
1.5377810974373747,49.34188814770038,82.15729482370577
1.5438358884708459,49.69226641071876,83.00600231640436
1.5498775957426978,50.03745753507101,83.87131662045172
1.5559392529032245,50.392556976407576,84.73870559204508
1.5621900518857013,50.7700945791162,85.59572377016183
1.5686256167013137,51.20323763032702,86.41033553171634
1.5752633993607097,51.722015842198246,87.15804641603091
1.5820828954166801,52.34506695148776,87.81789404161101
1.5890623953177092,53.077189597865036,88.3845622531471
1.5961337294852225,53.89328741938231,88.88260714423818
1.6032419292477138,54.7374458246091,89.36720148649144
1.6103019109023962,55.377690780424565,90.05062988923008
1.6173495082301919,56.021151631441136,90.73634975685289
1.6243591702345956,56.501738827264546,91.58615935768488
1.631362735717558,56.85965317747803,92.55430634144913
1.6383963501216234,57.29319167441917,93.4665529761158
1.641920342208144,57.313792689599076,93.51612696889286
1.64234114533944,57.31382302019969,93.51639246491028
1.6423618638502657,57.31382330310643,93.51639273134839
1.642361863850266,57.31382338444081,93.51639273134839
1.642361863850266,57.31382338444081,93.51639273134839
1.642361863850266,57.31382338444081,93.51639273134839
1.642361863850266,57.31382338444081,93.51639273134839
1.642361863850266,57.31382338444081,93.51639273134839
1.6489116822200562,57.751480356344814,94.3615838507065
1.656112915156392,58.24144981584064,95.25125950593508
1.6633087561574618,58.739108976754736,96.14797458730433
1.6704941532189737,59.24332797650907,97.05224005434053
1.677665793966649,59.74829418461036,97.96878990334503
1.6848083191911407,60.082265995435854,99.05772987025415
1.6919355640489544,60.42055547314768,100.15430819349777
1.699046190243424,60.76946433072014,101.25928079176936
1.70614439837726,61.130136443208656,102.36692996605883
1.7132366530510446,61.540294090209656,103.44566722936028
1.7205090507942284,62.00110640879609,104.4927509689517
1.727774758119892,62.50265939523969,105.51744555577604
1.7350309773910961,63.02912426023325,106.53417628874872
1.7422782062837188,63.53332848504097,107.58573834141575
1.749525936304911,64.08692308410649,108.60459936895441
1.7567928865653513,64.69250812700952,109.58692128439287
1.7604684788488503,64.722977851037,109.6404528474172
1.7609429076754703,64.72304812894134,109.64051493874122
1.7609687149913678,64.72304814618036,109.64051502099566
1.7609687149913678,64.72304814711731,109.64051502099566
1.7609687149913678,64.72304814711751,109.64051502099566
1.7609687149913678,64.72304814711832,109.64051502099566
1.7609687149913682,64.72304814716448,109.64051502099566
1.7609687149913682,64.7230481471859,109.64051502099566
