0.9598966445746506,0.9598848079694118,0.9598328224894761,0.9598184785626371,0.9598236050356419,0.9598371626123685,0.9597594342382265,0.9597743211520051,0.9597776923143959,0.9597658129716429,0.9597116529130545,0.9596991696814052,0.9597107092185346,0.9597191588504574,0.9596482345661672,0.9596605833890544,0.9596699476805701,0.9596563509869116,0.9596416711003626,0.9596289096308772,0.9596546662928647,0.959656089984626
0.9599193757722955,0.9599075457198993,0.9598553637691489,0.9598410277040403,0.9598463681740441,0.959859918248531,0.9597823918568853,0.9597972704760134,0.9598004723756595,0.9597885996035658,0.9597344694863403,0.9597219931588108,0.9597335178515911,0.9597419628119424,0.959666142321665,0.9596784857927183,0.9596927612401902,0.9596791237521709,0.9596643029339536,0.959651491981077,0.9596774862149657,0.9596789151765377
0.9599240607774708,0.9599122320756674,0.9598600560791843,0.9598457216506426,0.9598510505829045,0.9598645991141461,0.9597870815488829,0.9598019584735848,0.9598051490723651,0.9597932776492355,0.959739153679013,0.9597266787689083,0.9597381912024632,0.9597466352056225,0.9596661812265435,0.9596785246859696,0.9596974141609502,0.9596837038535178,0.9596683483650603,0.9596554751511293,0.9596821430235047,0.9596835782574893
0.9599289873319856,0.959917160050417,0.9598649903152272,0.9598506576076393,0.9598559743341757,0.9598695212426187,0.9597920129587156,0.9598068881016464,0.9598100667437315,0.9597981967390818,0.9597440792326328,0.9597316058129974,0.9597431052819754,0.9597515482786283,0.9596705436945827,0.959682885850244,0.9597023065338259,0.959688518962571,0.9596722791254482,0.9596593399075282,0.9596870397877897,0.9596884815353559
0.9599458368103775,0.9599340143862709,0.959881866065831,0.9598675392442144,0.9598728415186064,0.9598863828677899,0.9598089063792754,0.959823775418351,0.9598269404883717,0.9598150753509416,0.9597609800235949,0.9597485117181916,0.959759994199342,0.9597684337367534,0.9596874623296716,0.9596997994289709,0.9597191842036348,0.9597053197342542,0.959688257458311,0.9596752510531372,0.959703926390989,0.9597053745604998
0.9599445910783211,0.9599327682950844,0.9598806183913753,0.959866291134587,0.9598715800231021,0.959885121788066,0.9598076429215545,0.9598225124171404,0.9598256640211558,0.9598137985155253,0.9597597015103563,0.9597472328180663,0.9597587020691252,0.9597671418711984,0.9596867279052468,0.95969906522404,0.959717860245078,0.9597039062627339,0.959685735117626,0.9596726450955424,0.9597026046703709,0.9597040605589648
0.9599482075609147,0.9599363858202707,0.95988424051296,0.9598699145195182,0.9598751870540565,0.9598887276301671,0.9598112555631442,0.9598261237534129,0.9598292591785267,0.9598173947099282,0.9597633024303409,0.9597508348277144,0.9597622871514648,0.959770726219221,0.959690319247247,0.9597026554927077,0.9597214145766277,0.9597073654444244,0.9596876182037728,0.9596744234069712,0.9597061619080991,0.9597076267206837
0.9599569583840577,0.9599451391661942,0.9598930049809025,0.9598786820444116,0.9598839359939919,0.9598974736864843,0.9598200181119052,0.9598348831360701,0.9598380004217326,0.9598261384745843,0.959772057684829,0.9597595927316178,0.9597710251291176,0.9597794624071001,0.9596990724817833,0.9597114061111733,0.9597301264243507,0.9597159896931102,0.9596950125628252,0.9596816898379921,0.959714874366431,0.9597163496066845
0.9599726133791742,0.9599607986745686,0.9599089093294975,0.9598945919403523,0.9598996007841059,0.9599131333134661,0.9598355484880421,0.9598504079006529,0.9598536646357974,0.9598418072071286,0.9597882743656097,0.9597758143197799,0.9597866967444093,0.9597951308123742,0.9597142118617639,0.9597265409663949,0.9597457811739691,0.9597315749623194,0.9597102754828573,0.9596968056677024,0.9597305260138824,0.9597320132117593
0.9599684948280702,0.9599566789360985,0.9599047843789656,0.9598904655510523,0.9598954521291034,0.9599089860258743,0.9598313933636902,0.9598462542776722,0.9598494885437061,0.9598376299103986,0.959784091633114,0.9597716303215247,0.9597824910126476,0.9597909259420796,0.9597099987293016,0.9597223290931347,0.9597415364127251,0.9597272661180933,0.9597006713382474,0.9596869764395419,0.9597262585084281,0.9597277637471011
0.9599705692556175,0.9599587539616956,0.9599066370756271,0.9598923188939277,0.9598975048860525,0.9599110381062279,0.9598336081104397,0.9598484682241681,0.9598515182044092,0.9598396601565793,0.9597855971353728,0.959773136279372,0.959784498547146,0.9597929330653732,0.9597125694252941,0.95972489902081,0.9597435120567948,0.9597291984548937,0.9596975183448295,0.9596835570670641,0.9597281972384184,0.9597297272590579
0.9599707596739646,0.9599589444349406,0.9599070527439864,0.9598927347072688,0.9598976704114985,0.959911203577116,0.9598336151052327,0.9598484752164347,0.9598516586546755,0.9598398006473601,0.9597862651947733,0.9597738045409383,0.9597846139249759,0.9597930484195702,0.9597121253772534,0.9597244551054842,0.9597435972027781,0.959729257450906,0.9596960253903608,0.959681790833965,0.9597282314803297,0.9597297916782703
0.95997718928772,0.9599653759023417,0.9599132674303472,0.9598989515613034,0.9599040879068697,0.9599176189572522,0.9598402013712963,0.9598550591026727,0.9598580597360187,0.9598462035751725,0.959792149152638,0.9597796902793836,0.9597910018072702,0.9597994349934194,0.9597190840406802,0.9597314116891278,0.9597499650387313,0.959735613151451,0.959694053304041,0.9596795637012323,0.959730633276642,0.9597322277905618
0.9599991292965193,0.9599873222365154,0.9599352416507931,0.9599209334464498,0.9599260454679315,0.9599395692808741,0.9598621930884601,0.959877042873398,0.959880020322732,0.9598681704967855,0.9598141449413653,0.9598016927245148,0.9598129766138273,0.9598214052987515,0.9597410972178444,0.9597534182869529,0.9597719385914365,0.9597575863013861,0.9597110923203953,0.9596963766457729,0.9597515818782072,0.9597532100803787
0.9600133060353615,0.9600015030626452,0.959949440496302,0.9599351372446823,0.9599402299469253,0.9599537490844163,0.9598763996326223,0.9598912442840872,0.9598942031470614,0.9598823574124804,0.9598283505007561,0.9598159025829094,0.9598271650032257,0.959835590781799,0.9597553103823973,0.9597676272033557,0.9597861227744959,0.9597717714182492,0.9597252638000615,0.9597103837724084,0.9597645727455042,0.9597662409393415
0.9600178301442632,0.9600060284759062,0.9599541963547422,0.9599398947620392,0.9599447484391801,0.9599582660872792,0.9598807665477913,0.9598956096212752,0.9598987130063099,0.9598868685727162,0.9598333943697392,0.959820947978328,0.9598316685031101,0.9598400933591731,0.9597592627583071,0.959771578397933,0.9597906166665171,0.9597762649509769,0.9597312855106392,0.9597163025755941,0.9597676829049111,0.9597693986094396
0.9600234560061678,0.9600116559598275,0.9599598309586754,0.9599455313314256,0.9599503735621981,0.9599638893561262,0.9598864004430736,0.959901241480738,0.9599043336535893,0.959892490841431,0.9598390239549626,0.9598265792672545,0.9598372875253363,0.9598457112303773,0.9597648916687676,0.9597772056259479,0.9597962303170806,0.9597818796649691,0.9597368963938209,0.9597218614211891,0.9597717524496268,0.9597735219074408
0.9624015540301658,0.9623904406089798,0.9623424259469178,0.9623289586080985,0.9623372857839301,0.9623500136621048,0.9622778380134169,0.9622918136526473,0.96229738209304,0.9622862306214228,0.9622366817813741,0.9622249637573244,0.9622365917269362,0.962244523237171,0.962169224066241,0.9621808183404525,0.9621991606939577,0.9621856485434779,0.9621440878810184,0.9621299089849262,0.9621744232473766,0.9621761437546839
0.9624045450264465,0.9623934324700882,0.9623452099728749,0.962331743607971,0.9623402815052273,0.9623530083930965,0.962280987685282,0.9622949621830823,0.9623003806430097,0.962289230038913,0.962239189138625,0.9622274718755857,0.9622395947298132,0.9622475256231162,0.9621727585144153,0.9621843517291326,0.9622021663299862,0.9621886552163577,0.9621456458099369,0.9621314652112758,0.9621772317177604,0.962178955622252
0.9624048587922946,0.962393746326657,0.9623457357925429,0.9623322696115839,0.9623405957953703,0.9623533225793441,0.9622811531350277,0.9622951275728693,0.9623006952585662,0.96228954474549,0.9622400001640496,0.962228283147166,0.9622399098413086,0.9622478406698767,0.9621725479699268,0.9621841412477556,0.9622024817467452,0.9621889707433946,0.9621474133966121,0.9621332334455774,0.9621775422797496,0.962179266172299
0.9624049220710049,0.9623938096236648,0.9623455875994902,0.9623321213666898,0.9623406591799237,0.9623533859429423,0.9622813659415823,0.9622953403023036,0.9623007587088617,0.9622896082141414,0.9622395678046758,0.962227850656566,0.9622399733917002,0.9622479042072136,0.9621731378318166,0.9621847309328289,0.9622025453588212,0.962189034377712,0.9621460253930807,0.962131844933493,0.9621776058730311,0.9621793297627448
0.9624049315832521,0.9623938191386625,0.962345808695467,0.9623323425400114,0.9623406687079981,0.9623533954678669,0.9622812261602158,0.9622952005715955,0.9623007682467255,0.9622896177547648,0.9622400732671414,0.9622283562724474,0.9622399829445538,0.9622479137581048,0.9621726212007158,0.9621842144565946,0.9622025549208539,0.962189043943088,0.9621474866749802,0.9621333067507931,0.9621776154412376,0.9621793393305254
0.9624049316772108,0.9623938192326493,0.9623455972205266,0.9623321309910919,0.9623406688021887,0.9623533955620285,0.9622813755786674,0.962295349935899,0.9623007683410967,0.9622896178491633,0.9622395774522026,0.9622278603070207,0.9622399830391233,0.9622479138526558,0.9621731474959427,0.9621847405940558,0.9622025550155995,0.9621890440378646,0.9621460350639828,0.9621318546079394,0.9621776155360409,0.9621793394253235
0.9624049316474765,0.9623938192029073,0.9623458087597914,0.962332342604358,0.9623406687723333,0.9623533955321819,0.9622812262246505,0.9622952006360068,0.9623007683111289,0.9622896178191869,0.962240073331649,0.9622283563369736,0.9622399830090589,0.9622479138225963,0.9621726212653314,0.9621842145211901,0.9622025549854227,0.9621890440076784,0.9621474867396458,0.9621333068154823,0.9621776155058481,0.9621793393951332
0.9624049316772108,0.9623938192326493,0.9623455972205266,0.9623321309910919,0.9623406688021887,0.9623533955620285,0.9622813755786677,0.9622953499358993,0.9623007683410967,0.9622896178491633,0.9622395774522026,0.9622278603070207,0.9622399830391233,0.9622479138526558,0.9621731474959427,0.9621847405940558,0.9622025550155995,0.9621890440378646,0.9621460350639828,0.9621318546079394,0.9621776155360409,0.9621793394253235
0.9600495905877289,0.960037798076514,0.9599860061515662,0.9599717156548688,0.959976544969539,0.9599900521365947,0.9599126126649973,0.9599274442306416,0.9599305246174716,0.9599186893609803,0.9598652565684795,0.959852819819798,0.9598635114409868,0.9598719297741194,0.959791161733585,0.9598034678386649,0.9598224705250751,0.9598081285999496,0.959763169005194,0.9597481167452127,0.9597961389115242,0.9597979687914355
0.9600607399786083,0.960048950682058,0.9599969484090172,0.9599826617293348,0.9599877076643517,0.9600012111517713,0.9599239512084805,0.9599387786767495,0.9599416932433957,0.9599298612089444,0.9598759167265505,0.9598634832041264,0.9598746917034009,0.9598831077462302,0.9598029200747837,0.9598152226652243,0.9598336553280724,0.959819317190177,0.9597728277449651,0.9597577711444729,0.9598059508404564,0.9598078275501063
0.9600658546652681,0.9600540668434325,0.9600020710718813,0.9599877861791668,0.9599928202303849,0.9600063220324977,0.9599290717280995,0.9599438973459629,0.9599468002880351,0.959934969726931,0.9598810319583493,0.9598685999840462,0.9598797958129395,0.9598882108101696,0.9598080330975274,0.9598203341596385,0.9598387531965413,0.9598244165524299,0.9597779322291606,0.9597628727164138,0.9598087877896875,0.9598107501052944
0.9600669601693368,0.9600551726662498,0.9600031782999561,0.9599888937934846,0.9599939237944701,0.9600074252328015,0.9599301770089999,0.9599450022274465,0.9599479011737491,0.959936070930244,0.9598821346089113,0.959869702968325,0.9598808945736788,0.9598893093458232,0.9598091337770134,0.9598214345101201,0.9598398491279141,0.9598255128632682,0.9597790296023716,0.959763969614299,0.9598089102990102,0.9598109029117914
0.9600819287112436,0.9600701455240863,0.9600181701851931,0.9600038909085014,0.9600089152557576,0.9600224117522342,0.9599451917927411,0.9599600115852132,0.9599629056671144,0.95995107975236,0.9598971631564854,0.9598847360643386,0.9598959197784573,0.9599043314725815,0.9598241852203542,0.9598364814543869,0.9598548855496218,0.9598405545273512,0.9597940881677931,0.9597790332635077,0.9598238029261925,0.9598258242467059
0.9600831233048,0.9600713404620873,0.9600193666417272,0.9600050877824107,0.9600101080670704,0.9600236041703376,0.9599463864597484,0.9599612058204909,0.9599640958989719,0.9599522703275991,0.9598983552964577,0.9598859285651211,0.9598971080300602,0.9599055194807606,0.9598253755470298,0.9598376714252548,0.959856071060571,0.959841740451626,0.9597952753869632,0.95978022069899,0.9598249311587845,0.9598269831069806
0.9600911257818225,0.9600793452465257,0.9600276058911512,0.9600133299060658,0.9600181207937337,0.9600316142556089,0.9599542533298211,0.9599690698476269,0.9599721135846733,0.9599602903264135,0.9599069116744321,0.9598944875327524,0.9599051347730225,0.9599135445793623,0.9598328583179101,0.9598451519594016,0.9598641017830529,0.9598497739740244,0.9598048574152758,0.959789806127558,0.9598329080650718,0.9598349912038981
0.9600998008515074,0.9600880228175834,0.9600360701974755,0.9600217971651588,0.9600268071696414,0.9600402977680254,0.9599631115419163,0.9599779248585005,0.9599808055320593,0.9599689847814623,0.9599150917178765,0.9599026700519782,0.9599138367348554,0.9599222447584901,0.9598421334658236,0.959854424334782,0.9598728082554038,0.9598584834819199,0.9598120372922558,0.9597969885648945,0.9598377756127905,0.9598398912637682
0.9601092005458152,0.9600974252222352,0.9600457087442655,0.9600314390743874,0.9600362195072778,0.9600497070028213,0.9599723802707028,0.9599871902376744,0.9599902242999101,0.9599784062666985,0.9599250511921138,0.9599126325405938,0.959923266749029,0.9599316728407883,0.9598510222052876,0.9598633104171885,0.9598822435519512,0.9598679220681579,0.9598230252938011,0.9598079804901449,0.9598461334945456,0.9598482811011466
0.9601173703574699,0.9601055973896291,0.9600536671040998,0.960039400210551,0.9600443997329915,0.9600578845318408,0.9599807314754383,0.9599955384243481,0.9599984095382925,0.9599865938666088,0.959932723946864,0.959920307617639,0.9599314611834757,0.9599398655964677,0.9598597886933649,0.9598720742847249,0.9598904419988163,0.9598761233735045,0.9598296970769069,0.9598146546619206,0.9598532379169784,0.9598554178636349
0.9601184142439276,0.960106641577088,0.960054936761181,0.9600406703105637,0.9600454413028108,0.9600589257582934,0.9599816164490871,0.9599964230781721,0.9599994480930321,0.959987632720984,0.9599342896545753,0.9599218737992421,0.9599324972441041,0.9599409014448388,0.9598602689458404,0.9598725543936384,0.9598914749000271,0.9598771566348505,0.959832269927773,0.9598172284231867,0.959853159585982,0.9598553724253638
0.9601193442885536,0.960107571889893,0.9600556441136774,0.9600413779098274,0.9600463688089498,0.9600598529586684,0.9599827036148862,0.9599975098510751,0.9600003724374715,0.9599885573321099,0.9599346899929999,0.959922274258836,0.9599334188887814,0.9599418229007013,0.9598617498176025,0.9598740348227257,0.9598923932522931,0.9598780753073115,0.9598316512046141,0.959816609451974,0.9598529561627018,0.9598552020652247
0.9601337706414605,0.9601220024026595,0.9600703170241163,0.9600560559390963,0.9600608166788107,0.9600742960655657,0.9599970158057862,0.9600118168695737,0.960014832293127,0.960003021359652,0.9599496983217646,0.9599372871302108,0.959947898129891,0.9599562991754487,0.9598756969372728,0.9598879777731555,0.9599068827270081,0.9598925698340293,0.9598476999500494,0.9598326640487911,0.9598663271489807,0.9598686055169772
0.9601427882560916,0.9601310226175686,0.9600791246444391,0.9600648666321121,0.960069846147084,0.9600833225570935,0.960006217479622,0.9600210152178927,0.9600238676537423,0.9600120593271431,0.959958222877858,0.9599458142664885,0.9599569440018696,0.9599653431941735,0.9598853160155303,0.959897593975922,0.9599159333888398,0.9599016236515723,0.95985522613863,0.9598401929734821,0.9598742447159985,0.9598765559816225
0.960143758187783,0.9601319928289449,0.9600803200923391,0.9600660624970667,0.9600708135568174,0.9600842896478978,0.960007028275988,0.9600218257212343,0.9600248318916962,0.9600130238433018,0.9599597138239899,0.9599473056638981,0.9599579055507406,0.9599663045460485,0.9598857219715207,0.9598979998105568,0.9599168916301397,0.9599025822269869,0.9598577232701297,0.9598426910024405,0.9598740521682014,0.9598763969256539
0.962440482451278,0.9624293802862312,0.9623812028770304,0.9623677491035623,0.9623762487979646,0.9623889637957048,0.9623170103679608,0.9623309718109694,0.9623363549622412,0.9623252147662222,0.9622752205698133,0.9622635142429743,0.962275595492257,0.9622835189894696,0.9622088216002669,0.9622204040043734,0.9622381716168267,0.9622246727169397,0.9621817021723991,0.962167521041245,0.9621966060158649,0.9621988497588887
0.9624407928758552,0.9624296908005705,0.96238172515249,0.9623682715617341,0.9623765596852338,0.9623892745801979,0.9623171725491004,0.9623311339333323,0.9623366661153043,0.962325526009314,0.9622760276644557,0.9622643215825901,0.9622759070796312,0.9622838305128272,0.9622086080162104,0.9622201904843444,0.9622384834496784,0.9622249846579864,0.9621834648171994,0.962169284327864,0.9621968357933799,0.962199080507603
0.9624408197861516,0.9624297177186472,0.962381540732687,0.962368087077413,0.9623765866406095,0.9623893015266616,0.9623173487308998,0.9623313100512831,0.9623366930987123,0.9623255530005257,0.9622755592431116,0.9622638530190673,0.9622759341056664,0.9622838575333097,0.962209160799889,0.9622207431023118,0.962238510502021,0.9622250117197877,0.9621820415528151,0.9621678605414816,0.9621968624003641,0.9621991071130427
0.9624408202034149,0.9624297181360322,0.9623817525220835,0.9623682989409026,0.9623765870584968,0.9623893019444119,0.9623171999646258,0.962331161338922,0.9623366935169486,0.9623255534188853,0.9622760551092497,0.9622643490357117,0.9622759345245091,0.9622838579520667,0.9622086355089756,0.9622202179688677,0.9622385109211851,0.9622250121390976,0.9621834923278576,0.9621693118486121,0.9621968628199831,0.9621991075326368
0.962440820233692,0.962429718166318,0.9623815411809191,0.962368087525802,0.9623765870889047,0.9623893019748095,0.9623173491798824,0.9623313105001041,0.9623366935474764,0.9623255534494219,0.9622755596925894,0.9622638534686816,0.9622759345551448,0.9622838579826962,0.9622091612501487,0.9622207435524355,0.9622385109519396,0.9622250121698639,0.9621820420033946,0.9621678609922255,0.9621968628507709,0.9621991075634226
0.9624408202034149,0.9624297181360322,0.9623817525220835,0.9623682989409026,0.962376587058497,0.9623893019444119,0.9623171999646258,0.962331161338922,0.9623366935169486,0.9623255534188853,0.9622760551092497,0.9622643490357117,0.9622759345245093,0.9622838579520667,0.9622086355089756,0.9622202179688677,0.9622385109211851,0.9622250121390976,0.9621834923278576,0.9621693118486121,0.9621968628199831,0.9621991075326368
0.962440820233692,0.962429718166318,0.9623815411809191,0.962368087525802,0.9623765870889047,0.9623893019748095,0.9623173491798824,0.9623313105001041,0.9623366935474764,0.9623255534494219,0.9622755596925894,0.9622638534686816,0.9622759345551448,0.9622838579826962,0.9622091612501487,0.9622207435524355,0.9622385109519396,0.9622250121698639,0.9621820420033946,0.9621678609922255,0.9621968628507709,0.9621991075634226
0.9624408202034149,0.9624297181360322,0.9623817525220835,0.9623682989409026,0.962376587058497,0.9623893019444119,0.9623171999646258,0.962331161338922,0.9623366935169486,0.9623255534188853,0.9622760551092497,0.9622643490357117,0.9622759345245093,0.9622838579520667,0.9622086355089756,0.9622202179688677,0.9622385109211851,0.9622250121390976,0.9621834923278576,0.9621693118486121,0.9621968628199831,0.9621991075326368
0.9601496452939822,0.9601378816327419,0.9600859923767671,0.9600717367603921,0.9600767067731035,0.9600901809213473,0.960013088779766,0.9600278840347021,0.9600307273225768,0.9600189209751435,0.9599650935446284,0.9599526870128694,0.9599638062054943,0.9599722039919036,0.9598921902036956,0.9599044661091227,0.9599227937721722,0.9599084864260641,0.9598620966582843,0.9598470659705052,0.9598787131838382,0.9598810922746193
0.9601591817891424,0.9601474208778569,0.9600957676642841,0.9600815154582572,0.9600862563433348,0.9600997273433096,0.9600224951490894,0.9600372870044656,0.9600402836645081,0.9600284800743168,0.9599751901721343,0.9599627866964522,0.9599733742065306,0.9599817700326776,0.9599012178530801,0.9599134910597646,0.9599323673813582,0.9599180633733655,0.9598732213185541,0.9598581946947304,0.959887235471744,0.9598896450953263
0.9601639076594726,0.9601521481109558,0.9601002769865525,0.9600860263537248,0.9600909864326337,0.960104455873195,0.9600273906566328,0.9600421807427058,0.9600450148440784,0.9600332126189624,0.9599794039732481,0.9599670017730215,0.9599781088894721,0.9599865037455815,0.9599065178670259,0.9599187894893,0.9599371025677368,0.9599228002108169,0.9598764266074864,0.9598614011467737,0.959890820184059,0.9598932627872279
0.9601700211761728,0.9601582633905836,0.9601066238976195,0.9600923754791013,0.9600971065116228,0.9601105739345062,0.9600333622409885,0.9600481501688356,0.9600511374402958,0.9600393369817273,0.9599860612106288,0.9599736610254648,0.9599842371292904,0.9599926307298472,0.9599120998955522,0.9599243698490978,0.9599432325706072,0.9599289323511226,0.9598841021584754,0.9598690794783158,0.9598964540571806,0.9598989305482466
0.9601808441359654,0.9601690894713755,0.9601172398785216,0.9601029951637421,0.9601079444165315,0.960121408266321,0.9600443750255021,0.9600591589731118,0.9600619831368122,0.9600501858075781,0.9599963994716953,0.959984002415823,0.9599950961641623,0.9600034875398962,0.9599235348102146,0.9599358013452948,0.9599540980770191,0.9599398016462035,0.9598934472374105,0.9598784279588404,0.9599072652795435,0.9599097755325305
0.9602016207915274,0.960189872118383,0.9601382726255789,0.9601240352489127,0.9601287537651957,0.9601422107543249,0.9600650588578368,0.960079835329761,0.9600828114546509,0.9600710201351728,0.9600177856031724,0.9600053950208047,0.9600159541152156,0.9600243412174458,0.9599438727076561,0.9599561331626125,0.9599749724811788,0.9599606833291494,0.9599158878060174,0.9599008767263206,0.9599280965675252,0.9599306400995642
0.9602103771679906,0.9601986310200021,0.9601468189739288,0.9601325845790509,0.9601375213666543,0.9601509754651301,0.9600739979957971,0.960088771236822,0.9600915844913565,0.9600797957032763,0.9600260482882224,0.96001366020698,0.9600247370716275,0.9600331223743197,0.9599532274873983,0.9599654851456414,0.9599837598008509,0.9599694737129669,0.9599231528170749,0.9599081443885928,0.9599326874486906,0.9599352653945381
0.9602118055450133,0.9602000598089415,0.9601484732087662,0.960134239391049,0.9601389480205986,0.960152401648708,0.9600752690146079,0.9600900417962408,0.9600930084696828,0.9600812200924842,0.9600279988371903,0.9600156113463862,0.9600261590926578,0.9600345441039915,0.9599540956476984,0.9599663530463929,0.9599851789552636,0.9599708933622437,0.9599261089818758,0.9599111016029087,0.9599329137233308,0.9599355252891111
0.9602174485006163,0.960205704391871,0.9601539013361289,0.9601396694122837,0.9601445967632025,0.9601580485289178,0.9600810844015377,0.9600958550812755,0.9600986592648648,0.9600868725181801,0.9600331344054753,0.9600207484692329,0.9600318148248426,0.9600401986773615,0.9599603176026383,0.9599725731411943,0.959990836042629,0.9599765524222583,0.9599302395122162,0.9599152336265802,0.9599373749898201,0.9599400200303836
0.9602187692375475,0.9602070255096808,0.9601554477247718,0.960141216340463,0.9601459155601166,0.9601593668910229,0.9600822474224651,0.9600970176818433,0.9600999752402162,0.9600881888732533,0.9600349766889233,0.9600225913103506,0.9600331286415258,0.9600415122248542,0.9599610774643579,0.9599733327757416,0.9599921468595638,0.9599778636962826,0.959933086922464,0.9599180820668893,0.9599375840335191,0.9599402629042559
0.9602187816330954,0.9602070379088041,0.9601552365479815,0.9601410050899928,0.9601459213851364,0.960159372714122,0.9600824110845683,0.9600971812847918,0.9600999744717313,0.960088188104546,0.9600344517211696,0.9600220661836876,0.9600331212606903,0.96004150484553,0.9599616263203203,0.9599738814676144,0.9599921328538539,0.9599778496856894,0.9599315382386719,0.9599165328166241,0.9599374682739583,0.9599401991332241
0.9602222773706366,0.9602105346544607,0.9601589613104866,0.9601447311520772,0.9601494167762619,0.960162866952806,0.9600857541000296,0.9601005230919557,0.9601034671940301,0.9600916818346628,0.9600384741969941,0.9600260898771438,0.9600366130864981,0.960044995955885,0.9599645680426849,0.9599768223105047,0.9599956215609455,0.9599813396093173,0.9599365666316464,0.9599215630488449,0.9599408599624648,0.9599436425299275
0.9602255811963774,0.9602138394329747,0.9601620467170546,0.9601478176351534,0.9601527199240509,0.9601661690115328,0.9600892202019922,0.960103987941128,0.9601067674682855,0.9600949830612087,0.9600412556097815,0.9600288721318879,0.9600399121604919,0.9600482943539193,0.9599684290812462,0.9599806821947416,0.9599989173346408,0.9599846365322751,0.9599383327515658,0.9599233298147627,0.9599440585844228,0.9599468927936494
0.9602400254950076,0.9602282878971755,0.960176737020793,0.9601625130644504,0.9601671833542293,0.9601806276730058,0.9601035483917806,0.9601183109520677,0.9601212404802586,0.960109460249402,0.9600562757535878,0.9600438968224643,0.9600544021548532,0.9600627813793328,0.959982388423942,0.9599946373640065,0.9600134151451039,0.9599991393982985,0.9599543858605604,0.9599393887956245,0.959958472913635,0.959961358655929
0.9602505506689518,0.9602388161065032,0.9601870551371383,0.9601728347809175,0.9601777129958375,0.9601911538428569,0.9601142521637058,0.9601290108551119,0.9601317676095216,0.96011999041634,0.9600662958376307,0.9600539199397482,0.9600649321281456,0.9600733091950386,0.9599934927501277,0.9600057383702767,0.9600239412764466,0.9600096692002851,0.9599633936958949,0.9599483999223335,0.9599687916601194,0.9599717897860411
0.9602482295106283,0.9602364942787711,0.9601849537881386,0.9601707326987277,0.9601753732370932,0.9601888148555651,0.9601117510501129,0.9601265106455505,0.9601294107499172,0.9601176328766428,0.9600644590191627,0.960052082565241,0.9600625569197712,0.9600709344733456,0.9599905575433754,0.9600028040410806,0.9600215491804729,0.9600072762701428,0.9599625316177087,0.9599475375251276,0.9599661728004028,0.9599692851903521
0.9624760507026962,0.9624649588226561,0.9624168260402197,0.962403384729376,0.9624118304345695,0.9624245336691657,0.9623526468029635,0.9623665953306044,0.9623719273426365,0.9623607974388557,0.9623108494264931,0.9622991539141288,0.9623111777745612,0.9623190939613369,0.9622444654841833,0.9622560372028828,0.9622737421546232,0.9622602556914519,0.9622173247182917,0.9622031565084694,0.9622212451429797,0.962224294950107
0.9624763239967189,0.9624652321957079,0.9624173109322169,0.9624038697910144,0.9624121037279143,0.9624248068721581,0.9623529205172074,0.9623668689456448,0.9623722004611095,0.9623610706363515,0.9623111229785892,0.9622994275492582,0.9623114508649919,0.9623193669956596,0.962244739047408,0.9622563106840964,0.962274015050167,0.9622605286797044,0.9622175980128509,0.9622034298985152,0.9622215033805113,0.9622245611969789
0.9624763701400909,0.9624652783524219,0.9624171459707851,0.9624037047718703,0.9624121499480018,0.9624248530769659,0.962352817761609,0.9623667662272897,0.9623722467286615,0.9623611169172903,0.9623116643093712,0.9622999690443539,0.9623114972051094,0.9623194133262571,0.9622442602420087,0.9622558320222376,0.9622740614347804,0.9622605750805371,0.9622190934850732,0.9622049259192487,0.9622215498139062,0.9622246076343393
0.9624763726756951,0.9624652808887595,0.9624173596860743,0.9624039185619284,0.9624121524879183,0.9624248556160409,0.9623529693523021,0.9623669177630421,0.9623722492712881,0.9623611194606525,0.9623111718662614,0.9622994764517687,0.9623114997517974,0.9623194158724218,0.9622447880188518,0.9622563596408591,0.9622740639840222,0.9622605776306699,0.9622176470182735,0.9622034789219123,0.9622215523666151,0.9622246101868468
0.9624763726564414,0.9624652808695011,0.9624171484910236,0.9624037072929914,0.9624121524685634,0.9624248555966934,0.9623528202860614,0.9623667687508273,0.962372249251835,0.9623611194411938,0.9623116668365184,0.962299971572268,0.9623114997322624,0.9623194158528927,0.9622442627735723,0.9622558345530421,0.9622740639643845,0.9622605776110265,0.9622190960182782,0.9622049284533827,0.9622215523469544,0.9622246101671885
0.9624763726769965,0.9624652808900602,0.9624173596873822,0.9624039185632369,0.9624121524892244,0.9624248556173476,0.962352969353613,0.9623669177643517,0.9623722492725948,0.9623611194619606,0.962311171867571,0.9622994764530786,0.9623114997531084,0.9623194158737325,0.9622447880201652,0.9622563596421718,0.9622740639853349,0.9622605776319841,0.9622176470195891,0.9622034789232283,0.962221552367934,0.9622246101881649
0.9624763726564414,0.9624652808695011,0.9624171484910236,0.9624037072929912,0.9624121524685634,0.9624248555966934,0.9623528202860614,0.962366768750827,0.962372249251835,0.9623611194411938,0.9623116668365184,0.962299971572268,0.9623114997322624,0.9623194158528927,0.9622442627735721,0.9622558345530421,0.9622740639643845,0.9622605776110265,0.9622190960182782,0.9622049284533827,0.9622215523469544,0.9622246101671885
0.9624763726778487,0.9624652808909135,0.9624173596882337,0.9624039185640878,0.9624121524900795,0.9624248556182033,0.9623529693544706,0.9623669177652088,0.9623722492734565,0.9623611194628217,0.9623111718684332,0.962299476453941,0.9623114997539732,0.962319415874598,0.9622447880210314,0.962256359643038,0.9622740639862026,0.9622605776328512,0.9622176470204573,0.9622034789240967,0.962221552368802,0.9622246101890328
0.9602502375994886,0.9602385029467506,0.9601867415793399,0.9601725211137144,0.9601773692561106,0.9601908102164654,0.9601137501827572,0.9601285090556055,0.9601313933382034,0.9601196160370207,0.9600664447610419,0.9600540689082402,0.9600645270502821,0.9600729042001759,0.9599925311418527,0.9600047770494995,0.9600235055673452,0.9600092333363734,0.9599644908222356,0.9599494974336997,0.9599678895174324,0.9599711253491636
0.9602476825848749,0.9602359471952868,0.960184406012278,0.9601701847317403,0.9601747970949901,0.9601882389034229,0.9601113317255734,0.9601260914725755,0.9601288056888435,0.9601170276409752,0.960063329167582,0.9600509523716358,0.9600619225511855,0.9600703002347413,0.9599904779164061,0.9600027244379179,0.9600208858298624,0.9600066126853379,0.9599603337283378,0.9599453388192007,0.9599650713991428,0.9599684067273182
0.9602568929263133,0.9602451601929427,0.9601936306697363,0.9601794126078256,0.9601840097653926,0.9601974485362645,0.9601205587313979,0.9601353151432699,0.9601380145764498,0.9601262391858885,0.9600725528214902,0.9600601788177145,0.9600711323374289,0.9600795081338904,0.9599997037892463,0.9600119475524282,0.9600300906625177,0.9600158207279044,0.9599695521725466,0.9599545606353879,0.9599740697773023,0.959977515914076
0.9602662506847544,0.9602545206501478,0.9602030029735007,0.9601887881817728,0.9601933700790608,0.9602068057636577,0.9601299336104012,0.9601446866336538,0.9601473712361015,0.9601355985455176,0.9600819244845511,0.9600695533177843,0.9600804901001883,0.9600888639792111,0.9600090778972468,0.9600213188577504,0.9600394435825541,0.9600251769095285,0.9599789189232684,0.9599639308123762,0.959983215730668,0.9599867729565814
0.9602513545033928,0.960239620172765,0.960188083638194,0.9601738636408348,0.9601783788341081,0.9601918194615924,0.9601149190380587,0.96012967748842,0.9601323488787876,0.9601205718533352,0.9600668780389501,0.9600545023173086,0.9600654288904302,0.9600738058555374,0.9599939903801025,0.9600062358514714,0.9600243529919905,0.9600100810565313,0.9599638060174807,0.959948812378453,0.9599678838473091,0.9599715545893515,0.9601586103135498
0.9602292770881893,0.9602175363906322,0.9601659719076416,0.9601517441952601,0.9601562443784724,0.9601696923039218,0.9600927501404963,0.9601075166037616,0.9601101752079759,0.960098391784203,0.9600446688135549,0.9600322863688702,0.9600432045985472,0.9600515861173704,0.9599717272699746,0.9599839793974143,0.9600020920727872,0.9599878123746115,0.9599415121806751,0.9599265103869921,0.9599453707082033,0.9599491560640676,0.9601363884813603,0.9602006381005437
0.9602314218695767,0.9602196817905497,0.960168120022661,0.9601538930597728,0.9601583753779368,0.9601718226007829,0.9600948844558232,0.9601096501476536,0.9601122942813725,0.96010051146906,0.9600467912847608,0.9600344094825695,0.9600453127924473,0.9600536938793107,0.9599738391461259,0.9599860906421807,0.960004188018255,0.9599899090509565,0.959943611225418,0.9599286101995159,0.9599472472584045,0.9599511453672929,0.9601384426332249,0.9602028479924694
0.9602301138689917,0.9602183734127525,0.9601668099890546,0.9601525825690858,0.9601570473816645,0.9601704950423595,0.9600935543931699,0.9601083205657432,0.9601109504282108,0.9600991672281294,0.9600454452768106,0.9600330630671683,0.96004395235377,0.9600523337193807,0.9599724763312525,0.9599847282347467,0.960002811814958,0.959988532367763,0.9599422329871279,0.9599272314570977,0.959945646188296,0.9599496576347997,0.9601370360968728,0.9602016038798011
0.9602254958561935,0.9602137540681801,0.9601621847984976,0.9601479557647754,0.9601524034325353,0.9601658526243659,0.9600889032180138,0.9601036710717208,0.960106286851176,0.9600945023054184,0.9600407742220363,0.9600283905984215,0.9600392667184119,0.9600476490440859,0.9599677825118194,0.9599800358186183,0.9599981070414241,0.9599838259536309,0.9599375212566728,0.9599225180032078,0.9599407112519285,0.9599448366187047,0.9601323124292345,0.9601970477485275
0.9602059017065376,0.9601941542679164,0.9601425601941949,0.9601283243134411,0.9601327026339368,0.9601461583211393,0.9600691717652747,0.9600839467506623,0.960086549407895,0.9600747591669736,0.9600210051315279,0.9600086155237095,0.9600194824731532,0.9600278688524604,0.9599479637112995,0.9599602229432092,0.9599782884465102,0.9599640004478822,0.9599176733565706,0.9599026628433478,0.9599206405851655,0.9599248816913217,0.9601124712216009,0.9601775049548489,0.9601135027036884
0.96020577145093,0.9601940239747457,0.9601424297361385,0.9601281938098694,0.9601325448874187,0.9601460006266305,0.9600690137733099,0.9600837888158003,0.9600863770081278,0.9600745867174625,0.9600208324553383,0.9600084427952524,0.9600192952916502,0.9600276817093107,0.959947776202867,0.9599600354908344,0.9599780865630891,0.9599637984940654,0.9599174711746328,0.9599024605874589,0.9599202132038431,0.9599245685130533,0.9601121679837701,0.9601774395850677,0.9601132599926101
0.9601789432213637,0.960167188008606,0.9601155598093958,0.9601013145084634,0.9601056411132776,0.9601191057224354,0.960042068138502,0.9600568529198714,0.9600594284108515,0.9600476303444927,0.9599938406496327,0.9599814428192266,0.9599922880177452,0.9600006799688203,0.9599207217592922,0.9599329891353365,0.9599510376243663,0.9599367401235273,0.9598903822405767,0.9598753617453755,0.9598929008334611,0.959897373139458,0.9600851016443828,0.9601505950137961,0.9600862580938323,0.9601481363719129
0.9601771271741157,0.9601653714376674,0.9601137409396445,0.9600994950041384,0.9601037942366735,0.9601172594547205,0.9600402183883165,0.9600550038382223,0.9600575649926184,0.9600457663886028,0.9599919742437175,0.959979575848366,0.959990407062657,0.9599987993991081,0.959918837519071,0.9599311054584116,0.9599491402815559,0.9599348421191343,0.9598884820923477,0.9598734609021637,0.9598907755770252,0.9598953621384183,0.9600831014301257,0.9601488944693275,0.9600843243858366,0.9601462488342798
0.9601657987265917,0.9601540397233923,0.9601023948855874,0.9600881449916514,0.9600924179596559,0.9601058869282708,0.9600288244109467,0.9600436139788386,0.9600461614375333,0.9600343595432412,0.9599805524050478,0.9599681505524349,0.9599789703443242,0.9599873650239394,0.9599073808263987,0.9599196521906932,0.9599376775816864,0.959923375422387,0.9598770024438441,0.9598619770549792,0.9598790715488776,0.9598837732663843,0.9600715663815653,0.9601376779010811,0.9600728574606723,0.960134841058752
0.9601652475160591,0.9601534883539098,0.9601016189328642,0.9600873687682148,0.9600918381810248,0.9601053073407797,0.9600282437302461,0.9600430335080048,0.9600455663681007,0.9600337643021148,0.9599799563815341,0.959967554348512,0.9599783596384772,0.9599867544432144,0.9599067690539584,0.9599190406011398,0.9599370515861376,0.9599227492085642,0.959876375522712,0.9598613499045516,0.9598782163494393,0.9598830336131441,0.9600708336744999,0.9601372483744854,0.9600721932435092,0.9601342182435524
0.9601537412315597,0.9601419787514247,0.9600900947025355,0.9600758405173515,0.96008028290705,0.9600937558763303,0.960016670477682,0.9600314644381593,0.9600339833850231,0.9600221779770424,0.9599683548274676,0.9599559492828402,0.9599667429685768,0.9599751401533152,0.9598951320957454,0.9599074071217213,0.9599254085239883,0.9599111020867075,0.9598647152455033,0.9598496853626619,0.9598663278245327,0.9598712620910073,0.9600591104063063,0.9601258562440431,0.9600605437871488,0.9601226327826256
0.9624323282193703,0.9624212236964877,0.9623732474748463,0.9623597909182848,0.9623678448527624,0.9623805626287398,0.9623084442616863,0.9623224088091444,0.9623277983278224,0.9623166556561609,0.9622671459125542,0.9622554371348659,0.9622668811545185,0.9622748064420554,0.962199566342411,0.9622111515210057,0.9622293044798518,0.9622158024760197,0.9621742727506535,0.9621600887458575,0.9621735330784911,0.9621782995266921,0.9623476261829584,0.9624060317623107,0.9623490479633432,0.9624028058382232
0.9624336955146251,0.9624225913871001,0.9623744054626864,0.9623609493112302,0.9623692135182438,0.962381930841758,0.9623099642536588,0.962323928250258,0.9623291680106734,0.962318025735295,0.9622680222082214,0.9622563136965074,0.9622682525959534,0.9622761776017361,0.9622014659919516,0.9622130506010844,0.9622306768487856,0.9622171753227067,0.9621741964255124,0.9621600123888701,0.9621748940245627,0.9621796674367733,0.9623489826944371,0.9624074121496533,0.9623504105173619,0.962404168193933
0.9624337343873419,0.962422630271057,0.9623746558059068,0.9623611997420305,0.9623692524519254,0.9623819697625697,0.9623098540340511,0.9623238180705951,0.962329206984784,0.9623180647206799,0.9622685567877642,0.9622568484383096,0.9622682916316381,0.9622762166294003,0.9622009792805619,0.9622125640355961,0.9622307159223986,0.9622172144099828,0.9621756862043589,0.962161502714111,0.9621749331546203,0.9621797065620012,0.962349021557237,0.9624074511358616,0.9623504494091422,0.9624042070380538
0.9624337367411213,0.962422632625517,0.9623744467528283,0.9623609906158168,0.9623692548097222,0.9623819721195861,0.9623100056087257,0.9623239695903365,0.9623292093451139,0.9623180670816938,0.9622680636082781,0.9622563551091317,0.9622682939957561,0.9622762189930316,0.9622015074634247,0.9622130920601226,0.9622307182889067,0.9622172167773182,0.9621742379262403,0.9621600539048198,0.9621749355245488,0.9621797089316366,0.9623490239162737,0.9624074534912397,0.9623504517680914,0.9624042093936311
0.9624337367144218,0.9624226325988097,0.9623746581365691,0.9623612020735071,0.9623692547829166,0.9623819720927893,0.9623098563686412,0.9623238204043392,0.9623292093182012,0.9623180670547731,0.9622685591248596,0.9622568507761138,0.9622682939687488,0.9622762189660299,0.9622009816217476,0.962212566376079,0.962230718261786,0.9622172167501879,0.96217568854708,0.9621615050576913,0.9621749354973888,0.9621797089044799,0.9623490238894594,0.9624074534645177,0.9623504517412786,0.9624042093669061
0.9624337367432074,0.9624226326276029,0.9623744467549176,0.9623609906179069,0.9623692548118197,0.9623819721216829,0.9623100056108265,0.9623239695924364,0.9623292093472162,0.9623180670837965,0.9622680636103838,0.962256355111238,0.9622682939978653,0.9622762189951404,0.9622015074655366,0.962213092062234,0.9622307182910179,0.9622172167794283,0.9621742379283538,0.9621600539069339,0.9621749355266622,0.9621797089337496,0.9623490239183776,0.9624074534933271,0.9623504517701957,0.9624042093957188
0.9624337367160531,0.9624226326004406,0.962374658138202,0.9623612020751406,0.9623692547845535,0.9623819720944269,0.9623098563702837,0.9623238204059799,0.9623292093198421,0.9623180670564127,0.9622685591265023,0.9622568507777567,0.9622682939703915,0.9622762189676743,0.9622009816233961,0.9622125663777281,0.9622307182634322,0.9622172167518328,0.9621756885487276,0.9621615050593395,0.9621749354990365,0.9621797089061275,0.9623490238910974,0.9624074534661491,0.9623504517429164,0.9624042093685377
0.9624337367432074,0.9624226326276029,0.9623744467549176,0.9623609906179069,0.9623692548118197,0.9623819721216829,0.9623100056108265,0.9623239695924364,0.9623292093472162,0.9623180670837965,0.9622680636103838,0.962256355111238,0.9622682939978653,0.9622762189951404,0.9622015074655366,0.962213092062234,0.9622307182910179,0.9622172167794283,0.9621742379283538,0.9621600539069339,0.9621749355266622,0.9621797089337496,0.9623490239183776,0.9624074534933271,0.9623504517701957,0.9624042093957188
0.9601524810973832,0.9601407182538733,0.9600890565585876,0.9600748020112233,0.9600789899421223,0.9600924633376631,0.960015217414192,0.9600300118998215,0.9600326733358919,0.9600208675499295,0.9599675677395838,0.9599551619567175,0.9599654151206207,0.9599738125774029,0.9598932447586344,0.9599055203488129,0.9599240636733268,0.9599097567649066,0.9598649056139599,0.9598498757966603,0.9598647370170814,0.9598697947194474,0.9600576388080726,0.9601247292193551,0.9600591534224976,0.9601212948628384
0.9601556936774491,0.9601439317603238,0.9600920501935475,0.9600777966905853,0.9600821824878192,0.9600956548308517,0.9600185730139477,0.9600333662868292,0.9600358559188882,0.9600240510511779,0.9599702303635482,0.9599578253866121,0.9599685893342982,0.9599769861407583,0.9598969816860923,0.959909256159148,0.9599272274780799,0.9599129216728084,0.9598665368886141,0.9598515076679417,0.9598676932689822,0.9598728576665405,0.9600606863999155,0.9601280584150376,0.9600622684895577,0.9601244450304744
0.9601472177079939,0.9601354533467363,0.9600837849891244,0.9600695286026539,0.9600736625987403,0.9600871377505698,0.9600098817616114,0.9600246781755895,0.9600273114822617,0.9600155041492822,0.9599621973581953,0.959949789949819,0.9599600159293624,0.9599684144923057,0.9598878360644985,0.9599001132715512,0.959918630477198,0.9599043216743508,0.9598594645881116,0.9598444327808082,0.9598588505374961,0.9598641337196725,0.9600519966438139,0.9601197074477794,0.9600536556213086,0.9601158887252652
0.9601383604757434,0.960126593560441,0.9600746899584434,0.9600604303989946,0.9600647606098551,0.9600782386964177,0.9600011240301036,0.9600159236091699,0.9600183843844039,0.9600065744757733,0.9599527308173976,0.959940320543708,0.9599510591048483,0.9599594595028091,0.9598794208408683,0.959891700563547,0.9599096495404966,0.959895337606238,0.9598489329612656,0.9598338973021521,0.9598496211027354,0.9598550241656465,0.9600429237533092,0.9601109758561792,0.9600446603956789,0.9601069507193813
0.9601305583246031,0.9601187891595169,0.9600670997149532,0.9600528375075255,0.9600569154628942,0.9600703961357537,0.959993108505169,0.9600079109810569,0.9600105152028557,0.9599987030238286,0.9599453743655306,0.9599329618652239,0.9599431618134227,0.9599515638293166,0.9598709522848068,0.9598832345390267,0.9599017290839482,0.9598874143880658,0.9598425388387832,0.9598275008411239,0.9598414516502574,0.959846975419804,0.9600349075531267,0.9601033007824411,0.9600367224669288,0.9600990684878834
0.9601247950850726,0.9601130242581466,0.9600611034111677,0.9600468391118513,0.9600511127745839,0.9600645953603899,0.9599874549612104,0.9600022594802806,0.9600046906822137,0.9599928768227239,0.9599390151608662,0.9599266007358027,0.9599373124324244,0.9599457156466789,0.9598656501609446,0.9598779340001364,0.9598958584947301,0.9598815417519668,0.9598351215252094,0.959820080814813,0.9598353331689664,0.9598409782623485,0.9600289342731119,0.9600976665971583,0.9600308279356877,0.9600932266287934
0.9601129358888552,0.9601011616423456,0.9600494498923005,0.9600351815275432,0.9600392030315616,0.9600526895435599,0.9599753684482473,0.9599901773353174,0.9599927520876796,0.9599809347837607,0.9599275830000102,0.9599151651147824,0.9599253388247619,0.9599337444920226,0.9598530979278126,0.9598653855192252,0.9598838573911661,0.9598695364640599,0.9598246413922014,0.9598095968489424,0.9598230733312594,0.9598288414349363,0.9600168500314217,0.9600859329425218,0.9600188232342857,0.9600812839809314
0.9601074435214381,0.9600956676912278,0.9600437247865179,0.9600294544245271,0.9600336714901758,0.960047159825695,0.9599699865417621,0.9599847973738038,0.9599871988350275,0.9599753799289448,0.9599214952705242,0.959909075542748,0.959919760971369,0.9599281677813398,0.9598480680482098,0.9598603571431823,0.9598782584171666,0.959863935537929,0.9598174954261474,0.9598024482694463,0.9598172235936042,0.9598231144991423,0.9600111468978696,0.9600805708276161,0.9600131998011892,0.9600757129597284
0.960095473543896,0.9600836942622322,0.960031960409812,0.9600176859437939,0.9600216506437134,0.9600351429419658,0.959957788685019,0.9599726039252072,0.959975148867801,0.9599633264852296,0.9599099517846912,0.9598975285631302,0.959907675664385,0.9599160849501938,0.9598354036810708,0.9598476965617051,0.9598661453575952,0.9598518182550699,0.959806903835466,0.959791852805221,0.9598048490167883,0.9598108641358225,0.9599989509893865,0.9600687272478758,0.9600010840385413,0.9600636591747003
0.9600873553088063,0.9600755736863351,0.9600236052455939,0.9600093278648956,0.9600134884821807,0.9600269834710977,0.9599497721338877,0.9599645902711169,0.9599669619087077,0.9599551371641803,0.959901225900847,0.9598888000383181,0.9598994596681434,0.9599078706370858,0.9598277312918324,0.959840026465884,0.9598579054692065,0.9598435754938326,0.9597971123872993,0.9597820577761829,0.9597963524015702,0.9598024916009318,0.9599906161423237,0.9600607383421624,0.9599928291674438,0.960055459979624
0.9600812099197076,0.9600694265252963,0.9600174502726966,0.9600031707448673,0.9600073025548002,0.9600207995828975,0.9599434182187105,0.9599582386521139,0.9599607532062508,0.9599489266705121,0.9598955332293138,0.9598831056438615,0.9598932249648091,0.959901637210989,0.9598209275494214,0.9598332247572201,0.9598516486582582,0.9598373165014571,0.9597923862466986,0.9597773299071812,0.9597898382335743,0.9597961029693578,0.9599842588943008,0.960054723551631,0.9599865517861457,0.960049235229586
0.9600799990576876,0.9600682153141424,0.9600164618758145,0.9600021820031894,0.960006059670532,0.9600195571083434,0.9599423317650033,0.9599571525910269,0.9599594930811313,0.9599476661818491,0.9598937450996334,0.9598813169729945,0.9598919469086915,0.9599003594166897,0.9598202054127078,0.9598325028363655,0.9598503534359688,0.9598360208275944,0.9597895491889228,0.9597744918118649,0.9597882917777549,0.9597946819083367,0.9599828432973871,0.9600536462156017,0.9599852178487809,0.9600479490453542
0.9600704736959336,0.9600586872059063,0.9600069217116078,0.9599926385109818,0.959996487198838,0.9600099877921637,0.9599327444012675,0.9599475686919292,0.9599498938595645,0.9599380641909381,0.9598841304892443,0.9598716994527121,0.9598823159731233,0.9598907304540862,0.9598105576586324,0.9598228579661259,0.9598406968232074,0.9598263608481088,0.9597798782997036,0.9597648173859392,0.9597783701566505,0.959784887509304,0.9599730928813694,0.9600442487241625,0.9599755499055775,0.9600383420123404
0.9600658664993567,0.9600540786809322,0.9600023073554858,0.9599880225451973,0.9599918416990889,0.9600053438237648,0.959928091674503,0.9599429176465308,0.9599452271485085,0.9599333961335625,0.9598794562969031,0.9598670238457261,0.9598776256145565,0.9598860410563621,0.9598058591093621,0.9598181608212994,0.959835985735237,0.959821648117658,0.9597751602468616,0.9597600976076901,0.9597734005208056,0.9597800447844176,0.9599682716943472,0.9600397755924506,0.9599708112348104,0.960033655303892
0.9600596110496782,0.960047821427624,0.9599960421849585,0.9599817551891543,0.959985544924439,0.9599990491247818,0.9599217851040212,0.9599366133550533,0.9599389072556379,0.9599270744174513,0.959873126272557,0.959860691905609,0.9598712793198807,0.9598796960617482,0.9597995017323218,0.959811805344531,0.9598296170019589,0.9598152771639916,0.9597687820981176,0.9597537171264507,0.9597667699791479,0.959773541752569,0.9599617978782529,0.9600336534260299,0.9599644202915825,0.9600273188666599
0.9600471977425034,0.9600354045413722,0.9599836095879692,0.9599693182552802,0.9599730791011762,0.9599865874107008,0.9599092998880077,0.9599241326507726,0.959926411291488,0.959914574848354,0.9598606102762774,0.9598481721214256,0.9598587467658704,0.9598671660750484,0.9597869472933014,0.9597992546580918,0.9598170557258692,0.9598027115086005,0.9597562022517903,0.9597411326797136,0.9597539369116967,0.9597608374464122,0.9599491506445403,0.9600213697508506,0.9599518567531089,0.9600148195249338
0.9623833514031856,0.962372232718897,0.9623241953203716,0.9623107216041435,0.9623185861492836,0.9623313202089925,0.9622592589194576,0.962273241291594,0.9622783829626054,0.9622672259943656,0.9622171565364617,0.9622054325863565,0.9622172820709578,0.9622252175480739,0.9621504072299245,0.9621620071446395,0.9621795514147176,0.9621660320132637,0.9621229962203666,0.9621087934060246,0.9621202231214054,0.9621268469761797,0.9622959260811297,0.9623591744844373,0.9622985535805397,0.9623527946961905
0.9623851682114908,0.9623740500525095,0.962326014923298,0.9623125418435936,0.9623204051029712,0.9623331385613962,0.9622610806742178,0.9622750623861731,0.9622802033905811,0.9622690469490014,0.9622189798543672,0.9622072564576476,0.9622191049586502,0.9622270400612851,0.962152233273194,0.962163832640542,0.9621813756579758,0.9621678568925953,0.9621248231313897,0.9621106209837373,0.9621220361309244,0.962128667116638,0.9622977334785954,0.9623610044203599,0.9623003671607222,0.962354607391354
0.9623852045443857,0.9623740863959096,0.962326051312073,0.9623125782450987,0.9623204414961166,0.9623331749425104,0.9622611171234077,0.9622750988221545,0.9622802398216928,0.9622690833906538,0.9622190163433137,0.9622072929576704,0.9622191414474726,0.9622270765426115,0.9621522698251821,0.9621638691815735,0.9621814121824321,0.9621678934298228,0.962124859709266,0.9621106575750271,0.9621220727114317,0.9621287036908819,0.9622977698726136,0.9623610407999741,0.9623004035597251,0.96235464373822
0.9623852068242513,0.9623740886764336,0.9623260535954474,0.9623125805292712,0.962320443779829,0.9623331772254675,0.9622611194106387,0.9622751011085555,0.962280242107789,0.9622690856774103,0.9622190186330417,0.9622072952480907,0.9622191437371881,0.9622270788318565,0.9621522721188611,0.9621638714745651,0.9621814144743834,0.9621678957225743,0.9621248620045633,0.9621106598711664,0.9621220750068991,0.9621287059859562,0.9622977721576726,0.9623610430812721,0.962300405844627,0.962354646019896
0.9623852068217913,0.9623740886739718,0.9623260535929827,0.9623125805268056,0.9623204437773569,0.9623331772229957,0.9622611194081603,0.9622751011060788,0.9622802421053156,0.9622690856749354,0.9622190186305639,0.9622072952456138,0.9622191437347134,0.9622270788293825,0.9621522721163824,0.962163871472087,0.9621814144719081,0.9621678957200992,0.9621248620020901,0.9621106598686924,0.9621220750044224,0.9621287059834809,0.9622977721551933,0.9623610430788061,0.9623004058421478,0.9623546460174304
0.9623852068217913,0.9623740886739718,0.9623260535929827,0.9623125805268056,0.9623204437773569,0.9623331772229957,0.9622611194081603,0.9622751011060788,0.9622802421053156,0.9622690856749354,0.9622190186305639,0.9622072952456138,0.9622191437347134,0.9622270788293825,0.9621522721163824,0.962163871472087,0.9621814144719081,0.9621678957200992,0.9621248620020901,0.9621106598686924,0.9621220750044224,0.9621287059834809,0.9622977721551933,0.9623610430788061,0.9623004058421478,0.9623546460174304
0.9623852068217913,0.9623740886739718,0.9623260535929827,0.9623125805268056,0.9623204437773569,0.9623331772229957,0.9622611194081603,0.9622751011060788,0.9622802421053156,0.9622690856749354,0.9622190186305639,0.9622072952456138,0.9622191437347134,0.9622270788293825,0.9621522721163824,0.962163871472087,0.9621814144719081,0.9621678957200992,0.9621248620020901,0.9621106598686924,0.9621220750044224,0.9621287059834809,0.9622977721551933,0.9623610430788061,0.9623004058421478,0.9623546460174304
0.9623852068217913,0.9623740886739718,0.9623260535929827,0.9623125805268056,0.9623204437773569,0.9623331772229957,0.9622611194081603,0.9622751011060788,0.9622802421053156,0.9622690856749354,0.9622190186305639,0.9622072952456138,0.9622191437347134,0.9622270788293825,0.9621522721163824,0.962163871472087,0.9621814144719081,0.9621678957200992,0.9621248620020901,0.9621106598686924,0.9621220750044224,0.9621287059834809,0.9622977721551933,0.9623610430788061,0.9623004058421478,0.9623546460174304
0.9600398105559385,0.9600280152249154,0.9599762109221308,0.9599619170085825,0.9599656462430501,0.9599791570026841,0.959901855466925,0.9599166909198165,0.9599189530163157,0.9599071144215756,0.9598531400449724,0.9598406996293205,0.9598512592038615,0.9598596800468591,0.9597794466562743,0.9597917562630116,0.9598095435574152,0.9597951967193361,0.9597486789773235,0.95973360665053,0.9597461447598927,0.9597531811712869,0.9599415236825917,0.960014127455165,0.9599443205529892,0.9600073434147958
0.9600282042040911,0.960016405526734,0.9599645865348716,0.9599502885664628,0.9599539913866204,0.9599675059880235,0.9598901824797765,0.9599050221507868,0.9599072702030615,0.959895428238039,0.9598414385035849,0.9598289945466036,0.9598395424051924,0.9598479656483334,0.9597677093976003,0.9597800225125772,0.9597978001293794,0.9597834491972272,0.9597369181885507,0.9597218415609776,0.9597341503003718,0.9597413055060076,0.9599297033190279,0.9600026360023979,0.9599325766154512,0.959995660088816
0.9600212745646779,0.9600094738893961,0.9599576461274353,0.9599433457380753,0.9599470189869139,0.9599605358865888,0.9598831992336789,0.9598980414281064,0.9599002740101177,0.9598884300268393,0.95983443109552,0.9598219850178549,0.9598325187891696,0.9598409434710582,0.9597606735170006,0.9597729887349609,0.9597907534809915,0.9597764000922167,0.9597298611229674,0.9597147819147389,0.9597268412516025,0.9597341238167822,0.9599225487124325,0.9599958398134592,0.9599255073399304,0.9599886483680966
0.9600114507286124,0.9599996472209897,0.9599478070261882,0.9599335032047895,0.9599371471982436,0.9599506673518696,0.9598733120884295,0.9598881578555738,0.9598903752653576,0.9598785284265283,0.9598245164829173,0.9598120674047816,0.9598225879713151,0.9598310146874531,0.9597507253582263,0.9597630435496036,0.9597807968159344,0.9597664399560759,0.9597198897389299,0.9597048068843612,0.9597166194889581,0.9597240290516911,0.9599124916843558,0.9599861477003666,0.9599155364887189,0.9599787400213424
0.9600012559150288,0.9599894494681465,0.9599375963711556,0.9599232889881597,0.9599269038540832,0.9599404273840908,0.9598630528098959,0.9598779022841806,0.9598801047265921,0.9598682549249944,0.9598142294805245,0.9598017772892575,0.9598122849309558,0.9598207137575614,0.959740404327194,0.9597527256033984,0.9597704677352086,0.9597561072744769,0.9597095453888713,0.9596944587516254,0.9597060273304163,0.9597135627175424,0.9599020615371148,0.9599760844851162,0.9599051931941545,0.959968460251253
0.9599990940306169,0.9599872869604444,0.9599352063299011,0.9599208981132359,0.9599247081929778,0.9599382324467067,0.9598606950497199,0.9598755453759642,0.9598778912821466,0.9598660408420356,0.9598125395354375,0.9598000868327512,0.9598100525263664,0.9598184818102551,0.9597376087428875,0.9597499308546491,0.9597682177383853,0.9597538564932766,0.9597088351115366,0.9596937482145631,0.9597035306247763,0.9597111885836003,0.9598996830601623,0.9599740592094352,0.9599029013820204,0.959966219703478
0.9599869208898972,0.9599751103101504,0.9599232390715475,0.959908926680628,0.9599124834352266,0.9599260117183779,0.9598486099592154,0.9598634646522768,0.9598656376827681,0.9598537837078878,0.9597997392464508,0.9597872826701046,0.9597977637635879,0.9598061955646595,0.9597258578040582,0.9597381834279717,0.9597559015284163,0.9597415359897625,0.9596949576493976,0.9596798656778496,0.9596909571421672,0.9596987370533743,0.9598872685097406,0.9599620166276988,0.959890574692652,0.9599539597199254
0.9599782364466105,0.9599664233631284,0.9599143162220809,0.9599000007188545,0.9599037541385365,0.9599172852989302,0.9598398670837793,0.9598547249359446,0.959856884008631,0.9598450275086312,0.959790971540629,0.9597785123110094,0.9597889811855449,0.9597974147855846,0.9597170598907578,0.9597293881441813,0.9597470955507845,0.9597327269423253,0.9596861386544013,0.9596710434580566,0.95968190674964,0.9596898044536426,0.9598783507853952,0.9599534657839086,0.9598817449151309,0.9599451906114835
0.9599692490814107,0.9599574334068874,0.95990531484288,0.9598909961999913,0.959894721774533,0.9599082559120304,0.9598308206697443,0.9598456817906584,0.9598478275887736,0.9598359684763482,0.9597819006039545,0.9597694386293283,0.9597798960301367,0.9597883314910998,0.9597079588719357,0.9597202898454305,0.9597379873568117,0.959723615573228,0.9596770169964655,0.959661918464684,0.9596725638595778,0.9596805745134607,0.9598691266267252,0.9599446124989275,0.9598726099346908,0.9599361178445784
0.959943597610712,0.9599317745410707,0.959879623374708,0.9598652957708724,0.9598689396920519,0.9598824823272509,0.9598049984835626,0.959819868934632,0.9598219470118818,0.9598100804340768,0.9597559785431795,0.9597435087243014,0.9597539035025675,0.9597623442875045,0.9596819209602947,0.9596942597157185,0.9597118990976417,0.9596975182198566,0.9596508901737968,0.9596357820886581,0.9596461713967572,0.9596542915510711,0.9598431411243076,0.9599190857739281,0.9598467155205599,0.9599103669949338,0.9595897457974578
0.9599351761216084,0.959923350624168,0.959871413902927,0.9598570834357607,0.9598604748656301,0.9598740202907523,0.9597963615585348,0.9598112351302586,0.9598134595732783,0.9598015905472792,0.9597480053743985,0.9597355331428166,0.9597453890662457,0.9597538315951333,0.9596728314973599,0.9596851729692868,0.959703363002002,0.95968897914865,0.9596438869350103,0.9596287762891653,0.9596374326432819,0.95964564980882,0.9598344824778187,0.9599107999556975,0.9598381470402422,0.9599018595430757,0.9595809208444059
0.959932757219087,0.9599209310243146,0.9598687660804024,0.9598544346897249,0.9598580247716739,0.9598715710043162,0.9597940665855433,0.9598089409864723,0.9598109950542719,0.9597991253173912,0.9597450090311128,0.9597325358928337,0.9597429088264517,0.9597513518633447,0.9596709070874396,0.9596832491344973,0.959700868575764,0.9596864838528976,0.9596398433470494,0.9596247312226935,0.9596347690682308,0.9596430700925094,0.9598318411225168,0.9599085225065116,0.9598355958801355,0.959899357889531,0.9595785712203406
0.9599328274710988,0.95992100129658,0.9598690616032342,0.9598547303156304,0.9598580698194037,0.9598716160371996,0.9597939527620916,0.9598088272041476,0.959811030062625,0.9597991603358405,0.9597455720007668,0.9597330990328434,0.9597429337853665,0.9597513768171464,0.9596703718962147,0.95968271410322,0.9597008834422402,0.9596864987245532,0.9596414038029444,0.9596262922491572,0.9596346468878745,0.9596430170475847,0.9598316953780437,0.9599087364823362,0.9598355406037038,0.9598993468216124,0.9595783116886503
0.9599063579267468,0.9598945241216064,0.9598423256263926,0.9598279850139404,0.9598314694735948,0.9598450244583958,0.9597674699829175,0.9597823539933874,0.9597843319383927,0.9597724545107493,0.9597183031789767,0.9597058219596266,0.9597161240121093,0.9597245725350083,0.9596440755077982,0.9596564255736246,0.9596739787583339,0.9596595846622724,0.9596129137830922,0.9595977918123002,0.9596075322729045,0.9596159619794766,0.959804885876882,0.9598823959928671,0.9598088246290422,0.9598727736336325,0.959551322947497,0.9595526560573251
0.9598961352813438,0.959884298529293,0.9598323124049,0.959817968300162,0.9598211983790286,0.9598347567489245,0.9597570238290571,0.9597719116137089,0.9597740346656176,0.9597621542678738,0.9597085177816094,0.9596960336013072,0.9597057952440657,0.9597142458824339,0.9596331680081507,0.9596455213336723,0.9596636249739976,0.9596492272689179,0.9596040916577053,0.9595889664612902,0.9595970739790876,0.9596055459214401,0.9597944148135604,0.959872312867867,0.9597984461340643,0.959862459919707,0.9595405572253521,0.9595419863904864
0.959886355127799,0.9598745155564268,0.9598222916400532,0.9598079440404406,0.9598113709773641,0.9598249325860877,0.9597473402260497,0.9597622315093357,0.9597641820602436,0.9597522988206943,0.9596981210050639,0.959685633678854,0.9596959123466899,0.9597043650091805,0.9596238285545755,0.9596361846711474,0.9596537179838807,0.9596393168255648,0.9595926230615452,0.9595774936719317,0.9595870857844224,0.959595587809706,0.9597843866457458,0.9598626732613709,0.9597885109594253,0.9598525884599822,0.959530644637324,0.9595321801580172
0.9623200480920515,0.9623089111051566,0.9622607946398938,0.9622472987460222,0.9622549333775257,0.9622676884778698,0.9621953584737097,0.9622093640016787,0.9622145219204838,0.9622033464775772,0.9621536911379489,0.9621419479265994,0.9621531777786516,0.9621611264243819,0.9620856645883853,0.9620972839092681,0.9621152422871919,0.9621017004006747,0.9620600480325785,0.9620458221302255,0.9620531768693903,0.9620611892479332,0.9622296028387158,0.9622981060719529,0.9622335661542776,0.9622884001735155,0.9619996802292343,0.9620012316527771
0.9623200214339833,0.9623088844393841,0.9622605559044022,0.9622470599270256,0.962254905808362,0.9622676609178189,0.9621954805187003,0.9622094860024442,0.9622144939463517,0.9622033184953545,0.9621531661003495,0.9621414227296583,0.9621531493833675,0.9621610980349316,0.9620861635274864,0.9620977826988213,0.9621152134867106,0.9621016715883324,0.9620585642042954,0.9620443377544392,0.9620531448625025,0.9620611588185626,0.9622295624723685,0.9622980912643333,0.9622335322112834,0.9622883679842773,0.9619998389997704,0.9620013968779608
0.9623200681203827,0.9623089311392783,0.9622608146990304,0.962247318812177,0.9622549525728585,0.9622677076668587,0.9621953776986736,0.9622093832196752,0.9622145407590212,0.9622033653215663,0.9621537100061499,0.9621419668005224,0.9621531962696044,0.9621611449115364,0.9620856831116009,0.9620973024269306,0.9621152604181198,0.9621017185361489,0.9620600661892276,0.9620458402901673,0.962053191868409,0.9620612058147602,0.9622296092674223,0.9622981379786704,0.9622335790013834,0.9622884147077169,0.961999688017916,0.9620012459145111
0.962320071395397,0.9623089344152385,0.9622606059429379,0.9622471099830632,0.9622549558534794,0.9622677109463944,0.9621955306408767,0.9622095361064573,0.9622145440431562,0.9622033686066502,0.9621532162766742,0.9621414729212114,0.9621531995590065,0.9621611482002628,0.9620862137899775,0.9620978329462471,0.9621152637108323,0.9621017218300116,0.9620586145018613,0.9620443880704499,0.9620531951663935,0.9620612091120626,0.9622296125501968,0.9622981412555469,0.9622335822838206,0.9622884179854194,0.9619998893511303,0.9620014472396532
0.9623200713682958,0.9623089343881313,0.9622608179519407,0.9622473220662262,0.9622549558262559,0.9622677109191808,0.9621953809570951,0.962209386476917,0.9622145440158183,0.9622033685793052,0.962153713268072,0.9621419700634375,0.9621531995315726,0.9621611481728336,0.9620856863792582,0.9620973056936104,0.962115263683281,0.9621017218024523,0.9620600694590418,0.9620458435611807,0.9620531951388014,0.9620612090844762,0.9622296125229564,0.9622981412284328,0.9622335822565828,0.962288417958298,0.9619996912928181,0.962001249189282
0.962320071395397,0.9623089344152385,0.9622606059429379,0.9622471099830632,0.9622549558534794,0.9622677109463944,0.9621955306408767,0.9622095361064573,0.9622145440431562,0.9622033686066502,0.9621532162766742,0.9621414729212114,0.9621531995590065,0.9621611482002628,0.9620862137899775,0.9620978329462471,0.9621152637108323,0.9621017218300116,0.9620586145018613,0.9620443880704499,0.9620531951663935,0.9620612091120626,0.9622296125501968,0.9622981412555469,0.9622335822838206,0.9622884179854194,0.9619998893511303,0.9620014472396532
0.9623200713682958,0.9623089343881313,0.9622608179519407,0.9622473220662262,0.9622549558262559,0.9622677109191808,0.9621953809570951,0.962209386476917,0.9622145440158183,0.9622033685793052,0.962153713268072,0.9621419700634375,0.9621531995315726,0.9621611481728336,0.9620856863792582,0.9620973056936104,0.962115263683281,0.9621017218024523,0.9620600694590418,0.9620458435611807,0.9620531951388014,0.9620612090844762,0.9622296125229564,0.9622981412284328,0.9622335822565828,0.962288417958298,0.9619996912928181,0.962001249189282
0.962320071395397,0.9623089344152385,0.9622606059429379,0.9622471099830632,0.9622549558534794,0.9622677109463944,0.9621955306408767,0.9622095361064573,0.9622145440431562,0.9622033686066502,0.9621532162766742,0.9621414729212114,0.9621531995590065,0.9621611482002628,0.9620862137899775,0.9620978329462471,0.9621152637108323,0.9621017218300116,0.9620586145018613,0.9620443880704499,0.9620531951663935,0.9620612091120626,0.9622296125501968,0.9622981412555469,0.9622335822838206,0.9622884179854194,0.9619998893511303,0.9620014472396532
0.9598847921789873,0.9598729521570668,0.9598209516793066,0.9598066036123674,0.9598097739244622,0.9598233360595241,0.9597455815611715,0.959760473479849,0.9597625686077298,0.9597506849028123,0.9596970334933981,0.9596845458381256,0.959694281627147,0.9597027346236231,0.9596216341331629,0.9596339909055238,0.9596520709866523,0.9596376692523487,0.9595925210250633,0.9595773915945656,0.9595853841415094,0.9595939069897645,0.9597825788031091,0.9598612679523977,0.9597868024878002,0.9598509336750509,0.9595285697252411,0.9595302269221471
0.9598737543321454,0.9598619111283988,0.9598096711982469,0.9597953191971467,0.9597986894495569,0.9598122552376875,0.959734638974147,0.9597495348462644,0.959751459005378,0.9597395720961421,0.9596853775583885,0.9596728863762534,0.9596831411692195,0.9596915964473474,0.9596110350801956,0.9596233950199873,0.9596409066699167,0.9596265010441729,0.9595797928114165,0.9595646587272433,0.9595741690539579,0.959582705312646,0.9597713098837952,0.9598503556097568,0.9597756185306212,0.959839811396406,0.9595173883274819,0.9595191579906517
0.9598616119296799,0.9598497652257494,0.9597977354167184,0.9597833792529749,0.9597864957848865,0.9598000655915806,0.9597222671264536,0.959737167468323,0.9597392378452898,0.9597273474111809,0.9596736656372717,0.9596611709113851,0.9596708862134327,0.9596793440014344,0.9595981975563843,0.9596105613324952,0.9596286256149118,0.9596142157085368,0.9595690418781162,0.9595539038632523,0.9595618407616633,0.9595703871321282,0.95975891176675,0.9598383541127504,0.9597633144884092,0.959827574246982,0.9595046391895916,0.9595065370347995
0.9598517642283155,0.959839914685712,0.9597876468099229,0.9597732871277906,0.9597766009132505,0.959790173980871,0.9597125160833737,0.9597274199480941,0.9597293180243145,0.9597174247291327,0.9596632010917396,0.9596507031995702,0.959660936321479,0.9596693961472402,0.9595887914663419,0.959601158053299,0.9596186518940972,0.959604238511373,0.9595575051425802,0.9595423629097841,0.9595518286034503,0.9595603817799039,0.9597488137120409,0.9598286490566201,0.9597533103257452,0.9598176332613062,0.9594946183172726,0.9594966488554668
0.9598458740817613,0.9598340228412963,0.9597819731187553,0.9597676114579499,0.9597706707980369,0.959784245819949,0.9597065767451629,0.9597214827556235,0.9597233674936039,0.9597114724821871,0.9596572410242181,0.9596447413287164,0.9596549622878483,0.9596634233370902,0.9595828070031884,0.9595951753784815,0.959612658090575,0.9595982426187255,0.9595515024802461,0.9595363580528478,0.9595458060996682,0.9595543634427444,0.9597426827625888,0.9598229042449644,0.9597472729183902,0.9598116526582978,0.959488374572653,0.9594905401649261
0.9598335879615867,0.959821733179629,0.9597696679114149,0.9597553019592726,0.9597583328740091,0.9597719119618904,0.9596942196324163,0.9597091301071534,0.9597110018515915,0.9596991032737519,0.9596448555642243,0.9596323521213022,0.9596425625533214,0.9596510261420019,0.9595703856213247,0.9595827577084548,0.9596002320511583,0.9595858122482908,0.95953905807541,0.9595239090983259,0.959533343073965,0.9595419047784997,0.9597301369729063,0.9598107604221655,0.9597348225630251,0.9597992702554357,0.9594756773308217,0.9594779795926851
0.9598369260296795,0.9598250722099206,0.9597730111653553,0.9597586463791374,0.9597616476237416,0.9597752256192515,0.9596975395374285,0.9597124488127835,0.9597143068263907,0.9597024092017459,0.9596481658357636,0.9596356633944116,0.9596458594086263,0.9596543223221217,0.9595736882322143,0.959586059332443,0.9596035186702598,0.9595891000129173,0.9595423495520412,0.9595272017783172,0.9595366193875854,0.9595451815043023,0.9597332537879995,0.9598142497537421,0.9597380333111218,0.9598025247030171,0.9594787386079588,0.9594811776000338
0.9598342202355559,0.9598223656358509,0.9597703011676522,0.9597559354363492,0.9597589074442145,0.9597724863427461,0.9596947950962218,0.9597097053630632,0.9597115499368096,0.9596996515170435,0.9596454045278346,0.959632901251009,0.9596430843582135,0.9596515478400294,0.9595709083371717,0.9595832802681017,0.9596007271735834,0.9595863075432856,0.9595395539296101,0.9595244051338083,0.9595338085405931,0.9595423719006124,0.9597303109332875,0.9598116919698019,0.9597351852651119,0.9597997299834122,0.9594757023747826,0.9594782791401115
0.959825118186689,0.9598132609633374,0.9597609592260354,0.9597465902368505,0.9597497593067021,0.9597633412199695,0.9596854733710842,0.9597003870055609,0.9597023777614164,0.9596904766962997,0.9596367469515561,0.9596242410552733,0.9596338834071465,0.9596423487732746,0.9595611296479203,0.9595735045009441,0.9595915032157942,0.9595770803705839,0.959531866002777,0.9595167143962955,0.9595245553226555,0.9595331209975011,0.9597209550852592,0.959802734569003,0.9597259251576491,0.9597905333549839,0.9594660028559909,0.9594687181193298
0.9598176685837116,0.9598058092130493,0.9597537238023357,0.9597393522899156,0.9597422666250126,0.9597558510074411,0.9596781283966078,0.9596930446845584,0.9596948629622197,0.9596829597297807,0.9596286908100786,0.9596161824763358,0.9596263426015359,0.9596348095119698,0.959554137353406,0.9595665142958647,0.9595839411256968,0.9595695156448278,0.9595227430727424,0.9595075881309827,0.9595169669693324,0.9595255344570894,0.9597132553011403,0.9597954321757802,0.9597183210584668,0.9597829893708674,0.9594583919066797,0.9594612456541789
0.9598070296892292,0.95979516725199,0.959742842528648,0.9597284672215993,0.9597315774453696,0.9597451653503035,0.9596672631627012,0.9596821833758247,0.9596841465082298,0.9596722401851192,0.9596184867144668,0.9596059752934138,0.9596155933400543,0.9596240624518386,0.9595428074026462,0.9595551877306785,0.9595731657985092,0.9595587365620952,0.9595135021706502,0.9594983438505185,0.9595061587625928,0.9595147286845043,0.9597023580735624,0.9597849381188974,0.9597075191794593,0.9597722535657658,0.9594471095589558,0.9594501174552252
0.9597964231527543,0.9597845576583066,0.9597322194568945,0.9597178404453108,0.9597209203844363,0.959734511801247,0.9596565894868079,0.9596715135558491,0.9596734618956535,0.9596615524910939,0.9596077851158857,0.959595270457041,0.9596048756579425,0.9596133469645827,0.9595320708649784,0.9595444544012197,0.9595624217680221,0.9595479887870177,0.959502742663783,0.959487580410145,0.9594953817299727,0.9595039540017423,0.9596914930655116,0.9597744765565361,0.9596967493447279,0.9597615498479479,0.9594360636167294,0.9594392291021505
0.959783337977367,0.9597714687113261,0.9597191138824035,0.9597047303006399,0.9597077800224749,0.9597213757694347,0.959643428638584,0.9596583574619821,0.9596602909886971,0.9596483777856952,0.9595945932706027,0.9595820746205941,0.9595916674137941,0.9596001414252886,0.9595188393839864,0.9595312268739011,0.9595491844787447,0.9595347468842508,0.9594894863069594,0.9594743192070718,0.9594821073449751,0.9594906824360194,0.9596781430951338,0.9597615352020261,0.9596834946624051,0.9597483650588379,0.9594225139252686,0.9594258388502979
0.9597796657070896,0.9597677953825847,0.9597154358873072,0.9597010510229633,0.9597040696881964,0.9597176666578102,0.9596397125198217,0.9596546426856531,0.9596565607941463,0.9596446465153827,0.9595908571460694,0.9595783373657187,0.9595879154037872,0.9595963901836295,0.9595150807732602,0.9595274693862654,0.9595454129785923,0.9595309740696587,0.9594857093742379,0.9594705408935973,0.9594783139821665,0.9594868899053626,0.9596742302540904,0.9597580118241971,0.959679675562827,0.9597446008711699,0.9594184562087174,0.9594219413848817
0.9597691849313268,0.9597573115859617,0.9597049387728753,0.9596905502480413,0.9596935383258702,0.9597071387658245,0.9596291647390631,0.9596440987152082,0.9596460016057782,0.9596340842818394,0.9595802811716618,0.959567758191632,0.9595773229347144,0.9595857998836987,0.9595044696695512,0.9595168614531784,0.9595347938695782,0.9595203512597177,0.9594750749693111,0.9594599026010278,0.959467661820167,0.9594762399762344,0.959663492390985,0.9597476763356425,0.9596690317150369,0.9597340221491948,0.9594075272618545,0.9594111747644651
0.9597604734828131,0.9597485976265883,0.959696213744085,0.959681822176748,0.9596847794949519,0.9596983828211196,0.959620551864518,0.9596354889519689,0.9596372168490706,0.9596252969917185,0.959570952315324,0.9595584265129582,0.9595685077061862,0.9595769864603436,0.9594962014968231,0.9595085957509732,0.9595259536884844,0.9595115079977194,0.9594646699367748,0.95944949376475,0.9594587913481871,0.9594673713590303,0.9596545295687731,0.9597391110539124,0.9596601618865082,0.9597252140316856,0.9593985913109602,0.9594024024660175
0.9622643327813005,0.9622531796868385,0.9622049936373516,0.9621914782256156,0.9621989198786827,0.9622116934931444,0.9621392585100281,0.9621532843656742,0.9621583520458374,0.9621471603544545,0.9620974328261385,0.9620856725420621,0.9620968208334049,0.9621047810554131,0.9620292093273133,0.9620408455690459,0.9620587321093184,0.962045170465728,0.9620034573425318,0.9619892106850549,0.961996423334269,0.9620044781595096,0.9621707640963901,0.9622447896337218,0.9621761357050316,0.9622315108960993,0.9619395653214304,0.9619432969830748
0.9622651776622093,0.9622540248119966,0.9622056274793886,0.9621921122893482,0.962199765335561,0.9622125386705833,0.9621402551424825,0.9621542806370145,0.9621591979865205,0.9621480065398378,0.9620977823679029,0.9620860221898984,0.9620976677151838,0.9621056277632412,0.9620305858264482,0.9620422216556284,0.9620595794187428,0.9620460180701236,0.9620028487828052,0.961988601899654,0.9619972715953176,0.9620053262471477,0.9621715982816961,0.9622456462813007,0.9621769757068752,0.962232351161683,0.9619405991000285,0.9619443398330942
0.9622652217413288,0.9622540689038612,0.9622058839645813,0.9621923688642493,0.9621998094889535,0.9622125828093824,0.9621401494934916,0.9621541750263038,0.9621592421857996,0.9621480507519014,0.9620983243675434,0.9620865643540142,0.9620977119843273,0.9621056720232906,0.9620301020328161,0.9620417380069948,0.9620596237309436,0.962046062397814,0.9620043502343352,0.9619901039017476,0.9619973159783246,0.9620053706209541,0.9621716424672642,0.9622456903827352,0.9621770198863002,0.9622323952783074,0.9619404452032925,0.9619441859584388
0.9622652244638805,0.9622540716271999,0.9622056743533014,0.9621921591796567,0.9621998122161968,0.9622125855357242,0.9621403020953025,0.9621543275728217,0.962159244915989,0.9621480534828797,0.962097829371861,0.9620860692081203,0.9620977147189105,0.962105674757312,0.9620306329115262,0.9620422687265944,0.9620596264682999,0.962046065136128,0.9620028959011635,0.9619886490352891,0.9619973187200783,0.9620053733621403,0.9621716451964963,0.9622456931066663,0.9621770226151536,0.9622323980031775,0.9619406462816658,0.9619443870174851
0.9622652244387646,0.9622540716020769,0.962205886666162,0.962192371566776,0.9621998121909658,0.9622125855105017,0.9621401521996729,0.9621541777315037,0.9621592448906524,0.9621480534575375,0.9620983270766565,0.9620865670639505,0.9620977146934835,0.9621056747318912,0.9620301047466986,0.9620417407200639,0.9620596264427623,0.9620460651105818,0.9620043529500164,0.9619901066184238,0.9619973186945034,0.9620053733365708,0.962171645171247,0.9622456930815371,0.9621770225899078,0.9622323979780396,0.9619404479234501,0.9619441886783355
0.9622652244646694,0.9622540716279884,0.9622056743540863,0.9621921591804417,0.9621998122169915,0.9622125855365189,0.9621403020961015,0.9621543275736193,0.9621592449167877,0.9621480534836795,0.9620978293726619,0.9620860692089213,0.9620977147197167,0.9621056747581189,0.9620306329123385,0.9620422687274064,0.9620596264691093,0.9620460651369367,0.9620028959019731,0.9619886490360989,0.9619973187208879,0.9620053733629497,0.9621716451972917,0.9622456931074537,0.962177022615949,0.9622323980039644,0.9619406462824764,0.9619443870182958
0.9622652244371914,0.9622540716005032,0.9622058866645862,0.9621923715651997,0.9621998121893847,0.9622125855089219,0.9621401521980912,0.9621541777299234,0.9621592448890615,0.9621480534559452,0.9620983270750605,0.9620865670623548,0.962097714691885,0.9621056747302921,0.9620301047450952,0.96204174071846,0.9620596264411605,0.9620460651089775,0.9620043529484115,0.9619901066168182,0.9619973186928956,0.9620053733349632,0.9621716451696647,0.962245693079963,0.9621770225883257,0.9622323979764651,0.9619404479218361,0.961944188676721
0.9622652244634924,0.9622540716268118,0.962205674352913,0.9621921591792679,0.9621998122158082,0.9622125855353358,0.9621403020949162,0.9621543275724345,0.9621592449155987,0.9621480534824902,0.9620978293714699,0.9620860692077291,0.962097714718517,0.9621056747569185,0.962030632911135,0.9620422687262022,0.9620596264679031,0.9620460651357301,0.9620028959007623,0.9619886490348888,0.961997318719676,0.9620053733617369,0.9621716451961073,0.9622456931062768,0.9621770226147648,0.9622323980027871,0.9619406462812587,0.9619443870170776
