0.1477519080140468,0.1477514113424694,0.14774923000447465,0.1477486281275769,0.1477488432362576,0.1477494121178318,0.1477461506121895,0.14774677526974672,0.14774691672437873,0.14774641826482027,0.14774414570481503,0.14774362190907378,0.14774410610738942,0.14774446065380156,0.1477414846803511,0.14774200283393918,0.1477423957576943,0.14774182524330687,0.1477412092791491,0.1477406738119284,0.14774175455395322,0.14774181429171654
0.1477528618321032,0.14775236543447678,0.14775017584802508,0.14774957429979407,0.14774979838832603,0.14775036695626206,0.1477471139192058,0.14774773823000165,0.14774787258260869,0.14774737439773977,0.14774510308943695,0.1477445795823218,0.14774506315875818,0.1477454175098753,0.14774223608647633,0.14774275401633372,0.14774335301228592,0.14774278078500702,0.14774215890612857,0.1477416213615114,0.14774271207420264,0.1477427720332085
0.14775305841854877,0.14775256207738596,0.14775037273985953,0.14774977126004685,0.14774999486454354,0.14775056336796266,0.14774731069989977,0.14774793493985933,0.14774806881833424,0.14774757068985955,0.14774529963853353,0.1477447761906738,0.14774525925291482,0.14774561356401655,0.14774223771898193,0.14774275564835318,0.14774354824848018,0.1477429729654699,0.14774232865167494,0.14774178849440395,0.14774290747326024,0.1477429676954808
0.14775326514077994,0.1477527688589923,0.14775057978322695,0.14774997837536058,0.14775020146779777,0.147750769903374,0.14774751762332564,0.1477481417887972,0.14774827516562428,0.14774777709644996,0.14774550631534378,0.14774498292979327,0.14774546544825246,0.14774581971727696,0.14774242076747263,0.14774293864234062,0.14774375353225505,0.14774317500701156,0.14774249358582392,0.1477419506588502,0.14774311294101727,0.14774317343657334
0.147753972159484,0.1477534760807708,0.1477512879002782,0.14775068673848168,0.1477509092248367,0.14775147742800143,0.1477482264771875,0.14774885038748337,0.14774898319502344,0.1477484853293267,0.14774621547542632,0.14774569230367712,0.14774617411005575,0.14774652823446582,0.1477431306716213,0.14774364833510967,0.14774446171952121,0.14774387996676158,0.1477431640351103,0.14774261828819332,0.1477438215021593,0.1477438822672714
0.14775391988739,0.14775342379366274,0.1477512355469794,0.14775063436698993,0.14775085629164036,0.14775142451218737,0.14774817346195881,0.1477487973913394,0.1477489296338252,0.1477484317527355,0.147746161828693,0.1477456386407699,0.14774611989195618,0.14774647402743057,0.14774309985513964,0.14774361752780396,0.1477444061661024,0.147743820657453,0.14774305819788014,0.14774250894253554,0.14774376604272021,0.14774382713171735
0.1477540716384517,0.14775357558831198,0.14775138753378775,0.14775078640661415,0.1477510076451148,0.14775157581596027,0.14774832504999136,0.14774894892480214,0.14774908048845764,0.147748582650722,0.1477463129242348,0.14774578978186542,0.1477462703229348,0.14774662442771078,0.14774325054780335,0.14774376817559723,0.14774455530622777,0.14774396580490834,0.14774313721231364,0.14774258356054715,0.14774391530458522,0.14774397676805207
0.14775443883109013,0.14775394288641977,0.14775175529686818,0.1477511542974943,0.14775137475633285,0.14775194280662474,0.14774869273013913,0.14774931647258838,0.14774944727520822,0.1477489495428839,0.1477466802967347,0.14774615726512497,0.14774663697046247,0.14774699100041627,0.1477436178331451,0.1477441353515747,0.14774492085600024,0.14774432767856616,0.14774344747927196,0.14774288845929653,0.14774428087947933,0.14774434278053905
0.14775509572949366,0.14775459997350868,0.1477524226545599,0.1477518218871003,0.147752032061446,0.14775259989588596,0.14774934439142062,0.14774996789927386,0.14775010455344562,0.14774960701002046,0.14774736075273576,0.14774683792628085,0.14774729455531357,0.14774764845107113,0.1477442530811734,0.14774477041044598,0.14774557773075592,0.14774498163708868,0.14774408791080457,0.14774352271816726,0.14774493762317012,0.14774500002605906
0.14775492291110703,0.14775442710548184,0.14775224956863428,0.147751648741025,0.1477518579810096,0.14775242587261606,0.147749170040526,0.14774979361114549,0.14774992932245168,0.14774943172866545,0.14774718524413527,0.14774666236476475,0.1477471180816829,0.1477474720134546,0.14774407629815578,0.14774459368006926,0.1477453996200915,0.14774480083772723,0.14774368492130377,0.1477431102846745,0.14774475855840163,0.14774482171825915
0.14775500995613133,0.14775451417550878,0.14775232730917806,0.14775172650858467,0.1477519441161516,0.1477525119794721,0.1477492629723357,0.14774988650949983,0.14775001448810895,0.14774951691879923,0.14774724841547454,0.14774672555515017,0.14774720231840807,0.14774755623298916,0.1477441841645749,0.14774470151436897,0.14774548251838204,0.14774488191873714,0.14774355262203426,0.14774296680833787,0.14774483990766268,0.1477449041073834
0.14775501794643695,0.14775452216810953,0.14775234475108745,0.14775174395655521,0.14775195106188255,0.14775251892292207,0.14774926326601262,0.1477498868030711,0.14775002038164453,0.14774952281402853,0.1477472764475868,0.1477467535957141,0.1477472071598631,0.1477475610734561,0.14774416553250452,0.14774468288784667,0.14774548609128843,0.1477448843943852,0.1477434899779643,0.14774289269761365,0.1477448413446278,0.14774490681058938
0.147755287739127,0.14775479203829484,0.14775260552372835,0.1477520048198188,0.14775222034431024,0.14775278811691933,0.14774953962859017,0.14775016306615782,0.14775028897422057,0.14774979148379805,0.14774752333994645,0.14774700056251155,0.14774747519698925,0.14774782905588207,0.14774445751786436,0.14774497478626125,0.14774575328628187,0.14774515107983285,0.14774340722934381,0.1477427992473894,0.14774494212403336,0.14774500902990917
0.1477562083650103,0.14775571292862374,0.14775352757989216,0.14775292719641753,0.14775314170067677,0.147753709170713,0.14775046241289475,0.1477510855182529,0.14775121045374906,0.14775071322816405,0.14774844629112474,0.14774792379196477,0.1477483972676542,0.14774875093837037,0.14774538119262318,0.14774589818597034,0.14774667530094615,0.1477460730764114,0.14774412218635258,0.14774350471751618,0.14774582113002543,0.1477458894495901
0.14775680323678345,0.14775630797127512,0.1477541233758783,0.1477535231994607,0.14775373689334204,0.14775430416791285,0.14775105852802464,0.14775168141877162,0.14775180557453133,0.1477513085199911,0.1477490423623691,0.1477485200429321,0.14774899261837623,0.14774934616759006,0.14774597757908092,0.14774649439483317,0.1477472704729808,0.1477466682868635,0.14774471682210796,0.14774409245623998,0.1477463662292402,0.14774643622694178
0.14775699307373913,0.14775649786276263,0.14775432293616406,0.14775372282910038,0.14775392649337715,0.14775449370568122,0.14775124176671017,0.14775186459148765,0.14775199481153883,0.14775149781138813,0.1477492540055375,0.14774873174991437,0.14774918158740652,0.1477495350980539,0.1477461434216501,0.14774666018801635,0.14774745903816816,0.1477468568367325,0.14774496949359756,0.14774434080939985,0.14774649673238877,0.1477465687236673
0.14775722914155642,0.14775673399839212,0.1477545593694603,0.1477539593445661,0.14775416252864632,0.14775472966343323,0.14775147816871692,0.14775210090838414,0.14775223065803023,0.14775173372566597,0.14774949022568976,0.14774896804129142,0.1477494173642943,0.14774977082682222,0.1477463796119211,0.14774689630795207,0.14774769458879278,0.147747092431676,0.14774520492685103,0.14774457405883965,0.1477466674915401,0.14774674173834368
0.08,0.08,0.08,0.08,0.08,0.08,0.08,0.08,0.08,0.08,0.08,0.08,0.08,0.08,0.08,0.08,0.08,0.08,0.08,0.08,0.08,0.08
0.08,0.08,0.08,0.08,0.08,0.08,0.08,0.08,0.08,0.08,0.08,0.08,0.08,0.08,0.08,0.08,0.08,0.08,0.08,0.08,0.08,0.08
0.08,0.08,0.08,0.08,0.08,0.08,0.08,0.08,0.08,0.08,0.08,0.08,0.08,0.08,0.08,0.08,0.08,0.08,0.08,0.08,0.08,0.08
0.08,0.08,0.08,0.08,0.08,0.08,0.08,0.08,0.08,0.08,0.08,0.08,0.08,0.08,0.08,0.08,0.08,0.08,0.08,0.08,0.08,0.08
0.08,0.08,0.08,0.08,0.08,0.08,0.08,0.08,0.08,0.08,0.08,0.08,0.08,0.08,0.08,0.08,0.08,0.08,0.08,0.08,0.08,0.08
0.08,0.08,0.08,0.08,0.08,0.08,0.08,0.08,0.08,0.08,0.08,0.08,0.08,0.08,0.08,0.08,0.08,0.08,0.08,0.08,0.08,0.08
0.08,0.08,0.08,0.08,0.08,0.08,0.08,0.08,0.08,0.08,0.08,0.08,0.08,0.08,0.08,0.08,0.08,0.08,0.08,0.08,0.08,0.08
0.08,0.08,0.08,0.08,0.08,0.08,0.08,0.08,0.08,0.08,0.08,0.08,0.08,0.08,0.08,0.08,0.08,0.08,0.08,0.08,0.08,0.08
0.1477583257806015,0.14775783095246195,0.14775565770635218,0.1477550580631786,0.1477552607057641,0.14775582747988744,0.14775257805215467,0.14775320039583006,0.14775332965123034,0.14775283303474218,0.14775059096010423,0.14775006910760458,0.14775051773357092,0.14775087097152062,0.14774748191049436,0.1477479982782647,0.14774879563765625,0.14774819384531143,0.1477463073295136,0.1477456757346382,0.14774769075426225,0.14774776753655705
0.14775879362339145,0.14775829892964945,0.14775611685494486,0.14775551737134957,0.1477557291037418,0.14775629572403015,0.14775305382619663,0.1477536759985746,0.1477537982961527,0.1477533018143672,0.1477510382666773,0.1477505165490549,0.147750986863955,0.1477513400061558,0.14774797529420497,0.14774849151504366,0.14774926495684054,0.1477486633228064,0.14774671261228123,0.1477460808347309,0.1477481024660937,0.14774818121344732
0.1477590082425404,0.14775851361045286,0.14775633180755865,0.1477557323986715,0.14775594363250472,0.147756510182335,0.14775326868747402,0.1477538907824926,0.14775401259234994,0.14775351617216034,0.1477512529051508,0.14775073125224955,0.1477512010357085,0.1477515541341966,0.1477481898385831,0.14774870599552886,0.14774947886592907,0.14774887729430006,0.14774692679780205,0.1477462948977642,0.14774822150571146,0.14774830384514048
0.14775905463093347,0.14775856001217202,0.14775637826802784,0.14775577887528843,0.14775598993919092,0.14775655647381244,0.14775331506593464,0.14775393714425494,0.1477540587864586,0.14775356237954676,0.1477512991730414,0.14775077753409155,0.14775124714037452,0.14775160022945272,0.14774823602346404,0.14774875216665556,0.14774952485170412,0.14774892329593853,0.14774697284382649,0.14774634092378175,0.14774822664624465,0.14774831025695434
0.14775968273162435,0.14775918829330253,0.14775700734464642,0.14775640817054986,0.1477566189974997,0.14775718532551557,0.14775394509928436,0.14775456695076206,0.14775468838901473,0.14775419216307434,0.1477519297812217,0.14775140833242525,0.14775187760821912,0.14775223056861647,0.14774886758823785,0.147749383543342,0.14775015578789985,0.14774955445129673,0.14774760470574216,0.14774697299816195,0.1477488515470176,0.14774893636242675
0.14775973285836247,0.1477592384344411,0.14775705754927093,0.14775645839262372,0.14775666904912516,0.14775723536070198,0.1477539952284906,0.14775461706191903,0.14775473833219743,0.14775424212061267,0.14775197980417576,0.14775145837046352,0.14775192746800914,0.14775228041822988,0.14774891753477837,0.14774943347500769,0.14775020553250745,0.1477496042131837,0.14774765452175612,0.14774702282318522,0.14774889888806392,0.14774898498863157
0.14776006865370456,0.14775957432625147,0.14775740327794123,0.14775680424145818,0.14775700527236002,0.14775757147350718,0.14775432532953664,0.14775494704411068,0.14775507476213406,0.14775457864725344,0.14775233883603928,0.14775181751059124,0.14775226427597746,0.14775261715745325,0.14774923151528227,0.14774974736200297,0.14775054250622102,0.14774994130395075,0.1477480565869211,0.14774742503048363,0.1477492336026874,0.14774932101208899
0.14776043267210195,0.14775993844922614,0.1477577584503878,0.14775715953735238,0.1477573697628013,0.14775793584423302,0.14775469702829763,0.1477553186090384,0.14775543948485909,0.14775494347481627,0.147752682076769,0.14775216085482457,0.14775262941672873,0.14775298222367578,0.14774962070482184,0.14775013643563414,0.14775090783489422,0.14775030675952827,0.14774835785717866,0.14774772640776823,0.14774943784732714,0.14774952662099133
0.14776082709730326,0.14776033298774166,0.14775816289588287,0.1477575641234227,0.14775776471595609,0.14775833066766564,0.14775508595323703,0.14775570739394034,0.14775583470620648,0.1477553388097697,0.1477530999842488,0.14775257888832516,0.1477530251076114,0.14775337783379328,0.14774999368100922,0.14775050930074046,0.14775130374597528,0.14775070280813873,0.14774881891820668,0.14774818763281483,0.14774978854832638,0.14774987866293043
0.1477611699149738,0.14776067590390124,0.14775849683882175,0.1477578981824332,0.1477581079683749,0.14775867380734206,0.14775543637814215,0.14775605769266908,0.14775617816754946,0.14775568236984138,0.14775342193936336,0.147752900940527,0.14775336895277036,0.14775372160876854,0.1477503615276152,0.1477508770377918,0.14775164775823513,0.14775104693990096,0.147749098869194,0.1477484676836544,0.1477500866536563,0.14775017812532298
0.14776121371819484,0.14776071971970664,0.1477585501154131,0.1477579514775425,0.1477581516741016,0.14775871749871333,0.14775547351269028,0.14775609481384616,0.14775622174658093,0.14775572596139974,0.14775348763790275,0.14775296665887827,0.14775341242688597,0.14775376507401028,0.1477503816794474,0.14775089718362217,0.1477516910996201,0.14775109029634192,0.14774920682727935,0.14774857567979505,0.147750083367033,0.14775017621889458
0.14776125274409524,0.14776075875681904,0.14775857979664836,0.1477579811690945,0.14775819059322814,0.14775875640505665,0.14775551913107143,0.14775614041580154,0.14775626053287805,0.14775576475884633,0.1477535044362564,0.14775298346229745,0.14775345109966587,0.14775380373889657,0.1477504438174436,0.1477509593031119,0.14775172963410588,0.14775112884421376,0.14774918086522315,0.1477485497073654,0.1477500748311189,0.14775016907032507
0.14776185809635778,0.14776136428299802,0.14775919549133945,0.14775859707779204,0.14775879684441717,0.14775936245711704,0.14775611968557528,0.14775674075406173,0.14775686728450893,0.1477563716848923,0.14775413419872538,0.14775361341467802,0.1477540586610904,0.14775441117630703,0.1477510290468408,0.14775154435820895,0.14775233762270779,0.14775173704402142,0.14774985427826437,0.14774922336502572,0.1477506358851788,0.14775073148676726
0.1477622364901044,0.14776174278545795,0.1477595650712929,0.14775896678620798,0.14775917573308925,0.14775974122133778,0.14775650579801508,0.1477571267274705,0.1477572464188719,0.1477567509282418,0.14775449189706175,0.14775397122088368,0.14775443823424872,0.14775479067198655,0.14775143266963783,0.14775194786079235,0.1477527173954585,0.14775211694870133,0.14775017008132296,0.14774953928246765,0.1477509681112306,0.14775106509329072
0.14776227718990553,0.14776178349695213,0.1477596152338279,0.1477590169661792,0.1477592163267994,0.1477597818017142,0.14775653981982773,0.14775716073703268,0.147757286879323,0.147756791400324,0.1477545544584251,0.14775403380111357,0.1477544785816206,0.1477548310111227,0.14775144970372564,0.1477519648898067,0.1477527576038937,0.14775215717110463,0.14775027486216735,0.1477496441008286,0.14775096003173366,0.147751058419129
0.08,0.08,0.08,0.08,0.08,0.08,0.08,0.08,0.08,0.08,0.08,0.08,0.08,0.08,0.08,0.08,0.08,0.08,0.08,0.08,0.08,0.08
0.08,0.08,0.08,0.08,0.08,0.08,0.08,0.08,0.08,0.08,0.08,0.08,0.08,0.08,0.08,0.08,0.08,0.08,0.08,0.08,0.08,0.08
0.08,0.08,0.08,0.08,0.08,0.08,0.08,0.08,0.08,0.08,0.08,0.08,0.08,0.08,0.08,0.08,0.08,0.08,0.08,0.08,0.08,0.08
0.08,0.08,0.08,0.08,0.08,0.08,0.08,0.08,0.08,0.08,0.08,0.08,0.08,0.08,0.08,0.08,0.08,0.08,0.08,0.08,0.08,0.08
0.08,0.08,0.08,0.08,0.08,0.08,0.08,0.08,0.08,0.08,0.08,0.08,0.08,0.08,0.08,0.08,0.08,0.08,0.08,0.08,0.08,0.08
0.08,0.08,0.08,0.08,0.08,0.08,0.08,0.08,0.08,0.08,0.08,0.08,0.08,0.08,0.08,0.08,0.08,0.08,0.08,0.08,0.08,0.08
0.08,0.08,0.08,0.08,0.08,0.08,0.08,0.08,0.08,0.08,0.08,0.08,0.08,0.08,0.08,0.08,0.08,0.08,0.08,0.08,0.08,0.08
0.08,0.08,0.08,0.08,0.08,0.08,0.08,0.08,0.08,0.08,0.08,0.08,0.08,0.08,0.08,0.08,0.08,0.08,0.08,0.08,0.08,0.08
0.14776252422278263,0.14776203060080315,0.14775985325108565,0.14775925506617055,0.14775946361445313,0.14776002900814192,0.14775679412563794,0.14775741495127162,0.14775753425888716,0.147757038851001,0.1477547801968695,0.14775425960763353,0.14775472617890226,0.1477550785578639,0.14775172111532403,0.14775223622056782,0.1477530052626742,0.147752404915883,0.14775045837229947,0.14774982767700767,0.14775115561115548,0.14775125543923917
0.14776292438979188,0.14776243088278376,0.1477602634358804,0.1477596653935447,0.14775986432749819,0.1477604295895644,0.14775718882752786,0.14775780951103468,0.1477579352544317,0.14775743996181878,0.14775520386095936,0.14775468339948855,0.1477551276612714,0.14775547995828042,0.14775209992159366,0.14775261491401273,0.14775340697889125,0.1477528067716552,0.1477509251693282,0.1477502946439336,0.14775151321168045,0.14775161432101624
0.1477631226954429,0.14776262924541014,0.14776045265374,0.14775985467717662,0.1477600628088899,0.14776062800576006,0.1477573942489282,0.14775801485846482,0.14775813378075653,0.1477576385452141,0.14775538067642158,0.14775486026827384,0.14775532633341282,0.14775567858986732,0.14775232231413782,0.1477528372403182,0.1477536056714283,0.14775300553321807,0.1477510596654097,0.1477504291886389,0.14775166362877956,0.1477517661219927
0.1477633792289232,0.14776288585259584,0.14776071897932663,0.14776012109533912,0.1477603196160589,0.14776088472857385,0.14775764482362536,0.14775826534293196,0.1477583906924946,0.14775789553080718,0.14775566002072904,0.14775513969682508,0.14775558348042273,0.14775593568438625,0.14775255654007732,0.14775307139649402,0.1477538628914729,0.14775326284262172,0.14775138173620733,0.14775075137567673,0.147751900029823,0.1477520039450469
0.14776383337944335,0.14776334013360076,0.14776116444212767,0.14776056671298654,0.14776077439073682,0.14776133935386737,0.14775810693387123,0.14775872728677347,0.1477588457922489,0.1477583507613917,0.14775609382531324,0.14775557363223596,0.14775603913714422,0.1477563912480941,0.14775303635821363,0.14775355107171578,0.14775431881807397,0.14775371892761488,0.14775177386225974,0.1477511436439345,0.14775235367671802,0.1477524590087169
0.14776470520544238,0.14776421221009473,0.14776204700916817,0.14776144958682053,0.14776164758290397,0.14776221225920216,0.14775897485424327,0.14775959489460397,0.14775971977679814,0.14775922499719557,0.1477569912112175,0.14775647128877967,0.14775691435990496,0.1477572662921911,0.14775388975347928,0.14775440421279123,0.14775519472801113,0.1477545951418554,0.14775271548485247,0.14775208560929107,0.14775322777379396,0.1477533345024047
0.14776507263937416,0.14776457974960044,0.14776240562790088,0.14776180833021693,0.14776201548545972,0.1477625800409043,0.14775934995260243,0.14775996985788606,0.14776008790591266,0.14775959323214252,0.14775733792324613,0.14775681810537372,0.1477572829030596,0.1477576347601116,0.14775428228846477,0.14775479663085483,0.147755563452901,0.14775496399484805,0.147753020330553,0.14775239056582876,0.14775342041118092,0.14775352858386684
0.14776513257661505,0.147764639704063,0.1477624750421585,0.14776187776860467,0.14776207535000632,0.14776263988578564,0.14775940328615,0.14776002317222747,0.14776014765794,0.14775965300134797,0.14775741977043688,0.1477568999772491,0.14775734257259854,0.14775769441746964,0.14775431871713637,0.14775483304867557,0.1477556230019343,0.14775502356457015,0.14775314437340809,0.14775251465255554,0.14775342990574655,0.14775353948915437
0.14776536936563872,0.14776487656112353,0.14776270281529702,0.147762105620923,0.14776231238031837,0.14776287683823394,0.14775964730773386,0.14776026710593543,0.14776038477340664,0.14775989018498306,0.1477576352649954,0.14775711553679988,0.14775757989380864,0.1477579316902326,0.14775457979603415,0.14775509404980675,0.14775586037913852,0.14775526102424502,0.14775331769381048,0.14775268803538627,0.14775361710421375,0.14775372809229495
0.14776542478650279,0.14776493199791182,0.14776276770456176,0.14776217053274496,0.14776236771941598,0.1477629321591528,0.14775969610994466,0.14776031589057181,0.1477604399938809,0.1477599454213328,0.1477577125696576,0.14775719286477687,0.14775763502337336,0.1477579868085431,0.14775461168079262,0.14775512592506776,0.14775591538262922,0.1477553160468454,0.14775343717368766,0.14775280755832515,0.1477536258761316,0.14775373828375704
0.14776542530662756,0.1477649325181861,0.14776275884322204,0.1477621616683248,0.14776236796382758,0.14776293240348407,0.14775970297741403,0.147760322755568,0.1477604399616185,0.1477599453890611,0.14775769054137303,0.14775717082984874,0.14775763471364897,0.1477579864988819,0.14775463471127187,0.14775514894868685,0.1477559147949193,0.14775531545893134,0.14775337218966117,0.14775274255061632,0.14775362101874934,0.1477537356078554
0.14776557199430063,0.1477650792480074,0.14776291514032658,0.14776231801976272,0.14776251463600765,0.14776307902748237,0.14775984325486774,0.14776046298250534,0.14776058652120733,0.14776009199078474,0.14775785932919466,0.14775733966857638,0.14775778123474242,0.14775813299006402,0.1477547581485797,0.14775527234922656,0.14775606118461015,0.14775546189948197,0.14775358318502907,0.14775295362287685,0.14775376333674273,0.14775388009560303
0.14776571062930804,0.14776521792284933,0.14776304460931744,0.1477624475337607,0.1477626532416641,0.14776321758760666,0.14775998869751827,0.1477606083727791,0.14776072500571663,0.1477602305151075,0.14775797604084365,0.1477574564154256,0.14775791966805932,0.1477582713951207,0.1477549201615625,0.14775543431395052,0.1477561994789355,0.14775560024185477,0.14775365729308843,0.14775302775794324,0.14775389755382146,0.14775401647964775
0.14776631674045004,0.14776582420815018,0.1477636610398116,0.14776306417854723,0.14776326015164862,0.14776382429821822,0.14776058992917285,0.14776120938791593,0.14776133231527333,0.14776083799926412,0.14775860630518378,0.14775808686985523,0.1477585276865857,0.14775887928952236,0.1477555059095301,0.14775601988743908,0.14775680782320358,0.14775620879748189,0.14775433089575224,0.14775370160609075,0.14775450239215393,0.1477546234805081
0.1477667583978646,0.14776626599247167,0.14776409400622553,0.14776349729547741,0.14776370199365674,0.1477642659950767,0.147761039075432,0.1477616583724241,0.14776177405004354,0.1477612798610342,0.14775902676110755,0.14775850745259173,0.14775896953805304,0.14775932105078582,0.1477559718585877,0.14775648569770042,0.14775724951183722,0.14775665063957538,0.14775470887295555,0.14775407972089544,0.14775493537655193,0.14775506118074144
0.14776666099737049,0.1477661685639901,0.14776400582986812,0.14776340908846636,0.14776360381329146,0.1477641678469649,0.1477609341249368,0.14776155345972486,0.14776167515250327,0.14776118093506035,0.14775894968574638,0.14775843035398384,0.14775886987116602,0.1477592214042458,0.14775584869423497,0.14775636257003583,0.14775714913669283,0.14775655022955653,0.1477546726992947,0.14775404353389682,0.14775482548668595,0.1477549560854718
0.08,0.08,0.08,0.08,0.08,0.08,0.08,0.08,0.08,0.08,0.08,0.08,0.08,0.08,0.08,0.08,0.08,0.08,0.08,0.08,0.08,0.08
0.08,0.08,0.08,0.08,0.08,0.08,0.08,0.08,0.08,0.08,0.08,0.08,0.08,0.08,0.08,0.08,0.08,0.08,0.08,0.08,0.08,0.08
0.08,0.08,0.08,0.08,0.08,0.08,0.08,0.08,0.08,0.08,0.08,0.08,0.08,0.08,0.08,0.08,0.08,0.08,0.08,0.08,0.08,0.08
0.08,0.08,0.08,0.08,0.08,0.08,0.08,0.08,0.08,0.08,0.08,0.08,0.08,0.08,0.08,0.08,0.08,0.08,0.08,0.08,0.08,0.08
0.08,0.08,0.08,0.08,0.08,0.08,0.08,0.08,0.08,0.08,0.08,0.08,0.08,0.08,0.08,0.08,0.08,0.08,0.08,0.08,0.08,0.08
0.08,0.08,0.08,0.08,0.08,0.08,0.08,0.08,0.08,0.08,0.08,0.08,0.08,0.08,0.08,0.08,0.08,0.08,0.08,0.08,0.08,0.08
0.08,0.08,0.08,0.08,0.08,0.08,0.08,0.08,0.08,0.08,0.08,0.08,0.08,0.08,0.08,0.08,0.08,0.08,0.08,0.08,0.08,0.08
0.08,0.08,0.08,0.08,0.08,0.08,0.08,0.08,0.08,0.08,0.08,0.08,0.08,0.08,0.08,0.08,0.08,0.08,0.08,0.08,0.08,0.08
0.14776674526082523,0.1477662528516573,0.14776408084876924,0.14776348413344714,0.14776368756972535,0.14776425157588374,0.14776101801154637,0.1477616373161243,0.14776175834501826,0.14776126415149343,0.14775903301010673,0.14775851370347565,0.1477589525404386,0.14775930405664142,0.1477559315084943,0.14775644535962645,0.147757231228963,0.14775663235022848,0.14775475490936252,0.14775412577339658,0.14775489752177834,0.14775503330031817
0.14776663804733442,0.1477661456073594,0.14776398284429,0.1477633860948975,0.14776357963743686,0.14776414367905222,0.14776091652951567,0.1477615358706404,0.1477616497632635,0.1477611555385211,0.147758902275766,0.14775838292970422,0.14775884325229718,0.14775919479081112,0.14775584535306027,0.14775635922985642,0.1477571213018029,0.14775652238487524,0.1477545804739122,0.14775395127437482,0.1477547792709239,0.14775491922439338
0.1477670245320199,0.14776653220309932,0.14776436992751382,0.14776377331268803,0.1477639662173308,0.14776453013194948,0.14776130370875054,0.14776192291043933,0.14776203618283512,0.1477615420691903,0.14775928931268742,0.14775877008336008,0.14775922970726446,0.14775958116688326,0.1477562324805673,0.14775674624204524,0.14775750754749284,0.1477569087647631,0.14775496728866222,0.14775433823009673,0.14775515685165574,0.14775530145487414
0.14776741720288072,0.14776692498679372,0.14776476320650117,0.14776416672839782,0.1477643589928537,0.14776492277843883,0.14776169709322792,0.14776231615324414,0.14776242880341345,0.14776193480265012,0.14775968256052915,0.1477591634498109,0.1477596223717808,0.14775997375123545,0.14775662582843746,0.14775713947274294,0.14775790000736022,0.14775730136098914,0.14775536032675204,0.14775473141142834,0.14775554062502805,0.14775568988977666
0.14776679212837068,0.14776629973266991,0.14776413716394662,0.14776354046820217,0.1477637299333842,0.14776429392562573,0.14776106705847636,0.1477616863453908,0.14776179844100848,0.1477613042590116,0.14775905119103966,0.14775853188989208,0.14775899038284818,0.1477593418913255,0.14775599273965878,0.14775650657255146,0.14775726678789625,0.14775666792151632,0.14775472617435104,0.14775409702791287,0.1477548972838795,0.1477550513116676,0.14776290041291568
0.14776586571614436,0.14776537305424764,0.14776320931703343,0.14776261229873433,0.14776280113369353,0.14776336543105317,0.14776013681882744,0.14776075644074665,0.14776086799961563,0.14776037355011656,0.147758119263184,0.14775759968096186,0.1477580578229049,0.14775840952176272,0.14775505855682797,0.14775557266799189,0.14775633269445979,0.1477557335035417,0.147753790704727,0.14775316121736892,0.14775395261180363,0.1477541114485761,0.14776196794840996,0.14776466397091598
0.14776595571517254,0.14776546307913602,0.14776329945543645,0.14776270246847262,0.1477628905538212,0.14776345482180608,0.14776022637758512,0.14776084596725217,0.14776095691893912,0.14776046249500402,0.14775820832456227,0.14775768876920115,0.1477581462851782,0.14775849796597673,0.14775514717304566,0.1477556612578133,0.14775642064244998,0.14775582148208777,0.1477538787822883,0.14775324932702855,0.14775403135333331,0.14775419492134756,0.14776205414373245,0.14776475670186934
0.14776590082924565,0.14776540817743827,0.147763244484512,0.14776264747843834,0.14776283482920194,0.14776339911549255,0.14776017056657487,0.14776079017634067,0.14776090052917135,0.14776040608902435,0.14775815184470797,0.14775763227231248,0.1477580891998002,0.14775844089225249,0.14775508998832615,0.14775560409012756,0.14775636289578192,0.1477557637153567,0.14775382095054385,0.14775319147420826,0.14775396417135722,0.14775413249509234,0.14776199512354835,0.14776470449693593
0.14776570704832975,0.14776521434084205,0.14776305040350246,0.14776245332996013,0.1477626399612215,0.14776320431152673,0.14775997539648683,0.14776059507653766,0.14776070483837878,0.14776021034197173,0.14775795584128754,0.14775743620977716,0.14775789258458688,0.1477582443171771,0.14775489303095893,0.1477554071914284,0.14775616547823456,0.14775556622922054,0.14775362324214866,0.14775299369376194,0.14775375709699595,0.14775393020084776,0.14776179691080438,0.1477645133131733
0.14776488484039613,0.14776439189666243,0.1477622269222994,0.14776162956249322,0.14776181328350563,0.1477623779053725,0.14775914743717955,0.14775976741539137,0.14775987662641094,0.14775938189190044,0.14775712630622118,0.14775660642452654,0.1477570624137211,0.1477574143157837,0.14775406141543618,0.1477545758236165,0.14775533386908124,0.14775473433114525,0.1477527904078379,0.14775216055594542,0.14775291491498932,0.1477530928750438,0.14776096434280284,0.14776369326231736,0.14776100762531635
0.1477648793746396,0.1477643864293354,0.14776222144807874,0.14776162408636978,0.14776180666422337,0.14776237128826458,0.1477591408076357,0.14775976078823488,0.14775986939228541,0.14775937465569527,0.14775711906053912,0.14775659917665934,0.14775705455938076,0.14775740646304686,0.14775405354742788,0.14775456795795172,0.14775532539786307,0.14775472585698407,0.14775278192413963,0.14775215206915557,0.1477528969817527,0.14775307973384852,0.147760951618502,0.14776369051929558,0.14776099744080645
0.1477637536138123,0.14776326034505155,0.14776109394395553,0.1477604961903084,0.1477606777408101,0.14776124273568836,0.14775801013411616,0.14775863052187593,0.14775873859269895,0.14775824353102432,0.14775598645451588,0.1477554662290576,0.14775592130445137,0.14775627343945463,0.14775291832047932,0.1477534330691393,0.14775419039882162,0.14775359046362785,0.14775164525302809,0.14775101498382523,0.147751750934828,0.14775193859574032,0.14775981587568643,0.1477625640755969,0.14775986440189676,0.1477624609070123
0.14776367740882268,0.14776318411816702,0.14776101762096078,0.1477604198407832,0.14776060024267418,0.14776116526300914,0.14775793251584138,0.14775855293155118,0.147758660400775,0.1477581653166221,0.147755908137684,0.14775538788860682,0.1477558423771321,0.14775619452824695,0.14775283925581806,0.14775335402802775,0.14775411078415052,0.1477535108212979,0.14775156552107147,0.14775093522281385,0.14775166175716803,0.1477518542122766,0.1477597319434345,0.14776249271748249,0.14775978326033,0.14776238170238043
0.14776320204797297,0.14776270862073915,0.14776054152401194,0.14775994357834024,0.1477601228779508,0.14776068805508974,0.1477574544111071,0.1477580749989798,0.14775818189340487,0.14775768667169337,0.1477554288659265,0.14775490847231143,0.1477553624810759,0.14775571473015164,0.14775235852469998,0.14775287344009508,0.1477536297996603,0.1477530296697116,0.14775108382801944,0.14775045335423104,0.14775117064891213,0.14775136793584054,0.14775924791733175,0.14776202205246486,0.14775930209272237,0.14776190301411826
0.14776317891818602,0.14776268548430668,0.14776050896385096,0.1477599110068613,0.1477600985495579,0.147760663734688,0.14775743004500083,0.1477580506416476,0.1477581569234918,0.14775766169460225,0.1477554038561258,0.1477548834549683,0.14775533685519376,0.14775568910950054,0.14775233285422698,0.14775284777726796,0.14775360353230435,0.14775300339323028,0.14775105752196815,0.14775042703859373,0.14775113476416174,0.1477513368994644,0.14775921717190482,0.14776200402878475,0.14775927422121898,0.1477618768797516
0.14776269609493553,0.14776220252233616,0.14776002539031688,0.14775942726523678,0.14775961367381257,0.14776017901821142,0.1477569444176129,0.1477575651891287,0.14775767088704692,0.1477571755184368,0.14775491704327876,0.1477543964953117,0.14775484940814176,0.14775520176194945,0.14775184455898824,0.1477523596274654,0.1477531149796156,0.14775251467081885,0.14775056824958,0.14774993758791582,0.14775063591429355,0.14775084295888402,0.14775872524781863,0.1477615259968218,0.14775878539431214,0.14776139073547812
0.08,0.08,0.08,0.08,0.08,0.08,0.08,0.08,0.08,0.08,0.08,0.08,0.08,0.08,0.08,0.08,0.08,0.08,0.08,0.08,0.08,0.08,0.08,0.08,0.08,0.08
0.08,0.08,0.08,0.08,0.08,0.08,0.08,0.08,0.08,0.08,0.08,0.08,0.08,0.08,0.08,0.08,0.08,0.08,0.08,0.08,0.08,0.08,0.08,0.08,0.08,0.08
0.08,0.08,0.08,0.08,0.08,0.08,0.08,0.08,0.08,0.08,0.08,0.08,0.08,0.08,0.08,0.08,0.08,0.08,0.08,0.08,0.08,0.08,0.08,0.08,0.08,0.08
0.08,0.08,0.08,0.08,0.08,0.08,0.08,0.08,0.08,0.08,0.08,0.08,0.08,0.08,0.08,0.08,0.08,0.08,0.08,0.08,0.08,0.08,0.08,0.08,0.08,0.08
0.08,0.08,0.08,0.08,0.08,0.08,0.08,0.08,0.08,0.08,0.08,0.08,0.08,0.08,0.08,0.08,0.08,0.08,0.08,0.08,0.08,0.08,0.08,0.08,0.08,0.08
0.08,0.08,0.08,0.08,0.08,0.08,0.08,0.08,0.08,0.08,0.08,0.08,0.08,0.08,0.08,0.08,0.08,0.08,0.08,0.08,0.08,0.08,0.08,0.08,0.08,0.08
0.08,0.08,0.08,0.08,0.08,0.08,0.08,0.08,0.08,0.08,0.08,0.08,0.08,0.08,0.08,0.08,0.08,0.08,0.08,0.08,0.08,0.08,0.08,0.08,0.08,0.08
0.08,0.08,0.08,0.08,0.08,0.08,0.08,0.08,0.08,0.08,0.08,0.08,0.08,0.08,0.08,0.08,0.08,0.08,0.08,0.08,0.08,0.08,0.08,0.08,0.08,0.08
0.14776264321773624,0.14776214962994477,0.14775998182843697,0.1477593836882149,0.14775955941933833,0.1477601247815582,0.14775688344553428,0.1477575042390053,0.14775761591592435,0.14775712053151183,0.14775488401642045,0.1477543634584933,0.14775479369049493,0.1477551460556759,0.1477517653651678,0.14775228045723224,0.14775305854872833,0.14775245822023453,0.14775057623762872,0.14774994557870388,0.14775056916322352,0.14775078138722425,0.14775866349776656,0.1477614787052311,0.14775872705291687,0.14776133459442423
0.14776277802287308,0.1477622844738123,0.14776010744556556,0.14775950934900772,0.14775969338291883,0.14776025870113552,0.14775702425028148,0.14775764499305064,0.1477577494609026,0.14775725411487983,0.14775499574264878,0.1477544752184152,0.14775492688348443,0.14775527922147735,0.14775192216914168,0.1477524372145032,0.14775319130445785,0.14775259102208282,0.1477506446868403,0.14775001405285812,0.14775069320921408,0.1477509099102628,0.14775879137864145,0.1477616184034033,0.14775885776515613,0.1477614667802642
0.14776242235695886,0.14776192870571267,0.1477597606256655,0.14775916240855416,0.14775933587641668,0.1477599013120634,0.14775665955522482,0.14775728042931519,0.14775739092583817,0.14775689547674875,0.1477546586698123,0.14775413804392762,0.14775456713504148,0.1477549195464677,0.14775153841243074,0.14775205357209092,0.14775283056724295,0.14775223015954964,0.14775034792881137,0.14774971718669233,0.14775032216293654,0.14775054384808076,0.147758426744994,0.14776126798364803,0.14775849635776792,0.14776110774433582
0.14776205069313794,0.1477615569351114,0.14775937898561436,0.1477587806358477,0.1477589623369946,0.1477595278953362,0.14775629207112728,0.14775691307754152,0.14775701633436433,0.1477565207775937,0.14775426144502252,0.1477537406993482,0.1477541912984673,0.14775454378660996,0.14775118530418385,0.14775170056901316,0.14775245372029636,0.14775185318168982,0.14774990601614368,0.1477492751129959,0.14774993489090682,0.14775016160612442,0.14775804603505635,0.14776090159280858,0.14775811890668678,0.14776073269217768
0.14776172330258985,0.14776122945050363,0.1477590604888533,0.14775846202838055,0.1477586331444436,0.14775919881091254,0.14775595573121636,0.14775657685873872,0.14775668613466192,0.14775619048297214,0.14775395276183328,0.14775343192307128,0.1477538599212408,0.14775421247702408,0.14775082995849298,0.1477513453291565,0.14775212137227395,0.14775152071821396,0.14774963771560753,0.1477490067146948,0.14774959209668753,0.1477498238766476,0.1477577096655529,0.14776057953541333,0.1477577858214936,0.14776040194226317
0.14776148146784263,0.1477609875462778,0.14775880887580362,0.14775821032787378,0.1477583896559684,0.1477589554024134,0.14775571850237856,0.14775633971532082,0.14775644173108887,0.14775594600914355,0.1477536859239017,0.1477531650046718,0.14775361447597962,0.1477539670818625,0.147750607478028,0.14775112291495324,0.1477518750380118,0.14775127429837898,0.14774932648141986,0.14774869536709875,0.147749335362095,0.1477495722327315,0.14775745901933035,0.14776034311655545,0.14775753847962114,0.14776015680921012
0.14776098383785413,0.1477604897733228,0.1477583198791279,0.14775772116123156,0.14775788990825567,0.1477584558188456,0.1477552113400766,0.1477558327356324,0.14775594077481308,0.1477554449088659,0.14775320622092405,0.14775268515703632,0.1477531120535473,0.1477534647619823,0.14775008077940371,0.1477505963731947,0.14775137146369915,0.1477507705491346,0.14774888673036773,0.14774825545581094,0.14774882093392627,0.14774906296586518,0.1477569519504504,0.14775985075567255,0.14775703474825516,0.1477596556788829
0.14776075336988684,0.147760259239144,0.14775807964648435,0.1477574808450886,0.1477576577980228,0.1477582237848497,0.14775498550999117,0.14775560698686052,0.14775570775451852,0.1477552118215895,0.14775295077493472,0.14775242963401647,0.14775287800239317,0.14775323075860103,0.14774986972300808,0.14775038537965704,0.14775113652718075,0.1477505355310051,0.14774858688273423,0.14774795549892059,0.1477485754765513,0.14774882266117728,0.14775671264048634,0.14775962575383378,0.1477567987825679,0.1477594219111497
0.14776025109197358,0.1477597568169323,0.14775758599868732,0.1477569870257125,0.14775715338890638,0.14775771954140537,0.14775447367623987,0.14775509533740067,0.14775520212556403,0.14775470604729327,0.14775246640127568,0.14775194511429446,0.1477523708936093,0.1477527237533235,0.1477493383198626,0.14774985413477493,0.14775062825576704,0.14775002708303203,0.1477481424554163,0.14774751090966665,0.14774805623456788,0.1477483086309609,0.14775620088660038,0.14775912878094594,0.14775629039159197,0.14775891611799208
0.14775991043911021,0.14775941606620446,0.14775723540594288,0.14775663631111277,0.14775681089509055,0.14775737716007936,0.14775413729432013,0.1477547590765974,0.14775485859264453,0.14775436241562764,0.14775210025670976,0.14775157885931914,0.14775202614434652,0.14775237907442657,0.14774901638280127,0.14774953229359197,0.14775028250525918,0.14774968121242166,0.14774773160283727,0.1477470999073873,0.14774769971362564,0.14774795731627582,0.1477558511474193,0.1477587935557238,0.14775594400821773,0.14775857206891468
0.1477596525700937,0.14775915812310703,0.1477569771362509,0.14775637795165497,0.1477565513267483,0.14775711767698985,0.14775387067854928,0.14775449255682227,0.14775459806972036,0.14775410181781848,0.1477518613883177,0.147751339918898,0.14775176453198272,0.14775211751545952,0.14774873089502116,0.14774924689083432,0.14775001996622217,0.14774941858218793,0.14774753329257267,0.14774690152486614,0.1477474263772659,0.14774768924731013,0.1477555843908236,0.1477585411674024,0.14775568060285715,0.14775831087055136
0.1477596017605388,0.14775910729895553,0.14775693566187098,0.14775633646286007,0.14775649917384076,0.14775706554121137,0.1477538250898971,0.14775444698458434,0.14775454519358794,0.1477540489264874,0.1477517863570761,0.14775126486503132,0.1477517109037732,0.14775206389819565,0.1477487005937464,0.14774921659858384,0.14774996561791087,0.14774936421499824,0.14774741424872223,0.14774678243764078,0.14774736148743112,0.14774762961904014,0.14775552499082986,0.14775849596088564,0.14775562462936742,0.1477582569005283
0.14775920206333715,0.1477587074869295,0.14775653534581545,0.14775593600766987,0.14775609750250107,0.14775666400179527,0.14775342279596684,0.14775404483549948,0.1477541424014741,0.14775364601859614,0.1477513829216089,0.14775086130791232,0.14775130678335605,0.14775165986026095,0.14774829577021542,0.1477488118956138,0.147749560421572,0.14774895887791037,0.14774700845554656,0.1477463764966117,0.1477469451735356,0.14774721864317564,0.14775511585361112,0.14775810163022102,0.14775521895270038,0.14775785377744916
0.14775900873900416,0.14775851410705915,0.1477563417221594,0.14775574231671829,0.14775590257220683,0.14775646913552262,0.1477532275635332,0.1477538496733583,0.14775394658194785,0.14775345014278457,0.14775118678931615,0.14775066511647855,0.14775110997275026,0.14775146308982445,0.14774809861718946,0.14774861480130175,0.14774936274188444,0.14774876112955743,0.1477468104846879,0.1477461784536217,0.14774673664622961,0.14774701544096064,0.1477549135517225,0.1477579139318645,0.14775502011322728,0.1477576571172597
0.14775874625207314,0.1477582515447225,0.1477560788288247,0.14775547933201333,0.14775563835297745,0.14775620500307102,0.14775296293477141,0.14775358513987408,0.14775368139376116,0.14775318487837413,0.14775092117756827,0.1477503994246397,0.1477508436783338,0.14775119684975868,0.1477478318594653,0.14774834812301968,0.14774909550692777,0.14774849380177568,0.1477465428561126,0.1477459107275358,0.14774645842724457,0.14774674257214743,0.14775464190423018,0.14775765703826893,0.147754751943095,0.14775739123275364
0.1477582253735994,0.147757730516616,0.14775555714389466,0.14775495746577066,0.14775511527433,0.14775568209621667,0.14775243904537588,0.14775306143909894,0.14775315705256137,0.14775266038646367,0.14775039599889808,0.14774987408761198,0.1477503178049785,0.14775067108373288,0.14774730507118977,0.14774782149162302,0.14774856843034495,0.1477479665421129,0.14774601500319207,0.14774538268229398,0.14774591994922726,0.1477462094966474,0.1477541112145552,0.14775714160051057,0.14775422476522074,0.14775686674567973
0.08,0.08,0.08,0.08,0.08,0.08,0.08,0.08,0.08,0.08,0.08,0.08,0.08,0.08,0.08,0.08,0.08,0.08,0.08,0.08,0.08,0.08,0.08,0.08,0.08,0.08
0.08,0.08,0.08,0.08,0.08,0.08,0.08,0.08,0.08,0.08,0.08,0.08,0.08,0.08,0.08,0.08,0.08,0.08,0.08,0.08,0.08,0.08,0.08,0.08,0.08,0.08
0.08,0.08,0.08,0.08,0.08,0.08,0.08,0.08,0.08,0.08,0.08,0.08,0.08,0.08,0.08,0.08,0.08,0.08,0.08,0.08,0.08,0.08,0.08,0.08,0.08,0.08
0.08,0.08,0.08,0.08,0.08,0.08,0.08,0.08,0.08,0.08,0.08,0.08,0.08,0.08,0.08,0.08,0.08,0.08,0.08,0.08,0.08,0.08,0.08,0.08,0.08,0.08
0.08,0.08,0.08,0.08,0.08,0.08,0.08,0.08,0.08,0.08,0.08,0.08,0.08,0.08,0.08,0.08,0.08,0.08,0.08,0.08,0.08,0.08,0.08,0.08,0.08,0.08
0.08,0.08,0.08,0.08,0.08,0.08,0.08,0.08,0.08,0.08,0.08,0.08,0.08,0.08,0.08,0.08,0.08,0.08,0.08,0.08,0.08,0.08,0.08,0.08,0.08,0.08
0.08,0.08,0.08,0.08,0.08,0.08,0.08,0.08,0.08,0.08,0.08,0.08,0.08,0.08,0.08,0.08,0.08,0.08,0.08,0.08,0.08,0.08,0.08,0.08,0.08,0.08
0.08,0.08,0.08,0.08,0.08,0.08,0.08,0.08,0.08,0.08,0.08,0.08,0.08,0.08,0.08,0.08,0.08,0.08,0.08,0.08,0.08,0.08,0.08,0.08,0.08,0.08
0.14775791539799416,0.14775742045196524,0.1477552466883722,0.14775464690235018,0.14775480338435937,0.1477553703086779,0.14775212667199653,0.14775274917818437,0.1477528440973751,0.14775234734132614,0.1477500825438702,0.14774956053806912,0.1477500036227979,0.14775035696567526,0.14774699034239885,0.14774750685655783,0.1477482532168426,0.1477476512190455,0.1477456993253982,0.1477450668893382,0.14774559298937734,0.14774588823799797,0.14775379118049395,0.14775683770540354,0.14775390853952491,0.1477565530396433
0.14775742838136768,0.14775693329543702,0.1477547589177356,0.14775415896219224,0.1477543143356701,0.1477548814206013,0.14775163686532353,0.14775225954785595,0.14775235387764174,0.14775185698069315,0.1477495915411849,0.14774906938733523,0.1477495119799922,0.14774986542320995,0.14774649784424987,0.14774701450507233,0.14774776045849725,0.14774715828954516,0.14774520584128178,0.14774457322542747,0.14774508970053518,0.14774538993345468,0.14775329518805064,0.14775635551118405,0.14775341575385473,0.14775606279451733
0.14775713760544668,0.14775664243598793,0.14775446769163425,0.14775386763487858,0.14775402176742114,0.147754588948436,0.14775134384362482,0.14775196663165213,0.14775206031223528,0.1477515633309106,0.14774929750691745,0.1477487752644107,0.14774921726568147,0.14774957076904743,0.14774620261721144,0.1477467193659499,0.14774746477884376,0.14774686250719132,0.1477449097261349,0.1477442770023963,0.14774478301223967,0.14774508858897598,0.14775299497489747,0.14775607033564875,0.14775311912118227,0.14775576857522843
0.14775672538599105,0.14775623009811967,0.14775405483398635,0.14775345463374812,0.14775360753857403,0.14775417485562622,0.14775092897277353,0.14775155191016298,0.1477516449540265,0.14775114785332172,0.1477488814853367,0.14774835911739298,0.14774880056419315,0.14774915415260265,0.14774578519077786,0.1477463020638208,0.14774704699435925,0.14774644457759678,0.14774449132632084,0.14774385845014726,0.147744354106655,0.147744665011931,0.14775257297417763,0.1477556636443595,0.14775270073639535,0.14775535281082566
0.14775629760024755,0.14775580218949397,0.14775362638595985,0.14775302603682294,0.14775317771929425,0.14775374517750195,0.14775049848733574,0.1477511215797067,0.14775121399544383,0.14775071677087678,0.14774844983847601,0.1477479273403856,0.14774836824444787,0.14774872192108707,0.1477453521189253,0.14774586912093013,0.14774661358357313,0.1477460110162749,0.14774405727719886,0.14774342424289105,0.14774390965962841,0.14774422584419797,0.147752135317461,0.1477552413815777,0.14775226672395844,0.14775492146148028
0.14775620688516589,0.14775571144835412,0.14775352609774872,0.14775292571375886,0.14775308558751954,0.14775365307598365,0.1477503995543245,0.1477510226823127,0.1477511211178552,0.1477506238665944,0.1477483789276509,0.14774785640818028,0.14774827457184897,0.14774862826760526,0.14774523481586954,0.1477457518528049,0.1477465191731515,0.1477459165730621,0.1477440274738562,0.14774339442869056,0.14774380489786415,0.14774412622546762,0.1477520355148138,0.14775515639893305,0.14775217055779882,0.14775482744587665
0.14775569608721198,0.14775520050367505,0.14775302394169776,0.1477524233831965,0.14775257262707808,0.14775314028399872,0.14774989245732856,0.14775051576787634,0.14775060694935288,0.14775010955031698,0.14774784182289652,0.14774731914148514,0.14774775893100323,0.147748112731992,0.14774474174547514,0.1477452589292364,0.1477460023825496,0.14774539960296756,0.14774344517600174,0.14774281191869487,0.14774327731512432,0.14774360375947826,0.14775151459170144,0.14775465108049757,0.1477516533212426,0.1477543130054239
0.14775533167910737,0.14775483599089667,0.14775264953197276,0.14775204884335685,0.14775220633932107,0.14775277411652932,0.1477495256018963,0.1477501490445136,0.14775023964024186,0.14774974213564074,0.14774747392717996,0.1477469511348472,0.1477473904113093,0.14774774428750503,0.14774437258468784,0.1477448898783758,0.14774563288238837,0.14774502997447275,0.14774307513165114,0.14774244173953283,0.14774289756149847,0.14774322894816022,0.147751140398234,0.1477542922791578,0.14775128281796673,0.14775394504577283
0.14775495456014937,0.14775445876361495,0.14775227182713502,0.14775167100726094,0.14775182733469674,0.14775239523636724,0.14774914600989458,0.14774976958916508,0.14774985962781176,0.14774936201399547,0.14774709330786356,0.1477465704007745,0.14774700919543907,0.1477473631494316,0.14774399070564512,0.14774450811304551,0.14774525070124805,0.14774464766059608,0.14774269238765203,0.14774205885609717,0.14774250553478288,0.1477428416605277,0.14775075334665924,0.14775392078715494,0.14775089950824427,0.1477535643444049
0.14775387820067068,0.1477533820949698,0.14775119379549934,0.14775059260100123,0.14775074550185416,0.1477513137587824,0.14774806250047862,0.14774868646980382,0.14774877366664718,0.1477482757407345,0.1477460056124421,0.1477454823774218,0.14774591854341593,0.14774627271997914,0.14774289815634167,0.14774341588906387,0.14774415603642338,0.14774355261558902,0.1477415961106929,0.1477409621797655,0.14774139811207304,0.1477417388316341,0.1477496629807009,0.14775284966447313,0.14774981296405382,0.14775248381810663,0.1477390305154691
0.14775352482750692,0.1477530286203077,0.1477508493207273,0.1477502480065242,0.14775039031259374,0.147750958686158,0.14774770009194446,0.14774832419173073,0.14774841753006485,0.14774791950180363,0.14774567105678024,0.14774514772089642,0.1477455612761757,0.14774591552564517,0.14774251676338862,0.14774303460967336,0.14774379786170272,0.14774319431647534,0.1477413022561635,0.1477406682181875,0.1477410314360002,0.14774137622585856,0.14774929965948666,0.1477525019849319,0.14774945342613605,0.14775212683893768,0.14773866022436039
0.14775342332845554,0.1477529270921033,0.14775073821664353,0.14775013686383207,0.14775028750541275,0.14775085591273623,0.14774760379427296,0.14774822792872455,0.14774831411803713,0.14774781606005716,0.1477455453299607,0.14774502195617234,0.14774545720513355,0.1477458114758403,0.14774243601554288,0.14774295388587066,0.14774369319579075,0.14774308961421367,0.14774113258844296,0.14774049848865906,0.14774091967327696,0.1477412679817415,0.1477491888271379,0.14775240642158444,0.14774934637838066,0.1477520218679001,0.1477385616354211
0.14775342627639404,0.14775293004088855,0.14775075061705556,0.14775014926855332,0.14775028939574703,0.14775085780244987,0.14774759901831747,0.14774822315448843,0.14774831558710833,0.14774781752955038,0.14774556895233093,0.14774504558566437,0.147745458252521,0.14774581252301394,0.14774241355912682,0.14774293143614106,0.1477436938196966,0.14774309023833604,0.14774119806481947,0.1477405639888877,0.14774091454673796,0.1477412657561015,0.14774918271174614,0.14775241540026968,0.14774934405906537,0.14775202140359028,0.1477385507457195
0.14775231559299537,0.14775181903847995,0.1477496287603672,0.14774902702203013,0.14774917323129433,0.147749742004511,0.14774648779339078,0.14774711232957433,0.14774719532454758,0.14774669694505102,0.14774442474987054,0.14774390103825302,0.14774433331199854,0.14774468781204808,0.1477413101673991,0.14774182837294744,0.14774256490097498,0.14774196092755493,0.1477400026320484,0.14773936812064287,0.14773977682609546,0.14774013053316876,0.1477480577737037,0.1477513101344882,0.14774822304503887,0.14775090637457422,0.14773741831240472,0.14773747424885342
0.14775188664338804,0.14775138996567294,0.14774920860073537,0.1477486067164004,0.14774874225161713,0.1477493111663506,0.14774604947067127,0.14774667416463572,0.14774676324824634,0.1477462647445836,0.14774401415439553,0.14774349031899586,0.14774389991679712,0.14774425450528372,0.1477408524916047,0.14774137083342245,0.14774213045773152,0.14774152633343834,0.14773963245892294,0.1477389978126735,0.147739338000269,0.14773969347920607,0.1477476184043067,0.14775088704015724,0.14774778755968204,0.14775047360497237,0.1477369665893034,0.14773702655611465
0.14775147626166224,0.14775097946608168,0.14774878812521192,0.147748186094771,0.14774832989009792,0.14774889894023308,0.14774564314532945,0.14774626798555524,0.14774634983091756,0.1477458512084524,0.1477435779061143,0.14774305393920084,0.1477434852309467,0.14774383990405132,0.14774046061115925,0.14774097906965464,0.14774171476252312,0.14774111049386968,0.1477391512416832,0.14773851642014185,0.1477389189002385,0.14773927564112296,0.14774719761957994,0.14775048255673634,0.14774737067682103,0.14775005939323083,0.14773655066379815,0.14773661509316036
0.08,0.08,0.08,0.08,0.08,0.08,0.08,0.08,0.08,0.08,0.08,0.08,0.08,0.08,0.08,0.08,0.08,0.08,0.08,0.08,0.08,0.08,0.08,0.08,0.08,0.08,0.08,0.08
0.08,0.08,0.08,0.08,0.08,0.08,0.08,0.08,0.08,0.08,0.08,0.08,0.08,0.08,0.08,0.08,0.08,0.08,0.08,0.08,0.08,0.08,0.08,0.08,0.08,0.08,0.08,0.08
0.08,0.08,0.08,0.08,0.08,0.08,0.08,0.08,0.08,0.08,0.08,0.08,0.08,0.08,0.08,0.08,0.08,0.08,0.08,0.08,0.08,0.08,0.08,0.08,0.08,0.08,0.08,0.08
0.08,0.08,0.08,0.08,0.08,0.08,0.08,0.08,0.08,0.08,0.08,0.08,0.08,0.08,0.08,0.08,0.08,0.08,0.08,0.08,0.08,0.08,0.08,0.08,0.08,0.08,0.08,0.08
0.08,0.08,0.08,0.08,0.08,0.08,0.08,0.08,0.08,0.08,0.08,0.08,0.08,0.08,0.08,0.08,0.08,0.08,0.08,0.08,0.08,0.08,0.08,0.08,0.08,0.08,0.08,0.08
0.08,0.08,0.08,0.08,0.08,0.08,0.08,0.08,0.08,0.08,0.08,0.08,0.08,0.08,0.08,0.08,0.08,0.08,0.08,0.08,0.08,0.08,0.08,0.08,0.08,0.08,0.08,0.08
0.08,0.08,0.08,0.08,0.08,0.08,0.08,0.08,0.08,0.08,0.08,0.08,0.08,0.08,0.08,0.08,0.08,0.08,0.08,0.08,0.08,0.08,0.08,0.08,0.08,0.08,0.08,0.08
0.08,0.08,0.08,0.08,0.08,0.08,0.08,0.08,0.08,0.08,0.08,0.08,0.08,0.08,0.08,0.08,0.08,0.08,0.08,0.08,0.08,0.08,0.08,0.08,0.08,0.08,0.08,0.08
0.14775141067918623,0.14775091386476996,0.14774873189977622,0.14774812984979832,0.14774826287704215,0.1477488319491813,0.14774556935140343,0.14774619421819193,0.1477462821300139,0.1477457834880938,0.1477435322740443,0.14774300829337444,0.14774341680593334,0.14774377149300016,0.147740368533864,0.14774088701977417,0.14774164565476017,0.14774104136202754,0.14773914696010954,0.1477385121368585,0.14773884749998203,0.14773920511453423,0.1477471217618981,0.14775042358905088,0.14774729898874406,0.14774998995746397,0.14773646360179532,0.14773653313659285
0.14775094752410922,0.14775045057667296,0.14774825856633297,0.14774765635188492,0.1477477977685484,0.14774836699340665,0.1477451101992076,0.14774573523127038,0.1477458159691355,0.14774531719325829,0.14774304319185388,0.1477425190637448,0.1477429493532108,0.14774330413566145,0.14773992380131556,0.1477404424196375,0.147741177202697,0.14774057274728553,0.14773861289024887,0.14773797787245666,0.14773837692040298,0.14773873509729046,0.14774664891521383,0.14774996570116739,0.14774682970690997,0.14774952326099441,0.14773599443821112,0.14773606869193864
0.14775043802142523,0.14774994092765975,0.1477477577364478,0.14774715534797794,0.14774728611831228,0.14774785551116904,0.14774459107534488,0.14774521629426607,0.1477453031673529,0.14774480424411796,0.1477425517606859,0.14774202748443177,0.14774243513650437,0.1477427900238794,0.14773938514364204,0.14773990392233768,0.14774066189282153,0.14774005725846168,0.14773816178623228,0.1477375266041226,0.14773785963156036,0.14773821823233668,0.14774612868738005,0.14774946211200657,0.14774631342627093,0.14774900978423766,0.14773545949365952,0.14773553912571785
0.14775002480653965,0.14774952759410054,0.14774733441547244,0.14774673187991472,0.14774687092693145,0.14774744045611288,0.1477441819213957,0.1477448072875895,0.14774488693085425,0.14774438788801209,0.14774211267010517,0.14774158826148626,0.14774201764078304,0.14774237261334566,0.14773899046830102,0.14773950936450103,0.14774024339883127,0.14773963861914588,0.14773767771132684,0.1477370423528925,0.1477374395272663,0.14773779841329593,0.14774570497144057,0.14774905488343393,0.1477458936498865,0.14774859265636736,0.14773503902588336,0.14773512422555654
0.14774977765283853,0.1477492803694187,0.14774709634570923,0.14774649372743223,0.14774662209780065,0.14774719170868206,0.14774393270669664,0.14774455816259302,0.14774463724614226,0.14774413813155302,0.14774186258670988,0.1477413381027038,0.1477417669714235,0.14774212199513304,0.14773873936294474,0.14773925833390428,0.14773999190088455,0.1477393870338653,0.1477374258430483,0.1477367903928718,0.14773718682658166,0.1477375458872464,0.14774544771590659,0.14774881382855315,0.14774564031928505,0.14774834170783735,0.1477347770434212,0.1477348679097995
0.14774926212114264,0.14774876468966763,0.14774658001606275,0.14774597721838495,0.1477461043958786,0.14774667417673937,0.1477434142025904,0.14774403984511514,0.14774411838336732,0.14774361911968426,0.1477413428954521,0.14774081825478758,0.1477412466813161,0.14774160181118537,0.14773821816789162,0.1477387372940201,0.14773947050900776,0.14773886546093487,0.14773690368342887,0.1477362680430599,0.14773666388591,0.1477370231291775,0.14774492129323086,0.14774830426876406,0.14774511790082234,0.1477478221376706,0.14773424427794773,0.14773434087875448
0.14774940218814137,0.1477489047968919,0.147746720299859,0.14774611755092298,0.14774624348349114,0.147746813218685,0.1477435535057193,0.14774417909810406,0.14774425706023442,0.14774375783639948,0.14774148179374727,0.14774095719495267,0.14774138501664125,0.14774174011828475,0.14773835674382318,0.14773887582869544,0.1477396084143015,0.14773900341411603,0.14773704179178543,0.14773640620172102,0.14773680135796602,0.14773716061863387,0.147745052075144,0.14774845068254588,0.14774525262422578,0.14774795869549584,0.14773437272655662,0.14773447506446696
0.14774928865164066,0.14774879122778484,0.14774660658762506,0.1477460037991794,0.1477461285049384,0.14774669827788334,0.1477434383490069,0.14774406398284068,0.14774414138101544,0.14774364212394056,0.14774136592982096,0.14774084129609993,0.14774126857610798,0.14774162370150984,0.14773824010076506,0.14773875922036378,0.14773949128413189,0.14773888624327303,0.1477369244891438,0.14773628885635298,0.14773668341657292,0.14773704272931845,0.14774492859262423,0.14774834335683407,0.1477451331198318,0.14774784142800454,0.1477342453287775,0.1477343534475007
0.14774890672562044,0.14774840919208104,0.1477462145978542,0.14774561167321204,0.1477457446476092,0.14774631454658593,0.14774304721016823,0.1477436729847851,0.1477437565166862,0.14774325714902298,0.14774100266019136,0.14774047791696593,0.14774088250672157,0.14774123771089576,0.14773782979232541,0.14773834903407854,0.14773910425085995,0.14773849907560535,0.14773660190876514,0.1477359661584785,0.1477362951578881,0.14773665456746404,0.14774453602074372,0.1477479675010625,0.14774474456505632,0.1477474555345803,0.14773383834575687,0.1477339522756319
0.147748594136976,0.14774809651366666,0.1477459109979958,0.14774530796786928,0.14774543025348674,0.1477460002556874,0.1477427390156278,0.14774336490117243,0.14774344119584892,0.14774294173758143,0.14774066462667035,0.14774013978154885,0.14774056609659858,0.1477409213653313,0.14773753639944937,0.1477380557285486,0.1477387869488517,0.14773818166341643,0.14773621911675935,0.147735583227047,0.14773597675579828,0.14773633624119814,0.1477442129374188,0.14774766109000764,0.1477444254965271,0.14774713898664849,0.14773351899723214,0.14773363873769013
0.1477481477248669,0.14774764997335732,0.14774545441819065,0.14774485122942915,0.14774498173442435,0.1477455518838838,0.1477422831119405,0.1477429091615754,0.14774299153426287,0.14774249194679095,0.147740236466113,0.14773971149192933,0.14774011506118367,0.147740470421942,0.1477370610016166,0.14773758047224483,0.14773833482144794,0.14773772937901697,0.14773583137512,0.1477351953441808,0.14773552325150968,0.14773588283869643,0.14774375568984388,0.14774722075620864,0.1477439722495664,0.14774668850953687,0.14773304560085504,0.1477331718091181
0.1477477026709019,0.147747204791584,0.14774500867296342,0.14774440532933375,0.14774453456345968,0.1477451048597333,0.14774183524639273,0.14774246145722242,0.14774254320913577,0.1477420434928452,0.14773978743089838,0.14773926232136197,0.1477396653512269,0.1477400208037392,0.14773661050342796,0.14773713010817052,0.14773788400763888,0.1477372784086704,0.14773537991434582,0.1477347437189738,0.14773507105566663,0.14773543074110407,0.14774329979461012,0.14774678178626793,0.14774352034758614,0.14774623937921347,0.14773258212424561,0.14773271494465834
0.14774715361277266,0.14774665557578143,0.14774445876204517,0.14774385522735944,0.14774398319341592,0.14774455367071132,0.14774128301992914,0.14774190942951218,0.147741990559774,0.14774149068469156,0.14773923390622662,0.14773870862984387,0.1477391111386101,0.1477394667041961,0.1477360553194271,0.14773657508944676,0.1477373285784151,0.14773672278658645,0.14773482368803562,0.14773418729007542,0.14773451407327726,0.14773487387658094,0.14774273963088289,0.14774623876396403,0.14774296418186905,0.14774568614299594,0.14773201359326643,0.14773215310342763
0.14774699952331405,0.14774650144207335,0.14774430443325992,0.14774370084495597,0.14774382750783632,0.14774439803624456,0.14774112709253184,0.14774175355823443,0.14774183404152416,0.14774133412147017,0.14773907714007894,0.14773855181644363,0.14773895370595694,0.14773930930366286,0.14773589761084074,0.1477364174278093,0.1477371703285676,0.14773656448179076,0.14773466521108913,0.14773402875540942,0.14773435490704412,0.14773471474514177,0.14774257544856687,0.1477460909223549,0.1477428039328521,0.14774552819715744,0.14773184333589973,0.1477319895699684
0.14774655974729684,0.147746061539768,0.14774386397420317,0.1477432602328732,0.14774338561218858,0.14774395628567388,0.14774068451052053,0.14774131113551064,0.14774139098018368,0.1477408909328281,0.14773863337701398,0.14773810791961983,0.14773850925090076,0.14773886493928523,0.14773545237679203,0.14773597232630295,0.1477367247574107,0.14773611875592252,0.14773421900051475,0.1477335823823202,0.14773390795169525,0.14773426788313854,0.14774212488937072,0.14774565724345703,0.14774235731830093,0.14774508431269276,0.1477313847693814,0.1477315378143361
0.14774619421309027,0.14774569590059428,0.14774349787227326,0.1477428940037523,0.14774301809229884,0.14774358888644162,0.14774032311702606,0.1477409498720819,0.1477410223740207,0.14774052222075773,0.1477382419429048,0.14773771636752658,0.14773813936842603,0.14773849513227355,0.1477351054507345,0.14773562550352126,0.14773635382935435,0.1477357476990741,0.14773378241477275,0.14773314563757114,0.1477335357548954,0.147733895763877,0.14774174881104518,0.1477452978431235,0.14774198514178294,0.14774471472340422,0.14773100982717235,0.14773116973866585
0.08,0.08,0.08,0.08,0.08,0.08,0.08,0.08,0.08,0.08,0.08,0.08,0.08,0.08,0.08,0.08,0.08,0.08,0.08,0.08,0.08,0.08,0.08,0.08,0.08,0.08,0.08,0.08
0.08,0.08,0.08,0.08,0.08,0.08,0.08,0.08,0.08,0.08,0.08,0.08,0.08,0.08,0.08,0.08,0.08,0.08,0.08,0.08,0.08,0.08,0.08,0.08,0.08,0.08,0.08,0.08
0.08,0.08,0.08,0.08,0.08,0.08,0.08,0.08,0.08,0.08,0.08,0.08,0.08,0.08,0.08,0.08,0.08,0.08,0.08,0.08,0.08,0.08,0.08,0.08,0.08,0.08,0.08,0.08
0.08,0.08,0.08,0.08,0.08,0.08,0.08,0.08,0.08,0.08,0.08,0.08,0.08,0.08,0.08,0.08,0.08,0.08,0.08,0.08,0.08,0.08,0.08,0.08,0.08,0.08,0.08,0.08
0.08,0.08,0.08,0.08,0.08,0.08,0.08,0.08,0.08,0.08,0.08,0.08,0.08,0.08,0.08,0.08,0.08,0.08,0.08,0.08,0.08,0.08,0.08,0.08,0.08,0.08,0.08,0.08
0.08,0.08,0.08,0.08,0.08,0.08,0.08,0.08,0.08,0.08,0.08,0.08,0.08,0.08,0.08,0.08,0.08,0.08,0.08,0.08,0.08,0.08,0.08,0.08,0.08,0.08,0.08,0.08
0.08,0.08,0.08,0.08,0.08,0.08,0.08,0.08,0.08,0.08,0.08,0.08,0.08,0.08,0.08,0.08,0.08,0.08,0.08,0.08,0.08,0.08,0.08,0.08,0.08,0.08,0.08,0.08
0.08,0.08,0.08,0.08,0.08,0.08,0.08,0.08,0.08,0.08,0.08,0.08,0.08,0.08,0.08,0.08,0.08,0.08,0.08,0.08,0.08,0.08,0.08,0.08,0.08,0.08,0.08,0.08
