0.23629881229874608,4.708018175812306,11.64707353332171
0.23721316041100918,4.748491608020583,11.658827704402752
0.23825898435713766,4.787985492001153,11.671267508568269
0.2394169808743157,4.826713310472468,11.684433111415572
0.24065725774356625,4.863640300352828,11.699033238555748
0.24198458861660951,4.897589720664295,11.716148915857412
0.24336545373595056,4.93015775681168,11.734959445797552
0.24477276808526868,4.962373352994495,11.754437381072893
0.24623301357488833,4.98840611169513,11.77906848246886
0.24773174788069025,5.01213167922573,11.806506845785714
0.2492464003877215,5.036600390482092,11.833815491637566
0.25076661179717213,5.063198101303172,11.859327475955007
0.25228497946648104,5.092257251562524,11.882630230290744
0.25380517602708497,5.125562883122473,11.901594444647543
0.25535751151446623,5.163042904435559,11.916396853035884
0.25691316668501324,5.203781622177427,11.928035370258778
0.25847005167961046,5.246447509039769,11.937871468133528
0.2594928374159945,5.253749461376996,11.93857184723917
0.2597642529135665,5.254005232928062,11.938572135628892
0.2598159600472767,5.254029489063573,11.938572135628892
0.2598231468104813,5.2540328156333045,11.938572135628892
0.259823204477453,5.254032828922843,11.938572135628892
0.259823204477453,5.254032828922843,11.938572135628892
0.259823204477453,5.254032828922843,11.938572135628892
0.259823204477453,5.254032828922843,11.938572135628892
0.2611483123910641,5.28861748019525,11.945670059569759
0.26272114724564105,5.32808319258966,11.957811146992519
0.2636700095519258,5.38644209320022,11.962036259420069
0.26456548427291166,5.4360956268743825,11.9661079017513
0.2654822307040895,5.4856971093446445,11.970335709897652
0.2664016292811151,5.5353009014063,11.974679642887974
0.26735179022402983,5.584526869524158,11.979181530891786
0.2683632211740739,5.633556233565631,11.983635516654445
0.2694197040541925,5.682790717239023,11.988131592794952
0.2704888787579328,5.731994183391989,11.992650432296442
0.2715698299768705,5.781171565072272,11.997191065948257
0.2726619016655993,5.830321123852506,12.0017526816987
0.27376436318735636,5.879436523475613,12.006334411023442
0.2748770746976748,5.928527732842898,12.010935953383823
0.275998598923285,5.977622658419179,12.015548293537178
0.2764446172087742,5.981711687638192,12.01569200734811
0.2764761430313344,5.981740996503826,12.01569200734811
0.27647661546713503,5.98174099851596,12.01569200734811
0.27647661546713503,5.98174099851596,12.01569200734811
0.27647661546713503,5.981740998620234,12.01569200734811
0.27647661546713503,5.981740998637509,12.01569200734811
0.27647661546713503,5.981740998637509,12.01569200734811
0.27647661546713503,5.981740998637509,12.01569200734811
0.27744428621406414,6.026043111986413,12.019957607101816
0.27856706112577495,6.0752724675143925,12.024520858308415
0.27972274080881876,6.124046323241553,12.029227930566664
0.28088667907026466,6.17304514069903,12.033961751755431
0.282054458286999,6.222034812798547,12.038716585662051
0.28322528089331095,6.271004817568718,12.043491820318012
0.2844048524013313,6.320028171403239,12.048123085461649
0.2856195925584185,6.369105037118129,12.05277098738678
0.28683855005378606,6.418165686563254,12.057430226394318
0.2880564780315516,6.4648590657016936,12.064578648040271
0.28927586215864526,6.511506569014723,12.0717213728877
0.29049442264516145,6.558221189118895,12.078854492787576
0.2917204050410451,6.604768156842898,12.086082368917465
0.29295871904674936,6.642967277322364,12.101632258827523
0.29420005160810736,6.68120997843954,12.11731377543841
0.2954481567508666,6.71930754858321,12.133133358302935
0.29601602516582826,6.723180572450032,12.134301760490155
0.2960745415691417,6.723249925133696,12.134302880320272
0.29607756325818063,6.723255252456297,12.134302994588557
0.29607756325818063,6.723255307493546,12.13430299654647
0.29607756325818063,6.723255329503758,12.134302996587165
0.29607756325818063,6.723255331920604,12.134302996587165
0.29607756325818063,6.723255331920604,12.134302996587165
0.29607756325818063,6.723255331920604,12.134302996587165
0.2971089563524141,6.7319937618556995,12.173793157282422
0.2983125683282753,6.741559706503514,12.218448619560478
0.29951443005191697,6.751142022260749,12.263150716447196
0.30074412111848947,6.760616818738923,12.308008103192684
0.3019729714269382,6.770882611255058,12.352408560384195
0.30320142944624295,6.78169240093947,12.39667006763935
0.30442880566926156,6.79183007495284,12.441708210523334
0.3056551520640933,6.801546899266497,12.487272671997832
0.306880497918449,6.810972618688761,12.533233853471415
0.3081056224647,6.822374627549107,12.577587474689965
0.30932989738757766,6.833638892985441,12.622236497132514
0.31055450694875414,6.847124065114194,12.665127182746858
0.31177822474316436,6.860717018582303,12.708113742056879
0.31300135508757926,6.874286310109427,12.751330994854598
0.31422324016687375,6.887347369828301,12.795250098521386
0.3154692484041082,6.9006442107221755,12.839124167345936
0.3160367329943603,6.901730766419525,12.842807809138908
0.3160951063088181,6.901744444893047,12.842829948478963
0.31609808837342424,6.901744898279794,12.842829948478963
0.31609808837342424,6.901744913048381,12.842829948478963
0.31609808837342424,6.901744926576714,12.842829948478963
0.31609808837342424,6.901744944185075,12.842829948478963
0.31609808837342424,6.901744958573928,12.842829948478963
0.31609808837342424,6.90174496487098,12.842829948478963
0.31715285475083527,6.912820675416161,12.88305636830273
0.31839576104510453,6.925357710837387,12.928087600401584
0.31963758249560253,6.937917870042797,12.9733113339605
0.32087814598126374,6.95051972248612,13.018701319334893
0.32211749363801595,6.963179399645316,13.064242247355256
0.32335534144471856,6.975909445868508,13.109919437994897
0.3245921494803682,6.988738027916883,13.155713868563025
0.32582746280425107,7.001749703709084,13.201531616488314
0.32706173412981826,7.014970587009747,13.247357307393955
0.32829466561095666,7.028249395475317,13.293334419754176
0.32952622556887545,7.041364858958779,13.339686656165412
0.33075610698812985,7.054657909915556,13.386071672184272
0.33198512224685706,7.067796387354644,13.432833181622163
0.33323398414171396,7.081072289029481,13.479653069784183
0.3344813168798908,7.094492221709296,13.526542502922442
0.3357271824277142,7.108049681803225,13.5735189336939
0.3363126095534375,7.1092148965839295,13.577100564864454
0.33637764669395576,7.109226684218167,13.577105853584039
0.33638138601584533,7.109226724282262,13.577105853584039
0.33638138601584533,7.109226725770816,13.577105853584039
0.33638138601584533,7.109226725910809,13.577105853584039
0.33638138601584533,7.109226725910809,13.577105853584039
0.33638138601584533,7.109226725910809,13.577105853584039
0.33638138601584533,7.109226725910809,13.577105853584039
0.337425889954818,7.121338937961154,13.619585112890089
0.3386679316074559,7.135263741626699,13.666622504664334
0.33990811239145113,7.1494608499904055,13.713599844964032
0.3411468268583259,7.163986441049969,13.76046693907598
0.34238387907471657,7.175323906961247,13.810735871663372
0.34361924739946315,7.186907242339243,13.860966684711148
0.3448528612912654,7.198745368402551,13.911168238149004
0.3460844882960761,7.210694853411126,13.96146592590317
0.34731420132378593,7.22307134297869,14.01154537554283
0.3485418798614117,7.236169315811238,14.061380267671606
0.3497682589732403,7.2497662893922294,14.110921882646027
0.35101823142092986,7.2641048795313665,14.159894080585913
0.35226649814443894,7.279185807801446,14.2083097279002
0.35351368818617473,7.295745139895096,14.25573369086778
0.3547591774117534,7.312884384841645,14.302803746633943
0.3560028307231095,7.330421480779665,14.349696201321793
0.35660047287542096,7.331775801534774,14.353137072415386
0.3566713898111244,7.3317850501359025,14.35313912411633
0.3566757904475831,7.3317850501395645,14.35313912411633
0.3566757904475831,7.3317850501395645,14.35313912411633
0.3566757904475831,7.331785050139745,14.35313912411633
0.3566757904475831,7.331785050139745,14.35313912411633
0.3566757904475831,7.331785050139745,14.35313912411633
0.3566757904475831,7.331785050139745,14.35313912411633
0.3577084023147112,7.347707537902721,14.395549538873126
0.35894756729023664,7.365663929407786,14.442458636122675
0.3601844614585554,7.383706501298256,14.48950176557721
0.3614191496242885,7.401899906678123,14.536605666471768
0.36265199743261106,7.420080431656437,14.583934829225266
0.36388316230742423,7.438416365748328,14.631335495898313
0.3651119514964046,7.456902926829883,14.678790407440298
0.36633870574941063,7.475578686179862,14.726279105726231
0.367563999385568,7.494299362606368,14.773949882260196
0.3688135589492678,7.511872274522452,14.82302601935046
0.37006011592734495,7.529313658726863,14.872426595703473
0.37130440403673415,7.546841027937439,14.92196922776987
0.37254660943487433,7.564478754679167,14.971631937731631
0.3737863762289642,7.582279932390106,15.021351511293114
0.37502418801397835,7.600284972676051,15.071101435619882
0.3762597967814433,7.615540217287712,15.123825022922505
0.3768627493521233,7.616701611981432,15.127437116105046
0.3769368057869395,7.61671010794493,15.127442144971905
0.37694150844704677,7.61671010794493,15.127442144971905
0.37694150844704677,7.61671010794493,15.127442144971905
0.37694150844704677,7.61671010794493,15.127442144971905
0.37694150844704677,7.61671010794493,15.127442144971905
0.37694150844704677,7.61671010794493,15.127442144971905
0.37694150844704677,7.61671010794493,15.127442144971905
