0.00407292580568762,0.004072906275248297,0.004072820519613076,0.004072796863660075,0.004072805317927681,0.0040728276778294915,0.004072699514765422,0.004072724055393319,0.00407272961303213,0.004072710029579259,0.004072620767159499,0.004072600198387466,0.0040726192121552365,0.004072633135706717,0.004072516291841267,0.004072536631403994,0.00407255206332553,0.004072529666953924,0.004072505500309768,0.004072484484076908,0.004072526947206425,0.004072529292164976
0.004072963317133313,0.004072943794163751,0.004072857699770008,0.00407283405277862,0.004072842861455656,0.004072865212805621,0.004072737360859959,0.004072761892032923,0.004072767171532867,0.00407274759556979,0.004072658367272146,0.00407263780636985,0.00407265679891668,0.004072670717143202,0.004072545788059925,0.004072566121522403,0.004072589646357415,0.004072567178969739,0.004072542776077646,0.004072521674798889,0.0040725645368263836,0.004072566890865382
0.004072971049213481,0.004072951527783503,0.004072865440175653,0.004072841795049803,0.004072850585005885,0.004072872934596692,0.004072745092710722,0.004072769621952235,0.004072774883003316,0.004072755308577908,0.004072666087285607,0.004072645527998986,0.004072664501006644,0.004072678418142094,0.004072545852145868,0.004072566185595093,0.004072597311814262,0.004072574723680538,0.004072549439383534,0.004072528234918575,0.004072572208424687,0.004072574572878838
0.004072979180239561,0.004072959660428554,0.004072873579956523,0.004072849936792408,0.004072858706940336,0.004072881054681293,0.004072753223373585,0.0040727777505840754,0.004072782992113072,0.004072763419304576,0.004072674205378636,0.0040726536477909536,0.004072672600129864,0.004072686516118024,0.004072553038251546,0.004072573370214679,0.004072605372035288,0.004072582655784239,0.0040725559139647045,0.004072534600160358,0.004072580275613389,0.004072582650885006
0.004073006991726851,0.004072987477453048,0.004072901421386895,0.004072877784932285,0.004072886532350584,0.004072908873754453,0.004072781078685104,0.004072805598937849,0.004072810818747954,0.004072791251487582,0.0040727020628378765,0.004072681511079762,0.004072700437813786,0.004072714349858847,0.0040725809098041766,0.004072601236003814,0.004072633181989126,0.004072610336168404,0.0040725822361996995,0.004072560809174628,0.004072608097802296,0.004072610483954842
0.004073004935419223,0.004072985420736033,0.004072899362865465,0.004072875725914792,0.0040728844511674096,0.004072906793045232,0.004072778995265585,0.0040728035160387055,0.004072808713591222,0.004072789145911139,0.004072699955349313,0.004072679403150197,0.004072698307894968,0.004072712220241709,0.004072579699848378,0.0040726000262982075,0.004072630999507554,0.004072608006422944,0.004072578080073396,0.00407255651570912,0.004072605920001174,0.004072608318848745
0.004073010905135953,0.004072991391641261,0.004072905339009116,0.004072881703498559,0.004072890402008013,0.004072912742530638,0.004072784952500649,0.004072809471785839,0.004072814642796368,0.0040727950762984,0.004072705891122064,0.004072685340165032,0.0040727042175163234,0.0040727181290260315,0.004072585616603771,0.004072605941830157,0.004072636855817248,0.004072613705340003,0.004072581181651674,0.004072559444386186,0.004072611781240614,0.004072614194856194
0.004073025350762257,0.00407300584014339,0.004072919800186804,0.004072896168160925,0.004072904836580496,0.004072927173816021,0.00407279940258316,0.0040728239182593095,0.004072829059691697,0.004072809496067929,0.0040727203239859485,0.004072699776048925,0.004072718621789247,0.004072732531258824,0.00407260003826473,0.004072620360509175,0.004072651211835805,0.004072627915501492,0.004072593363181296,0.004072571413965365,0.004072626137388571,0.004072628568344311
0.004073051195988928,0.004073031690514936,0.004072946044442111,0.004072922418739781,0.004072930683744675,0.004072953015094616,0.004072825015638111,0.004072849524917632,0.004072854896977615,0.0040728353385044835,0.004072747059359721,0.004072726517016524,0.004072744458296898,0.004072758364107426,0.004072624983837832,0.004072645300924686,0.004072677011981234,0.004072653598413254,0.004072618510422605,0.004072596316358524,0.004072651930101688,0.004072654381048318
0.004073044396272785,0.004073024889445255,0.004072939237432315,0.004072915610089896,0.004072923838098224,0.004072946171006913,0.004072818162618475,0.004072842673609417,0.004072848008439104,0.004072828448592796,0.00407274016325316,0.004072719619467148,0.00407273752435384,0.004072751431146343,0.0040726180414602615,0.00407263835998243,0.00407267001528542,0.004072646496852977,0.0040726026838600925,0.004072580120566172,0.004072644897225114,0.004072647377824264
0.004073047821120798,0.004073028314975014,0.0040729422947340934,0.0040729186681283105,0.004072927225301895,0.004072949557439316,0.0040728218153597605,0.004072846325438488,0.004072851356374185,0.004072831797195267,0.00407274264536323,0.004072722102096536,0.00407274083412682,0.004072754740450598,0.004072622277414011,0.004072642595060405,0.0040726732710944305,0.004072649680943673,0.004072597486826371,0.004072574485219046,0.00407264809214946,0.004072650613625149
0.004073048135502933,0.004073028629419733,0.004072942980673343,0.004072919354232831,0.004072927498435339,0.004072949830510565,0.00407282182689802,0.004072846336973872,0.004072851588051182,0.004072832028918449,0.004072743746797987,0.0040727232037617404,0.004072741024350676,0.004072754930647514,0.0040726215457145675,0.0040726418635122375,0.004072673411200895,0.0040726497779396955,0.004072595024875324,0.00407257157331864,0.004072648148499499,0.004072650719707925
0.004073058751049104,0.004073039247078964,0.004072953236427466,0.004072929612457942,0.004072938088133668,0.00407296041779768,0.004072832689862205,0.004072857197225276,0.004072862147007639,0.0040728425899797084,0.004072753447947182,0.0040727329069405885,0.004072751556232589,0.004072765461037947,0.00407263301246127,0.004072653327888274,0.004072683906679432,0.00407266025229219,0.004072591773651878,0.004072567902277425,0.004072652106582744,0.0040726547343909805
0.004073094978764657,0.004073075482005165,0.004072989503135479,0.004072965887903199,0.004072974324837324,0.004072996646251131,0.004072868965494122,0.004072893463798956,0.004072898376149112,0.004072878826342418,0.0040727897172085775,0.0040727691837895525,0.004072787790581455,0.004072801690255898,0.004072669290540996,0.00407268959846842,0.004072720127749077,0.004072696468807102,0.004072619846563925,0.0040725955996747006,0.004072686632972464,0.004072689316720378
0.004073118390832446,0.004073098898732305,0.004073012940399314,0.004072989330812833,0.00407299773676191,0.004073020052845981,0.004072892402566871,0.004072916895019967,0.004072921777226838,0.004072902232083972,0.004072813144197721,0.004072792615679114,0.004072811189048148,0.004072825085409645,0.004072692717244011,0.004072713020329077,0.004072743512045336,0.0040727198521288985,0.004072643197912058,0.004072618677637626,0.004072708046502148,0.00407271079643514
0.004073125862667746,0.004073106372054533,0.004073020791199532,0.004072997183504121,0.004073005195201677,0.004073027509587921,0.0040728996073366615,0.0040729240979909855,0.004072929218834427,0.004072909675174585,0.004072821462857822,0.004072800936079199,0.004072818616417338,0.00407283251172726,0.004072699232151724,0.004072719533890214,0.004072750921269779,0.004072727259964252,0.00407265312077745,0.0040726284298229845,0.004072713173338275,0.0040727160016559025
0.004073135154469551,0.004073115665705379,0.004073030092965091,0.004073006487510188,0.00407301448065343,0.004073036792926019,0.004072908902786409,0.004072933391120051,0.0040729384936786465,0.004072918951867123,0.00407283074788876,0.00407281022305219,0.004072827883905943,0.004072841777903811,0.004072708510910051,0.004072728810730753,0.004072760177039153,0.004072736516491284,0.004072662367427909,0.00407263758968373,0.0040727198818397035,0.004072722798857656
0.001620636724249653,0.0016206343612022373,0.001620624159670771,0.0016206213006037672,0.0016206230681567648,0.0016206257707986286,0.0016206104568090506,0.001620613419864244,0.0016206146006480684,0.0016206122359318329,0.001620601737140609,0.001620599256216962,0.001620601718004911,0.0016206033976774521,0.0016205874653046962,0.0016205899164789578,0.001620593795769586,0.0016205909378450884,0.0016205821537036372,0.0016205791590582718,0.0016205885754535243,0.0016205889391914681
0.0016206373606212478,0.001620634997573462,0.0016206247511133481,0.0016206218920459267,0.0016206237044678836,0.0016206264071101728,0.0016206111247743498,0.001620614087830031,0.0016206152368995277,0.0016206128721829218,0.0016206022683722516,0.00162059978744828,0.0016206023541960176,0.0016206040338688226,0.0016205882127327635,0.001620590663907478,0.0016205944319006144,0.0016205915739727094,0.0016205824830880528,0.0016205794879623804,0.001620589169489008,0.0016205895339716898
0.0016206374273879576,0.0016206350643401327,0.001620624862806896,0.001620622003739396,0.0016206237712343427,0.001620626473876676,0.0016206111598844406,0.0016206141229401483,0.0016206153036658218,0.0016206129389491769,0.0016206024401561308,0.001620599959232054,0.001620602420962074,0.0016206041006349072,0.0016205881682593876,0.0016205906194340753,0.0016205944986665154,0.0016205916407385633,0.0016205828565379588,0.0016205798614120105,0.0016205892351853646,0.001620589599668454
0.0016206374408459664,0.0016206350777981332,0.0016206248313378165,0.001620621972270338,0.0016206237846923056,0.0016206264873346486,0.0016206112049985237,0.0016206141680542643,0.001620615317123755,0.0016206129524071028,0.0016206023485962227,0.0016205998676722018,0.0016206024344199634,0.0016206041140928015,0.00162058829295643,0.0016205907441311919,0.0016205945121243774,0.0016205916541964151,0.0016205825633115788,0.001620579568185848,0.0016205892486305551,0.0016205896131136453
0.0016206374428773744,0.0016206350798295402,0.0016206248782962647,0.0016206220192287535,0.0016206237867237086,0.0016206264893660525,0.0016206111753737588,0.0016206141384294776,0.001620615319155157,0.0016206129544385033,0.001620602455645417,0.001620599974721331,0.0016206024364513604,0.0016206041161242,0.00162058818374862,0.0016205906349233165,0.0016205945141557743,0.001620591656227809,0.001620582872027171,0.0016205798769012116,0.0016205892506619495,0.0016205896151450401
0.0016206374428903633,0.0016206350798425291,0.0016206248333822072,0.0016206219743147277,0.0016206237867366973,0.0016206264893790408,0.0016206112070429094,0.0016206141700986511,0.001620615319168143,0.0016206129544514888,0.001620602350640604,0.001620599869716583,0.0016206024364643465,0.001620604116137185,0.0016205882950008055,0.0016205907461755698,0.001620594514168757,0.0016205916562407933,0.0016205825653559523,0.0016205795702302194,0.0016205892506749324,0.0016205896151580234
0.001620637442889474,0.0016206350798416403,0.0016206248783083653,0.0016206220192408534,0.001620623786735806,0.0016206264893781487,0.0016206111753858552,0.0016206141384415738,0.0016206153191672499,0.0016206129544505956,0.0016206024556575096,0.0016205999747334237,0.0016206024364634505,0.0016206041161362895,0.0016205881837607096,0.0016205906349354053,0.0016205945141678601,0.0016205916562398962,0.0016205828720392576,0.0016205798769132987,0.0016205892506740349,0.001620589615157126
0.0016206374428903633,0.0016206350798425291,0.0016206248333822072,0.0016206219743147277,0.0016206237867366973,0.0016206264893790408,0.0016206112070429094,0.0016206141700986511,0.001620615319168143,0.0016206129544514888,0.001620602350640604,0.001620599869716583,0.0016206024364643459,0.001620604116137185,0.0016205882950008055,0.0016205907461755698,0.001620594514168757,0.0016205916562407933,0.0016205825653559523,0.0016205795702302194,0.0016205892506749324,0.0016205896151580234
0.004073178324126207,0.004073158843951876,0.0040730733089088585,0.004073049713862324,0.004073057687260474,0.00407307998969885,0.0040729521559111975,0.004072976633447413,0.00407298171756083,0.0040729621843622376,0.004072874019239893,0.004072853503453071,0.0040728711403438264,0.004072885028218201,0.004072751819944835,0.0040727721108150495,0.004072803447008626,0.004072779796194453,0.004072705671355762,0.004072680860246966,0.004072760087141236,0.00407276310431843
0.00407319674352718,0.004073177267017498,0.004073091377401453,0.004073067786706147,0.004073076118449353,0.004073098416693104,0.004072970868433223,0.004072995341298698,0.004073000152137573,0.004072980622611903,0.004072891605874921,0.004072871093765754,0.004072889584816749,0.004072903470080368,0.004072771207599998,0.004072791494463904,0.004072821893281838,0.004072798246727639,0.0040727215935667084,0.00407269677350885,0.0040727762658004,0.0040727793604198054
0.004073205193790647,0.004073185718962114,0.004073099836755952,0.004073076248097714,0.0040730845605402195,0.0040731068568627855,0.004072979319589133,0.004073003790345256,0.0040730085821812185,0.0040729890543350755,0.0040729000452497345,0.0040728795349053,0.004072898005763524,0.004072911889835243,0.0040727796387053684,0.004072799923827139,0.0040728303013350875,0.004072806656339272,0.004072730008653281,0.004072705182845901,0.0040727809435570144,0.0040727841794058455
0.0040732070202989645,0.004073187545833799,0.004073101665229236,0.0040730780770113035,0.004073086382835308,0.004073108678743174,0.004072981143840944,0.004073005614141758,0.0040730103994217936,0.004072990871937696,0.004072901864501763,0.004072881354537736,0.004072899818580883,0.004072913702396024,0.004072781453709567,0.004072801738456306,0.0040728321089264635,0.004072808464361868,0.004072731817789718,0.00407270699099473,0.004072781145467368,0.004072784431278927
0.004073231752764131,0.004073212283219067,0.004073126424300507,0.00407310284204433,0.004073111139473325,0.004073133429747652,0.004073005927060659,0.004073030391176173,0.004073035168967697,0.004073015646418133,0.004072926661463125,0.004072906156683956,0.00407292460979495,0.004072938490101384,0.00407280627482845,0.004072826554446699,0.004072856910992001,0.004072833272403218,0.004072756645044546,0.004072731823829389,0.004072805704525052,0.004072809038047921
0.004073233726706606,0.004073214257554205,0.004073128400366355,0.004073104818585972,0.004073113109380748,0.0040731353992068285,0.004073007899083103,0.00407303236270647,0.004073037133931761,0.004073017611773633,0.00407292862860193,0.004072908124234061,0.004072926570499211,0.0040729404505281605,0.004072808237897733,0.004072828517110398,0.004072858866570162,0.004072835228452528,0.004072758602545051,0.004072733781465636,0.004072807565073165,0.004072810949135093
0.00407324695044105,0.0040732274839190815,0.004073142008790761,0.00407311843028691,0.00407312634272843,0.00407314862954341,0.004073020885280977,0.004073045345663545,0.004073050370864852,0.004073030851343553,0.004072942747924429,0.004072922246508573,0.004072939815692933,0.004072953693847429,0.004072820578781571,0.004072840855444575,0.0040728721142394946,0.004072848479313513,0.004072774402161399,0.004072749584905032,0.004072820720769616,0.004072824156476544
0.00407326128651049,0.0040732418228400695,0.004073155989814786,0.004073132414677,0.004073140689540405,0.00407316297309108,0.004073035508853068,0.004073059965586408,0.004073064721885549,0.004073045205222863,0.004072956247087501,0.004072935748493855,0.00407295417599063,0.004072968052112963,0.004072835876685318,0.004072856150187895,0.0040728864775438625,0.004072862846078137,0.004072786241661935,0.004072761427290828,0.004072828748776599,0.004072832238232961
0.004073276821133356,0.00407325736055272,0.0040731719114985195,0.004073148340193827,0.004073156236450739,0.004073178516464253,0.004073050811175561,0.004073075264090498,0.004073080274004414,0.004073060760439426,0.004072972683891391,0.004072952188733933,0.004072969738812225,0.0040729836127323445,0.004072850538271458,0.004072870808745229,0.004072902044273504,0.004072878416557749,0.004072804361934166,0.004072779551987444,0.004072842534135495,0.004072846076520192
0.004073290324062298,0.004073270866167206,0.004073185058597463,0.004073161490457723,0.004073169749108769,0.0040731920260481105,0.004073064599616825,0.004073089049091307,0.00407309379023749,0.004073074279364541,0.004072985347606268,0.004072964855096073,0.0040729832633925435,0.004072997135398974,0.004072864999167184,0.004072885266653766,0.0040729155712955906,0.004072891946838274,0.004072815365076272,0.0040727905578262615,0.004072854252716627,0.004072857848636628
0.004073292049442384,0.004073272591890431,0.004073187156127921,0.004073163588493116,0.004073171469706858,0.0040731937462547664,0.004073066060824697,0.004073090509934591,0.004073095505257773,0.004073075994726394,0.004072987931864109,0.0040729674398941205,0.004072984973429444,0.004072998845193913,0.004072865791404349,0.004072886058727282,0.004072917275591013,0.004072893651544223,0.004072819608384275,0.0040727948021564795,0.004072854123380349,0.004072857773556019
0.004073293586667978,0.00407327412942175,0.004073188324711967,0.004073164757358468,0.0040731730018880126,0.004073195278087357,0.004073067855887714,0.004073092304549723,0.004073097031684453,0.004073077521457089,0.004072988592639977,0.004072968100808111,0.00407298649462852,0.004073000366177758,0.004072868234299864,0.004072888501118186,0.004072918790887416,0.004072895167205619,0.004072818587937956,0.004072793781416314,0.004072853787693721,0.004072857492402612
0.004073317432708864,0.004073297980204898,0.004073212566595949,0.004073189005077823,0.004073196870272069,0.004073219141041718,0.004073091488722266,0.004073115931487941,0.004073120911552276,0.004073101406080705,0.004073013366045031,0.004072992879391464,0.0040730103944215945,0.004073024262589348,0.004072891243290057,0.0040729115053557904,0.004072942700179107,0.004072919082256205,0.004072845058263738,0.0040728202584029,0.004072875844580068,0.004072879603219692
0.0040733323397059915,0.004073312890166366,0.004073227119424483,0.004073203561409184,0.004073211788597393,0.004073234055973586,0.004073106684228898,0.004073131123203598,0.004073135834413762,0.0040731163319139415,0.004073027438302285,0.004073006954589981,0.0040730253270884345,0.004073039193143576,0.004072907113586117,0.0040729273723740175,0.004072957636132996,0.00407293402180738,0.004072857472838397,0.004072832676088092,0.004072888906452695,0.004072892719590612
0.004073333943157374,0.00407331449393659,0.004073229094736242,0.0040732055371963775,0.004073213386993677,0.004073235654006296,0.004073108023215388,0.0040731324618560535,0.004073137427014529,0.004073117924831855,0.004073029899633596,0.0040730094164357225,0.004073026914444463,0.004073040780275043,0.004072907783387825,0.00407292804203739,0.004072959217539527,0.004072935603594774,0.004072861592051508,0.004072836796316158,0.004072888588648418,0.004072892457035492
0.0016206450106224022,0.0016206426475701566,0.0016206324010907083,0.0016206295420178912,0.001620631348022438,0.001620634050669823,0.0016206187683051859,0.001620621731366454,0.0016206228740173,0.0016206205092962396,0.001620609905465593,0.0016206074245369473,0.001620609984868724,0.0016206116645446902,0.0016205958433788508,0.0016205982945581784,0.0016206020561241004,0.0016205991981114512,0.0016205901069327457,0.0016205871088964465,0.0016205932696834102,0.0016205937443141776
0.0016206450767397968,0.0016206427136875126,0.001620632512135027,0.0016206296530621312,0.0016206314141276224,0.0016206341167750505,0.001620618802753943,0.001620621765815237,0.0016206229401103567,0.0016206205753892572,0.0016206100765764344,0.0016206075956476838,0.0016206100509495826,0.0016206117306255766,0.0016205957982200702,0.0016205982493993705,0.0016206021221928113,0.0016205992641799387,0.0016205904796859451,0.0016205874816483867,0.001620593318322793,0.0016205937931618338
0.0016206450824649335,0.0016206427194126456,0.0016206324729330143,0.0016206296138601471,0.0016206314198527385,0.0016206341225001716,0.0016206188401352635,0.0016206218031965844,0.0016206229458354613,0.001620620581114359,0.001620609977283524,0.0016206074963548347,0.0016206100566746688,0.001620611736350665,0.0016205959151845456,0.0016205983663639166,0.0016206021279178853,0.001620599269905009,0.0016205901787262236,0.0016205871806888883,0.001620593323947475,0.0016205937987865163
0.0016206450825602921,0.0016206427195080042,0.0016206325179555041,0.0016206296588826053,0.0016206314199480982,0.0016206341225955307,0.0016206188085744005,0.0016206217716356985,0.0016206229459308223,0.001620620581209719,0.0016206100823968807,0.001620607601468127,0.001620610056770029,0.0016206117364460256,0.0016205958040404974,0.0016205982552198012,0.0016206021280132466,0.0016205992700003698,0.001620590485506365,0.0016205874874688025,0.0016205933240428358,0.0016205937988818771
0.001620645082559647,0.0016206427195073591,0.0016206324730277278,0.0016206296139548606,0.0016206314199474514,0.0016206341225948838,0.0016206188402299753,0.0016206218032912966,0.0016206229459301725,0.0016206205812090695,0.0016206099773782342,0.0016206074964495451,0.0016206100567693785,0.001620611736445375,0.0016205959152792541,0.0016205983664586254,0.0016206021280125945,0.001620599269999719,0.0016205901788209332,0.0016205871807835977,0.0016205933240421844,0.0016205937988812253
0.0016206450825602921,0.0016206427195080042,0.0016206325179555041,0.0016206296588826053,0.0016206314199480982,0.0016206341225955307,0.0016206188085744005,0.0016206217716356985,0.0016206229459308223,0.001620620581209719,0.0016206100823968807,0.0016206076014681277,0.001620610056770029,0.0016206117364460256,0.0016205958040404974,0.0016205982552198012,0.0016206021280132466,0.0016205992700003698,0.001620590485506365,0.0016205874874688025,0.0016205933240428358,0.0016205937988818771
0.001620645082559647,0.0016206427195073591,0.0016206324730277278,0.0016206296139548606,0.0016206314199474514,0.0016206341225948838,0.0016206188402299753,0.0016206218032912966,0.0016206229459301725,0.0016206205812090695,0.0016206099773782342,0.0016206074964495451,0.0016206100567693785,0.001620611736445375,0.0016205959152792541,0.0016205983664586254,0.0016206021280125945,0.001620599269999719,0.0016205901788209332,0.0016205871807835977,0.0016205933240421844,0.0016205937988812253
0.0016206450825602921,0.0016206427195080042,0.0016206325179555041,0.0016206296588826053,0.0016206314199480982,0.0016206341225955307,0.0016206188085744005,0.0016206217716356985,0.0016206229459308223,0.001620620581209719,0.0016206100823968807,0.0016206076014681277,0.001620610056770029,0.0016206117364460256,0.0016205958040404974,0.0016205982552198012,0.0016206021280132466,0.0016205992700003698,0.001620590485506365,0.0016205874874688025,0.0016205933240428358,0.0016205937988818771
0.004073343675743702,0.004073324228458199,0.004073238467651697,0.004073214912367757,0.004073223124283864,0.004073245389081667,0.0040731180320814405,0.004073142468225222,0.00407314716457022,0.004073127664326591,0.0040730387809937724,0.004073018299652113,0.004073036655698488,0.004073050520150985,0.00407291845585559,0.0040729387123009855,0.004072968958234858,0.004072945346634543,0.004072868806488804,0.004072844012544429,0.004072896278369715,0.004072900203537403
0.004073359442432438,0.004073339998281925,0.00407325462133296,0.004073231069936786,0.004073238903841311,0.004073261165050111,0.004073133567516285,0.004073157999784667,0.004073162949814515,0.004073143452714064,0.0040730554504436,0.00407303497258571,0.004073052452205243,0.004073066314423134,0.004072933352179336,0.004072953605548364,0.004072984759110164,0.0040729611513150785,0.004072887159031706,0.004072862369717446,0.004072910339222688,0.004072914315019972
0.00407336725614108,0.004073347813544145,0.0040732620734031605,0.004073238523800422,0.004073246720191348,0.004073268979622422,0.004073141653311697,0.004073166083563123,0.0040731707652412385,0.004073151269696937,0.004073062407773513,0.004073041931369582,0.004073060269461386,0.0040730741305734786,0.004072942098088868,0.004072962349651778,0.004072992574778047,0.004072968968865077,0.004072892447139453,0.004072867659146352,0.004072916253794511,0.0040729202841155
0.00407337736458474,0.0040733579239975734,0.004073272562686748,0.004073249015608313,0.004073256833876499,0.0040732790910074255,0.004073151516840646,0.004073175944631748,0.0040731808795590315,0.004073161386028551,0.00407307339986356,0.00407305292575671,0.004073070387978483,0.0040730842476593004,0.0040729513097444705,0.004072971559405145,0.004073002693073244,0.00407297908959682,0.004072905110827937,0.004072880325990797,0.0040729255497590254,0.004072929636168478
0.004073395261054725,0.004073375824025568,0.004073290108425363,0.004073266565569189,0.004073274745123733,0.004073296998181331,0.00407316970831718,0.004073194131570895,0.004073198797433033,0.004073179307469935,0.004073090470973586,0.004073070000433989,0.0040730883188068515,0.004073102175951458,0.004072970181249357,0.004072990427013204,0.004073020629032754,0.004072997029875191,0.004072920530019711,0.004072895749051764,0.004072943389662263,0.00407294753211862
0.004073429620742533,0.004073410190543789,0.004073324874823664,0.00407330134033297,0.004073309139792847,0.004073331385029248,0.004073203879020595,0.004073228293752152,0.004073233211446686,0.004073213728334622,0.004073125789170966,0.004073105326010919,0.004073122764330713,0.004073136616603674,0.004073003749725614,0.00407302398855848,0.004073055091050587,0.004073031500190451,0.004072957560929592,0.004072932789303193,0.004072977768190629,0.004072981966223298
0.004073444103355172,0.004073424676035192,0.004073339003229581,0.004073315472138159,0.004073323632926373,0.004073345874867396,0.0040732186485731275,0.004073243059621493,0.004073247708504387,0.004073228228278093,0.004073139436141103,0.004073118975832256,0.0040731372704283855,0.004073151120649929,0.004073019191876486,0.004073039427521252,0.004073069599857853,0.004073046012490693,0.0040729695508267,0.004072944782219407,0.004072985345269952,0.004072989600248731
0.004073446465910138,0.004073427039059754,0.004073341738034256,0.0040733182076008005,0.004073325991322063,0.004073348232726861,0.004073220748674083,0.0040732451591987484,0.004073250061655449,0.004073230581897555,0.0040731426578658235,0.0040731221982300584,0.004073139619154413,0.004073153469043816,0.004073020625022643,0.004073040860371537,0.004073071943122716,0.004073048356319679,0.004072974429753407,0.004072949662326286,0.00407298571858559,0.004072990029062183
0.004073455799692047,0.004073436374696874,0.004073350712138197,0.004073327183863782,0.004073335329491271,0.004073357568772916,0.0040732303576862475,0.0040732547658147685,0.004073259399957041,0.004073239922057921,0.004073151140523173,0.004073130682659561,0.004073148960878855,0.004073162809447239,0.004073030896416897,0.004073051129645331,0.00407308128418933,0.0040730576996350215,0.004072981247066636,0.004072956481332886,0.0040729930819976435,0.004072997447872092
0.004073457984329465,0.00407343855976851,0.004073353268790421,0.004073329741131085,0.004073337509709076,0.00407335974849503,0.004073232279448805,0.004073256687098118,0.004073261574750769,0.004073242097284532,0.00407315418359133,0.004073133726363446,0.004073151131004871,0.004073164979266384,0.004073032150855675,0.004073052383825144,0.004073083448689247,0.004073059864656003,0.004072985946755299,0.004072961182189917,0.004072993426884092,0.004072997848604931
0.0040734580048329225,0.004073438580276039,0.004073352919649197,0.004073329391905866,0.0040733375193388,0.004073359758122563,0.004073232549883017,0.004073256957464892,0.004073261573480598,0.004073242096014107,0.004073153316450356,0.004073132859041323,0.004073151118813203,0.00407316496707644,0.0040730330569520405,0.004073053289734453,0.004073083425561926,0.0040730598415231155,0.004072983390620804,0.004072958625409673,0.004072993235562168,0.004072997743090612
0.004073463787248527,0.004073444363840935,0.004073359077924504,0.004073335551662712,0.004073343297971913,0.004073365535441875,0.004073238073936552,0.004073262480140981,0.004073267345685052,0.00407324786936747,0.004073159960856265,0.004073139504835295,0.004073156886611029,0.004073170734058667,0.004073037913452503,0.004073058145232358,0.004073089186421185,0.004073065603769171,0.004072991690194764,0.004072966927080255,0.0040729988336470615,0.004073003426641743
0.00407346925236101,0.004073449830039617,0.004073364179266035,0.004073340654231476,0.004073348758929477,0.004073370995157891,0.004073243801531062,0.004073268206307311,0.0040732727999861,0.004073253324754124,0.004073164555370497,0.004073144100309337,0.00407316233616435,0.004073176182841412,0.0040730442878222535,0.004073064518286236,0.004073094628834292,0.00407307104749239,0.004072994605327097,0.004072969842948987,0.004073004113184816,0.004073008791533637
0.004073493147401797,0.004073473729829332,0.004073388469520988,0.0040733649503296694,0.00407337267233258,0.004073394903124566,0.004073267479885462,0.004073291878757833,0.004073296720870566,0.004073277250399483,0.004073189368264063,0.004073168918386117,0.004073186272973026,0.004073200116265545,0.004073067335504456,0.004073087561210915,0.0040731185711237435,0.004073094995544989,0.004073021104125481,0.004072996348440945,0.004073027907470355,0.004073032671401253
0.004073510560738633,0.004073491146626648,0.00407340553203722,0.004073382016950125,0.004073390083383472,0.004073412310217571,0.004073285170311974,0.004073309564773806,0.00407331412168253,0.004073294654674413,0.004073205922757402,0.004073185476337291,0.004073203669656636,0.004073217510489542,0.004073085671124558,0.00407310589304645,0.004073135956061631,0.004073112384667286,0.004073035974727293,0.004073011222792933,0.004073044942208328,0.004073049892053367
0.004073506720386102,0.00407348730551096,0.0040734020570401255,0.004073378541117176,0.004073386214407625,0.004073408442121199,0.004073281036522082,0.004073305432014514,0.004073310225791902,0.0040732907580084705,0.004073202887998072,0.004073182440944086,0.004073199745427726,0.00407321358681544,0.004073080824320274,0.004073101047242542,0.004073132005159036,0.004073108432813764,0.004073034551519696,0.004073009799219792,0.004073040617956446,0.0040730457563472955
0.0016206525890195256,0.0016206502259628625,0.0016206399794642576,0.0016206371203860961,0.0016206389165850763,0.0016206416192375062,0.0016206263368443367,0.0016206292999111369,0.0016206304327551926,0.0016206280680297223,0.0016206174641793037,0.0016206149832460328,0.00162061753377369,0.0016206192134527848,0.0016206033922574832,0.0016206058434413756,0.0016206095952053983,0.001620606737187257,0.0016205976459879711,0.0016205946479156492,0.0016205984857215801,0.0016205991312784548
0.0016206526472772446,0.001620650284220547,0.0016206400826490096,0.001620637223570776,0.0016206389747451312,0.0016206416773976004,0.0016206263950042123,0.0016206293580710543,0.0016206304908176587,0.0016206281260921543,0.001620617522241583,0.0016206150413082764,0.0016206175917385043,0.0016206192714176225,0.0016206034502220953,0.0016206059014060227,0.0016206096530725345,0.0016206067950537769,0.0016205977038549076,0.0016205947057815367,0.0016205985403983626,0.0016205991876549577
0.0016206526571180132,0.0016206502940613106,0.0016206400475625334,0.0016206371884843244,0.001620638984585774,0.001620641687238249,0.0016206263731885432,0.001620629336255371,0.001620630500658188,0.0016206281359326781,0.0016206176371002738,0.0016206151561668969,0.0016206176015789097,0.0016206192812580327,0.001620603348822851,0.0016206058000067171,0.001620609662912827,0.001620606804894063,0.0016205980203805198,0.0016205950223069153,0.0016205985502355778,0.0016205991974937914
0.00162065265765504,0.0016206502945983368,0.0016206400930267738,0.0016206372339485314,0.0016206389851227993,0.0016206416877752755,0.0016206264053818477,0.0016206293684486988,0.0016206305011952126,0.0016206281364697032,0.0016206175326191053,0.0016206150516857914,0.001620617602115933,0.0016206192817950558,0.0016206034605994878,0.0016206059117834211,0.0016206096634498494,0.0016206068054310859,0.0016205977142321921,0.0016205947161588132,0.0016205985507725996,0.0016205991980308139
0.0016206526576548546,0.0016206502945981514,0.0016206400480993732,0.001620637189021163,0.0016206389851226135,0.0016206416877750894,0.0016206263737253818,0.0016206293367922102,0.0016206305011950267,0.0016206281364695167,0.0016206176376371104,0.0016206151567037335,0.0016206176021157461,0.0016206192817948698,0.0016206033493596848,0.0016206058005435516,0.0016206096634496633,0.0016206068054308988,0.001620598020917354,0.0016205950228437489,0.001620598550772412,0.0016205991980306263
0.001620652657654765,0.0016206502945980618,0.001620640093026499,0.0016206372339482575,0.0016206389851225241,0.0016206416877750003,0.001620626405381573,0.0016206293684484238,0.0016206305011949372,0.0016206281364694272,0.0016206175326188299,0.0016206150516855158,0.0016206176021156566,0.001620619281794779,0.0016206034605992113,0.001620605911783145,0.0016206096634495727,0.0016206068054308081,0.001620597714231914,0.0016205947161585358,0.0016205985507723214,0.001620599198030536
0.0016206526576548546,0.0016206502945981514,0.0016206400480993732,0.001620637189021163,0.0016206389851226135,0.0016206416877750894,0.0016206263737253818,0.0016206293367922102,0.0016206305011950267,0.0016206281364695167,0.0016206176376371104,0.0016206151567037335,0.0016206176021157461,0.0016206192817948698,0.0016206033493596848,0.0016206058005435516,0.0016206096634496633,0.0016206068054308988,0.001620598020917354,0.0016205950228437489,0.001620598550772412,0.0016205991980306263
0.0016206526576547624,0.0016206502945980597,0.0016206400930264967,0.0016206372339482545,0.001620638985122521,0.0016206416877749975,0.0016206264053815695,0.0016206293684484206,0.0016206305011949344,0.0016206281364694243,0.0016206175326188266,0.0016206150516855132,0.0016206176021156538,0.0016206192817947763,0.001620603460599208,0.0016206059117831416,0.0016206096634495699,0.0016206068054308053,0.0016205977142319113,0.0016205947161585332,0.0016205985507723188,0.0016205991980305329
0.00407351004276165,0.0040734906285467285,0.004073405013503614,0.004073381498291796,0.0040733895149782625,0.004073411741941564,0.004073284340641657,0.004073308735310336,0.004073313503007005,0.0040732940358757614,0.0040732061688076296,0.004073185722438911,0.004073203000397304,0.004073216841324828,0.004073084083242608,0.004073104305492232,0.004073135236417743,0.004073111664845448,0.004073037785988676,0.004073013034484905,0.0040730434514759835,0.004073048793731764
0.004073505815509003,0.004073486400454039,0.004073401151194045,0.004073377635053208,0.004073385261722473,0.004073407489652605,0.004073280343479341,0.004073304739144558,0.00407330922563751,0.004073289757655042,0.004073201021299062,0.004073180573855174,0.0040731986973607925,0.0040732125388966796,0.004073080692837116,0.0040731009157865235,0.0040731309095501525,0.004073107336936441,0.004073030923061535,0.004073006169824363,0.004073038798332211,0.004073044304736044
0.004073521054341299,0.004073501642314553,0.004073416406344244,0.004073392893872726,0.004073400495932962,0.004073422720400191,0.004073295594029478,0.004073319985892629,0.004073324448262435,0.0040733049833093175,0.004073216260754603,0.004073195816493747,0.004073213913740869,0.004073227753125497,0.0040730959275525475,0.004073116147357563,0.0040731461130177875,0.00407312254406327,0.004073046142042867,0.004073021392649572,0.004073053653844763,0.004073059343572637
0.004073536538178303,0.004073517129228293,0.004073431906760566,0.004073408398017151,0.004073415975383304,0.004073438196332083,0.004073311090081576,0.004073335478081671,0.004073339916251269,0.0040733204543761505,0.004073231745844344,0.004073211304817642,0.004073229375695275,0.004073243212894041,0.004073111408137154,0.004073131624747212,0.004073161562163511,0.004073137996927109,0.004073061606952083,0.00407303686146456,0.004073068754011449,0.004073074627558151
0.004073511890697074,0.004073492476849373,0.004073407232887601,0.004073383718209618,0.0040733911844121,0.004073413410995923,0.004073286272521537,0.004073310666708577,0.004073315082531658,0.004073295615714751,0.004073206884668878,0.00407318643844968,0.004073204490397212,0.0040732183311140814,0.004073086492854122,0.004073106714606409,0.004073136636078241,0.004073113064842822,0.0040730366554331005,0.004073011903643785,0.004073043439433672,0.00407304949971137,0.00407335856074818
0.004073475366182685,0.004073455945076399,0.004073370669259522,0.004073347145786241,0.0040733545859147945,0.004073376820818468,0.004073249634767148,0.004073274038088908,0.0040732784320360585,0.00407325895792505,0.004073170193648362,0.004073149739765033,0.004073167774891302,0.004073181620799329,0.0040730497331037206,0.004073069962443643,0.004073099871505329,0.0040730762914206915,0.004072999853342665,0.0040729750922575145,0.004073006273461848,0.004073012521901071,0.004073321823235626,0.004073428058387962
0.004073478914201968,0.004073459493800833,0.004073374221078558,0.004073350698459716,0.004073358109172783,0.004073380343275477,0.004073253161804552,0.0040732775642468785,0.004073281934348843,0.004073262460934894,0.004073173699833932,0.004073153246683029,0.004073171257452852,0.0040731851028684525,0.004073053219862225,0.004073073448482402,0.004073103332755972,0.004073079753504505,0.004073003318125661,0.004072978557915732,0.004073009370298426,0.004073015804948462,0.004073325218837271,0.004073431713237147
0.004073476750428378,0.004073457329597206,0.004073372054987694,0.004073348531847771,0.004073355913544354,0.004073378148146201,0.004073250963820875,0.004073275366811245,0.004073279713282195,0.004073260239426194,0.0040731714763112895,0.004073151022695907,0.004073169010116797,0.004073182855850162,0.00407305096981784,0.004073071198902475,0.004073101060085739,0.00407307748028721,0.004073001043136083,0.004072976282351482,0.004073006726622113,0.004073013348279452,0.0040733228936162885,0.004073429655512024
0.004073469111192155,0.004073449688842706,0.0040733644075700666,0.0040733408825904364,0.004073348235681992,0.004073370472029362,0.00407324327772227,0.004073267682629131,0.004073272005671648,0.004073252530281578,0.004073163760177687,0.004073143304950408,0.004073161269985444,0.00407317511681326,0.004073043220358423,0.0040730634510427605,0.00407309329076052,0.004073069709091774,0.004072993265881804,0.004072968503132592,0.004072998579914697,0.004073005389365302,0.004073315085049504,0.0040734221201878685
0.004073436701040774,0.0040734172722494254,0.004073331962705792,0.0040733084299204485,0.0040733156672810925,0.004073337911033286,0.004073210674381885,0.004073235087418809,0.0040732393881301844,0.004073219906247661,0.004073131106565152,0.004073110644516058,0.004073128591715913,0.004073142443164768,0.00407301050270358,0.0040730307401422436,0.004073060565949953,0.004073036976403165,0.004072960507671182,0.004072935736646331,0.004072965452418724,0.0040729724518523795,0.004073282289458172,0.004073389801893133,0.004073283994737991
0.004073436485604848,0.004073417056770677,0.0040733317470391115,0.004073308214201884,0.004073315406522064,0.00407333765033355,0.004073210413343099,0.004073234826445121,0.004073239103248874,0.004073219621309643,0.004073130821368784,0.004073110359260105,0.004073128282565775,0.0040731421340583504,0.004073010193180816,0.0040730304306833805,0.004073060232621896,0.004073036642994861,0.004072960174002895,0.004072935402893744,0.004072964746206418,0.00407297193409532,0.004073281788082565,0.0040733896936997974,0.004073283593412038
0.004073392117663007,0.004073372680008926,0.004073287331570269,0.0040732637880458765,0.004073270938451293,0.004073293192374571,0.004073165897560049,0.004073190321764235,0.0040731945767103,0.004073175085906894,0.004073086245582225,0.0040730657741596945,0.004073083681755367,0.004073097539555839,0.004072965538607901,0.004072985785330392,0.004073015576921197,0.004072991976542399,0.004072915472718599,0.004072890690315044,0.004072919674424827,0.0040729270538838605,0.004073237058051945,0.004073345308214054,0.004073238969510017,0.004073341244083808
0.004073389114646605,0.004073369676395502,0.004073284325336729,0.004073260781088922,0.004073267886158342,0.0040732901407757585,0.004073162841991817,0.00407318726695812,0.004073191498159303,0.004073172006742975,0.004073083163625932,0.0040730626915593815,0.004073080575811,0.004073094434050791,0.0040729624289192355,0.004072982676283851,0.00407301244489265,0.004072988843759684,0.004072912337492647,0.004072887554296862,0.004072916166791061,0.004072923734654457,0.0040732337526235545,0.004073342496594105,0.004073235773963089,0.004073338123394919
0.004073370382892842,0.004073350940917581,0.004073265573514948,0.004073242024754547,0.004073249085809003,0.004073271344702058,0.004073144021467975,0.004073168451128684,0.004073172659340162,0.004073153164172991,0.00407306430396773,0.0040730438279600635,0.004073061691808323,0.004073075552719218,0.004072943522150594,0.0040729637734194255,0.004072993523888484,0.004072969918199324,0.004072893397171876,0.004072868609189945,0.004072896855008056,0.004072904612196779,0.00407321469264105,0.0040733239535882685,0.004073216826375726,0.004073319264700538
0.004073369471498662,0.004073350029342193,0.004073264291142623,0.0040732407420736114,0.004073248127713974,0.004073270386824926,0.004073143062344787,0.004073167492244739,0.004073171676321782,0.004073152180958889,0.004073063319861918,0.004073042843648592,0.0040730606834723584,0.0040730745445258865,0.004072942512598967,0.004072962764076279,0.004072992490629914,0.004072968884691935,0.004072892362858401,0.0040728675746150925,0.004072895443077016,0.004072903390850164,0.004073213481751832,0.004073323243300748,0.004073215728650868,0.004073318234926801
0.004073350447416856,0.004073331001477828,0.004073245246606105,0.004073221692953707,0.004073229033295805,0.004073251296749598,0.0040731239474350355,0.004073148382103173,0.004073152542831861,0.004073133043659178,0.004073044165205413,0.004073023684989033,0.004073041504091405,0.004073055367858028,0.004072923310094269,0.004072943565537155,0.004072973273668537,0.004072949663102756,0.004072873126276823,0.0040728483331721466,0.00407287582868667,0.0040728839687693775,0.004073194112526878,0.0040733044117038835,0.004073196481184915,0.004073299084220296
0.0016206432741556285,0.0016206409111043955,0.001620630709556446,0.0016206278504848216,0.001620629561389346,0.0016206322640355396,0.001620616950021432,0.001620619913081372,0.0016206210568210633,0.0016206186921010621,0.0016206081932931167,0.0016206057123655186,0.0016206081371114825,0.001620609816786684,0.0016205938843886988,0.0016205963355668427,0.0016206001778036239,0.001620597319791547,0.0016205885352985573,0.0016205855372319687,0.0016205883864437206,0.001620589394128735,0.001620625277665936,0.0016206376904954716,0.0016206255797067922,0.0016206370045357469
0.0016206435652841142,0.0016206412022327112,0.0016206309557569157,0.0016206280966851176,0.0016206298523202766,0.001620632554966664,0.0016206172726076652,0.0016206202356678404,0.0016206213476649997,0.0016206189829448291,0.0016206083791181747,0.0016206058981904634,0.0016206084278681094,0.001620610107543431,0.001620594286383668,0.0016205967375620544,0.0016206004684732212,0.0016205976104604965,0.0016205885192826387,0.0016205855212152469,0.0016205886742661562,0.001620589683459092,0.0016206255658572203,0.0016206379842039383,0.0016206258691921118,0.0016206372943846977
0.0016206435735682252,0.0016206412105168177,0.001620631008968115,0.00162062814989628,0.001620629860603468,0.001620632563249861,0.0016206172492346232,0.0016206202122947802,0.0016206213559481744,0.0016206189912279993,0.0016206084924192787,0.0016206060114914989,0.0016206084361512592,0.0016206101158265842,0.0016205941834274242,0.0016205966346057483,0.0016206004767563547,0.0016205976187436244,0.001620588834250402,0.001620585836182777,0.001620588682549267,0.0016205896917422039,0.0016206255741209664,0.0016206379925064805,0.0016206258774623084,0.0016206373026563072
0.0016206435740643613,0.0016206412110129538,0.001620630964537136,0.0016206281054653318,0.0016206298610996048,0.0016206325637459981,0.0016206172813869669,0.001620620244447149,0.0016206213564443107,0.0016206189917241348,0.0016206083878974576,0.001620605906969741,0.0016206084366473929,0.0016206101163227186,0.0016205942951629216,0.0016205967463413125,0.0016206004772524886,0.0016205976192397572,0.0016205885280618792,0.001620585529994481,0.0016205886830453985,0.001620589692238336,0.0016206255746171031,0.0016206379930026125,0.001620625877958446,0.00162063730315244
0.0016206435740634551,0.0016206412110120472,0.0016206310094633424,0.001620628150391507,0.0016206298610986964,0.0016206325637450896,0.0016206172497298494,0.001620620212790007,0.0016206213564434024,0.0016206189917232262,0.001620608492914505,0.001620606011986724,0.001620608436646484,0.0016206101163218094,0.0016205941839226483,0.0016205966351009722,0.0016206004772515799,0.0016205976192388489,0.0016205888347456255,0.0016205858366780007,0.0016205886830444902,0.0016205896922374277,0.0016206255746161933,0.001620637993001706,0.0016206258779575364,0.001620637303151532
0.001620643574064621,0.0016206412110132131,0.0016206309645373943,0.0016206281054655912,0.0016206298610998645,0.0016206325637462577,0.0016206172813872273,0.001620620244447409,0.0016206213564445699,0.0016206189917243948,0.001620608387897716,0.0016206059069700008,0.0016206084366476522,0.0016206101163229773,0.001620594295163181,0.001620596746341573,0.0016206004772527471,0.0016205976192400161,0.0016205885280621381,0.0016205855299947396,0.0016205886830456572,0.0016205896922385948,0.001620625574617364,0.001620637993002873,0.0016206258779587071,0.001620637303152699
0.0016206435740636323,0.0016206412110122252,0.00162063100946352,0.0016206281503916848,0.001620629861098873,0.001620632563745267,0.0016206172497300255,0.0016206202127901845,0.001620621356443579,0.0016206189917234038,0.0016206084929146812,0.0016206060119869005,0.001620608436646661,0.0016206101163219863,0.001620594183922825,0.0016205966351011498,0.0016206004772517557,0.0016205976192390254,0.0016205888347458012,0.0016205858366781759,0.0016205886830446652,0.0016205896922376027,0.001620625574616371,0.0016206379930018848,0.0016206258779577134,0.0016206373031517106
0.001620643574064621,0.0016206412110132131,0.0016206309645373943,0.0016206281054655912,0.0016206298610998645,0.0016206325637462577,0.0016206172813872273,0.001620620244447409,0.0016206213564445699,0.0016206189917243948,0.001620608387897716,0.0016206059069700008,0.0016206084366476522,0.0016206101163229773,0.001620594295163181,0.001620596746341573,0.0016206004772527471,0.0016205976192400161,0.0016205885280621381,0.0016205855299947396,0.0016205886830456572,0.0016205896922385948,0.001620625574617364,0.001620637993002873,0.0016206258779587071,0.001620637303152699
0.004073348364058481,0.0040733289177052,0.004073243531089195,0.004073219977023915,0.004073226896852088,0.004073249160791816,0.0040731215476092165,0.004073145982876011,0.004073150378918586,0.004073130879315017,0.004073042865752065,0.004073022385264104,0.00407303931189349,0.004073053175970226,0.004072920195901268,0.004072940451987301,0.004072971054092603,0.004072947442988622,0.004072873440325022,0.004072848647292979,0.004072873203253698,0.004072881546869717,0.0040731916809522446,0.004073302548508852,0.004073194183802595,0.004073296872497866
0.004073353675404362,0.004073334230107175,0.004073248478064448,0.0040732249251897775,0.004073232172127819,0.004073254434867693,0.004073127089635653,0.004073151523519952,0.004073155635885996,0.004073136137329207,0.004073047261681368,0.004073026782112126,0.0040730445523701996,0.004073058415705599,0.004072926362048346,0.004072946616860944,0.004072976275755013,0.004072952665908545,0.0040728761314277745,0.004072851339075832,0.0040728780792084005,0.004072886599027507,0.0040731967155814295,0.004073308051226631,0.004073199329979036,0.004073302079163164
0.004073339662394287,0.004073320214310753,0.004073234820101356,0.00407321126393951,0.004073218094375113,0.0040732403603169955,0.004073112735661623,0.004073137173126677,0.004073141522530237,0.0040731220211631105,0.004073033999644096,0.004073013517303138,0.004073030398368395,0.0040730442637061,0.004072911271545201,0.004072931529474353,0.004072962087227682,0.004072938473964182,0.00407286446453654,0.00407283966923607,0.0040728634905878285,0.004072872205789498,0.0040731823591310876,0.00407329424744955,0.004073185100389194,0.004073287936390503
0.004073325020024353,0.004073305569029182,0.004073219791871805,0.004073196232092805,0.004073203386237931,0.004073225655525376,0.004073098272851241,0.004073122713924388,0.00407312677808766,0.0040731072737843765,0.004073018371956416,0.004072997886349162,0.004073015612352575,0.004073029479782105,0.004072897387136311,0.004072917647933083,0.004072947266035188,0.004072923649202104,0.004072847092087234,0.004072822292396056,0.004072848265039707,0.004072857177380415,0.004073167370705844,0.004073279815452166,0.004073170240082784,0.004073273163680814
0.0040733121226844415,0.0040732926691245,0.004073207250881338,0.004073183688083682,0.004073190425071355,0.0040732126973071405,0.0040730850365864124,0.004073109480961827,0.004073113781779968,0.004073094274888515,0.004073006228447222,0.0040729857403017525,0.004073002576254915,0.004073016445528799,0.004072883415622444,0.004072903679304968,0.004072934195780869,0.004072910575799743,0.004072836545331146,0.004072811742974252,0.004072834788834693,0.004072843899722208,0.004073154128725704,0.004073267130449894,0.004073157127229615,0.00407326013672657
0.00407330259625418,0.0040732831407997334,0.004073197343987484,0.0040731737788051135,0.00407318083879552,0.004073203113212034,0.00407307570120746,0.004073100147912024,0.004073104162817143,0.004073084654010023,0.0040729957316633135,0.0040729752413237365,0.004072992921150718,0.004073006791790662,0.004072874668571973,0.004072894934061234,0.004072924508696204,0.004072900886381788,0.004072824311509406,0.004072799506060258,0.004072824696094441,0.0040728340066660835,0.004073144261843583,0.004073257818884894,0.004073147390295478,0.004073250482282979
0.004073282994741545,0.004073263535388768,0.004073178091723153,0.004073154521906263,0.004073161164743303,0.004073183443635599,0.004073055744771724,0.004073080196455623,0.0040730844480349054,0.004073064935301278,0.004072976862503806,0.004072956368219864,0.004072973158609603,0.004072987032045823,0.004072853962225233,0.0040728742319917025,0.004072904706960249,0.004072881079876015,0.004072807027159103,0.0040727822173408845,0.00407280447544413,0.00407281398802462,0.004073124302442482,0.004073238428460464,0.004073127561987066,0.004073230747184695
0.004073273917261705,0.004073254456103511,0.004073168634151206,0.004073145062057522,0.004073152027632022,0.004073174308603089,0.004073046859116508,0.004073071313017584,0.004073075278284675,0.004073055763724651,0.004072966815168663,0.004072946318784343,0.004072963952924117,0.004072977827662953,0.0040728456654103825,0.004072865936890777,0.00407289546930442,0.004072871839994921,0.004072795242461038,0.0040727704296637645,0.004072794827214898,0.004072804541891206,0.0040731148830155176,0.004073229567648018,0.004073118274056999,0.004073221541515325
0.004073254135258399,0.004073234670165563,0.0040731492013091185,0.004073125624536956,0.004073132172674465,0.004073154458162945,0.004073026721501595,0.0040730511804277485,0.004073055382224913,0.004073035863701855,0.00407294776478617,0.004072927264419177,0.0040729440086678765,0.004072957886229003,0.004072824776853179,0.004072845052648877,0.00407287548549539,0.004072851851371705,0.004072777776605844,0.004072752959393147,0.00407277442004997,0.004072784338647007,0.004073094741856592,0.004073209998078028,0.00407309826494608,0.004073201625381964
0.004073240719801941,0.004073221252040598,0.004073135400984045,0.004073111820889236,0.004073118692176332,0.00407314098073209,0.004073013487872661,0.004073037950101292,0.004073041865525699,0.00407302234431013,0.004072933365432573,0.0040729128620550755,0.004072930450931143,0.004072944330410918,0.004072812123010212,0.0040728324014201855,0.004072861892582746,0.004072838255184271,0.0040727616314451005,0.004072736810150608,0.004072760408771622,0.0040727705313269805,0.00407308097801103,0.0040731967985540045,0.004073084632950367,0.004073188078963044
0.004073230565043131,0.0040732110952618,0.00407312523530186,0.004073101652759398,0.0040731084761523794,0.004073130767032736,0.0040730029994748415,0.0040730274643209835,0.0040730316154948066,0.004073012092237353,0.00407292397196308,0.004072903466621584,0.004072920163213594,0.004072934044149328,0.004072800902413132,0.004072821183141374,0.004072851571613842,0.004072827931728742,0.004072753838917025,0.0040727290156523524,0.004072749666886126,0.004072759995928634,0.004073070480340546,0.004073186861124596,0.004073074266989318,0.004073177795090103
0.004073228564246036,0.004073209094066696,0.004073123602887642,0.00407310001995212,0.004073106423592418,0.004073128714939835,0.004073001206116399,0.004073025671410107,0.004073029535194524,0.004073010011522649,0.004072921021454587,0.004072900515496178,0.004072918054385614,0.004072931935619801,0.004072799711511804,0.004072819992486108,0.0040728494351296,0.004072825794729752,0.004072749161267223,0.004072724336819876,0.0040727471157756545,0.0040727576514445005,0.004073068142395959,0.0040731850808263855,0.00407307206384821,0.0040731756698637435
0.004073212825433977,0.004073193352123684,0.004073107847204162,0.004073084260474843,0.004073090615798585,0.004073112910743177,0.004072985381349415,0.00407300985059261,0.00407301368880414,0.00407299416197537,0.004072905157525016,0.004072884648249562,0.004072902163735856,0.0040729160472190735,0.004072783801693545,0.004072804085955129,0.004072833507097935,0.004072809862860342,0.0040727332169649515,0.004072708388486174,0.004072730756831166,0.004072741501460373,0.004073052042994435,0.004073169555880023,0.004073056100334633,0.004073159799464798
0.004073205213341658,0.004073185738517012,0.004073100226951598,0.004073076638387327,0.004073082944720961,0.004073105241411236,0.004072977702034834,0.004073002173194686,0.004073005985412512,0.0040729864570490165,0.0040728974456067145,0.0040728769347186805,0.004072894425251145,0.004072908309829647,0.004072776053873678,0.004072796339736186,0.0040728257368445936,0.004072802090734733,0.0040727254387738845,0.004072700608328349,0.004072722562515477,0.0040727335159683135,0.0040730440826058645,0.004073162166217418,0.004073048276041876,0.00407315205735693
0.0040731948784044104,0.004073175401523657,0.00407308988093484,0.004073066289879168,0.004073072547338548,0.004073094846395001,0.004072967293487709,0.0040729917672454805,0.0040729955535303095,0.0040729760230884295,0.0040728870021773484,0.0040728664891055,0.004072883955123434,0.004072897841183899,0.004072765571115153,0.0040727858591437655,0.004072815232986445,0.004072791584345565,0.0040727149241851545,0.004072690091080858,0.00407271163050727,0.004072722793617362,0.004073033394164112,0.004073152052918719,0.004073037724220777,0.004073141590621334
0.004073174371216395,0.004073154890255573,0.004073069351760978,0.00407304575576145,0.004073051964935676,0.0040730742686764165,0.004072946688982163,0.0040729711678830225,0.0040729749286259114,0.004072955394074624,0.00407286635444178,0.004072845837052052,0.0040728632803608885,0.004072877169347872,0.004072744871409844,0.004072765163715987,0.004072794517329111,0.00407277086369628,0.00407269418736382,0.0040726693490156325,0.004072690475085426,0.004072701849367804,0.004073012515333366,0.004073131763286749,0.004073016983146858,0.004073120945784741
0.001620632852338772,0.0016206304892936135,0.0016206202877718891,0.0016206174287076163,0.0016206190972245776,0.0016206217998637944,0.0016206065175453407,0.0016206094805976548,0.0016206105703282,0.0016206082056143172,0.0016205976018158535,0.001620595120894738,0.001620597628302066,0.001620599307972913,0.0016205834868552992,0.0016205859380271548,0.001620589646664833,0.0016205867886597378,0.0016205776975061494,0.001620574699446761,0.0016205771157427184,0.0016205785141996686,0.0016206142997289058,0.0016206277247378265,0.0016206148571114086,0.0016206263697613494
0.001620633238703994,0.0016206308756586101,0.0016206206741359154,0.001620617815071369,0.001620619483394611,0.0016206221860340859,0.001620606903714177,0.0016206098667667737,0.0016206109564076748,0.0016206085916935656,0.0016205979878940924,0.00162059550697274,0.0016205980142905614,0.0016205996939615685,0.001620583872842447,0.001620586324014537,0.0016205900325627603,0.0016205871745570272,0.0016205780834029127,0.00162057508534254,0.0016205774986590218,0.0016205788986872818,0.0016206146832103434,0.001620628113639052,0.0016206152419304001,0.0016206267549359978
0.0016206332464320046,0.001620630883386616,0.0016206206818639012,0.00162061782279935,0.0016206194911224036,0.0016206221937618832,0.001620606911441945,0.0016206098744945472,0.0016206109641354527,0.001620608599421339,0.0016205979956218455,0.0016205955147004893,0.0016205980220183147,0.001620599701689325,0.0016205838805701746,0.0016205863317422687,0.0016205900402904985,0.00162058718228476,0.0016205780911306275,0.0016205750930702487,0.0016205775063867361,0.0016205789064149994,0.0016206146909337532,0.0016206281213721077,0.0016206152496553914,0.0016206267626608047
0.0016206332469157932,0.0016206308838704047,0.0016206206823476885,0.0016206178232831367,0.001620619491606189,0.0016206221942456694,0.0016206069119257297,0.0016206098749783316,0.0016206109646192354,0.0016206085999051218,0.001620597996105627,0.0016205955151842705,0.0016205980225020946,0.0016205997021731047,0.001620583881053952,0.001620586332226047,0.0016205900407742768,0.0016205871827685379,0.0016205780916144037,0.0016205750935540256,0.0016205775068705117,0.0016205789068987752,0.0016206146914175385,0.001620628121855896,0.0016206152501391771,0.0016206267631445929
0.0016206332469154469,0.0016206308838700584,0.0016206206823473426,0.001620617823282791,0.0016206194916058415,0.0016206221942453212,0.0016206069119253817,0.0016206098749779838,0.0016206109646188876,0.0016206085999047738,0.001620597996105279,0.0016205955151839225,0.0016205980225017474,0.001620599702172757,0.001620583881053604,0.0016205863322256988,0.001620590040773929,0.0016205871827681905,0.001620578091614057,0.0016205750935536774,0.0016205775068701652,0.0016205789068984282,0.0016206146914171911,0.00162062812185555,0.0016206152501388289,0.0016206267631442466
0.0016206332469154469,0.0016206308838700584,0.0016206206823473426,0.001620617823282791,0.0016206194916058415,0.0016206221942453212,0.0016206069119253817,0.0016206098749779838,0.0016206109646188876,0.0016206085999047738,0.001620597996105279,0.0016205955151839225,0.0016205980225017474,0.001620599702172757,0.001620583881053604,0.0016205863322256988,0.001620590040773929,0.0016205871827681905,0.001620578091614057,0.0016205750935536774,0.0016205775068701652,0.0016205789068984282,0.0016206146914171911,0.00162062812185555,0.0016206152501388289,0.0016206267631442466
0.0016206332469154469,0.0016206308838700584,0.0016206206823473426,0.001620617823282791,0.0016206194916058415,0.0016206221942453212,0.0016206069119253817,0.0016206098749779838,0.0016206109646188876,0.0016206085999047738,0.001620597996105279,0.0016205955151839225,0.0016205980225017474,0.001620599702172757,0.001620583881053604,0.0016205863322256988,0.001620590040773929,0.0016205871827681905,0.001620578091614057,0.0016205750935536774,0.0016205775068701652,0.0016205789068984282,0.0016206146914171911,0.00162062812185555,0.0016206152501388289,0.0016206267631442466
0.0016206332469154469,0.0016206308838700584,0.0016206206823473426,0.001620617823282791,0.0016206194916058415,0.0016206221942453212,0.0016206069119253817,0.0016206098749779838,0.0016206109646188876,0.0016206085999047738,0.001620597996105279,0.0016205955151839225,0.0016205980225017474,0.001620599702172757,0.001620583881053604,0.0016205863322256988,0.001620590040773929,0.0016205871827681905,0.001620578091614057,0.0016205750935536774,0.0016205775068701652,0.0016205789068984282,0.0016206146914171911,0.00162062812185555,0.0016206152501388289,0.0016206267631442466
0.004073162168259482,0.004073142684870633,0.004073057135720434,0.00407303353677885,0.004073039693417581,0.004073061999951333,0.004072934404285362,0.004072958886252776,0.004072962619480904,0.004072943082476933,0.004072854031670076,0.004072833511703243,0.004072850929174562,0.0040728648199099635,0.004072732505321715,0.004072752800183426,0.004072782129433374,0.004072758472812164,0.004072681786810694,0.004072656945320698,0.0040726776299240585,0.004072689227504729,0.0040729999248955975,0.00407311980135682,0.004073004542278879,0.004073108598319213
0.004073142997006547,0.004073123509802975,0.004073037943911502,0.004073014340347585,0.004073020452841394,0.0040730427637545715,0.004072915143045021,0.004072939629820783,0.004072943339544799,0.004072923798698946,0.004072834730389131,0.00407281420638552,0.004072831603001501,0.004072845496472847,0.004072713155830142,0.0040727334546908365,0.004072762765403674,0.004072739104115673,0.004072662402995549,0.004072637556603235,0.004072657859914522,0.004072669652243096,0.004072980414014687,0.00407310082302433,0.004072985157137974,0.004073089304124294
0.004073131551501701,0.0040731120620205565,0.004073026486133748,0.00407300287981008,0.004073008943170164,0.0040730312567032485,0.004072903621011851,0.004072928110664118,0.004072931794665265,0.00407291225151875,0.0040728231727275264,0.004072802646306538,0.004072820018773001,0.004072833913884381,0.0040727015576235885,0.004072721858881433,0.004072751146828269,0.004072727482739997,0.0040726507725480495,0.004072625923214139,0.00407264581284689,0.004072657814426761,0.004072968605000126,0.00407308959946365,0.0040729734887100365,0.004073077725270362
0.004073115326757305,0.004073095834047392,0.004073010243990843,0.004072986633754847,0.004072992648376384,0.004073014965618789,0.004072887308715784,0.0040729118024406645,0.0040729154611335245,0.004072895914731902,0.004072806821110972,0.004072786291269753,0.00407280364066619,0.004072817538096416,0.004072685159753239,0.004072705464400413,0.004072734731239139,0.0040727110631942395,0.004072634340184288,0.004072609486694053,0.004072628966654831,0.004072641176602913,0.004072952006751941,0.004073073594682206,0.004072957032319394,0.004073061364341163
0.004073098490592621,0.004073078994532066,0.0040729933897709,0.004072969775474903,0.0040729757415595876,0.004072998062650865,0.004072870383738239,0.004072894881688955,0.004072898515405193,0.004072878965626253,0.004072789856618861,0.004072769323229,0.004072786649972507,0.00407280054980845,0.0040726681485555435,0.004072688456719031,0.004072717702940942,0.0040726940307914804,0.004072617294484298,0.004072592436682347,0.004072611511431357,0.004072623927751092,0.004072934794032018,0.004073056978337958,0.00407293996253642,0.004073044391406425
0.004073094920527678,0.0040730754237565895,0.004072989444835824,0.004072965829589496,0.004072972117752351,0.004072994439668625,0.004072866494268843,0.004072890993190722,0.004072894863535243,0.004072875313028456,0.004072787069822658,0.004072766535849832,0.004072782968697588,0.004072796869054789,0.0040726635410791145,0.004072683850195027,0.004072713993819269,0.004072690320775714,0.0040726161241173035,0.004072591266019303,0.004072607395976557,0.004072620014042198,0.0040729308684175885,0.0040730536338018505,0.004072936179848693,0.00407304069166609
0.004073074819294988,0.00407305531852314,0.00407296969308607,0.004072946073081366,0.004072951942620693,0.004072974269130247,0.004072846559233395,0.0040728710631330635,0.004072874647934089,0.004072855093397964,0.00407276596271768,0.0040727454243293035,0.00407276270541543,0.004072776608641951,0.0040726441751005515,0.004072664488219859,0.0040726936916467525,0.0040726700137090925,0.004072593258650345,0.0040725683947680745,0.004072586678146485,0.004072599495968968,0.004072910383093334,0.004073033751192844,0.004072915839007842,0.004073020451354133
0.004073060480000512,0.004073040976374522,0.004072954967239895,0.00407293134368738,0.004072937537361719,0.004072959867151134,0.004072832138498547,0.004072856645999307,0.004072860207540225,0.004072840650125693,0.004072751506331873,0.004072730964919064,0.004072748224723268,0.004072762130000416,0.004072629676930898,0.004072649993047493,0.004072679176926939,0.004072655495490099,0.004072578729095322,0.004072553861537269,0.004072571766233762,0.004072584777269569,0.004072895668820885,0.004073019634398091,0.0040729012694809405,0.00407300597513721
0.004073045641525511,0.004073026134945858,0.004072940112792604,0.004072916485661099,0.004072922632969531,0.004072944966152633,0.004072817218093381,0.004072841729320209,0.004072845268723053,0.004072825708330594,0.004072736550969881,0.004072716006428083,0.004072733246142926,0.004072747153541312,0.00407261468027116,0.004072634999488262,0.0040726641650735505,0.004072640480017485,0.004072563701897791,0.0040725388305378534,0.0040725563735411205,0.004072569569761976,0.004072880449958996,0.004073005019256167,0.004072886197360647,0.004072990998642421
0.004073003295535051,0.0040729837805253775,0.00407289772121579,0.004072874083869515,0.004072880095282986,0.004072902438152809,0.004072774634700488,0.004072799156562757,0.0040728025835975925,0.00407278301469534,0.004072693818565525,0.004072673265082243,0.004072690398228966,0.00407270431169605,0.004072571780633693,0.004072592108721065,0.004072621172848034,0.004072597477425839,0.004072520665723832,0.0040724957834745975,0.004072512899838368,0.004072526273841,0.004072837583998777,0.004072962886222348,0.004072843480529225,0.004072948498450012,0.004072420044356064
0.0040729893949476535,0.0040729698771704405,0.0040728841771039016,0.004072860536493669,0.004072866131018817,0.004072888477068916,0.004072760393377726,0.004072784918797208,0.004072788586973679,0.0040727690152807415,0.004072680676496805,0.00407266012026335,0.004072676364242839,0.004072690279697808,0.004072556806944323,0.004072577138128103,0.004072607107581124,0.00407258340876721,0.0040725091313913026,0.004072484246223286,0.004072498506377086,0.0040725120393102655,0.004072823301806607,0.004072949211283618,0.004072829346674103,0.00407293445868607,0.004072405516340974
0.004072985402450158,0.004072965883878032,0.004072879808866495,0.004072856167203542,0.00407286208931304,0.004072884436283642,0.004072756609381159,0.004072781135745843,0.004072784522907698,0.004072764950404437,0.004072675737869052,0.004072655180602077,0.004072672276338517,0.004072686192372544,0.004072553636865146,0.004072573968704484,0.004072602997586495,0.004072579297781464,0.004072502471880742,0.004072477585027475,0.004072494118663819,0.004072507789467266,0.0040728189444511915,0.004072945452104643,0.004072825137964109,0.004072930329798469,0.004072401648422875
0.004072985518404075,0.004072965999855037,0.004072880296401273,0.00407285665485582,0.004072862163624797,0.004072884510578474,0.0040727564217096085,0.004072780948121173,0.004072784580638134,0.00407276500814638,0.004072676665758703,0.004072656108685916,0.0040726723174762895,0.004072686233504489,0.004072552755254081,0.004072573087275737,0.004072603022082478,0.004072579322283354,0.004072505041821583,0.004072480155618666,0.004072493916470989,0.004072507701151514,0.004072818703053418,0.004072945804343497,0.004072825045774587,0.004072930310665849,0.004072401221150017
0.004072941834052768,0.004072922306805344,0.004072836193556396,0.004072812541381468,0.004072818288114663,0.004072840645061933,0.004072712761108351,0.004072737298426828,0.004072740559410889,0.0040727209781410145,0.004072631725666571,0.004072611159188273,0.004072628134709772,0.00407264205699712,0.004072509441939326,0.0040725297829188,0.0040725586968451515,0.004072534986356099,0.004072458125843245,0.004072433227766745,0.004072449266688161,0.004072463146660816,0.004072774490289122,0.004072902339948432,0.00407278098596246,0.004072886465440899,0.004072356797947559,0.004072358992122363
0.004072924965312226,0.004072905434705548,0.004072819678335851,0.00407279602218006,0.004072801348970861,0.004072823709776809,0.004072695541531864,0.004072720083152453,0.004072723583098421,0.004072703998442984,0.004072615601180739,0.004072595031327375,0.0040726111151636575,0.004072625039862346,0.0040724914784676415,0.004072511823162635,0.004072541641446084,0.004072517926843319,0.004072443600013896,0.0040724186982607664,0.004072432047091542,0.004072445995544235,0.0040727572237240885,0.004072885703502147,0.004072763871523416,0.004072869449806219,0.004072339080046406,0.004072341432127618
0.004072908827960502,0.004072889294140019,0.00407280315191957,0.004072779491779979,0.004072785142792679,0.0040728075072905615,0.0040726795801591656,0.004072704125767767,0.004072707341102867,0.004072687753208124,0.0040725984705519925,0.004072577897112756,0.004072594831546491,0.0040726087585523894,0.004072476098559858,0.004072496446436178,0.004072525323269568,0.004072501604730677,0.004072424718139455,0.004072399811606851,0.004072415602912566,0.004072429599870969,0.004072740688680991,0.00407286979994475,0.004072747489305377,0.0040728531649768,0.004072322767425278,0.0040723252943537696
0.0016206194014036978,0.0016206170383663797,0.0016206068368785054,0.001620603977823719,0.0016206055948657246,0.0016206082974959395,0.0016205929835723689,0.0016205959466147903,0.0016205970379658456,0.001620594673259856,0.001620584174514116,0.0016205816936012182,0.0016205840659511076,0.0016205857456163344,0.0016205698133129557,0.0016205722644765438,0.0016205760543087692,0.0016205731963128917,0.0016205644118729308,0.0016205614138226697,0.0016205629637623877,0.0016205646525201684,0.0016206002372257913,0.0016206147539498696,0.0016206010765001707,0.0016206126958502754,0.001620551708561474,0.0016205520350950845
0.00162061939573881,0.001620617032701496,0.0016206067862867901,0.0016206039272320385,0.0016206055890173215,0.0016206082916475322,0.001620593009380004,0.0016205959724224438,0.0016205970320378221,0.001620594667331836,0.0016205840635687846,0.0016205815826559548,0.001620584059943471,0.0016205857396086956,0.001620569918544036,0.0016205723697076877,0.001620576048221448,0.0016205731902251966,0.0016205640991027949,0.0016205611010520558,0.0016205629570046883,0.0016205646460937843,0.0016206002286561316,0.0016206147507871124,0.001620601069289615,0.0016206126890026475,0.0016205517419657124,0.001620552069859153
0.0016206194056563566,0.0016206170426190365,0.0016206068411311527,0.001620603982076363,0.0016206055989346827,0.0016206083015649004,0.0016205929876413141,0.0016205959506837393,0.0016205970419550138,0.001620594677249022,0.0016205841785032708,0.0016205816975903705,0.0016205840698604818,0.0016205857495257112,0.0016205698172223166,0.001620572268385908,0.0016205760581382898,0.0016205732001420316,0.001620564415702414,0.0016205614176514405,0.0016205629669213495,0.0016205646560104492,0.0016206002385734473,0.0016206147607049346,0.0016206010792069027,0.0016206126989198933,0.001620551710200833,0.0016205520380968693
0.0016206194063460146,0.001620617043308694,0.0016206067968939615,0.0016206039378392028,0.001620605599624338,0.001620608302254557,0.0016205930199869865,0.0016205959830294344,0.001620597042644667,0.001620594677938675,0.0016205840741755964,0.00162058159326276,0.0016205840705501324,0.0016205857502153613,0.0016205699291506608,0.0016205723803143187,0.0016205760588279394,0.0016205732008316802,0.001620564109709255,0.001620561111658508,0.0016205629676109962,0.001620564656700097,0.0016206002392631033,0.0016206147613945924,0.0016206010798965583,0.0016206126996095513,0.0016205517525674307,0.0016205520804634707
0.0016206194063465233,0.001620617043309203,0.0016206068418213174,0.0016206039827665266,0.0016206055996248478,0.0016206083022550658,0.0016205929883314773,0.0016205959513739022,0.0016205970426451772,0.0016205946779391845,0.0016205841791934316,0.0016205816982805311,0.0016205840705506426,0.0016205857502158726,0.0016205698179124753,0.001620572269076066,0.0016205760588284498,0.0016205732008321913,0.0016205644163925733,0.0016205614183415985,0.0016205629676115066,0.0016205646567006068,0.001620600239263612,0.0016206147613951017,0.001620601079897068,0.0016206126996100604,0.0016205517108909885,0.0016205520387870252
0.0016206194063460146,0.001620617043308694,0.0016206067968939615,0.0016206039378392028,0.001620605599624338,0.001620608302254557,0.0016205930199869865,0.0016205959830294344,0.001620597042644667,0.001620594677938675,0.0016205840741755964,0.00162058159326276,0.0016205840705501324,0.0016205857502153613,0.0016205699291506608,0.0016205723803143187,0.0016205760588279394,0.0016205732008316802,0.001620564109709255,0.001620561111658508,0.0016205629676109962,0.001620564656700097,0.0016206002392631033,0.0016206147613945924,0.0016206010798965583,0.0016206126996095513,0.0016205517525674307,0.0016205520804634707
0.0016206194063465233,0.001620617043309203,0.0016206068418213174,0.0016206039827665266,0.0016206055996248478,0.0016206083022550658,0.0016205929883314773,0.0016205959513739022,0.0016205970426451772,0.0016205946779391845,0.0016205841791934316,0.0016205816982805311,0.0016205840705506426,0.0016205857502158726,0.0016205698179124753,0.001620572269076066,0.0016205760588284498,0.0016205732008321913,0.0016205644163925733,0.0016205614183415985,0.0016205629676115066,0.0016205646567006068,0.001620600239263612,0.0016206147613951017,0.001620601079897068,0.0016206126996100604,0.0016205517108909885,0.0016205520387870252
0.0016206194063460146,0.001620617043308694,0.0016206067968939615,0.0016206039378392028,0.001620605599624338,0.001620608302254557,0.0016205930199869865,0.0016205959830294344,0.001620597042644667,0.001620594677938675,0.0016205840741755964,0.00162058159326276,0.0016205840705501324,0.0016205857502153613,0.0016205699291506608,0.0016205723803143187,0.0016205760588279394,0.0016205732008316802,0.001620564109709255,0.001620561111658508,0.0016205629676109962,0.001620564656700097,0.0016206002392631033,0.0016206147613945924,0.0016206010798965583,0.0016206126996095513,0.0016205517525674307,0.0016205520804634707
0.004072906249187876,0.004072886714853804,0.004072800942126181,0.004072777281453885,0.004072782509235016,0.004072804874332872,0.0040726766814945204,0.004072701227827389,0.004072704681443112,0.004072685093017906,0.00407259667874892,0.004072576104934597,0.004072592144795339,0.004072606072181934,0.004072472485011978,0.004072492833635791,0.004072522610553722,0.0040724988913573325,0.004072424550152207,0.004072399643571188,0.0040724128012879415,0.004072426832361928,0.004072737706898658,0.0040728674806226155,0.004072744671268262,0.004072850434314928,0.0040723193528384724,0.004072322079956943
0.004072888038268354,0.0040728685003072656,0.004072782339836623,0.004072758674679804,0.004072764231692399,0.004072786600954368,0.004072658646579786,0.004072683197419071,0.004072686368947509,0.004072666776869786,0.0040725774751567785,0.004072556897322367,0.0040725737908126735,0.004072587720800013,0.004072455032415215,0.004072475384649349,0.004072504223054753,0.00407248049942277,0.004072403596344575,0.004072378684459244,0.0040723943391778135,0.004072408391164543,0.004072719127954241,0.0040728494790446155,0.004072726231805749,0.004072832087871333,0.004072300953909262,0.004072303865859533
0.004072868006728564,0.0040728484647775684,0.004072762658622493,0.004072738988720717,0.0040727441269234575,0.004072766500766153,0.004072638257818284,0.004072662813752496,0.004072666225973195,0.004072646629877575,0.004072558181004725,0.0040725375991309785,0.004072553602446518,0.004072567535294735,0.004072433895751424,0.0040724542523582884,0.004072483998064348,0.004072460269553171,0.004072385899172484,0.004072360982806916,0.004072374046364983,0.004072388113713427,0.004072698689089923,0.004072829682400547,0.004072705947359549,0.004072811904149872,0.0040722799771142374,0.004072283099686849
0.004072851762144778,0.0040728322169579535,0.004072746024639077,0.0040727223507267376,0.004072727813730892,0.004072750191290672,0.0040726221894654925,0.004072646749415276,0.004072649877434294,0.004072630278077434,0.004072540943202065,0.004072520357719258,0.004072537212719063,0.00407255114789001,0.004072418410141769,0.0040724387699524875,0.0040724675742593525,0.004072443841785747,0.0040723669100641334,0.004072341988890949,0.004072357567382822,0.004072371644890234,0.004072682043138979,0.004072813674854652,0.00407268945562423,0.004072795508825755,0.004072263490587827,0.004072266831231791
0.004072842046442547,0.004072822499320322,0.0040727366704709075,0.0040727129943031164,0.00407271803761718,0.004072740417404624,0.004072612402840641,0.004072636965236269,0.00407264007113591,0.004072620469822782,0.004072531126035013,0.004072510538496698,0.0040725273727143015,0.004072541309279821,0.004072408558251045,0.0040724289201001405,0.004072457704800778,0.0040724339699459424,0.004072357030510058,0.004072332106835464,0.004072347655548745,0.0040723617392860985,0.004072671936790627,0.0040728041994378805,0.0040726795031156915,0.004072785645363464,0.004072253218756593,0.0040722567814234275
0.004072821782068767,0.0040728022309095835,0.004072716384343696,0.004072692703284298,0.004072697699278178,0.004072720083700343,0.004072592042632973,0.004072616610117245,0.004072619694319653,0.004072600088941305,0.00407251072663316,0.004072490134823402,0.004072506950149586,0.004072520889609657,0.0040723881110161005,0.0040724084770959994,0.004072437245359065,0.004072413505567649,0.00407233655013917,0.004072311621278857,0.004072327145375156,0.004072341234988798,0.004072651258843705,0.004072784172099442,0.004072658981742048,0.0040727652263240635,0.004072232331762809,0.00407223611890879
0.004072827287598033,0.0040728077375356605,0.004072721895783213,0.004072698216052826,0.004072703163263387,0.004072725546440382,0.0040725975124934555,0.004072622078610603,0.004072625140263534,0.004072605535971694,0.004072516178613475,0.0040724955879453415,0.004072512379940476,0.004072526318630945,0.004072393547366292,0.004072413912321308,0.004072442656585633,0.004072418918099908,0.004072341966901365,0.004072317039412636,0.004072332536939116,0.004072346627574159,0.00407265639413718,0.004072789924992549,0.004072664272027419,0.004072770591414091,0.004072237366987214,0.004072241379137851
0.004072822824877471,0.004072803273926037,0.004072717428271879,0.004072693747464209,0.004072698646381348,0.004072721030587676,0.00407259299075454,0.004072617558001842,0.0040726205974459745,0.004072600992247804,0.004072511630760539,0.004072491039140101,0.004072507809532563,0.004072521748870827,0.004072388971437239,0.004072409337339097,0.004072438060540545,0.004072414320945825,0.004072337366154577,0.004072312437500887,0.00407232791132468,0.004072342003712373,0.00407265154284021,0.0040727857059445595,0.004072659576807984,0.0040727659820545105,0.0040722323722755,0.004072236610965674
0.004072807813355134,0.004072788259413006,0.004072702028504164,0.004072678343982916,0.004072683567366267,0.004072705955009021,0.004072577632984333,0.0040726022040702475,0.004072605484163246,0.004072585875949758,0.00407249737240912,0.004072476777802941,0.004072492656578099,0.004072506598064165,0.004072372875689637,0.004072393244922129,0.004072422874486034,0.004072399131226909,0.004072324714653077,0.0040722997827957914,0.0040723126846614445,0.004072326779891501,0.004072636123371734,0.004072770934287914,0.004072644314552287,0.004072750817287724,0.0040722164177286035,0.00407222088392028
0.004072795527884443,0.004072775971494607,0.004072690101973613,0.0040726664145761945,0.004072671217831069,0.004072693608288359,0.0040725655327094505,0.004072590106819933,0.004072593102560878,0.004072573491876965,0.004072484105397687,0.004072463508013219,0.004072480238472536,0.004072494181718853,0.004072361367068923,0.004072381738682968,0.0040724104252564605,0.0040723866789931715,0.004072309702598386,0.0040722847669395785,0.0040723001984001375,0.004072314295820471,0.004072623433809855,0.004072758892381587,0.004072631782191904,0.0040727383781728145,0.004072203899327647,0.004072208593038142
0.004072777984005157,0.004072758424119749,0.0040726721670152535,0.0040726484752924485,0.004072653600987323,0.004072675995459813,0.004072547634299535,0.004072572212884118,0.004072575447023077,0.004072555832816261,0.004072467302237683,0.004072446701334221,0.004072462537929396,0.0040724764836848745,0.004072342720369537,0.004072363095842468,0.0040723926873878534,0.004072368936843962,0.004072294497452996,0.004072269557943557,0.004072282415246011,0.004072296515542296,0.004072605476553431,0.004072741588980356,0.004072613981360459,0.004072720677847005,0.004072185343674749,0.004072190290507135
0.004072760494878625,0.004072740931508338,0.004072654659043857,0.0040726309630983795,0.00407263603847988,0.004072658436955442,0.004072530052856861,0.004072554635836587,0.00407255784534994,0.004072538227630749,0.0040724496812066845,0.0040724290766127125,0.0040724448907965794,0.0040724588390538136,0.004072325051748361,0.004072345430878011,0.004072375002451839,0.004072351247639839,0.0040722767948804415,0.004072251850887659,0.0040722646848023476,0.0040722787878390695,0.0040725875738166365,0.004072724340483959,0.004072596234735282,0.004072703031811259,0.00407216717828297,0.004072172383862059
0.00407273892063668,0.004072719352967207,0.0040726330615536155,0.004072609360398764,0.004072614385492794,0.004072636788904138,0.004072508376522697,0.004072532964921635,0.004072536149720601,0.004072516527671785,0.004072427961715344,0.0040724073525721695,0.0040724231447774855,0.004072437096117767,0.004072303279247946,0.004072323662883974,0.004072353215488948,0.0040723294554184854,0.004072254986188677,0.00407223003667223,0.004072242847642117,0.004072256953930682,0.0040725655787977886,0.004072703005573933,0.004072574395826735,0.0040726812977179725,0.004072144897501791,0.0040721503647274246
0.0040727328663453044,0.004072713297469312,0.004072627000737844,0.004072603298121033,0.004072608271905121,0.004072630676710114,0.004072502256342774,0.004072526846271869,0.004072530005587098,0.004072510382312089,0.004072421810823856,0.004072401200392304,0.004072416967868016,0.004072430920084074,0.0040722970948161505,0.00407231747973227,0.004072347008452374,0.0040723232468837176,0.004072248772961311,0.004072223821871112,0.004072236607727007,0.0040722507149884325,0.004072559131459422,0.004072697196384464,0.004072568102649647,0.004072675092189424,0.004072138225129059,0.004072143955685085
0.004072715588120933,0.004072696015801518,0.0040726097038928325,0.004072585997103587,0.004072590920102888,0.004072613328863576,0.0040724848858294405,0.004072509480101664,0.004072512614104982,0.004072492987358972,0.0040724044002119235,0.004072383786133332,0.004072399530484203,0.004072413485172682,0.004072279636195924,0.004072300024725885,0.004072329532731699,0.004072305766944736,0.004072231279809903,0.0040722063242886655,0.0040722190863254895,0.004072233196147861,0.004072541441847952,0.004072680159089245,0.004072550567174597,0.004072657655728139,0.004072120255835416,0.004072126252814447
0.004072701227777836,0.004072681652596353,0.0040725953280727955,0.004072571617815545,0.004072576489818906,0.004072598901869457,0.004072470702810741,0.004072495300629327,0.004072498146239213,0.004072478516605537,0.004072389043794846,0.004072368426499336,0.004072385019851176,0.004072398976597212,0.00407226603338968,0.00407228642473551,0.004072314985618771,0.004072291216320218,0.004072214165300245,0.004072189205443616,0.0040722044966234085,0.00407221860857077,0.004072526677266572,0.0040726660405962295,0.004072535955142204,0.004072643138481725,0.004072105564349609,0.004072111829981141
0.0016206075809584231,0.0016206052179279968,0.001620595016469869,0.0016205921574234186,0.0016205937312843833,0.001620596433906689,0.001620581120027936,0.0016205840830616854,0.0016205851537484006,0.0016205827890493428,0.001620572290334382,0.001620569809428757,0.001620572161110611,0.0016205738407709053,0.0016205579085143153,0.0016205603596707052,0.001620564128830697,0.001620561270842849,0.0016205524864290831,0.0016205494883869318,0.0016205510060717941,0.0016205527012953334,0.0016205877801390685,0.0016206034447973263,0.0016205889158538557,0.0016206006330423794,0.0016205390598573242,0.0016205398440578994
0.0016206077600733658,0.001620605397042834,0.0016205951506575392,0.0016205922916109946,0.0016205939102175635,0.0016205966128399888,0.0016205813306164865,0.0016205842936503911,0.00162058533259594,0.0016205829678967775,0.00162057236416433,0.0016205698832586603,0.0016205723398723163,0.0016205740195326854,0.001620558198513766,0.0016205606496703308,0.0016205643075067433,0.0016205614495185103,0.0016205523584226743,0.0016205493603800873,0.0016205511846611312,0.0016205528798852549,0.0016205879565392132,0.0016206036262947482,0.0016205890935080637,0.001620600811008523,0.001620539277161969,0.0016205400632898319
0.0016206077694242136,0.0016206054063936765,0.0016205952049350753,0.0016205923458884922,0.0016205939195683015,0.001620596622190734,0.001620581308311268,0.001620584271345156,0.0016205853419465812,0.001620582977247414,0.0016205724785319643,0.0016205699976262246,0.0016205723492228512,0.001620574028883224,0.0016205580966258937,0.001620560547782397,0.0016205643168571823,0.0016205614588689422,0.0016205526744550046,0.001620549676412184,0.0016205511940114623,0.00162055288923559,0.0016205879658899368,0.001620603635645588,0.0016205891028587911,0.0016206008203593551,0.001620539244832952,0.0016205400309623394
0.001620607769995414,0.0016206054069648774,0.0016205951605795562,0.0016205923015330044,0.0016205939201395009,0.0016205966227619331,0.0016205813405383944,0.0016205843035723053,0.0016205853425177795,0.0016205829778186114,0.0016205723740861377,0.0016205698931804615,0.0016205723497940466,0.001620574029454419,0.0016205582084354612,0.0016205606595920327,0.0016205643174283758,0.0016205614594401365,0.0016205523683442786,0.0016205493703016836,0.001620551194582655,0.0016205528898067822,0.001620587966461136,0.0016206036362167886,0.0016205891034299896,0.0016206008209305551,0.0016205392870809658,0.0016205400732103618
0.0016206077699954626,0.0016206054069649255,0.0016205952055063225,0.0016205923464597384,0.0016205939201395497,0.0016205966227619804,0.0016205813088825142,0.001620584271916403,0.001620585342517828,0.0016205829778186604,0.001620572479103209,0.0016205699981974683,0.0016205723497940963,0.0016205740294544687,0.0016205580971971366,0.001620560548353641,0.0016205643174284274,0.0016205614594401872,0.0016205526750262469,0.0016205496769834257,0.0016205511945827063,0.001620552889806834,0.001620587966461184,0.0016206036362168366,0.0016205891034300384,0.0016206008209306033,0.0016205392454041964,0.0016205400315335828
0.0016206077699957445,0.0016206054069652076,0.0016205951605798871,0.0016205923015333355,0.0016205939201398315,0.0016205966227622636,0.0016205813405387255,0.0016205843035726364,0.0016205853425181097,0.0016205829778189419,0.0016205723740864682,0.0016205698931807924,0.0016205723497943769,0.0016205740294547497,0.001620558208435793,0.0016205606595923634,0.0016205643174287074,0.001620561459440468,0.00162055236834461,0.0016205493703020147,0.0016205511945829852,0.0016205528898071133,0.0016205879664614668,0.0016206036362171185,0.00162058910343032,0.0016206008209308856,0.0016205392870812959,0.001620540073210691
0.0016206077699957113,0.0016206054069651742,0.0016205952055065712,0.0016205923464599882,0.001620593920139799,0.0016205966227622302,0.0016205813088827634,0.0016205842719166509,0.0016205853425180772,0.00162058297781891,0.001620572479103458,0.0016205699981977177,0.001620572349794346,0.001620574029454718,0.0016205580971973867,0.0016205605483538912,0.0016205643174286774,0.0016205614594404377,0.0016205526750264973,0.0016205496769836761,0.0016205511945829574,0.0016205528898070854,0.0016205879664614323,0.001620603636217085,0.0016205891034302862,0.0016206008209308518,0.0016205392454044464,0.0016205400315338332
0.001620607769995744,0.0016206054069652065,0.0016205951605798863,0.0016205923015333349,0.001620593920139831,0.0016205966227622625,0.001620581340538725,0.0016205843035726358,0.0016205853425181086,0.0016205829778189415,0.0016205723740864673,0.0016205698931807918,0.0016205723497943769,0.0016205740294547492,0.0016205582084357925,0.0016205606595923634,0.0016205643174287065,0.0016205614594404665,0.0016205523683446093,0.0016205493703020137,0.0016205511945829852,0.0016205528898071123,0.0016205879664614653,0.001620603636217118,0.00162058910343032,0.0016206008209308852,0.0016205392870812948,0.0016205400732106903
