0.05091157257109526,0.050911328440603705,0.050910256495163446,0.05090996079575094,0.05091006647409603,0.05091034597286864,0.05090874393456779,0.050909050692416496,0.050909120162901625,0.05090887536974075,0.05090775958949375,0.050907502479843325,0.05090774015194044,0.05090791419633396,0.050906453648015854,0.050906707892549925,0.048078739636481974,0.048078475234872714,0.042987558058825336,0.04298733622081184,0.008484431140013383,0.00848443602534369
0.050912041464166426,0.05091179742704689,0.0509107212471251,0.05091042565973276,0.050910535768195715,0.05091081516007027,0.050909217010749505,0.05090952365041154,0.050909589644160834,0.05090934494462239,0.050908229590901834,0.05090797257962312,0.05090820998645849,0.050908383964290024,0.05090682235074907,0.05090707651903004,0.04825018702255318,0.048249815516322674,0.04317842066782098,0.043178046201891356,0.008520795527594861,0.008521015029289097
0.05091213811516852,0.05091189409729378,0.050910818002195664,0.05091052243812254,0.050910632312573575,0.05091091168245865,0.050909313658884035,0.05090962027440294,0.050909686037541445,0.050909441357223854,0.050908326091070114,0.05090806909998733,0.05090830626258304,0.05090848022677617,0.05090682315182341,0.050907077319938675,0.04851350292768972,0.048512993352884115,0.04339273867593797,0.04339219328438063,0.008559365162462605,0.008559815128587812
0.05091223975299452,0.050911995755356924,0.050910919749456544,0.05091062420990511,0.05091073383675421,0.05091101318351616,0.05090941529216983,0.05090972188230095,0.0509097874014134,0.05090954274130721,0.05090842756723298,0.05090817059738692,0.05090840750162328,0.0509085814514753,0.05090691297814438,0.050907167127683485,0.048792864791455635,0.04879223989524643,0.043619597850859,0.04361887581347495,0.00859944068129479,0.008600130781643735
0.05091258739658565,0.0509123434681631,0.0509112677673362,0.05091097231165357,0.050911081654382316,0.050911360921930666,0.05090976348356381,0.05091006998672311,0.05091013523434942,0.05090989064359478,0.05090877578547349,0.05090851888849702,0.05090875547267232,0.05090892937323558,0.05090726137255226,0.05090751545004769,0.04908545490837916,0.04908474706145,0.043863506267263944,0.043862600490740804,0.00864154100918423,0.008642483332813934
0.05091256169274029,0.050912317759200416,0.050911242035818316,0.050910946573934905,0.05091105563959263,0.050911334913065404,0.05090973744081983,0.05091004395048382,0.05091010891989028,0.05090986432388925,0.050908749441866435,0.050908492539377466,0.050908728848687086,0.05090890275302136,0.05090724624810478,0.050907500328727595,0.049400736799389944,0.04939999117160282,0.04414292381874243,0.04414181929194694,0.008687538866119778,0.008688756241153948
0.05091263631419942,0.05091239239551576,0.050911316737613954,0.050911021293732,0.05091113002510018,0.05091140928163298,0.05090981190625812,0.050910118397322984,0.050910183034954606,0.05090993845373,0.05090882363902583,0.0509085667520629,0.05090880271895403,0.050908976612825396,0.050907320207547194,0.05090757427287698,0.049741856823434745,0.04974113371719915,0.04449849522926427,0.04449716379002899,0.008741810558511092,0.0087433488112101
0.05091281688452822,0.050912573001792374,0.05091149750233506,0.05091120210201157,0.05091131045725622,0.050911589672700264,0.05090999253228951,0.05091029897824137,0.050910363246146215,0.05091011870084912,0.05090900404982438,0.05090874720061156,0.05090898277236557,0.0509091566407353,0.050907500478309185,0.05090775450636471,0.05006261167870231,0.050061958845762075,0.044938289559458534,0.044936712150771746,0.008806228450632659,0.008808142735828337
0.0509131399498616,0.05091289613143671,0.05091182555552639,0.05091153023424727,0.05091163354680846,0.050911912688682705,0.050910312695476405,0.05091061906147039,0.05091068621222019,0.05091044173130605,0.050909338241996546,0.05090908146270655,0.05090930572871122,0.05090947955134282,0.050907812297972956,0.05090806626155859,0.05032793224567844,0.05032736808277973,0.04545168442376854,0.04544986300198829,0.008881372722266561,0.008883720290515061
0.05091305495340982,0.050912811118065684,0.05091174046790395,0.05091144512612371,0.05091154797622781,0.05091182713758641,0.05091022703273095,0.05091053342011769,0.0509106001054888,0.05091035560740996,0.050909252040664536,0.050908995243339354,0.050909219054422986,0.05090939288932929,0.05090772551825333,0.05090797949978039,0.05054950915220907,0.05054903962734643,0.046200339067642045,0.04619829714299573,0.008988628712300023,0.00899157504270062
0.05091309776400998,0.050912853937187676,0.050911778684176165,0.050911483351603885,0.0509115903162737,0.05091186946799145,0.05091027269199702,0.05091057906798109,0.050910641954677316,0.050910397464940846,0.0509092830670404,0.0509090262762067,0.05090926042658523,0.05090943425563248,0.05090777846767519,0.05090803243825506,0.050705268308273745,0.05070487308560409,0.04709522435109923,0.047093090656908865,0.00913766824440435,0.009141419301998672
0.05091310169378667,0.05091285786774666,0.05091178725841678,0.05091149192791039,0.05091159373044175,0.05091187288138206,0.05091027283622526,0.050910579212173374,0.05091064485063978,0.050910400361480625,0.05090929683497488,0.05090904004702176,0.05090926280438344,0.05090943663309393,0.05090776932143215,0.05090802329390298,0.050797937155392874,0.05079758831813477,0.04801498608045592,0.04801295059620208,0.00931862051713871,0.009323326221462805
0.05091323438811381,0.05091299058848705,0.05091191545534332,0.050911620155724285,0.050911726101670864,0.050912005222470996,0.05091040862327757,0.05091071496531592,0.050910776837595484,0.05091053237474636,0.05090941809933981,0.05090916133675736,0.05090939445290735,0.05090956826297434,0.050907912655765934,0.05090816659860342,0.05084887191474066,0.050848549058861034,0.04887240742747298,0.0488706577284878,0.009524931107410909,0.00953070467068832
0.05091368723455822,0.05091344352506456,0.050912368789193495,0.05091207359879,0.050912179060466564,0.05091245807813914,0.05091086206867654,0.050911168297486924,0.0509112297018639,0.050910985329280234,0.05090987146510725,0.050909614797369405,0.05090984738226817,0.05091002112819872,0.05090836613176251,0.05090861998085526,0.05087785443200638,0.05087754611428616,0.049655105887856175,0.049653804646829496,0.009731965056572818,0.009738804111486105
0.05091397988540558,0.050913736234153815,0.05091266175499143,0.05091236663516042,0.05091247170952389,0.05091275066057477,0.0509111550320859,0.050911461187749564,0.05091152221533547,0.05091127790104965,0.05091016430247154,0.050909907695988924,0.05091013986310183,0.05091031356762056,0.05090865896555019,0.05090891275411348,0.050892349970320515,0.050892048755426716,0.05022663919972938,0.05022575742310535,0.00997505628014412,0.009983115526728125
0.05091407328334683,0.05091382965068166,0.05091275988999416,0.050912464793801515,0.05091256494002098,0.05091284386984902,0.05091124509170828,0.05091155122488728,0.050911615235430335,0.05091137093968232,0.050910268285722794,0.050910011700989986,0.05091023270521671,0.050910406396590745,0.05090874040189661,0.05090899417362769,0.05089926656117938,0.0508989685756207,0.0505811110274524,0.05058052103809677,0.010260892885119076,0.010270348070112517
0.050914189430869394,0.05091394582131724,0.05091287616206365,0.050912581093877356,0.05091268100816789,0.05091295991157523,0.05091136128483013,0.050911667389000596,0.050911731170983084,0.05091148689833905,0.05091038434860951,0.050910127788152376,0.050910348548824265,0.05091052222379763,0.05090885638637569,0.050909110134134426,0.050902548892050564,0.050902252291079225,0.05076359850431293,0.0507631656414551,0.010584454815338032,0.010595452045831889
0.020257959053120667,0.020257929515027966,0.02025780199588464,0.02025776625754709,0.020257788351959564,0.020257822134982856,0.020257630710113137,0.020257667748303034,0.020257682508100856,0.020257652949147914,0.02025752171425762,0.020257490702712027,0.02025752147506138,0.020257542470968153,0.020257343316308726,0.02025737395598698,0.020255228305753468,0.020255192453793144,0.020232544762465936,0.020232487150266973,0.004349597263967912,0.004354616705073456
0.0202579670077656,0.020257937469668273,0.02025780938891685,0.020257773650574087,0.02025779630584855,0.02025783008887716,0.020257639059679377,0.02025767609787537,0.020257690461244097,0.020257660902286527,0.02025752835465315,0.0202574973431035,0.020257529427450214,0.020257550423360283,0.020257352659159567,0.020257383298843478,0.020255257228566154,0.020255221383041932,0.02023578831034837,0.020235734375119423,0.004358531498296043,0.004363595422102979
0.020257967842349473,0.020257938304251658,0.0202578107850862,0.020257775046742452,0.02025779714042929,0.02025783092345845,0.020257639498555514,0.020257676536751833,0.020257691295822774,0.020257661736864715,0.02025753050195164,0.020257499490400673,0.02025753026202592,0.02025755125793634,0.02025735210324237,0.020257382742925947,0.020255258063050386,0.02025522221752557,0.02023579297351937,0.02023573903828317,0.004358536622996331,0.004363600728340253
0.020257968010574584,0.020257938472476665,0.020257810391722704,0.02025777465337923,0.020257797308653826,0.020257831091683106,0.02025764006248155,0.02025767710067828,0.020257691464046938,0.02025766190508879,0.02025752935745279,0.02025749834590252,0.020257530430249537,0.02025755142616002,0.0202573536619554,0.020257384301639904,0.020255258231255614,0.02025522238573067,0.020235789312078492,0.020235735376848,0.004358536659156855,0.004363600764542785
0.020257968035967182,0.020257938497869252,0.020257810978703307,0.020257775240359422,0.020257797334046364,0.020257831117075655,0.02025763969217199,0.020257676730368445,0.020257691489439462,0.020257661930481292,0.020257530695567724,0.020257499684016637,0.020257530455642,0.0202575514515525,0.02025735229685777,0.020257382936541463,0.020255258256645352,0.02025522241112037,0.0202357931669291,0.0202357392316926,0.004358536664620242,0.00436360077001252
0.020257968036129545,0.020257938498031616,0.02025781041727759,0.0202577746789341,0.020257797334208724,0.020257831117238008,0.020257640088036374,0.020257677126233112,0.020257691489601787,0.020257661930643614,0.020257529383007556,0.020257498371457287,0.020257530455804324,0.020257551451714814,0.020257353687510093,0.020257384327194622,0.02025525825680762,0.020255222411282654,0.02023578933760605,0.020235735402375506,0.004358536664655159,0.004363600770047479
0.02025796803611843,0.020257938498020503,0.020257810978854564,0.02025777524051067,0.02025779733419758,0.020257831117226857,0.020257639692323196,0.02025767673051965,0.020257691489590623,0.02025766193063245,0.02025753069571888,0.020257499684167797,0.020257530455793125,0.020257551451703618,0.020257352297008892,0.02025738293669257,0.02025525825679641,0.020255222411271444,0.020235793167080022,0.020235739231843533,0.004358536664652746,0.004363600770045062
0.020257968036129545,0.020257938498031616,0.02025781041727759,0.0202577746789341,0.020257797334208724,0.020257831117238008,0.020257640088036374,0.020257677126233112,0.020257691489601787,0.020257661930643614,0.020257529383007556,0.020257498371457287,0.020257530455804317,0.020257551451714814,0.020257353687510093,0.020257384327194622,0.02025525825680762,0.020255222411282654,0.020235789337606044,0.020235735402375506,0.004358536664655159,0.004363600770047479
0.050914729051577595,0.050914485549398446,0.05091341636136072,0.050913121423279056,0.05091322109075594,0.050913499871235626,0.05091190194888998,0.05091220791809261,0.05091227146951038,0.05091202730452798,0.05091092524049869,0.05091066879316339,0.05091088925429781,0.050911062852727514,0.05090939774931049,0.05090965138518813,0.050904581576156994,0.05090428565790399,0.05085480725354262,0.05085445588738909,0.010953592440994092,0.010966324880769969
0.05091495929408976,0.05091471583771873,0.05091364221751816,0.050913347333826846,0.05091345148061693,0.050913730208663806,0.050912135855415305,0.050912441766233656,0.050912501901719656,0.0509122577826488,0.050911145073436526,0.05091088867207193,0.050911119810209356,0.0509112933760046,0.050909640095000035,0.0509098936807988,0.05090520986722247,0.05090491413881501,0.05088156879401132,0.05088124017704124,0.011237480362285909,0.011251563295739932
0.05091506492238309,0.050914821487026425,0.0509137479594494,0.05091345310122144,0.050913557006752756,0.05091383571078482,0.050912241494864174,0.05091254737931564,0.05091260727726523,0.05091236317918845,0.05091125056562171,0.050910994186316255,0.05091122507204404,0.050911398622940536,0.050909745483817166,0.05090999904783925,0.05090632130388503,0.05090602570900816,0.05089780610900212,0.050897489903285846,0.0117522190172148,0.011768532779658556
0.050915087753737064,0.05091484432292249,0.05091377081536546,0.0509134759626413,0.050913579785441365,0.05091385848428968,0.050912264298011815,0.05091257017677193,0.05091262999277242,0.05091238589922121,0.05091127330627206,0.0509110169317217,0.05091124773226103,0.050911421279950304,0.05090976817136964,0.05091002173070384,0.05090635319315486,0.05090605760490453,0.05090078721975574,0.05090047433413343,0.011934274165206735,0.011951528282974775
0.05091539690955164,0.05091515354023834,0.05091408030375634,0.05091378552555414,0.05091388924341658,0.05091416787184565,0.05091257408825826,0.05091287988970212,0.05091293961209621,0.050912695580226666,0.05091158326828909,0.05091132695854945,0.05091155762243686,0.0509117311262673,0.05091007843535568,0.05091033193058376,0.05090666319432221,0.050906367680763245,0.05090252511262942,0.050902213773847536,0.01211122226435385,0.012129399427020047
0.05091542158383258,0.05091517821942756,0.05091410500457945,0.050913810232324656,0.05091391386725937,0.05091419249008536,0.0509125987385388,0.05091290453383083,0.050912964174147014,0.050912720147170416,0.05091160785752415,0.050911351552925754,0.05091158213124013,0.05091175563160201,0.05091010297372171,0.05091035646387999,0.05090668763710549,0.050906392129435395,0.05090328531566924,0.05090297462013431,0.012295641656479495,0.012314772858573754
0.050915586880513126,0.050915343548988516,0.05091427510988451,0.05091398037858638,0.050914079284105386,0.050914357869292624,0.05091276106601223,0.050913066820794266,0.05091312963581065,0.05091288564179442,0.05091178434905538,0.05091152808135716,0.05091174769616164,0.050911921173092865,0.05091025723476969,0.0509105106930572,0.0509068532198047,0.05090655775202691,0.05090383375335693,0.05090352337620988,0.012485570537948474,0.01250567835840921
0.050915766081381125,0.05091552278550087,0.05091444987268483,0.05091415518346251,0.050914258619255075,0.0509145371636385,0.05091294386066337,0.050913249569830066,0.050913309023569366,0.05091306506528579,0.05091195308859377,0.05091169685617319,0.05091192719988286,0.05091210065141204,0.05091044845856653,0.050910701877348696,0.050907032746832975,0.05090673732230476,0.0509042026551647,0.05090389242757043,0.01268253672329324,0.01270364963920002
0.05091596026416696,0.050915717006909,0.0509146488937315,0.05091435425242284,0.05091445295563425,0.05091473145580316,0.050913135139694525,0.05091344080113119,0.05091350342505518,0.05091325950549283,0.050912158548642394,0.050911902359174165,0.0509121217351528,0.050912295159154304,0.05091063172839328,0.05091088510931538,0.05090722731548103,0.0509069319378235,0.05090474952810551,0.05090443940263829,0.012877322397704612,0.012899432854219755
0.05091612905077873,0.05091588582709008,0.05091481323246829,0.05091451863072154,0.05091462186385962,0.05091490032560138,0.05091330749521033,0.05091361311364131,0.05091367237796862,0.050913428492056774,0.05091231684507836,0.05091206068870091,0.05091229079240678,0.050912464192487177,0.050910812489589855,0.05091106583317207,0.050907396389812,0.05090710105288154,0.050905060657438224,0.05090475058403913,0.013074094093204822,0.013097210950773111
0.05091615061802981,0.05091590739863039,0.05091483945159902,0.05091454485616395,0.05091464337133574,0.05091492182818458,0.05091332576030873,0.05091363137418237,0.05091369381572216,0.05091344993407993,0.05091234914830139,0.05091209299867651,0.05091231216786803,0.05091248556492391,0.05091082239255443,0.05091107573409104,0.05090741769181081,0.0509071223600115,0.05090521703010588,0.05090490697651892,0.01327189577645296,0.013296024411472604
0.05091616983334973,0.050915926617771876,0.05091485405889959,0.05091455946698086,0.05091466252360017,0.05091494097609196,0.050913348198596435,0.0509136538068715,0.05091371289605567,0.05091346901821362,0.05091235740799972,0.050912101260101386,0.050912331182856485,0.05091250457722197,0.050910852928748355,0.05091110626397733,0.050907436631509734,0.050907141304272444,0.05090527794991506,0.05090496789522561,0.013470680902741734,0.013495826587966095
0.05091646790886081,0.050916224752561225,0.05091515708244936,0.050914862563472794,0.050914960878400875,0.050915239263021474,0.050913643609028336,0.05091394914359925,0.05091401139440345,0.050913767576008816,0.05091266707556292,0.050912410992393305,0.05091262993026992,0.050912803282366845,0.05091114054112577,0.0509113938169474,0.05090773547389136,0.05090744021863421,0.050905669892865095,0.050905359922251474,0.01367047247636019,0.013696640578864563
0.050916654246324904,0.05091641112707957,0.05091533899280604,0.050915044517614805,0.05091514735746743,0.05091542569966983,0.05091383355286124,0.05091413904004495,0.05091419793017203,0.05091395414892427,0.05091284297877858,0.05091258693237477,0.050912816588605414,0.0509129899142947,0.05091133891982652,0.05091159215467522,0.05090792215846947,0.05090762694817462,0.05090588076092286,0.05090557082933322,0.013871121557515699,0.01389831723631302
0.05091667428946719,0.050916431174207376,0.050915363684203026,0.05091506921495473,0.05091516733742097,0.0509154456750787,0.05091385029019236,0.05091415577320065,0.05091421783768161,0.0509139740603982,0.05091287374541997,0.050912617705446535,0.050912836430555775,0.05091300975343804,0.05091134729234787,0.05091160052546739,0.050907941924479276,0.050907646718944814,0.05090598582865438,0.05090567590963395,0.01407259514005282,0.014100823604164868
0.02025806263278003,0.020258033094626957,0.020257905013633858,0.020257869275223644,0.02025789185028048,0.020257925633372788,0.020257734603814827,0.020257771642080664,0.02025778592521625,0.020257756366202997,0.020257623818319918,0.02025759280671184,0.020257624810859045,0.020257645806808628,0.020257448042235657,0.02025747868197723,0.02025591491330879,0.02025587916922814,0.020255492513564562,0.020255455041057704,0.005679809907882157,0.005691450674399062
0.020258063459247463,0.020258033921093908,0.020257906401687842,0.020257870663276643,0.020257892676595286,0.02025792645968813,0.020257735034424296,0.020257772072690458,0.02025778675137946,0.02025775719236572,0.02025762595720544,0.020257594945596046,0.020257625636869777,0.020257646632819707,0.0202574474777509,0.020257478117492136,0.020255916995928155,0.020255881252052996,0.020255503815787827,0.02025546634325221,0.005682307366916138,0.005693959309314578
0.020258063530811672,0.02025803399265807,0.020257905911662683,0.02025787017325184,0.020257892748159236,0.020257926531252145,0.0202577355016908,0.020257772539957294,0.020257786822943265,0.02025775726392949,0.020257624716044056,0.020257593704435434,0.020257625708433355,0.020257646704383313,0.020257448939806844,0.02025747957954896,0.020255917067485894,0.02025588132361069,0.020255500054139917,0.020255462581607094,0.005682307386638033,0.005693959329076911
0.020258063532003656,0.020258033993850053,0.020257906474443803,0.02025787073603257,0.020257892749351233,0.020257926532444133,0.02025773510718001,0.020257772145446225,0.02025778682413528,0.02025775726512149,0.02025762602996102,0.020257595018351587,0.020257625709625356,0.02025764670557532,0.020257447550506243,0.02025747819024752,0.020255917068677815,0.02025588132480261,0.020255503888536336,0.020255466416000668,0.005682307386972398,0.005693959329411961
0.02025806353199559,0.02025803399384199,0.0202579059128466,0.02025787017443576,0.020257892749343146,0.02025792653243605,0.020257735502874696,0.020257772541141195,0.020257786824127155,0.02025775726511337,0.02025762471722793,0.020257593705619314,0.020257625709617224,0.02025764670556719,0.0202574489409907,0.020257479580732818,0.020255917068669662,0.020255881324794472,0.02025550005532368,0.020255462582790852,0.005682307386970114,0.005693959329409671
0.020258063532003656,0.020258033993850053,0.020257906474443803,0.02025787073603257,0.020257892749351233,0.020257926532444133,0.02025773510718001,0.020257772145446225,0.02025778682413528,0.02025775726512149,0.02025762602996102,0.020257595018351598,0.020257625709625356,0.02025764670557532,0.020257447550506243,0.02025747819024752,0.020255917068677815,0.02025588132480261,0.020255503888536336,0.020255466416000668,0.005682307386972398,0.005693959329411961
0.02025806353199559,0.02025803399384199,0.0202579059128466,0.02025787017443576,0.020257892749343146,0.02025792653243605,0.020257735502874696,0.020257772541141195,0.020257786824127155,0.02025775726511337,0.02025762471722793,0.020257593705619314,0.020257625709617224,0.02025764670556719,0.0202574489409907,0.020257479580732818,0.020255917068669662,0.020255881324794472,0.02025550005532368,0.020255462582790852,0.005682307386970114,0.005693959329409671
0.020258063532003656,0.020258033993850053,0.020257906474443803,0.02025787073603257,0.020257892749351233,0.020257926532444133,0.02025773510718001,0.020257772145446225,0.02025778682413528,0.02025775726512149,0.02025762602996102,0.020257595018351598,0.020257625709625356,0.02025764670557532,0.020257447550506243,0.02025747819024752,0.020255917068677815,0.02025588132480261,0.020255503888536336,0.020255466416000668,0.005682307386972398,0.005693959329411961
0.05091679594679629,0.050916552855727486,0.05091548084564622,0.050915186404596975,0.05091528905354832,0.05091556736352083,0.05091397540101802,0.05091428085281524,0.05091433955712776,0.0509140958040824,0.05091298476242217,0.05091272874565142,0.05091295819623109,0.05091313150188731,0.050911480698194934,0.050911733903762316,0.05090806683220029,0.050907771656479577,0.050906142350672395,0.05090583245373306,0.014280849035720751,0.014310142447599249
0.050916993030405484,0.05091674997852406,0.05091568276666201,0.05091538837420983,0.0509154862980164,0.05091576456312638,0.05091416959395358,0.05091447499730833,0.05091453687268144,0.0509142931589258,0.05091319313054503,0.05091293715732137,0.05091315565256552,0.05091332893028918,0.050911666902241755,0.05091192006935456,0.05090826432744867,0.050907969199289346,0.05090638789696708,0.05090607805783786,0.014467685872790396,0.014497962612642041
0.05091709070176351,0.05091684766930181,0.05091577591753951,0.05091548154750528,0.05091558400239187,0.050915862245280274,0.05091427066639623,0.05091457604453901,0.05091463456551548,0.050914390871211725,0.05091328009716893,0.05091302414211977,0.05091325336826731,0.05091342663216848,0.05091177622611091,0.050912029370647226,0.05090836201553493,0.05090806691090008,0.05090648515382205,0.05090617533105968,0.014667523543565226,0.014698834415751805
0.05091721705730926,0.05091697404996967,0.05091590703358436,0.050915612695103925,0.05091571042345625,0.05091598863759282,0.05091439396050809,0.050914699307896834,0.05091476099448789,0.050914517325356894,0.050913417498294526,0.050913161571958875,0.05091337984973103,0.050913553095741255,0.05091189137180594,0.05091214449256433,0.050908488484175715,0.05090819340999514,0.05090673404652944,0.05090642426272106,0.014873616860454021,0.01490598675983446
0.05091744076318407,0.0509171978003196,0.05091612635531704,0.050915832069614864,0.050915934314046674,0.05091621247726663,0.05091462135396476,0.05091492664463616,0.05091498496791291,0.05091474134337419,0.05091363088716984,0.05091337500542486,0.050913603985085626,0.050913777199393224,0.05091212726561702,0.05091238033766505,0.05090871266585616,0.0509084176456568,0.050906982249528034,0.05090667251378613,0.015080949032515166,0.015114385178064635
0.05091787025928167,0.05091762738179736,0.050916560935295806,0.05091626675416213,0.050916364247410605,0.050916642312865606,0.05091504848775745,0.050915353671901885,0.05091541514308357,0.05091517160418278,0.0509140723646371,0.05091381657513649,0.050914034554133895,0.05091420770754593,0.05091254687157023,0.050912799856981016,0.05090914340685247,0.05090884849036226,0.05090747536043597,0.05090716574129624,0.015289289942779219,0.015323798832339298
0.05091805129193966,0.0509178084504399,0.05091673754036977,0.050916443401727,0.050916545411579674,0.05091682343584245,0.05091523310716411,0.050915538245268635,0.05091559635630484,0.050915352853476176,0.050914242951763805,0.0509139871979032,0.0509142158803548,0.05091438900812411,0.05091273989845613,0.05091299284401565,0.0509093247525336,0.050909029879701924,0.050907645786087204,0.050907336204575895,0.015498434767519137,0.01553402251980981
0.050918080823876735,0.05091783798824692,0.05091677172542821,0.050916477595010015,0.0509165748915258,0.050916852909085764,0.05091525935842605,0.05091556448998434,0.050915625770693106,0.050915382273719445,0.05091428322332282,0.05091402747787573,0.05091424523943015,0.050914418363047706,0.050912757812783094,0.05091301075464423,0.05090935404101713,0.050909059175236394,0.05090781445556603,0.05090750488820611,0.015701152628796154,0.015737800722451897
0.0509181974961506,0.05091795468371092,0.050916883901727474,0.05091658979829728,0.0509166916186409,0.050916969609661446,0.05091537947107811,0.050915684572684576,0.050915742499463006,0.050915499025724016,0.050914389256539676,0.05091413353324451,0.050914362010985675,0.05091453511809049,0.050912886205211276,0.05091313912056664,0.05090947079507255,0.050909175957398564,0.050907958976335294,0.05090764942982105,0.015904673904966166,0.015942388592593743
0.05091822480411832,0.05091798199710637,0.05091691585988027,0.05091662176413857,0.05091671887136347,0.05091699685618788,0.05091540349311007,0.05091570858872646,0.050915769684384604,0.05091552621605666,0.05091442729489166,0.05091417157954307,0.05091438913756087,0.0509145622408298,0.050912901885696,0.05091315479781432,0.0509094978491718,0.05090920301801057,0.050908056516957706,0.05090774698483974,0.016108683889368057,0.01614747053680067
0.05091822506041154,0.05091798225345049,0.05091691149561497,0.05091661739882333,0.05091671899173501,0.05091699697653204,0.05091540687353773,0.05091571196831112,0.05091576966850747,0.05091552620017634,0.05091441645562946,0.05091416073801653,0.050914388985165024,0.0509145620884555,0.050912913211900564,0.05091316612168066,0.05090949756010325,0.050909202728872456,0.05090802459885234,0.05090771505866307,0.01642184812924973,0.016462067529620397
0.05091829734060659,0.05091805454801168,0.050916988474056304,0.050916694395783904,0.05091679122464893,0.05091706919302343,0.050915475924206914,0.05091578100176225,0.05091584182106315,0.05091559836709338,0.05091449951070334,0.050914243810441184,0.05091446108263785,0.05091463417573334,0.05091297391815634,0.05091322681540449,0.050909569565122485,0.05090927475122519,0.05090812833483032,0.050907818820846634,0.016734784530168585,0.016776439739916136
0.05091836565451264,0.05091812287549521,0.05091705224082544,0.05091675817789346,0.05091685948661847,0.05091713743947363,0.050915547519138286,0.05091585257884136,0.05091590999982625,0.05091566655942656,0.05091455694213123,0.050914301253866714,0.05091452920205436,0.05091470228551764,0.05091305359777823,0.050913306478577953,0.05090963758988109,0.05090934279235883,0.05090816477092993,0.050907855266150444,0.017047297363341474,0.017090391107525187
0.050918664342522464,0.050918421622866646,0.05091735586901235,0.05091706187912087,0.05091715840415726,0.05091743628905707,0.05091584349856829,0.050916148484472894,0.05091620901088208,0.05091596562999355,0.050914867103300815,0.05091461147982647,0.050914828412162806,0.050915001453319314,0.050913341693805764,0.050913594515136454,0.0509099368447205,0.050909642119231525,0.050908495978143564,0.05090818655702674,0.017364041954064966,0.017408591783355496
0.050918882009232926,0.050918639332833096,0.05091756915046526,0.05091727521187657,0.05091737604229341,0.05091765387771963,0.050916064628899686,0.05091636955967254,0.05091642652103163,0.050916183183430164,0.05091507403446754,0.05091481845421614,0.050915045870707935,0.05091521888111927,0.05091357088905704,0.05091382366308062,0.05091015413917791,0.05090985946598968,0.05090869385286017,0.05090838447855647,0.018045625259471374,0.01809271144649546
0.050918834004826274,0.050918591318887,0.05091752571300157,0.05091723176396471,0.05091732768009533,0.05091760552651498,0.05091601295652604,0.050916317900181404,0.05091637782239877,0.05091613447510589,0.050915036099975934,0.050914780511801074,0.05091499681784656,0.050915169835193,0.050913510304003484,0.05091376309053179,0.05091010475681938,0.05090981007174556,0.050908688575558976,0.05090837919662048,0.018732882582400072,0.018782530275522177
0.020258157362744073,0.02025812782453578,0.020257999743303223,0.020257964004826205,0.02025798645731346,0.020258020240468827,0.020257829210554214,0.0202578662488892,0.020257880409439908,0.02025785085037153,0.020257718302241302,0.02025768729057541,0.020257719172171118,0.02025774016815981,0.020257542403218563,0.020257573043017195,0.020256010401163527,0.02025597465722242,0.020255792453455965,0.020255754980273367,0.007729375893521149,0.007750152749170443
0.02025815809096556,0.020258128552756837,0.02025800103311262,0.0202579652946347,0.020257987184314145,0.020258020967470005,0.02025782993755266,0.02025786697588817,0.020257881135220736,0.020257851576151932,0.0202577190280198,0.020257688016353456,0.020257719896731297,0.020257740892720283,0.020257543127776213,0.02025757376757529,0.02025601519801102,0.020255979454468845,0.020255799970071053,0.020255762496861795,0.00774974234759777,0.0077705911962058435
0.02025815821397517,0.020258128675766384,0.02025800059453167,0.020257964856054057,0.02025798730732218,0.020258021090478112,0.020257829664856796,0.020257866703192125,0.020257881258227348,0.020257851699158478,0.020257720463753428,0.02025768945208621,0.020257720019736365,0.02025774101572541,0.02025754186028566,0.020257572500083965,0.020256015321004926,0.020255979577462675,0.020255803926314764,0.020255766453102595,0.0077497618685306606,0.007770610898811495
0.020258158220688004,0.02025812868247921,0.020258001162834674,0.020257965424356646,0.020257987314034998,0.020258021097190944,0.0202578300672731,0.020257867105608722,0.02025788126494016,0.020257851705871292,0.02025771915773882,0.020257688146072393,0.02025772002644916,0.020257741022438196,0.02025754325749362,0.020257573897292765,0.020256015327717175,0.020255979584174928,0.020255800099776407,0.02025576262656705,0.007749761871098718,0.007770610901386464
0.020258158220685687,0.02025812868247689,0.02025800060124217,0.02025796486276454,0.020257987314032673,0.02025802109718862,0.02025782967156728,0.020257866709902612,0.020257881264937834,0.02025785170586896,0.020257720470463883,0.02025768945879667,0.02025772002644682,0.020257741022435872,0.020257541866996083,0.0202575725067944,0.02025601532771485,0.02025597958417259,0.020255803933024643,0.02025576645981246,0.0077497618710978215,0.007770610901385565
0.020258158220684566,0.020258128682475774,0.020258001162831243,0.020257965424353222,0.020257987314031556,0.020258021097187502,0.020257830067269667,0.020257867105605287,0.020257881264936713,0.020257851705867844,0.02025771915773538,0.020257688146068948,0.0202577200264457,0.020257741022434737,0.020257543257490164,0.020257573897289313,0.020256015327713716,0.020255979584171458,0.020255800099772927,0.020255762626563582,0.007749761871097389,0.007770610901385132
0.020258158220685687,0.02025812868247689,0.02025800060124217,0.02025796486276454,0.020257987314032673,0.02025802109718862,0.02025782967156728,0.020257866709902622,0.020257881264937834,0.02025785170586896,0.02025772047046389,0.02025768945879667,0.02025772002644682,0.020257741022435872,0.020257541866996083,0.0202575725067944,0.02025601532771485,0.02025597958417259,0.020255803933024643,0.02025576645981246,0.0077497618710978215,0.007770610901385565
0.020258158220684535,0.020258128682475746,0.02025800116283121,0.020257965424353184,0.020257987314031518,0.020258021097187467,0.020257830067269625,0.020257867105605246,0.02025788126493668,0.020257851705867806,0.02025771915773534,0.020257688146068917,0.020257720026445665,0.020257741022434703,0.020257543257490122,0.02025757389728927,0.02025601532771368,0.02025597958417142,0.020255800099772896,0.02025576262656355,0.007749761871097376,0.0077706109013851166
0.05091887553452063,0.05091863285683411,0.05091756266879518,0.050917268728647457,0.05091736893722829,0.05091764677426955,0.05091605425802073,0.05091635919137919,0.05091641878758756,0.050916175448447024,0.0509150771100954,0.05091482153048638,0.05091503750496628,0.050915210516560346,0.05091355104053266,0.05091380381865292,0.05091015538258013,0.05090986070814853,0.05090877178665567,0.050908462417419635,0.019477443580662612,0.019529861175365853
0.050918822693862546,0.05091858000567549,0.05091751438992557,0.050917220438165114,0.05091731577153093,0.050917593620657564,0.05091600429349177,0.05091630923930694,0.05091636532046888,0.05091612197068803,0.050915012766238284,0.050914757173189676,0.05091498371700989,0.05091515673620849,0.05091350866046401,0.05091376144733154,0.05091010130102168,0.050909806613573465,0.050908686007144176,0.05090837661624241,0.02007561773339293,0.020130362768212888
0.05091901317926625,0.050918770528931914,0.05091770507930305,0.05091741117340908,0.050917506199162035,0.05091778400500239,0.05091619492536849,0.050916499823657854,0.050916555603280435,0.05091631229136648,0.050915203259432565,0.05091494770617183,0.05091517392176084,0.05091534691406872,0.0509136990944069,0.05091395184196955,0.050910291329305725,0.05090999668759361,0.050908876228715434,0.050908566885858174,0.020747907594249278,0.020805203368532862
0.0509192067272288,0.050918964115353654,0.05091789883450708,0.050917604975214394,0.05091769969229131,0.05091797745415104,0.05091638862601972,0.050916693476020874,0.05091674895314086,0.050916505679701886,0.05091539682305433,0.05091514131022052,0.05091536719619092,0.05091554016117551,0.050913892601714486,0.050914145309340166,0.05091048442832249,0.05091018983308293,0.05090906952413161,0.05090876023009247,0.02142228322741744,0.02148214714104536
0.05091889863371344,0.05091865596061716,0.05091759041109502,0.050917296477620236,0.050917389805151266,0.05091766763744904,0.05091607840651923,0.05091638333385721,0.05091643853164572,0.050916195196434394,0.05091508605836101,0.050914830480620996,0.050915056129965136,0.050915229138926016,0.05091358116067658,0.05091383393258012,0.05091017287694977,0.05090987820672877,0.05090875765587692,0.05090844828307188,0.02209817745211793,0.022160625889336854,0.005165676290866773
0.05091844207728357,0.05091819931345499,0.05091713336574403,0.050916839322328024,0.050916932323934946,0.05091721026023085,0.05091562043458936,0.05091592547611134,0.05091598040045073,0.05091573697406313,0.050914627420604555,0.05091437174706291,0.05091459718614126,0.05091477025999161,0.050913121663796565,0.050913374530545556,0.05090971335620939,0.0509094185753824,0.0509082976677006,0.05090798817870722,0.022776127660570356,0.02284117895740015,0.005476001233743418,0.006039713643312497
0.050918486427524605,0.05091824367251042,0.05091717776348198,0.05091688373074646,0.0509169763646598,0.050917254290943466,0.050915664522556914,0.05091596955308597,0.05091602417936054,0.05091578076168618,0.05091467124792418,0.05091441558353787,0.05091464071816063,0.050914813785855655,0.05091316524827787,0.05091341810603004,0.050909756618413515,0.05090946184800029,0.050908340973914806,0.050908031495860796,0.023456325641615296,0.02352399914597579,0.0057913178989164775,0.006309029511432632
0.050918459380354726,0.05091821661996508,0.05091715068734618,0.05091685664809714,0.050916948919304435,0.050917226851827514,0.050915637047760955,0.05091594208514055,0.05091599641602744,0.050915752992827426,0.05091464345389115,0.05091438778369884,0.050914612626459944,0.050914785698127026,0.05091313712272305,0.050913389986280956,0.05090972821228704,0.05090943343503611,0.05090831253889129,0.05090800305365447,0.024138043404465043,0.024208356910874692,0.006106518766469213,0.006583522943642858
0.050918363889901945,0.05091812111053382,0.05091705509462584,0.050916761032380464,0.05091685294602492,0.05091713090036703,0.050915540971528395,0.050915846032864136,0.0509159000708956,0.050915656628519726,0.05091454700222111,0.050914291311880105,0.05091451587481804,0.050914688960165745,0.05091304025448034,0.05091329313803452,0.05090963110341852,0.05090933630279184,0.05090821533123351,0.05090790582144107,0.024821181881657717,0.024894153311130294,0.00641972915767146,0.006859384322975022
0.05091795876300968,0.05091771590311782,0.05091664953382241,0.050916355374005615,0.05091644584101367,0.05091672388791607,0.05091513342977358,0.050915438592735104,0.0509154923516273,0.05091524882809576,0.050914138832064436,0.050913883056450726,0.050914107396448895,0.0509142805395596,0.050912631283794814,0.05091288425177806,0.05090922207570543,0.05090892717661146,0.05090780588738439,0.05090749627415502,0.025505550143073517,0.02558119724555215,0.006730050886849406,0.007134878743093187,0.005127890940726725
0.050917956070060603,0.05091771320963346,0.0509166468379889,0.050916352677523556,0.05091644258152582,0.050916720629169375,0.05091513016678875,0.050915435330564,0.050915488790610926,0.05091524526637054,0.05091413526710983,0.05091387949075131,0.05091410353207217,0.050914276675729384,0.05091262741476026,0.05091288038354227,0.05090921790943494,0.050908923009337956,0.05090780171687492,0.05090749210259188,0.026192479231142176,0.026270484330541712,0.007289414425273419,0.007410217574787338,0.005786695231911383
0.0509174014707876,0.05091715850011158,0.05091609164462837,0.050915797350573465,0.05091588673064117,0.050916164904682135,0.05091457371950062,0.05091487902205293,0.050914932208878744,0.05091468857383618,0.05091357806977784,0.05091332217699618,0.05091354602194208,0.050913719244447986,0.05091206923259882,0.05091232231662992,0.050908659757414605,0.050908364722931816,0.05090724299692182,0.05090693324147037,0.026878286166862185,0.026958629042842915,0.007862853284250649,0.007683956175139654,0.00644696886080476,0.005934174634204899
0.05091736393308257,0.05091712095494378,0.05091605406670912,0.05091575976361153,0.05091584857697929,0.05091612675969698,0.05091453552489773,0.0509148408369765,0.05091489372699129,0.050914650084287194,0.05091353954532418,0.05091328364449227,0.050913507197637486,0.05091368042563489,0.0509120303614905,0.05091228345354815,0.05090862061016052,0.05090832556625143,0.050907203809830784,0.050906894044477284,0.027563869563604376,0.027646530078698883,0.00844905173142345,0.008206185839185058,0.00710960364274037,0.006549151938572727
0.05091712978616054,0.05091688676146976,0.05091581966893685,0.050915525309431844,0.05091561357261255,0.05091589180877573,0.0509143002683497,0.050914605639108546,0.05091465824175203,0.05091441455216239,0.05091330379959665,0.05091304784950079,0.050913271147604015,0.050913444408990226,0.050911794026882486,0.050912047167742835,0.05090838411635265,0.05090808901549588,0.05090696707535437,0.05090665725017899,0.028248085262331746,0.028333038520028952,0.009037356060660121,0.00874129418723269,0.007764687712400417,0.007167525009985611
0.05091711839373328,0.05091687536677741,0.05091580363928279,0.05091550927592015,0.050915601596424685,0.050915879835311574,0.05091428827930985,0.050914593653059226,0.05091464595402227,0.050914402261986125,0.050913291498274005,0.050913035545607395,0.05091325854340446,0.05091343180657358,0.050911781407487144,0.0509120345509535,0.050908371201644126,0.050908076097677384,0.05090695414750262,0.05090664431906029,0.028941993058871365,0.0290292294519384,0.009624176589750778,0.00928680996695153,0.00841007360411903,0.007787971161949799
0.050916880592710705,0.05091663751847285,0.05091556558257631,0.05091527116192134,0.050915362916197575,0.05091564120936998,0.05091404934293796,0.05091435477628966,0.05091440678539826,0.05091416304573974,0.050913052065067695,0.05091279606236291,0.05091301880114255,0.05091319209822535,0.05091154137617842,0.05091179456921446,0.050908131008664294,0.05090783584685486,0.05090671371007165,0.05090640382086724,0.029636512066955327,0.02972600289169432,0.010246840943156452,0.009832096033433027,0.009087925807967282,0.008399886573229402
0.02025804092694536,0.020258011388804942,0.020257883869455578,0.020257848131060272,0.02025786951736683,0.020257903300444247,0.020257711875267908,0.020257748913517146,0.02025776321026329,0.02025773365126328,0.020257602416163964,0.02025757140456898,0.020257601713893524,0.02025762270983355,0.02025742355485876,0.02025745419458554,0.02025589676653636,0.020255861023077814,0.020255685372572236,0.020255647899447754,0.012068879291942574,0.012105354433899962,0.004326781272129986,0.004128362455848142,0.003885359593759459,0.0035822507204022317
0.02025804456605143,0.02025801502790889,0.020257886946961446,0.020257851208563972,0.020257873154003462,0.020257906937083302,0.02025771590759582,0.020257752945848004,0.020257766845812496,0.02025773728681037,0.020257604738977187,0.020257573727380792,0.020257605348351363,0.020257626344292887,0.020257428579795872,0.020257459219525684,0.020255903539968003,0.020255867796830695,0.020255690674057383,0.02025565320091185,0.012086939084160746,0.012123464708629884,0.0043487778068901995,0.004149937922211535,0.003909518709843183,0.00360678979659254
0.020258044669602817,0.020258015131460222,0.020257887612101434,0.020257851873703502,0.020257873257543357,0.02025790704062326,0.020257715615432794,0.020257752653684753,0.02025776694935218,0.020257737390349993,0.020257606155240988,0.020257575143643736,0.020257605451890735,0.020257626447832303,0.020257427292842824,0.02025745793257186,0.020255903643498982,0.020255867900361605,0.020255694610830665,0.02025565713768222,0.012086939145939196,0.012123464770594993,0.004348932970413115,0.004150093429782123,0.003909737544075166,0.0036070320833843177
0.02025804467580452,0.02025801513766192,0.0202578870567142,0.02025785131831665,0.020257873263745067,0.020257907046824977,0.020257716017337092,0.020257753055589366,0.020257766955553883,0.02025773739655169,0.020257604848718226,0.020257573837121762,0.020257605458092406,0.02025762645403398,0.020257428689536543,0.020257459329266408,0.020255903649700167,0.020255867906562777,0.020255690783788867,0.020255653310643253,0.012086939149639524,0.012123464774306507,0.004348932971744493,0.0041500934310526065,0.0039097375452720904,0.003607032084488554
0.02025804467579319,0.02025801513765059,0.020257887618291778,0.020257851879893842,0.02025787326373371,0.02025790704681362,0.020257715621623124,0.020257752659875096,0.02025776695554253,0.02025773739654033,0.020257606161431324,0.02025757514983405,0.020257605458081047,0.020257626454022615,0.020257427299033126,0.020257457938762158,0.02025590364968881,0.02025586790655142,0.02025569461702045,0.020255657143872008,0.01208693914963275,0.012123464774299712,0.004348932971742051,0.0041500934310502845,0.003909737545269896,0.0036070320844865333
0.020258044675807767,0.020258015137665165,0.020257887056717428,0.02025785131831989,0.020257873263748314,0.02025790704682822,0.020257716017340346,0.020257753055592617,0.020257766955557123,0.020257737396554936,0.020257604848721456,0.02025757383712501,0.020257605458095646,0.020257626454037215,0.020257428689539784,0.020257459329269662,0.020255903649703397,0.02025586790656601,0.0202556907837921,0.020255653310646486,0.012086939149641455,0.01212346477430844,0.004348932971745193,0.0041500934310532735,0.003909737545272721,0.0036070320844891306
0.020258044675795405,0.020258015137652814,0.020257887618293998,0.020257851879896063,0.020257873263735918,0.020257907046815838,0.020257715621625323,0.020257752659877313,0.020257766955544737,0.02025773739654255,0.020257606161433527,0.020257575149836258,0.020257605458083257,0.02025762645402483,0.020257427299035336,0.02025745793876438,0.020255903649691005,0.020255867906553628,0.020255694617022646,0.020255657143874197,0.012086939149634055,0.01212346477430102,0.004348932971742528,0.004150093431050743,0.003909737545270324,0.003607032084486931
0.020258044675807767,0.020258015137665165,0.020257887056717428,0.02025785131831989,0.020257873263748314,0.02025790704682822,0.020257716017340346,0.020257753055592617,0.020257766955557123,0.020257737396554936,0.020257604848721456,0.02025757383712501,0.020257605458095646,0.020257626454037215,0.020257428689539784,0.020257459329269662,0.020255903649703397,0.02025586790656601,0.0202556907837921,0.020255653310646486,0.012086939149641455,0.01212346477430844,0.004348932971745193,0.0041500934310532735,0.003909737545272721,0.0036070320844891306
0.05091685455073102,0.050916611471315,0.05091554413861493,0.05091524971279895,0.05091533621065112,0.0509156145098977,0.05091401934511522,0.05091432478595015,0.05091437973648232,0.050914135991437716,0.05091303582190085,0.05091277981580131,0.05091299139866861,0.05091316469962783,0.05091150244876591,0.050911755649841274,0.0509081111586417,0.05090781599090121,0.05090673146217652,0.05090642157379369,0.030376968003636116,0.030468807866597357,0.01093037027119222,0.010430821825876556,0.009826524706404353,0.009065885673597063
0.05091692094255453,0.05091667787633969,0.0509156059758056,0.05091531156487222,0.050915402151597754,0.05091568043584616,0.05091408862044568,0.0509143940439994,0.05091444544857495,0.05091420171661509,0.05091309077101712,0.05091283477640158,0.05091305690462748,0.05091323019631999,0.050911579525604385,0.0509118327107618,0.050908176424259086,0.05090788127223619,0.050906765098194716,0.05090645521831245,0.031020337251516636,0.031114278050509547,0.011493449321824206,0.010942276633400309,0.010428330582739676,0.009626750728069495
0.050916745779928586,0.050916502678884416,0.05091543525126694,0.050915140799243884,0.050915226179688924,0.05091550450396244,0.0509139091957703,0.05091421466408348,0.05091426903162796,0.050914025264538885,0.05091292499555123,0.05091266896628922,0.05091287997960492,0.05091305329632625,0.05091139089431507,0.05091164411842943,0.05090799908169589,0.05090770388696366,0.050906619274046785,0.050906309357310955,0.031727062374029266,0.03182315667404381,0.012128090766077723,0.011526719827558084,0.01110333332351,0.01026370706788781
0.05091656275030442,0.05091631961286477,0.05091524739839757,0.05091495290116008,0.05091504232797415,0.0509153206940672,0.050913728410640534,0.05091403392405485,0.05091408472609575,0.050913840922304714,0.05091272964945521,0.05091247357936452,0.050912695154407175,0.05091286849727632,0.050911217339203944,0.05091147059916353,0.05090781383144369,0.05090751859209538,0.05090640213628775,0.05090609216467259,0.03243970445933609,0.03253790719194876,0.01276533756504792,0.012115146035860508,0.011777258232737802,0.010900197783335732
0.050916401533555526,0.050916158364056247,0.050915090636016715,0.05091479610104604,0.05091488031339195,0.050915158716339254,0.05091356295733017,0.05091386851202285,0.0509139222722496,0.050913678436106447,0.0509125778555903,0.05091232175377191,0.05091253220318643,0.05091270556910999,0.05091104269528061,0.05091129599131212,0.05090765046618749,0.050907355187491926,0.050906270312677755,0.050905960307743886,0.03315779584701612,0.03325805238375187,0.013404736086991244,0.012706860352881212,0.012450121031884238,0.011536066108825288
0.05091628245317725,0.050916039259996666,0.05091496679984355,0.05091467223506393,0.05091476048494401,0.05091503891515043,0.05091344626509326,0.05091375184890031,0.050913802035214284,0.05091355817512529,0.050912446645791434,0.050912190516546704,0.050912411514383964,0.050912584897383276,0.05091093335714972,0.05091118667576543,0.05090752938720697,0.05090723407934772,0.05090611740248125,0.05090580735889739,0.03388095863423222,0.03398320351967097,0.014046018324212772,0.013301435328076427,0.0131220529842691,0.012171354306799538
0.050916037434269326,0.050915794192359594,0.0509147261465394,0.05091443152382829,0.0509145145592913,0.05091479304544499,0.050913196809646566,0.05091350245569531,0.05091355560043632,0.05091331169126598,0.0509122107812976,0.050911954602748305,0.050912164482620016,0.050912337900572785,0.05091067452781547,0.0509109278998963,0.050907281885085844,0.050906986517608846,0.0509059013658692,0.05090559126767645,0.03460869891283596,0.03471285388584774,0.01468889115495978,0.01389845000046424,0.013793098854487948,0.012806043044028699
0.05091592396577131,0.05091568070129389,0.05091460792689007,0.05091431327571903,0.05091440034540028,0.050914678857538614,0.050913085738956365,0.05091339141271981,0.05091344097855843,0.05091319704655815,0.050912085189608304,0.050911828984804286,0.05091204941155145,0.05091222284578691,0.05091057081762984,0.050910824211134714,0.050907166423521416,0.050906871028230924,0.05090575406925698,0.050905443933829106,0.035340263920074964,0.03544623674308735,0.01533335193552304,0.014497827691462704,0.014463540954926132,0.013440400960044454
0.050915676690729994,0.05091543337706954,0.050914365016363976,0.05091407030671196,0.05091415215843083,0.05091443072703681,0.050912834018769955,0.05091313975534687,0.050913192277811416,0.05091294829627319,0.050911847059827146,0.050911590805239715,0.05091180010834844,0.050911973577862535,0.0509103097106648,0.050910563158110975,0.05090691664566688,0.050906621190204074,0.05090553576402036,0.05090522557340424,0.03607417703844277,0.03618185865220373,0.01597670556861073,0.015099095642853414,0.015130825228531687,0.014074242709145852
0.05091550899752427,0.05091526565050747,0.05091419251230056,0.050913897761115455,0.05091398365220416,0.05091426225915113,0.050912668598408276,0.05091297437626616,0.05091302331907124,0.05091277930387663,0.05091166706790718,0.05091141077568844,0.05091163063663927,0.05091180413013647,0.05091015153762771,0.05091040501775232,0.050906746747698385,0.050906451251304115,0.05090533396610681,0.05090502372447244,0.03681026034557402,0.036919523550355784,0.016618458345392866,0.015702301379124442,0.015794663767006986,0.014707875280265929
0.050915382063039145,0.05091513869077251,0.05091406544127325,0.05091377065949248,0.05091385595190476,0.0509141345879092,0.050912537493435536,0.05091284330401231,0.05091289519368508,0.05091265115296692,0.050911549649538534,0.05091129333276981,0.05091150204016991,0.0509116755518666,0.0509100112801642,0.0509102647892672,0.0509066177457916,0.05090632221831711,0.05090523656751588,0.05090492630125629,0.037556450620657086,0.03766713950811824,0.017258594763700383,0.016305626348180446,0.016455242888406843,0.015339609998859194
0.050915357053075455,0.0509151136758337,0.05091404503609552,0.050913750249401514,0.05091383029490524,0.05091410893674794,0.050912515076455,0.050912820892626345,0.05091286918993155,0.05091262514403312,0.05091151276818236,0.05091125644370222,0.05091147567982016,0.050911649195247516,0.0509099963938976,0.05091024990607635,0.050906591041850954,0.05090629550794266,0.05090517810170155,0.05090486782065974,0.038306090758767966,0.03841802307586482,0.017914133345704505,0.01690806172665655,0.01713035875854222,0.015968595487825848
0.050915160317924715,0.050914916901546044,0.05091384809005202,0.05091355325593555,0.05091363269748233,0.05091391138428972,0.0509123172668677,0.05091262313240764,0.05091267111005175,0.050912427024692126,0.05091131446906273,0.05091105810311953,0.05091127704669819,0.05091145059023842,0.05090979752116937,0.05091005107443912,0.05090639195720347,0.05090609637532736,0.05090497881431244,0.05090466848288191,0.039058361695401625,0.03917132053911651,0.018570934825516684,0.017509368010362993,0.01780545057643788,0.01659478039439295
0.050915065166770725,0.05091482173146265,0.05091375283689496,0.05091345797984159,0.050913536809012026,0.05091381551764045,0.05091222127543544,0.05091252716493361,0.0509125748176564,0.05091233071311271,0.05091121807008396,0.050910961683983506,0.05091118031563929,0.05091135387287059,0.050909700673421036,0.050909954246702346,0.05090629483671929,0.05090599923144177,0.05090488159491938,0.05090457123890638,0.0398130418049664,0.039926769408617835,0.019229216497843333,0.01812457200045284,0.018480857494530226,0.01723404120462815
0.050914935980055136,0.050914692519045714,0.05091362351168549,0.0509133286234896,0.050913406841731866,0.050913685579937515,0.05091209116859638,0.05091239709056854,0.05091244441912887,0.05091220028860537,0.05091108752721688,0.05091083111381874,0.050911049439042906,0.05091122301479874,0.05090956963893947,0.05090982323929708,0.050906163548877774,0.05090586791196516,0.050904750173368284,0.05090443978412351,0.04056919542031554,0.04068338411534546,0.019888391419510206,0.018741256268082783,0.019156084643644676,0.017873464102108376
0.05091467964020494,0.050914436128194664,0.05091336689701222,0.05091307194701813,0.050913149561695965,0.05091342835845521,0.05091183361227705,0.05091213959853781,0.050912186607823894,0.05091194242593281,0.05091082943052228,0.05091057296315065,0.05091079100451109,0.050910964616848395,0.05090931089262311,0.05090956454644985,0.050905904623643035,0.05090560892433623,0.05090449098441716,0.05090418052962915,0.041325954188569804,0.041440235332285115,0.02054976602957976,0.01935921817220586,0.019832574349594546,0.01851296026312994
0.020257910654234653,0.02025788111617017,0.02025775359714861,0.020257717858845205,0.020257738715307224,0.02025777249829743,0.020257581469316766,0.020257618507470695,0.0202576321291025,0.020257602570178966,0.02025747002269818,0.020257439011184226,0.02025747035377582,0.02025749134966141,0.020257293585691262,0.02025732422533944,0.02025576827806286,0.020255732535021054,0.020255555412975065,0.02025551793992957,0.016745197809260478,0.016790499577160955,0.00844154060880993,0.00794895434183915,0.008161864931890833,0.007620379047638342
0.02025791548379993,0.020257885945732627,0.02025775842669894,0.020257722688392116,0.020257743542432642,0.020257777325426073,0.020257586296427217,0.020257623334584682,0.020257636955095935,0.020257607396169573,0.020257474848676165,0.020257443837159248,0.020257475178632012,0.020257496174519607,0.020257298410530613,0.020257329050181717,0.02025577569413393,0.02025573995138314,0.02025556495642192,0.020255527483354553,0.016763984464590036,0.016809297857786593,0.00846299335854641,0.00797028042946151,0.00818403303517128,0.007642740791556337
0.02025791558040006,0.020257886042332703,0.020257758523298763,0.020257722784991876,0.02025774363903005,0.02025777742202354,0.02025758639302432,0.02025762343118185,0.02025763705169316,0.020257607492766738,0.02025747494527308,0.020257443933756118,0.020257475275228927,0.020257496271116563,0.020257298507127205,0.020257329146778365,0.02025577579072303,0.02025574004797217,0.020255565053010436,0.020255527579942992,0.016763984544528997,0.016809297937941597,0.008463028095770406,0.00797032329109638,0.008184079308968554,0.007642801463361471
0.020257915586447416,0.02025788604838006,0.020257758529346102,0.020257722791039212,0.020257743645077368,0.020257777428070868,0.020257586399071627,0.020257623437229158,0.020257637057740443,0.020257607498814025,0.020257474951320346,0.02025744393980338,0.020257475281276176,0.02025749627716381,0.020257298513174423,0.020257329152825593,0.020255775796769782,0.020255740054018916,0.020255565059057144,0.020255527585989707,0.01676398454953339,0.016809297942959513,0.008463028098296787,0.007970323293475672,0.008184079311411664,0.007642801465642994
0.02025791558644309,0.02025788604837573,0.02025775852934178,0.020257722791034893,0.020257743645073024,0.020257777428066514,0.020257586399067277,0.020257623437224807,0.020257637057736096,0.020257607498809675,0.020257474951316,0.02025744393979903,0.020257475281271836,0.020257496277159462,0.020257298513170072,0.02025732915282124,0.020255775796765435,0.020255740054014575,0.020255565059052807,0.020255527585985353,0.016763984549529806,0.016809297942955916,0.008463028098294972,0.00797032329347397,0.008184079311409905,0.007642801465641361
0.02025791558644309,0.02025788604837573,0.02025775852934178,0.020257722791034893,0.020257743645073024,0.020257777428066514,0.020257586399067277,0.020257623437224807,0.020257637057736096,0.020257607498809675,0.020257474951316,0.02025744393979903,0.020257475281271836,0.020257496277159462,0.020257298513170072,0.02025732915282124,0.020255775796765435,0.020255740054014575,0.020255565059052807,0.020255527585985353,0.016763984549529806,0.016809297942955916,0.008463028098294972,0.00797032329347397,0.008184079311409905,0.007642801465641361
0.02025791558644309,0.02025788604837573,0.02025775852934178,0.020257722791034893,0.020257743645073024,0.020257777428066514,0.020257586399067277,0.020257623437224807,0.020257637057736096,0.020257607498809675,0.020257474951316,0.02025744393979903,0.020257475281271836,0.020257496277159462,0.020257298513170072,0.02025732915282124,0.020255775796765435,0.020255740054014575,0.020255565059052807,0.020255527585985353,0.016763984549529806,0.016809297942955916,0.008463028098294972,0.00797032329347397,0.008184079311409905,0.007642801465641361
0.02025791558644309,0.02025788604837573,0.02025775852934178,0.020257722791034893,0.020257743645073024,0.020257777428066514,0.020257586399067277,0.020257623437224807,0.020257637057736096,0.020257607498809675,0.020257474951316,0.02025744393979903,0.020257475281271836,0.020257496277159462,0.020257298513170072,0.02025732915282124,0.020255775796765435,0.020255740054014575,0.020255565059052807,0.020255527585985353,0.016763984549529806,0.016809297942955916,0.008463028098294972,0.00797032329347397,0.008184079311409905,0.007642801465641361
0.05091452710324353,0.050914283560882914,0.050913214196505414,0.05091291920973563,0.05091299616771978,0.05091327499939166,0.05091168005356705,0.05091198607815973,0.050912032743511304,0.05091178853096167,0.05091067539587598,0.050910418896290534,0.050910636614682016,0.05091081024887455,0.050909156316521494,0.05090941000229284,0.0509057563031042,0.050905460567170824,0.05090434785243884,0.05090403735830699,0.04212961402575636,0.04224357503530354,0.02126965341687825,0.020031789645050927,0.020568603317096777,0.019208593288039966
0.05091428746258184,0.05091404387253718,0.050912974298893764,0.05091267925434482,0.050912755660517436,0.05091303454693214,0.05091143928806278,0.05091174537275981,0.050911791744309993,0.05091154748373684,0.050910434129864165,0.050910177579819,0.05091039503751875,0.05091056870591058,0.05090891444787683,0.05090916818363547,0.05090551427184752,0.05090521847758412,0.05090410557461786,0.05090379501921207,0.042826192301038894,0.042939492556642075,0.02187090049708194,0.020581408148296114,0.021181469475193213,0.019774704924210545
0.05091414439377127,0.050913900775256954,0.05091283107667185,0.050912535997626004,0.05091261178962706,0.050912890708790605,0.050911295262648155,0.050911601383301495,0.05091164743331581,0.05091140314398438,0.05091028965909411,0.050910033078831726,0.050910250234662495,0.050910423923554764,0.050908769470294914,0.050909023236017925,0.050905369051123854,0.05090507322185998,0.05090396020594528,0.05090364961377254,0.043577776347686524,0.04368955173003976,0.02254522655932605,0.02120160002561276,0.021868690925405034,0.020413355952192562
0.05091394158446632,0.050913697925592395,0.050912628049885535,0.050912332921935595,0.050912408104704814,0.05091268707023486,0.05091109135894731,0.050911397530508336,0.050911443264169055,0.050911198934148784,0.05091008526388718,0.050909828640871915,0.05091004550832736,0.0509102192262052,0.05090856449691554,0.05090881830500518,0.050905163872463854,0.05090486799374624,0.05090375481824137,0.05090344417411884,0.0443230780167473,0.04443255960236467,0.02322368286063333,0.02182230483634444,0.022559403102402276,0.021051648135074635
0.05091373113240777,0.050913487431650827,0.05091241737213624,0.0509121221934363,0.05091219676949486,0.05091247578313581,0.050910879796728,0.050911186021111964,0.05091123144256491,0.050910987070328165,0.050909873207735795,0.0509096165403625,0.05090983312465633,0.05091000687260563,0.05090835185694435,0.050908605708987906,0.050904951035545314,0.05090465510552495,0.05090354176446327,0.05090323106644872,0.04505977443840024,0.04516603419959899,0.023906365830545794,0.022443650449870418,0.023253749290893567,0.02168978169395879
0.05091368650659598,0.05091344279695737,0.05091236806044779,0.0509120728698687,0.0509121514719044,0.050912430495857815,0.05091083117836056,0.05091113741488406,0.05091118579419054,0.0509109414128557,0.050909838372783234,0.050909581698122895,0.05090978710871984,0.05090996086318486,0.05090829426348899,0.05090854812743785,0.05090490467518574,0.05090460873399013,0.05090352713607546,0.0509032164343606,0.045784808295231794,0.04588673271681515,0.02459175281083558,0.02306569523607876,0.023950210841124798,0.02232787377820751
0.050913435241187355,0.05091319148153925,0.05091212116357585,0.050911825913517075,0.05091189928275868,0.050912178364128084,0.050910581990417446,0.05091088828916333,0.05091093309917611,0.05091068866747456,0.050909574533971005,0.0509093178041163,0.05090953381769286,0.05090970760802439,0.05090805218875695,0.05090830610274825,0.05090465091806992,0.05090435491570309,0.05090324134117549,0.050902930567163183,0.0464933668242228,0.04658963879787573,0.02527953263454547,0.023688228299501596,0.024648520406210347,0.022965773330748368
0.05091325600000641,0.05091301220468152,0.050911937090498675,0.050911641796092255,0.0509117192170215,0.050911998339389176,0.050910401731231854,0.05091070807499137,0.05091075259425281,0.05091050812657117,0.050909393829148414,0.0509091370614883,0.05090935280904083,0.050909526625005204,0.050907870961636285,0.05090812491309368,0.05090446949839999,0.050904173452297044,0.05090305973663044,0.05090274891667462,0.04717942226333976,0.04726853360617805,0.02596942391675665,0.024315121873656913,0.025348422918537276,0.02360751277885459
0.05091307051906889,0.050912826686823225,0.050911751409907544,0.05091145607076375,0.050911532912119146,0.05091181207690791,0.05091021522616728,0.05091052161650264,0.05091056585903816,0.05091032135413243,0.050909206887123526,0.05090895008035104,0.050909165576786555,0.050909339419266404,0.05090768350338956,0.050907937493603284,0.050904281865051096,0.05090398577371159,0.05090287191206412,0.050902561044588644,0.04783449004515188,0.0479148077059418,0.026670359561694543,0.02494524139800364,0.026061470825614778,0.02425196044869036
0.05091254119418814,0.05091229725656722,0.05091122151519738,0.05091092604836895,0.050911001191037336,0.05091128047691011,0.05090968293375611,0.05090998945703449,0.050910032294969904,0.05090978768369176,0.05090867273206907,0.05090841581352804,0.05090862997786206,0.05090880389620062,0.05090714725792122,0.050907401359013324,0.05090374450467052,0.050903448283765175,0.050902334004001557,0.05090202300042103,0.04844696322543935,0.04851690469689581,0.027374416686771465,0.02557823907599966,0.02677769509409719,0.0248988024328906,0.005314639423736959
0.05091236743684568,0.050912123464630504,0.05091105221379876,0.05091075670617087,0.050910826637735225,0.050911105963361444,0.05090950491722159,0.05090981148496513,0.05090985733717099,0.05090961269100928,0.05090850845621008,0.050908251503291875,0.05090845455303547,0.050908628496222595,0.05090696008680409,0.0509072142266013,0.05090356870271822,0.0509032724394199,0.05090218983666759,0.05090187879660527,0.049004379577163144,0.04906270100722666,0.028082299758233942,0.02621426549241314,0.027497334911322495,0.02554870299650367,0.005434755419570864
0.05091231753062698,0.0509120735484754,0.05091099761083119,0.05091070209004429,0.05091077611641301,0.050911055453545524,0.050909457617264495,0.05090976419682307,0.050909806536346226,0.05090956188005547,0.05090844672336316,0.050908189757525965,0.05090840345423144,0.0509085774046568,0.05090692046081439,0.05090717460880607,0.0509035173318424,0.05090322105615617,0.05090210659961156,0.05090179553848533,0.04949017038190041,0.049536421522351125,0.028794178518172057,0.02686085383395456,0.028220611434825127,0.026211235204834,0.005573492079723359
0.05091231898005095,0.050912074998187964,0.05091100370501591,0.05091070818569776,0.050910777045309975,0.050911056382230924,0.05090945527137012,0.050909761851514704,0.050909807257976676,0.05090956260182976,0.0509084583219838,0.050908201358573955,0.05090840396845361,0.05090857791880611,0.050906909440676065,0.050907163590946734,0.050903517638018016,0.050903221362405604,0.05090213872123789,0.05090182766824038,0.04989180780021969,0.0499265885567475,0.02950968453784207,0.02751160185030778,0.02894718894348443,0.026877504658720124,0.00573457483156244
0.050911772925659605,0.0509115288350668,0.05091045241945495,0.05091015676726835,0.0509102286014333,0.050910508063274164,0.0509089095138544,0.0509092162303354,0.05090925699263611,0.05090901222676269,0.050907896570832153,0.05090763948985341,0.050907851683872136,0.050908025712464,0.05090636802424163,0.050906622286485,0.05090296361630565,0.050902667207080254,0.05090155231959735,0.05090124111819224,0.05020435478818738,0.050229223352415316,0.030228589376729384,0.028166319675039003,0.029676887161620844,0.027547369531591915,0.005920097869477222,0.005560840086362393
0.050911562066402835,0.05091131793381935,0.05091024597919813,0.05090995027725076,0.050910016862135775,0.05091029637221011,0.05090869426914831,0.05090900103940572,0.05090904478873027,0.05090879998053731,0.050907695014759266,0.05090743789159218,0.0509076389395457,0.050907812998279324,0.05090614348084558,0.05090639778953296,0.05090275044065298,0.05090245398001046,0.05090137076161941,0.050901059514260195,0.05043588899830143,0.050452872287858226,0.0309515740388659,0.02882565086991767,0.030410418740739315,0.028221500625138233,0.006364683267697672,0.006022887272603126
0.05091136034950629,0.05091111617675024,0.05091003939899462,0.05090974364724975,0.050909814284908504,0.050910093841132015,0.05090849475198959,0.05090880157209713,0.05090884176378584,0.05090859691510155,0.05090748088189992,0.05090722371390945,0.050907435394331124,0.05090760948190487,0.05090595123199829,0.050906205580452224,0.0509025464795545,0.050902249969714486,0.050901134757542744,0.050900823450445006,0.050597429091472496,0.050608639786645364,0.03167768428039268,0.029488726797200934,0.0311468542371228,0.02889904429384383,0.006856054316172339,0.006531443915461378
0.020257742517546227,0.020257712979579748,0.020257585460981314,0.020257549722796492,0.020257569935821562,0.020257603718699245,0.020257412294654616,0.0202574493326849,0.020257462974573072,0.0202574334157482,0.020257302181426462,0.020257271170015228,0.02025730082438884,0.02025732182020418,0.02025712266641197,0.0202571533059568,0.020255600979757222,0.02025556523712979,0.020255394076310423,0.02025535660336943,0.020177680647050677,0.02018050969490356,0.012895001066648775,0.011998897101061109,0.012687791791249268,0.01176992480996721,0.0029395181110671107,0.0028168790598295753
0.020257742446735127,0.0202577129087687,0.020257584828584876,0.020257549090400485,0.020257569862716523,0.020257603645594154,0.020257412617250056,0.020257449655280566,0.020257462900472777,0.02025743334164795,0.020257300794609814,0.020257269783199434,0.02025730074929338,0.020257321745108695,0.020257123981800473,0.020257154621346096,0.020255603582168307,0.02025556783982992,0.02025539495802349,0.0202553574850669,0.020181500405510533,0.020184166260016786,0.01291654802726944,0.012020087701773948,0.012709766012941905,0.011791746673837082,0.0029522102152159434,0.00283005078209097
0.02025774257070446,0.02025771303273796,0.020257585514139406,0.02025754977595454,0.02025756998668354,0.020257603769561254,0.020257412345516434,0.020257449383546764,0.02025746302443767,0.02025743346561278,0.020257302231290897,0.020257271219879632,0.020257300873256015,0.02025732186907139,0.02025712271527898,0.020257153354823854,0.020255603706119056,0.020255567963780585,0.02025539891519515,0.020255361442235633,0.020181500529006573,0.020184166383529056,0.01291654834408552,0.012020090263634845,0.012709767132418177,0.011791752100446584,0.002952237507376584,0.0028300857518918773
0.020257742579325184,0.020257713041358677,0.02025758496117452,0.020257549222990036,0.02025756999530423,0.020257603778181962,0.020257412749837337,0.020257449787867948,0.020257463033058337,0.02025743347423344,0.020257300927194962,0.020257269915784498,0.020257300881876647,0.020257321877692018,0.020257124114383282,0.020257154753928985,0.020255603714738998,0.020255567972400513,0.0202553950905934,0.02025535761763671,0.020181500537595008,0.020184166392118633,0.012916548349582233,0.012020090268750033,0.012709767137826887,0.011791752105464608,0.0029522375845578656,0.0028300858258796984
0.020257742579331543,0.020257713041365037,0.020257585522766464,0.020257549784581583,0.020257569995310604,0.020257603778188322,0.020257412354143474,0.0202574493921738,0.020257463033064714,0.02025743347423981,0.020257302239917906,0.020257271228506638,0.020257300881883027,0.02025732187769841,0.020257122723905965,0.02025715336345083,0.020255603714745378,0.0202555679724069,0.020255398923821437,0.020255361450861903,0.020181500537601368,0.02018416639212498,0.012916548349586289,0.012020090268753812,0.012709767137830886,0.011791752105468314,0.0029522375086338732,0.0028300857530971454
0.020257742579325184,0.020257713041358677,0.02025758496117452,0.020257549222990036,0.02025756999530423,0.020257603778181962,0.020257412749837337,0.020257449787867948,0.020257463033058337,0.02025743347423344,0.020257300927194962,0.020257269915784498,0.020257300881876647,0.020257321877692018,0.020257124114383282,0.020257154753928985,0.020255603714738998,0.020255567972400513,0.0202553950905934,0.02025535761763671,0.020181500537595008,0.020184166392118633,0.012916548349582233,0.012020090268750033,0.012709767137826887,0.011791752105464608,0.0029522375845578656,0.0028300858258796984
0.020257742579331543,0.020257713041365037,0.020257585522766464,0.020257549784581583,0.020257569995310604,0.020257603778188322,0.020257412354143474,0.0202574493921738,0.020257463033064714,0.02025743347423981,0.020257302239917906,0.020257271228506638,0.020257300881883027,0.02025732187769841,0.020257122723905965,0.02025715336345083,0.020255603714745378,0.0202555679724069,0.020255398923821437,0.020255361450861903,0.020181500537601368,0.02018416639212498,0.012916548349586289,0.012020090268753812,0.012709767137830886,0.011791752105468314,0.0029522375086338732,0.0028300857530971454
0.020257742579325184,0.020257713041358677,0.02025758496117452,0.020257549222990036,0.02025756999530423,0.020257603778181962,0.020257412749837337,0.020257449787867948,0.020257463033058337,0.02025743347423344,0.020257300927194962,0.020257269915784498,0.020257300881876647,0.020257321877692018,0.020257124114383282,0.020257154753928985,0.020255603714738998,0.020255567972400513,0.0202553950905934,0.02025535761763671,0.020181500537595008,0.020184166392118633,0.012916548349582233,0.012020090268750033,0.012709767137826887,0.011791752105464608,0.0029522375845578656,0.0028300858258796984
0.05091132811484846,0.05091108393567255,0.05091001177657725,0.05090971601817357,0.05090978136543771,0.0509100609291609,0.05090845851868152,0.050908765347842416,0.050908808518038896,0.05090856366272384,0.05090745848436153,0.050907201311682464,0.05090740180994172,0.05090757590227418,0.05090590606264979,0.050906160420447405,0.05090251930437092,0.05090222278702363,0.050901144697548736,0.05090083338977032,0.050715339533927845,0.050722160614992046,0.032460635406448744,0.030208434438553373,0.031941010669293744,0.029634497308114547,0.007418741321111775,0.007111786863157753
0.05091110047835443,0.05091085625384082,0.05090977924795779,0.05090948343349756,0.050909552896155,0.0509098325119296,0.05090823308224734,0.050908539967738434,0.050908579611843856,0.05090833471087234,0.050907218439459744,0.050906961216529587,0.050907172385158406,0.050907346510000166,0.05090568790519024,0.05090594230811686,0.05090228947875404,0.05090199290596644,0.050900882796368965,0.050900571422292075,0.05077904162190984,0.05078348217971719,0.03312100449433863,0.03080705575333709,0.032609900029879305,0.030244970673917165,0.007935904617443397,0.007642946022158926
0.05091085008410706,0.05091060580971961,0.050909533232781155,0.050909237359008964,0.050909301586543235,0.05090958125957691,0.050907978222728564,0.050908285171906265,0.05090832782466494,0.05090808287346969,0.050906977262559085,0.050906719989137234,0.050906920030581455,0.050907094191184186,0.050905423696892854,0.05090567815447862,0.050902036686305,0.05090174005253253,0.050900661599805046,0.05090035016972977,0.05082236712260171,0.05082518108067872,0.033852232771599614,0.03147870465612727,0.033350945706075906,0.030930216954302463,0.00852427483382302,0.0082456626853979
0.050910647026809724,0.05091040271197442,0.05090932530798846,0.050909029384084224,0.05090909767163616,0.050909377391133395,0.05090777736831867,0.05090808436769099,0.050908123467928675,0.050907878475967935,0.05090676179002583,0.05090650447149073,0.05090671515898827,0.050906889348625126,0.05090523012677217,0.05090548462440609,0.05090183140492763,0.050901534721628915,0.05090042425535828,0.05090011276519272,0.050849437605547006,0.05085122953297841,0.03458350399263363,0.03215262877244594,0.03409191148600582,0.03161748960770198,0.009132953528998398,0.00886755301622293
0.05091052558053184,0.05091028124150403,0.050909208380886334,0.05090891242878896,0.05090897547021476,0.0509092552175578,0.05090765503550802,0.050907962065453415,0.050908000889198876,0.05090775587278478,0.050906639075437694,0.050906381731208726,0.05090659215892875,0.050906766365997766,0.05090510697813812,0.05090536150125177,0.050901708046421454,0.050901411333359826,0.05090030077102964,0.05089998924959901,0.0508661318959287,0.050867292549318335,0.03531515670937281,0.032829068638999405,0.034833188205124564,0.03230706598488125,0.009752476069199122,0.009499094647236988
0.0509102722758596,0.050910027886369794,0.0509089548042962,0.05090865879105373,0.05090872124097724,0.05090900104625429,0.050907400532912185,0.05090770762646563,0.05090774617899567,0.05090750111176632,0.050906384082914535,0.05090612668529253,0.05090633687686981,0.050906511120120713,0.050904851387701316,0.05090510596370001,0.050901452323562094,0.05090115554879834,0.05090004478732527,0.050899733201078476,0.050876154785677835,0.050876929276233746,0.036055731394766144,0.03350817083287209,0.03558354582432153,0.03299913323987034,0.010377007158567743,0.010134512420396717
0.05091034109497542,0.05091009671919575,0.050909023697290154,0.050908727700660336,0.05090878954079235,0.05090906933050477,0.05090746890616821,0.0509077759826326,0.05090781425329418,0.05090756919964618,0.050906452232668466,0.05090619484931677,0.05090640474925594,0.050906578982886815,0.050904919342078706,0.05090517390401637,0.050901519958561625,0.050901223200117654,0.050900112491316575,0.05089980092221317,0.05088248659103007,0.050883025768008135,0.03679863155094924,0.03418931245497335,0.03633629541277327,0.03369307137321655,0.011005272886057144,0.010772668729490663
0.050910285310968396,0.050910040924075466,0.050908967853398476,0.05090867184330262,0.050908733079766864,0.05090901288234595,0.05090741238443176,0.050907719475023094,0.05090775746807468,0.05090751240309756,0.05090639538450677,0.05090613798925126,0.05090634761915702,0.05090652186088534,0.05090486214296555,0.050905116716738724,0.050901462512527265,0.05090116574022201,0.05090005498668387,0.05089974340301964,0.0508862395441878,0.05088663573648193,0.03754293986864227,0.03487136706687748,0.037090573034412336,0.034387770122949475,0.011636242070125792,0.011412657253616022
0.05091009766693918,0.050909853242662576,0.05090877535630204,0.05090847929978645,0.05090854459207836,0.050908824437612764,0.05090722041230418,0.05090752755087816,0.05090756855204057,0.05090732344937198,0.05090621715511401,0.05090595972253677,0.05090615820722622,0.05090633247580206,0.05090466094612051,0.050904915561526626,0.050901272701811204,0.05090097588370467,0.05089989685584546,0.05089958523213956,0.05088836552266523,0.050888674987132766,0.03828848994268439,0.03555440550812729,0.037846278930346075,0.03508333704912675,0.012268052364171837,0.012052705740614386
0.05090994409855555,0.05090969964368258,0.05090862627467013,0.050908330182202435,0.05090839022288838,0.05090867010360449,0.05090706915886815,0.050907376335249235,0.05090741378201098,0.050907168648462064,0.0509060513174711,0.05090579385016524,0.05090600298090668,0.050906177271485664,0.0509045170883616,0.050904771733537114,0.05090111709870981,0.05090082024305435,0.05089970922050474,0.0508993975492837,0.0508896172415299,0.050889874149887666,0.03903515733028616,0.03624542867564744,0.03860336254107646,0.035786979974464284,0.012899857455710706,0.0126920572555093
0.050909724800064476,0.05090948030149686,0.05090840208769065,0.050908105941155614,0.050908170012341554,0.05090844994324766,0.0509068454287442,0.05090715266105155,0.05090719308778846,0.05090694791020327,0.050905841277971056,0.05090558376667777,0.05090578172411744,0.05090595604606093,0.05090428400461927,0.05090453869803087,0.05090089539283227,0.05090059848367371,0.05089951917172762,0.05089920745237763,0.050890557444461845,0.05089078141428459,0.03977599283752864,0.03693377902864604,0.03935481399938042,0.03648781408484389,0.013601632963298277,0.013401602863682489
0.05090950618598282,0.05090926164385423,0.05090818323804821,0.050907887038729754,0.05090795048099851,0.050908230461943024,0.050906625660710775,0.05090693294795741,0.05090697306687425,0.05090672784538437,0.05090562101508357,0.050905363457658906,0.05090556113495723,0.05090573548817267,0.05090406314685457,0.05090431788597515,0.050900674348559966,0.05090037738605449,0.05089929790766341,0.05089898613227622,0.050891047476064225,0.05089125193208651,0.04051552293107256,0.03762296520698918,0.04010536229874086,0.03718947726144578,0.014318552498906071,0.014125807763089979
0.050909236507958505,0.05090899191209009,0.050907913269420194,0.050907617004984564,0.05090767981865994,0.05090795986130173,0.050906354706533735,0.0509066620615205,0.05090670187150752,0.05090645659589731,0.05090534952144181,0.05090509190715212,0.050905289309718556,0.050905463701472094,0.050903790990599385,0.05090404578604969,0.05090040203299411,0.0509001050047633,0.05089902532130571,0.05089871347687836,0.05089121603964798,0.05089140897536279,0.041253544168466154,0.03831313342573421,0.040854926750808804,0.03789216713433007,0.015042349892991648,0.014856369649416341
0.05090916082931631,0.05090891621836639,0.05090783750922306,0.05090754122651292,0.050907603398814026,0.050907883458876424,0.050906278204284686,0.05090658557839843,0.05090662506983873,0.05090637977890112,0.05090527263529821,0.050905015004903804,0.05090521209835019,0.05090538650105093,0.05090371368520194,0.05090396849665339,0.05090032445115375,0.05090002740419708,0.05089894766231381,0.05089863579821616,0.050891418368362445,0.050891604492803263,0.0419895650173847,0.03900423722343608,0.0416031494304715,0.03859588138903055,0.015772836946398975,0.015593155245237187
0.05090894485151167,0.050908700197518975,0.05090762129866041,0.050907324963794846,0.050907386501286116,0.050907666610794704,0.05090606107286802,0.05090636850127087,0.05090640767631227,0.05090616234198716,0.05090505500264906,0.05090479732666665,0.050904994131052525,0.05090516856465852,0.050903495452449106,0.05090375030907357,0.05090010602186703,0.05089980892218589,0.05089872901579989,0.05089841709631881,0.050891383306768796,0.05089156544356476,0.04272113147293293,0.039695533293917125,0.042347705210866414,0.03929992602938156,0.016509649129103215,0.016335849279637202
0.05090876534722296,0.05090852065745441,0.050907441600909945,0.050907145222694315,0.050907206122736345,0.05090748627336821,0.050905883785134276,0.05090619125786665,0.05090622682799017,0.05090598145756922,0.05090486304743558,0.05090460533124169,0.05090481274813968,0.05090498720746515,0.05090332541737108,0.05090358030919391,0.05089992419729109,0.05089962705371873,0.05089851510192087,0.05089820312825183,0.05089132761327575,0.05089150741270443,0.04344726348419043,0.04038699978020748,0.043087801856798474,0.04000434178560623,0.01725277945752803,0.017084487355602085
0.02025759476198029,0.02025756522409996,0.02025743770587336,0.020257401967792736,0.020257421641054797,0.02025745542383361,0.020257264000349207,0.02025730103827109,0.020257314421855008,0.020257284863116787,0.02025715362917978,0.02025712261785946,0.02025715201388263,0.020257173009636316,0.020256973856428988,0.020257004495883833,0.02025545460153006,0.020255418859296853,0.020255249811470703,0.020255212338621455,0.020252455815345845,0.0202524778171209,0.017575265165454563,0.01634592572693008,0.01743822943325894,0.016198980622102767,0.007164148511106681,0.007099224337452701
0.020257597000917074,0.020257567463035423,0.02025743938321924,0.020257403645137437,0.02025742387771955,0.02025745766049986,0.02025726663270609,0.020257303670629907,0.020257316657449252,0.02025728709870972,0.02025715455205413,0.020257123540733255,0.02025715424840395,0.020257175244158567,0.02025697748142211,0.02025700812087915,0.02025545866839425,0.02025542292638997,0.020255251800227893,0.02025521432736587,0.020252464123888442,0.020252486118317366,0.017595154724721097,0.016366272931465517,0.01745850801787527,0.016219780655177256,0.0071819084309032,0.007117156070151405
0.020257597117802673,0.020257567579920956,0.020257440061688437,0.020257404323606155,0.020257423994603774,0.020257457777384174,0.020257266353890857,0.020257303391814474,0.020257316774332266,0.020257287215592678,0.02025715598164957,0.020257124970327806,0.020257154365285635,0.0202571753610403,0.020256976207823716,0.020257006847279976,0.020255458785265534,0.020255423043261167,0.020255255750309727,0.020255218277444784,0.020252464240742046,0.020252486235171025,0.01759515482624439,0.01636627302589848,0.017458508118610088,0.016219780748765046,0.007181923219725058,0.007117172760407937
0.02025759712494268,0.020257567587060966,0.020257439507244453,0.020257403769162557,0.020257424001743768,0.020257457784524164,0.020257266756729935,0.020257303794653833,0.020257316781472242,0.020257287222732647,0.02025715467607673,0.02025712366475577,0.020257154372425576,0.02025717536818024,0.020256977605443312,0.020257008244900423,0.020255458792404892,0.020255423050400533,0.020255251924237837,0.020255214451375708,0.020252464247880395,0.020252486242309367,0.017595154832446055,0.01636627303166696,0.017458508124763572,0.0162197807544819,0.0071819234069602595,0.007117172945955021
0.020257597124943287,0.02025756758706157,0.020257440068829027,0.020257404330746732,0.020257424001744375,0.020257457784524754,0.020257266361031433,0.02025730339895506,0.02025731678147285,0.020257287222733258,0.020257155988790125,0.020257124977468354,0.020257154372426197,0.02025717536818086,0.020256976214964254,0.020257006854420525,0.020255458792405534,0.020255423050401167,0.020255255757449672,0.020255218284584722,0.020252464247881036,0.020252486242310016,0.017595154832446575,0.016366273031667444,0.0174585081247641,0.01621978075448238,0.007181923222256705,0.007117172762916756
0.02025759712494681,0.020257567587065095,0.02025743950724859,0.020257403769166696,0.0202574240017479,0.020257457784528296,0.020257266756734074,0.020257303794657972,0.02025731678147637,0.020257287222736776,0.020257154676080857,0.020257123664759905,0.020257154372429705,0.02025717536818437,0.02025697760544746,0.020257008244904548,0.020255458792409035,0.02025542305040468,0.02025525192424197,0.020255214451379847,0.02025246424788452,0.020252486242313506,0.017595154832449646,0.016366273031670292,0.017458508124767135,0.016219780754485207,0.007181923406961722,0.0071171729459564665
0.020257597124946396,0.02025756758706468,0.020257440068832136,0.020257404330749854,0.020257424001747494,0.020257457784527876,0.02025726636103455,0.02025730339895816,0.020257316781475965,0.020257287222736377,0.02025715598879324,0.020257124977471473,0.02025715437242932,0.020257175368183975,0.02025697621496738,0.020257006854423654,0.02025545879240866,0.020255423050404297,0.020255255757452798,0.02025521828458785,0.020252464247884173,0.020252486242313156,0.01759515483244927,0.016366273031669955,0.01745850812476677,0.016219780754484867,0.0071819232222578135,0.007117172762917856
0.020257597124946805,0.02025756758706508,0.02025743950724858,0.02025740376916669,0.020257424001747893,0.020257457784528282,0.02025726675673407,0.020257303794657965,0.020257316781476357,0.020257287222736772,0.020257154676080847,0.0202571236647599,0.020257154372429705,0.020257175368184367,0.02025697760544745,0.020257008244904548,0.020255458792409024,0.020255423050404658,0.020255251924241963,0.020255214451379833,0.02025246424788452,0.020252486242313492,0.01759515483244963,0.01636627303167029,0.017458508124767135,0.016219780754485203,0.007181923406961718,0.007117172945956463
