1.0373082190462952,19.232100391390137,43.91807516335486
1.0413220386787057,19.397433039299766,43.96239707542515
1.045913012981289,19.55876426471059,44.00930433095123
1.0509964041892699,19.71696613755093,44.05894838391995
1.0564409909726349,19.867811684447826,44.11400165367928
1.0622677287823068,20.00649395696199,44.17854040670215
1.068329472062996,20.13953332030915,44.24947000677809
1.0745073225867807,20.27113297791869,44.322916218223575
1.0809175310574552,20.377475946467033,44.41579367446779
1.0874966983349,20.47439411448419,44.519256582902386
1.0941457435808668,20.57434800033534,44.6222303606243
1.1008191913835474,20.682998779833216,44.718429396512086
1.1074845455069404,20.801704458997236,44.806298002604606
1.1141579281259215,20.9377568755003,44.877807106514105
1.1209723947079289,21.090861537726955,44.93362312607799
1.1278014340869762,21.25727786837184,44.97750893762736
1.1346358721668588,21.431566621894483,45.014598296129435
1.1391257129762706,21.46139485856616,45.017239242983294
1.140317176969124,21.462439676993714,45.01724033042568
1.140544161752751,21.462538762514594,45.01724033042568
1.1405757103181795,21.462552351443236,45.01724033042568
1.140575963465553,21.462552405730566,45.01724033042568
1.140575963465553,21.462552405730566,45.01724033042568
1.140575963465553,21.462552405730566,45.01724033042568
1.140575963465553,21.462552405730566,45.01724033042568
1.1463929428931698,21.603829575960987,45.044004749508886
1.1532973979176515,21.765045721362988,45.08978562214373
1.1574627284983572,22.003439923203512,45.105717418627705
1.1613936974227903,22.206272985597966,45.1210705194242
1.165418045233053,22.40889342052551,45.13701248076037
1.1694540354746052,22.611523290058415,45.1533923185821
1.1736250668306838,22.812609761128094,45.17036776354368
1.178065062221571,23.012893110970715,45.187162581653254
1.1827028272791593,23.214014367806463,45.204116111594836
1.1873963071024267,23.415008919084922,45.22115547623092
1.192141483656148,23.6158969161449,45.238277020921025
1.1969354770219458,23.816671257567425,45.25547768363008
1.2017750798391411,24.017306059949398,45.272754189379484
1.2066596782163073,24.21784204592687,45.29010540491637
1.2115829627887837,24.418393212496643,45.30749733611303
1.213540900828684,24.435096763227907,45.30803924339407
1.213679293377236,24.435216488986217,45.30803924339407
1.2136813672832967,24.435216497205715,45.30803924339407
1.2136813672832967,24.435216497205715,45.30803924339407
1.2136813672832967,24.43521649763167,45.30803924339407
1.2136813672832967,24.43521649770224,45.30803924339407
1.2136813672832967,24.43521649770224,45.30803924339407
1.2136813672832967,24.43521649770224,45.30803924339407
1.2179292634506764,24.61618918295103,45.32412370702041
1.222858038304543,24.81728949148036,45.34133053660789
1.2279312590378346,25.01652909820896,45.359079677853174
1.2330407334076585,25.216687666254206,45.37692968233571
1.238167068863033,25.416808875811057,45.394858920294304
1.2433067642375368,25.616849744970253,45.41286508415539
1.2484848656774858,25.817108543313882,45.43032837655221
1.253817351002715,26.01758593594007,45.447854401910924
1.2591683496654347,26.217997085634206,45.46542317644916
1.264514828935696,26.40873801348731,45.492378009201616
1.2698677004330343,26.59929154009282,45.51931136081334
1.275216956300094,26.79011923659679,45.54620849467411
1.2805987929808826,26.980262078606607,45.573462929553024
1.286034763155177,27.136304237427954,45.63209750689111
1.2914839842322534,27.292524421730146,45.691228414171974
1.2969629356930052,27.448151750748405,45.750879933268976
1.2994557733355059,27.463972926674966,45.75528567303979
1.2997126495572504,27.464256230121304,45.75528989562696
1.2997259142150157,27.464277992060033,45.755290326502845
1.2997259142150157,27.4642782168854,45.755290333885625
1.2997259142150157,27.464278306796395,45.755290334039074
1.2997259142150157,27.46427831666913,45.755290334039074
1.2997259142150157,27.46427831666913,45.755290334039074
1.2997259142150157,27.46427831666913,45.755290334039074
1.3042535397384285,27.49997451738439,45.904197425650146
1.3095371743998037,27.539051088658145,46.072581521721254
1.3148131257766327,27.578194535378877,46.24114146473301
1.3202112428379693,27.616898769358343,46.41028696528161
1.325605669126155,27.658834196303342,46.577709503711134
1.3309983733373263,27.70299183390306,46.74460809818759
1.3363863286622544,27.744403900951145,46.91443518296882
1.3417697632313137,27.784096810729153,47.086246877819875
1.3471488056121552,27.822600566539055,47.25955450026928
1.3525268764912204,27.869177400118897,47.426800432465924
1.3579012176803231,27.915191556313072,47.595160245597704
1.36327702786986,27.97027804376713,47.7568898293622
1.36864892336771,28.025804814470188,47.91898092781628
1.3740182400683898,28.081234926917592,48.081941911216425
1.3793820902847835,28.13458892903718,48.247549391106276
1.384851836716893,28.18890608955137,48.41298705635722
1.3873429894396851,28.193344634066683,48.42687710836691
1.387599237527735,28.193400510184013,48.42696059004133
1.387612328241546,28.19340236225406,48.42696059004133
1.387612328241546,28.193402422583254,48.42696059004133
1.387612328241546,28.193402477846053,48.42696059004133
1.387612328241546,28.19340254977563,48.42696059004133
1.387612328241546,28.193402608553622,48.42696059004133
1.387612328241546,28.19340263427688,48.42696059004133
1.3922425581687234,28.23864654990262,48.578643922710135
1.3976986876431277,28.289859929891286,48.748444948723915
1.403150054853391,28.341167769782665,48.91897184751319
1.4085958998299548,28.392645925188397,49.090125638517684
1.414036407541773,28.444360292668772,49.2618485948539
1.4194703311884045,28.49636211547593,49.4340853619717
1.424899690431818,28.548766453908833,49.606764210267805
1.430322488166159,28.60191872430181,49.77953098223345
1.4357407117200098,28.65592560053001,49.952327705105404
1.4411530536038482,28.710169099163874,50.12569539877139
1.4465593747536234,28.7637453388839,50.30047758735071
1.4519583274281378,28.818047017628903,50.475383379277034
1.457353477817634,28.87171726860557,50.651708829646154
1.4628357512805703,28.925948893094283,50.828254410950905
1.4683113120276152,28.980768879531436,51.00506222821433
1.4737804320795178,29.036150660960885,51.182198090851806
1.476350349224923,29.040910525261147,51.19570348742251
1.4766358502807537,29.040958677361793,51.195723429804055
1.4766522652144218,29.04095884102231,51.195723429804055
1.4766522652144218,29.040958847103006,51.195723429804055
1.4766522652144218,29.040958847674872,51.195723429804055
1.4766522652144218,29.040958847674872,51.195723429804055
1.4766522652144218,29.040958847674872,51.195723429804055
1.4766522652144218,29.040958847674872,51.195723429804055
1.4812374449289638,29.090436838076606,51.35590163231556
1.4866897787860223,29.147319205991415,51.53326736298767
1.4921339437728318,29.20531392969937,51.71040665521881
1.497571671897831,29.264650494485167,51.88713023784305
1.5030021030496774,29.310963672227313,52.07668126569898
1.5084251422276695,29.358281218706054,52.26608855471774
1.5138404797685048,29.406639576807805,52.45538551338236
1.5192470952417736,29.455452832561786,52.645044969468955
1.5246453087084544,29.50601038798484,52.83388150657175
1.5300345911387694,29.559515178967473,53.02179588111464
1.5354181693294129,29.615058371700282,53.208604384034786
1.5409053179145296,29.67363104383728,53.393265763898604
1.546384978684982,29.735236142979762,53.575828536576914
1.55185991302096,29.802880473427678,53.754651926349084
1.5573273810875914,29.872893728928286,53.93214082441154
1.5627867898292778,29.94453219272739,54.10896003515004
1.5654103286892929,29.95006454875316,54.121934662199784
1.5657216409619155,29.950102328986528,54.12194239862869
1.5657409589446138,29.95010232900149,54.12194239862869
1.5657409589446138,29.95010232900149,54.12194239862869
1.5657409589446138,29.950102329002224,54.12194239862869
1.5657409589446138,29.950102329002224,54.12194239862869
1.5657409589446138,29.950102329002224,54.12194239862869
1.5657409589446138,29.950102329002224,54.12194239862869
1.5702739346563264,30.015145171171245,54.281861006308915
1.5757136404312406,30.088496443659253,54.458742971804945
1.5811433777811914,30.162199760205294,54.63613033777227
1.5865634311865164,30.236519226626317,54.813746856982526
1.5919754057621203,30.310786077027927,54.9922127798841
1.5973799925699042,30.385687768579768,55.17094832540841
1.6027741505548925,30.46120476646194,55.34988841417909
1.6081593755461396,30.537494633087668,55.528955903945054
1.613538188698718,30.613967984503134,55.708709963273726
1.619023524799244,30.685752755402174,55.89376327055225
1.6244956801024797,30.757000239897316,56.080039953633
1.6299578754904922,30.82859897033267,56.26685229174158
1.6354109281601155,30.900648507676337,56.45411741226104
1.6408532758075687,30.973365736887686,56.641596950577345
1.6462870413256292,31.046915738055763,56.82919093370995
1.6517111360028236,31.10923291375699,57.027997823991335
1.6543579866203832,31.113977173126763,57.041618084860644
1.6546830807152741,31.114011878860005,57.041637047405366
1.654703724526105,31.114011878860005,57.041637047405366
1.654703724526105,31.114011878860005,57.041637047405366
1.654703724526105,31.114011878860005,57.041637047405366
1.654703724526105,31.114011878860005,57.041637047405366
1.654703724526105,31.114011878860005,57.041637047405366
1.654703724526105,31.114011878860005,57.041637047405366
