node1ID node2ID branchID x1 y1 z1 x2 y2 z2 radius time age type organ parent_node_id 
0 1 1 0.0000 0.0000 -3.0000 -0.1391 0.0022 -3.9903 0.0900 0.2500 14.0000 1 2 1  
1 2 1 -0.1391 0.0022 -3.9903 -0.2057 -0.2730 -4.9494 0.0900 0.5000 14.0000 1 2 1  
0 941 3 0.0000 0.0000 -3.0000 -0.0021 0.0040 -2.0000 0.2000 0.6667 14.0000 1 3 3  
961 962 3 -0.6473 0.7501 17.9719 -0.6473 0.7501 17.9719 0.2000 0.6667 14.0000 1 3 3  
962 963 3 -0.6473 0.7501 17.9719 -0.6473 0.7501 17.9719 0.2000 0.6667 14.0000 1 3 3  
963 964 3 -0.6473 0.7501 17.9719 -0.6473 0.7501 17.9719 0.2000 0.6667 14.0000 1 3 3  
964 965 3 -0.6473 0.7501 17.9719 -0.6473 0.7501 17.9719 0.2000 0.6667 14.0000 1 3 3  
965 966 3 -0.6473 0.7501 17.9719 -0.6473 0.7501 17.9719 0.2000 0.6667 14.0000 1 3 3  
966 967 3 -0.6473 0.7501 17.9719 -0.6473 0.7501 17.9719 0.2000 0.6667 14.0000 1 3 3  
967 968 3 -0.6473 0.7501 17.9719 -0.6473 0.7501 17.9719 0.2000 0.6667 14.0000 1 3 3  
968 969 3 -0.6473 0.7501 17.9719 -0.6473 0.7501 17.9719 0.2000 0.6667 14.0000 1 3 3  
969 970 3 -0.6473 0.7501 17.9719 -0.6473 0.7501 17.9719 0.2000 0.6667 14.0000 1 3 3  
970 971 3 -0.6473 0.7501 17.9719 -0.6473 0.7501 17.9719 0.2000 0.6667 14.0000 1 3 3  
971 972 3 -0.6473 0.7501 17.9719 -0.6473 0.7501 17.9719 0.2000 0.6667 14.0000 1 3 3  
972 973 3 -0.6473 0.7501 17.9719 -0.6473 0.7501 17.9719 0.2000 0.6667 14.0000 1 3 3  
973 974 3 -0.6473 0.7501 17.9719 -0.6473 0.7501 17.9719 0.2000 0.6667 14.0000 1 3 3  
974 975 3 -0.6473 0.7501 17.9719 -0.6473 0.7501 17.9719 0.2000 0.6667 14.0000 1 3 3  
975 976 3 -0.6473 0.7501 17.9719 -0.6473 0.7501 17.9719 0.2000 0.6667 14.0000 1 3 3  
2 3 1 -0.2057 -0.2730 -4.9494 -0.2795 -0.5469 -5.9083 0.0900 0.7500 14.0000 1 2 1  
941 980 152 -0.0021 0.0040 -2.0000 0.3839 0.6334 -1.3256 0.0700 0.8687 13.3333 2 4 152  
3 4 1 -0.2795 -0.5469 -5.9083 -0.4195 -0.5756 -6.3874 0.0900 0.8750 14.0000 1 2 1  
4 5 1 -0.4195 -0.5756 -6.3874 -0.4296 -0.6033 -6.8866 0.0900 1.0000 14.0000 1 2 1  
980 981 152 0.3839 0.6334 -1.3256 0.7488 1.3453 -0.7256 0.0700 1.0749 13.3333 2 4 152  
5 6 1 -0.4296 -0.6033 -6.8866 -0.4950 -0.6788 -7.3765 0.0900 1.1250 14.0000 1 2 1  
6 7 1 -0.4950 -0.6788 -7.3765 -0.5720 -0.7542 -7.8647 0.0900 1.2500 14.0000 1 2 1  
981 982 152 0.7488 1.3453 -0.7256 1.1272 2.0550 -0.1314 0.0700 1.2854 13.3333 2 4 152  
960 961 3 -0.5877 0.6965 16.9751 -0.6473 0.7501 17.9719 0.2000 1.3333 14.0000 1 3 3  
945 946 3 -0.0881 0.0671 1.9985 -0.1134 0.0883 2.9979 0.2000 1.3333 14.0000 1 3 3  
950 951 3 -0.2247 0.2037 6.9945 -0.2554 0.2382 7.9934 0.2000 1.3333 14.0000 1 3 3  
955 956 3 -0.3938 0.4393 11.9859 -0.4230 0.4946 12.9840 0.2000 1.3333 14.0000 1 3 3  
7 8 1 -0.5720 -0.7542 -7.8647 -0.5766 -0.7707 -8.3645 0.0900 1.3750 14.0000 1 2 1  
8 9 1 -0.5766 -0.7707 -8.3645 -0.5705 -0.8096 -8.8629 0.0900 1.5000 14.0000 1 2 1  
982 983 152 1.1272 2.0550 -0.1314 1.4923 2.8022 0.4241 0.0700 1.5005 13.3333 2 4 152  
9 10 1 -0.5705 -0.8096 -8.8629 -0.6683 -0.7981 -9.3531 0.0900 1.6250 14.0000 1 2 1  
983 984 152 1.4923 2.8022 0.4241 1.8268 3.5953 0.9330 0.0700 1.7203 13.3333 2 4 152  
10 11 1 -0.6683 -0.7981 -9.3531 -0.7508 -0.7687 -9.8454 0.0900 1.7500 14.0000 1 2 1  
11 12 1 -0.7508 -0.7687 -9.8454 -0.7517 -0.7103 -10.3419 0.0900 1.8750 14.0000 1 2 1  
984 985 152 1.8268 3.5953 0.9330 2.1637 4.3977 1.4256 0.0700 1.9450 13.3333 2 4 152  
12 13 1 -0.7517 -0.7103 -10.3419 -0.7520 -0.7112 -10.8419 0.0900 2.0000 14.0000 1 2 1  
956 957 3 -0.4230 0.4946 12.9840 -0.4514 0.5422 13.9824 0.2000 2.0000 14.0000 1 3 3  
941 942 3 -0.0021 0.0040 -2.0000 -0.0176 0.0096 -1.0001 0.2000 2.0000 14.0000 1 3 3  
946 947 3 -0.1134 0.0883 2.9979 -0.1360 0.1129 3.9974 0.2000 2.0000 14.0000 1 3 3  
951 952 3 -0.2554 0.2382 7.9934 -0.2900 0.2861 8.9917 0.2000 2.0000 14.0000 1 3 3  
13 14 1 -0.7520 -0.7112 -10.8419 -0.6963 -0.5754 -11.3199 0.0900 2.1250 14.0000 1 2 1  
985 986 152 2.1637 4.3977 1.4256 2.5087 5.2272 1.8649 0.0700 2.1749 13.3333 2 4 152  
14 15 1 -0.6963 -0.5754 -11.3199 -0.5760 -0.4942 -11.7984 0.0900 2.2500 14.0000 1 2 1  
3 110 4 -0.2795 -0.5469 -5.9083 -0.5420 0.3203 -6.3315 0.0300 2.3214 12.2500 2 2 4  
15 16 1 -0.5760 -0.4942 -11.7984 -0.6017 -0.4165 -12.2916 0.0900 2.3750 14.0000 1 2 1  
986 987 152 2.5087 5.2272 1.8649 2.9028 6.0579 2.2580 0.0700 2.4102 13.3333 2 4 152  
4 117 5 -0.4195 -0.5756 -6.3874 0.4082 -0.1898 -6.7951 0.0300 2.4464 12.1250 2 2 5  
16 17 1 -0.6017 -0.4165 -12.2916 -0.7017 -0.3396 -12.7755 0.0900 2.5000 14.0000 1 2 1  
5 124 6 -0.4296 -0.6033 -6.8866 -0.3978 0.2601 -7.3901 0.0300 2.5714 12.0000 2 2 6  
17 18 1 -0.7017 -0.3396 -12.7755 -0.7569 -0.3175 -13.2719 0.0900 2.6250 14.0000 1 2 1  
987 988 152 2.9028 6.0579 2.2580 3.3078 6.8951 2.6256 0.0700 2.6512 13.3333 2 4 152  
957 958 3 -0.4514 0.5422 13.9824 -0.4798 0.5898 14.9809 0.2000 2.6667 14.0000 1 3 3  
942 943 3 -0.0176 0.0096 -1.0001 -0.0398 0.0253 -0.0005 0.2000 2.6667 14.0000 1 3 3  
947 948 3 -0.1360 0.1129 3.9974 -0.1596 0.1417 4.9967 0.2000 2.6667 14.0000 1 3 3  
952 953 3 -0.2900 0.2861 8.9917 -0.3301 0.3331 9.9898 0.2000 2.6667 14.0000 1 3 3  
6 131 7 -0.4950 -0.6788 -7.3765 -1.1959 -1.3433 -7.6359 0.0300 2.6964 11.8750 2 2 7  
18 19 1 -0.7569 -0.3175 -13.2719 -0.7919 -0.3321 -13.7705 0.0900 2.7500 14.0000 1 2 1  
7 138 8 -0.5720 -0.7542 -7.8647 -0.2770 0.1346 -8.2155 0.0300 2.8214 11.7500 2 2 8  
19 20 1 -0.7919 -0.3321 -13.7705 -0.7325 -0.2314 -14.2566 0.0900 2.8750 14.0000 1 2 1  
110 111 4 -0.5420 0.3203 -6.3315 -1.0097 1.1240 -6.6993 0.0300 2.8929 12.2500 2 2 4  
988 989 152 3.3078 6.8951 2.6256 3.6365 7.7790 2.9581 0.0700 2.8981 13.3333 2 4 152  
8 145 9 -0.5766 -0.7707 -8.3645 -1.3106 -0.1373 -8.6093 0.0300 2.9464 11.6250 2 2 9  
20 21 1 -0.7325 -0.2314 -14.2566 -0.6555 -0.2791 -14.7484 0.0900 3.0000 14.0000 1 2 1  
117 118 5 0.4082 -0.1898 -6.7951 1.2317 0.2966 -7.0869 0.0300 3.0179 12.1250 2 2 5  
9 152 10 -0.5705 -0.8096 -8.8629 -1.1935 -1.5837 -8.9751 0.0300 3.0714 11.5000 2 2 10  
21 22 1 -0.6555 -0.2791 -14.7484 -0.6164 -0.4146 -15.2281 0.0900 3.1250 14.0000 1 2 1  
124 125 6 -0.3978 0.2601 -7.3901 -0.3672 0.9517 -8.1116 0.0300 3.1429 12.0000 2 2 6  
989 990 152 3.6365 7.7790 2.9581 4.0325 8.6509 3.2463 0.0700 3.1513 13.3333 2 4 152  
10 159 11 -0.6683 -0.7981 -9.3531 -1.4601 -0.2614 -9.6444 0.0300 3.1964 11.3750 2 2 11  
22 23 1 -0.6164 -0.4146 -15.2281 -0.5504 -0.4040 -15.7236 0.0900 3.2500 14.0000 1 2 1  
131 132 7 -1.1959 -1.3433 -7.6359 -1.8378 -2.0218 -7.9931 0.0300 3.2679 11.8750 2 2 7  
11 166 12 -0.7508 -0.7687 -9.8454 0.0180 -1.0198 -10.4335 0.0300 3.3214 11.2500 2 2 12  
958 959 3 -0.4798 0.5898 14.9809 -0.5294 0.6416 15.9783 0.2000 3.3333 14.0000 1 3 3  
943 944 3 -0.0398 0.0253 -0.0005 -0.0647 0.0452 0.9990 0.2000 3.3333 14.0000 1 3 3  
948 949 3 -0.1596 0.1417 4.9967 -0.1810 0.1683 5.9961 0.2000 3.3333 14.0000 1 3 3  
953 954 3 -0.3301 0.3331 9.9898 -0.3653 0.3847 10.9878 0.2000 3.3333 14.0000 1 3 3  
23 24 1 -0.5504 -0.4040 -15.7236 -0.5146 -0.3875 -16.2220 0.0900 3.3750 14.0000 1 2 1  
138 139 8 -0.2770 0.1346 -8.2155 -0.0481 0.9723 -8.7114 0.0300 3.3929 11.7500 2 2 8  
990 991 152 4.0325 8.6509 3.2463 4.3869 9.5557 3.4824 0.0700 3.4110 13.3333 2 4 152  
12 173 13 -0.7517 -0.7103 -10.3419 -1.1861 0.1105 -10.7129 0.0300 3.4464 11.1250 2 2 13  
111 112 4 -1.0097 1.1240 -6.6993 -1.4771 1.9105 -7.1029 0.0300 3.4643 12.2500 2 2 4  
24 25 1 -0.5146 -0.3875 -16.2220 -0.4985 -0.4117 -16.7212 0.0900 3.5000 14.0000 1 2 1  
145 146 9 -1.3106 -0.1373 -8.6093 -2.0947 0.2925 -9.0570 0.0300 3.5179 11.6250 2 2 9  
13 180 14 -0.7520 -0.7112 -10.8419 -0.4913 0.1334 -11.3095 0.0300 3.5714 11.0000 2 2 14  
118 119 5 1.2317 0.2966 -7.0869 1.8497 0.9120 -7.5763 0.0300 3.5893 12.1250 2 2 5  
25 26 1 -0.4985 -0.4117 -16.7212 -0.4968 -0.4043 -17.2211 0.0900 3.6250 14.0000 1 2 1  
152 153 10 -1.1935 -1.5837 -8.9751 -1.8435 -2.3271 -9.1329 0.0300 3.6429 11.5000 2 2 10  
991 992 152 4.3869 9.5557 3.4824 4.7378 10.4675 3.6956 0.0700 3.6777 13.3333 2 4 152  
14 187 15 -0.6963 -0.5754 -11.3199 -1.5789 -0.2971 -11.6990 0.0300 3.6964 10.8750 2 2 15  
125 126 6 -0.3672 0.9517 -8.1116 -0.5145 1.5985 -8.8600 0.0300 3.7143 12.0000 2 2 6  
26 27 1 -0.4968 -0.4043 -17.2211 -0.4996 -0.3969 -17.7210 0.0900 3.7500 14.0000 1 2 1  
159 160 11 -1.4601 -0.2614 -9.6444 -2.1944 0.2699 -10.0671 0.0300 3.7679 11.3750 2 2 11  
15 194 16 -0.5760 -0.4942 -11.7984 0.3440 -0.1053 -11.7507 0.0300 3.8214 10.7500 2 2 16  
132 133 7 -1.8378 -2.0218 -7.9931 -2.4465 -2.7444 -8.3205 0.0300 3.8393 11.8750 2 2 7  
946 1017 153 -0.1134 0.0883 2.9979 -0.6023 -0.4569 3.6790 0.0700 3.8687 10.3333 2 4 153  
27 28 1 -0.4996 -0.3969 -17.7210 -0.5088 -0.3310 -18.2166 0.0900 3.8750 14.0000 1 2 1  
166 167 12 0.0180 -1.0198 -10.4335 0.7846 -1.2400 -11.0368 0.0300 3.8929 11.2500 2 2 12  
16 201 17 -0.6017 -0.4165 -12.2916 0.0578 0.2158 -12.6983 0.0300 3.9464 10.6250 2 2 17  
992 993 152 4.7378 10.4675 3.6956 5.0374 11.4033 3.8814 0.0700 3.9517 13.3333 2 4 152  
139 140 8 -0.0481 0.9723 -8.7114 0.2645 1.6980 -9.3242 0.0300 3.9643 11.7500 2 2 8  
28 29 1 -0.5088 -0.3310 -18.2166 -0.3801 -0.3213 -18.6997 0.0900 4.0000 14.0000 1 2 1  
959 960 3 -0.5294 0.6416 15.9783 -0.5877 0.6965 16.9751 0.2000 4.0000 14.0000 1 3 3  
944 945 3 -0.0647 0.0452 0.9990 -0.0881 0.0671 1.9985 0.2000 4.0000 14.0000 1 3 3  
949 950 3 -0.1810 0.1683 5.9961 -0.2247 0.2037 6.9945 0.2000 4.0000 14.0000 1 3 3  
954 955 3 -0.3653 0.3847 10.9878 -0.3938 0.4393 11.9859 0.2000 4.0000 14.0000 1 3 3  
173 174 13 -1.1861 0.1105 -10.7129 -1.7182 0.8443 -11.1354 0.0300 4.0179 11.1250 2 2 13  
112 113 4 -1.4771 1.9105 -7.1029 -1.9216 2.5176 -7.7617 0.0300 4.0357 12.2500 2 2 4  
17 208 18 -0.7017 -0.3396 -12.7755 -0.0461 -0.7464 -13.4116 0.0300 4.0714 10.5000 2 2 18  
1017 1018 153 -0.6023 -0.4569 3.6790 -1.1707 -1.0204 4.2784 0.0700 4.0749 10.3333 2 4 153  
146 147 9 -2.0947 0.2925 -9.0570 -2.9172 0.4298 -9.6091 0.0300 4.0893 11.6250 2 2 9  
29 30 1 -0.3801 -0.3213 -18.6997 -0.3374 -0.3117 -19.1977 0.0900 4.1250 14.0000 1 2 1  
180 181 14 -0.4913 0.1334 -11.3095 0.0543 0.8769 -11.6963 0.0300 4.1429 11.0000 2 2 14  
119 120 5 1.8497 0.9120 -7.5763 2.4304 1.4866 -8.1529 0.0300 4.1607 12.1250 2 2 5  
18 215 19 -0.7569 -0.3175 -13.2719 -1.3681 0.4491 -13.4689 0.0300 4.1964 10.3750 2 2 19  
153 154 10 -1.8435 -2.3271 -9.1329 -2.4935 -3.0692 -9.2962 0.0300 4.2143 11.5000 2 2 10  
993 994 152 5.0374 11.4033 3.8814 5.3673 12.3326 4.0477 0.0700 4.2334 13.3333 2 4 152  
30 31 1 -0.3374 -0.3117 -19.1977 -0.2785 -0.3135 -19.6942 0.0900 4.2500 14.0000 1 2 1  
187 188 15 -1.5789 -0.2971 -11.6990 -2.4902 -0.2058 -12.1003 0.0300 4.2679 10.8750 2 2 15  
1018 1019 153 -1.1707 -1.0204 4.2784 -1.7402 -1.6352 4.8240 0.0700 4.2854 10.3333 2 4 153  
126 127 6 -0.5145 1.5985 -8.8600 -0.7244 2.2439 -9.5944 0.0300 4.2857 12.0000 2 2 6  
19 222 20 -0.7919 -0.3321 -13.7705 -0.6650 -1.2752 -14.0779 0.0300 4.3214 10.2500 2 2 20  
0 703 2 0.0000 0.0000 -3.0000 0.6425 0.7141 -3.2778 0.0700 4.3333 10.0000 4 2 2  
160 161 11 -2.1944 0.2699 -10.0671 -3.0949 0.5526 -10.3975 0.0300 4.3393 11.3750 2 2 11  
31 32 1 -0.2785 -0.3135 -19.6942 -0.3356 -0.3152 -20.1910 0.0900 4.3750 14.0000 1 2 1  
194 195 16 0.3440 -0.1053 -11.7507 1.1932 0.3537 -11.4896 0.0300 4.3929 10.7500 2 2 16  
133 134 7 -2.4465 -2.7444 -8.3205 -2.8908 -3.4193 -8.9097 0.0300 4.4107 11.8750 2 2 7  
20 229 21 -0.7325 -0.2314 -14.2566 -1.3211 -0.9218 -14.6774 0.0300 4.4464 10.1250 2 2 21  
167 168 12 0.7846 -1.2400 -11.0368 1.3225 -1.4493 -11.8533 0.0300 4.4643 11.2500 2 2 12  
32 33 1 -0.3356 -0.3152 -20.1910 -0.2875 -0.3784 -20.6846 0.0900 4.5000 14.0000 1 2 1  
1019 1020 153 -1.7402 -1.6352 4.8240 -2.3499 -2.2357 5.3415 0.0700 4.5005 10.3333 2 4 153  
201 202 17 0.0578 0.2158 -12.6983 0.7156 0.8440 -13.1139 0.0300 4.5179 10.6250 2 2 17  
994 995 152 5.3673 12.3326 4.0477 5.7382 13.2524 4.1751 0.0700 4.5233 13.3333 2 4 152  
140 141 8 0.2645 1.6980 -9.3242 0.5803 2.1846 -10.1387 0.0300 4.5357 11.7500 2 2 8  
21 236 22 -0.6555 -0.2791 -14.7484 -0.4604 -1.2542 -14.8533 0.0300 4.5714 10.0000 2 2 22  
703 704 2 0.6425 0.7141 -3.2778 1.1086 1.1632 -3.6568 0.0700 4.5833 10.0000 4 2 2  
174 175 13 -1.7182 0.8443 -11.1354 -2.0531 1.7520 -11.3882 0.0300 4.5893 11.1250 2 2 13  
113 114 4 -1.9216 2.5176 -7.7617 -2.4005 3.1241 -8.3964 0.0300 4.6071 12.2500 2 2 4  
33 34 1 -0.2875 -0.3784 -20.6846 -0.2933 -0.4421 -21.1805 0.0900 4.6250 14.0000 1 2 1  
208 209 18 -0.0461 -0.7464 -13.4116 0.6777 -1.1733 -13.9537 0.0300 4.6429 10.5000 2 2 18  
147 148 9 -2.9172 0.4298 -9.6091 -3.5501 0.4542 -10.3829 0.0300 4.6607 11.6250 2 2 9  
22 243 23 -0.6164 -0.4146 -15.2281 -1.3738 0.1003 -15.6296 0.0300 4.6964 9.8750 2 2 23  
181 182 14 0.0543 0.8769 -11.6963 0.5844 1.4901 -12.2818 0.0300 4.7143 11.0000 2 2 14  
1020 1021 153 -2.3499 -2.2357 5.3415 -3.0129 -2.8156 5.8149 0.0700 4.7203 10.3333 2 4 153  
120 121 5 2.4304 1.4866 -8.1529 3.1163 2.0502 -8.6132 0.0300 4.7321 12.1250 2 2 5  
34 35 1 -0.2933 -0.4421 -21.1805 -0.3299 -0.5056 -21.6751 0.0900 4.7500 14.0000 1 2 1  
215 216 19 -1.3681 0.4491 -13.4689 -1.9792 1.2182 -13.6558 0.0300 4.7679 10.3750 2 2 19  
154 155 10 -2.4935 -3.0692 -9.2962 -3.1426 -3.7985 -9.5127 0.0300 4.7857 11.5000 2 2 10  
23 250 24 -0.5504 -0.4040 -15.7236 -1.1174 -1.0636 -16.2170 0.0300 4.8214 9.7500 2 2 24  
995 996 152 5.7382 13.2524 4.1751 6.0799 14.1841 4.2983 0.0700 4.8218 13.3333 2 4 152  
704 705 2 1.1086 1.1632 -3.6568 1.5182 1.4739 -4.2028 0.0700 4.8333 10.0000 4 2 2  
188 189 15 -2.4902 -0.2058 -12.1003 -3.2533 -0.2427 -12.7455 0.0300 4.8393 10.8750 2 2 15  
127 128 6 -0.7244 2.2439 -9.5944 -0.7383 2.7010 -10.4837 0.0300 4.8571 12.0000 2 2 6  
35 36 1 -0.3299 -0.5056 -21.6751 -0.3489 -0.5691 -22.1707 0.0900 4.8750 14.0000 1 2 1  
222 223 20 -0.6650 -1.2752 -14.0779 -0.5380 -2.2203 -14.3790 0.0300 4.8929 10.2500 2 2 20  
161 162 11 -3.0949 0.5526 -10.3975 -3.9470 0.8938 -10.7943 0.0300 4.9107 11.3750 2 2 11  
1021 1022 153 -3.0129 -2.8156 5.8149 -3.6676 -3.4216 6.2667 0.0700 4.9450 10.3333 2 4 153  
24 257 25 -0.5146 -0.3875 -16.2220 -0.9522 -1.2355 -16.5212 0.0300 4.9464 9.6250 2 2 25  
195 196 16 1.1932 0.3537 -11.4896 1.9850 0.8070 -11.0803 0.0300 4.9643 10.7500 2 2 16  
134 135 7 -2.8908 -3.4193 -8.9097 -3.3842 -4.2224 -9.2438 0.0300 4.9821 11.8750 2 2 7  
36 37 1 -0.3489 -0.5691 -22.1707 -0.3867 -0.6154 -22.6671 0.0900 5.0000 14.0000 1 2 1  
229 230 21 -1.3211 -0.9218 -14.6774 -2.0104 -1.5331 -15.0661 0.0300 5.0179 10.1250 2 2 21  
168 169 12 1.3225 -1.4493 -11.8533 1.5863 -1.7800 -12.7595 0.0300 5.0357 11.2500 2 2 12  
25 264 26 -0.4985 -0.4117 -16.7212 -0.0202 -1.2831 -16.6118 0.0300 5.0714 9.5000 2 2 26  
705 706 2 1.5182 1.4739 -4.2028 1.7406 1.7717 -4.8543 0.0700 5.0833 10.0000 4 2 2  
202 203 17 0.7156 0.8440 -13.1139 1.1760 1.4414 -13.7704 0.0300 5.0893 10.6250 2 2 17  
141 142 8 0.5803 2.1846 -10.1387 0.8284 2.4849 -11.0598 0.0300 5.1071 11.7500 2 2 8  
37 38 1 -0.3867 -0.6154 -22.6671 -0.3670 -0.6336 -23.1664 0.0900 5.1250 14.0000 1 2 1  
996 997 152 6.0799 14.1841 4.2983 6.3989 15.1305 4.3508 0.0700 5.1295 13.3333 2 4 152  
236 237 22 -0.4604 -1.2542 -14.8533 0.0065 -2.1137 -15.0617 0.0300 5.1429 10.0000 2 2 22  
175 176 13 -2.0531 1.7520 -11.3882 -2.6615 2.5081 -11.6291 0.0300 5.1607 11.1250 2 2 13  
1022 1023 153 -3.6676 -3.4216 6.2667 -4.3290 -4.0237 6.7139 0.0700 5.1749 10.3333 2 4 153  
114 115 4 -2.4005 3.1241 -8.3964 -2.9246 3.6570 -9.0606 0.0300 5.1786 12.2500 2 2 4  
26 271 27 -0.4968 -0.4043 -17.2211 -0.9659 -1.1474 -17.6983 0.0300 5.1964 9.3750 2 2 27  
209 210 18 0.6777 -1.1733 -13.9537 1.4019 -1.5997 -14.4956 0.0300 5.2143 10.5000 2 2 18  
148 149 9 -3.5501 0.4542 -10.3829 -4.0899 0.4250 -11.2242 0.0300 5.2321 11.6250 2 2 9  
38 39 1 -0.3670 -0.6336 -23.1664 -0.3832 -0.7356 -23.6556 0.0900 5.2500 14.0000 1 2 1  
243 244 23 -1.3738 0.1003 -15.6296 -2.0206 0.6975 -16.1039 0.0300 5.2679 9.8750 2 2 23  
182 183 14 0.5844 1.4901 -12.2818 0.9674 2.1569 -12.9212 0.0300 5.2857 11.0000 2 2 14  
121 122 5 3.1163 2.0502 -8.6132 3.7600 2.6123 -9.1326 0.0300 5.3036 12.1250 2 2 5  
27 278 28 -0.4996 -0.3969 -17.7210 0.3170 -0.9680 -17.8047 0.0300 5.3214 9.2500 2 2 28  
706 707 2 1.7406 1.7717 -4.8543 1.9905 2.0446 -5.5066 0.0700 5.3333 10.0000 4 2 2  
216 217 19 -1.9792 1.2182 -13.6558 -2.3159 2.1319 -13.8837 0.0300 5.3393 10.3750 2 2 19  
155 156 10 -3.1426 -3.7985 -9.5127 -3.7687 -4.3970 -10.0125 0.0300 5.3571 11.5000 2 2 10  
39 40 1 -0.3832 -0.7356 -23.6556 -0.3065 -0.8357 -24.1394 0.0900 5.3750 14.0000 1 2 1  
250 251 24 -1.1174 -1.0636 -16.2170 -1.6567 -1.5057 -16.9337 0.0300 5.3929 9.7500 2 2 24  
1023 1024 153 -4.3290 -4.0237 6.7139 -5.0237 -4.6105 7.1299 0.0700 5.4102 10.3333 2 4 153  
189 190 15 -3.2533 -0.2427 -12.7455 -4.0883 -0.3306 -13.2887 0.0300 5.4107 10.8750 2 2 15  
128 129 6 -0.7383 2.7010 -10.4837 -0.7024 3.1100 -11.3955 0.0300 5.4286 12.0000 2 2 6  
28 285 29 -0.5088 -0.3310 -18.2166 -0.1713 0.5851 -18.0003 0.0300 5.4464 9.1250 2 2 29  
997 998 152 6.3989 15.1305 4.3508 6.7684 16.0594 4.3741 0.0700 5.4470 13.3333 2 4 152  
223 224 20 -0.5380 -2.2203 -14.3790 -0.4174 -3.0253 -14.9598 0.0300 5.4643 10.2500 2 2 20  
162 163 11 -3.9470 0.8938 -10.7943 -4.8139 0.9388 -11.2908 0.0300 5.4821 11.3750 2 2 11  
40 41 1 -0.3065 -0.8357 -24.1394 -0.2228 -0.8292 -24.6323 0.0900 5.5000 14.0000 1 2 1  
257 258 25 -0.9522 -1.2355 -16.5212 -1.0914 -2.1777 -16.8260 0.0300 5.5179 9.6250 2 2 25  
196 197 16 1.9850 0.8070 -11.0803 2.6424 1.5087 -10.8055 0.0300 5.5357 10.7500 2 2 16  
135 136 7 -3.3842 -4.2224 -9.2438 -3.8697 -4.9443 -9.7368 0.0300 5.5536 11.8750 2 2 7  
29 292 30 -0.3801 -0.3213 -18.6997 -1.0912 -0.9823 -18.9392 0.0300 5.5714 9.0000 2 2 30  
707 708 2 1.9905 2.0446 -5.5066 2.2400 2.3184 -6.1587 0.0700 5.5833 10.0000 4 2 2  
230 231 21 -2.0104 -1.5331 -15.0661 -2.6098 -2.0064 -15.7116 0.0300 5.5893 10.1250 2 2 21  
169 170 12 1.5863 -1.7800 -12.7595 2.0449 -2.1034 -13.5872 0.0300 5.6071 11.2500 2 2 12  
41 42 1 -0.2228 -0.8292 -24.6323 -0.2561 -0.9157 -25.1237 0.0900 5.6250 14.0000 1 2 1  
264 265 26 -0.0202 -1.2831 -16.6118 0.4094 -2.1771 -16.4852 0.0300 5.6429 9.5000 2 2 26  
1024 1025 153 -5.0237 -4.6105 7.1299 -5.7255 -5.1949 7.5373 0.0700 5.6512 10.3333 2 4 153  
203 204 17 1.1760 1.4414 -13.7704 1.3403 2.1207 -14.4857 0.0300 5.6607 10.6250 2 2 17  
142 143 8 0.8284 2.4849 -11.0598 0.7659 2.7704 -12.0161 0.0300 5.6786 11.7500 2 2 8  
30 299 31 -0.3374 -0.3117 -19.1977 0.1747 -1.1267 -19.4689 0.0300 5.6964 8.8750 2 2 31  
237 238 22 0.0065 -2.1137 -15.0617 0.4715 -2.9493 -15.3540 0.0300 5.7143 10.0000 2 2 22  
176 177 13 -2.6615 2.5081 -11.6291 -3.2443 3.1455 -12.1332 0.0300 5.7321 11.1250 2 2 13  
42 43 1 -0.2561 -0.9157 -25.1237 -0.1721 -0.9998 -25.6093 0.0900 5.7500 14.0000 1 2 1  
115 116 4 -2.9246 3.6570 -9.0606 -3.6846 4.0901 -9.5452 0.0300 5.7500 12.2500 2 2 4  
271 272 27 -0.9659 -1.1474 -17.6983 -1.3028 -1.9563 -18.1802 0.0300 5.7679 9.3750 2 2 27  
998 999 152 6.7684 16.0594 4.3741 7.1825 16.9694 4.3904 0.0700 5.7749 13.3333 2 4 152  
210 211 18 1.4019 -1.5997 -14.4956 2.2156 -2.0203 -14.8969 0.0300 5.7857 10.5000 2 2 18  
149 150 9 -4.0899 0.4250 -11.2242 -4.5395 0.5206 -12.1123 0.0300 5.8036 11.6250 2 2 9  
31 306 32 -0.2785 -0.3135 -19.6942 -0.1299 0.5993 -20.0747 0.0300 5.8214 8.7500 2 2 32  
708 709 2 2.2400 2.3184 -6.1587 2.4355 2.5953 -6.8278 0.0700 5.8333 10.0000 4 2 2  
244 245 23 -2.0206 0.6975 -16.1039 -2.6000 1.2363 -16.7155 0.0300 5.8393 9.8750 2 2 23  
183 184 14 0.9674 2.1569 -12.9212 1.2885 2.8830 -13.5292 0.0300 5.8571 11.0000 2 2 14  
43 44 1 -0.1721 -0.9998 -25.6093 -0.2374 -1.0802 -26.0985 0.0900 5.8750 14.0000 1 2 1  
122 123 5 3.7600 2.6123 -9.1326 4.4083 3.1566 -9.6650 0.0300 5.8750 12.1250 2 2 5  
278 279 28 0.3170 -0.9680 -17.8047 1.1380 -1.5383 -17.8344 0.0300 5.8929 9.2500 2 2 28  
1025 1026 153 -5.7255 -5.1949 7.5373 -6.4756 -5.7784 7.8484 0.0700 5.8981 10.3333 2 4 153  
703 743 110 0.6425 0.7141 -3.2778 0.0038 1.3452 -3.7180 0.0300 5.9048 8.6667 2 2 110  
217 218 19 -2.3159 2.1319 -13.8837 -2.9248 2.9097 -14.0388 0.0300 5.9107 10.3750 2 2 19  
156 157 10 -3.7687 -4.3970 -10.0125 -4.4290 -4.9640 -10.5049 0.0300 5.9286 11.5000 2 2 10  
32 313 33 -0.3356 -0.3152 -20.1910 -0.0647 -1.1503 -20.6698 0.0300 5.9464 8.6250 2 2 33  
251 252 24 -1.6567 -1.5057 -16.9337 -2.2002 -1.9479 -17.6472 0.0300 5.9643 9.7500 2 2 24  
190 191 15 -4.0883 -0.3306 -13.2887 -4.9672 -0.5192 -13.7268 0.0300 5.9821 10.8750 2 2 15  
44 45 1 -0.2374 -1.0802 -26.0985 -0.3140 -1.1605 -26.5860 0.0900 6.0000 14.0000 1 2 1  
129 130 6 -0.7024 3.1100 -11.3955 -0.6805 3.5189 -12.3078 0.0300 6.0000 12.0000 2 2 6  
285 286 29 -0.1713 0.5851 -18.0003 0.1078 1.5196 -17.7795 0.0300 6.0179 9.1250 2 2 29  
224 225 20 -0.4174 -3.0253 -14.9598 -0.3757 -3.8812 -15.4753 0.0300 6.0357 10.2500 2 2 20  
163 164 11 -4.8139 0.9388 -11.2908 -5.7235 0.9836 -11.7038 0.0300 6.0536 11.3750 2 2 11  
33 320 34 -0.2875 -0.3784 -20.6846 0.0884 0.5098 -20.9488 0.0300 6.0714 8.5000 2 2 34  
709 710 2 2.4355 2.5953 -6.8278 2.5642 2.8711 -7.5133 0.0700 6.0833 10.0000 4 2 2  
258 259 25 -1.0914 -2.1777 -16.8260 -1.4327 -3.0650 -17.1361 0.0300 6.0893 9.6250 2 2 25  
197 198 16 2.6424 1.5087 -10.8055 3.1139 2.3855 -10.7113 0.0300 6.1071 10.7500 2 2 16  
999 1000 152 7.1825 16.9694 4.3904 7.6120 17.8707 4.3329 0.0700 6.1139 13.3333 2 4 152  
45 46 1 -0.3140 -1.1605 -26.5860 -0.3786 -1.2409 -27.0753 0.0900 6.1250 14.0000 1 2 1  
136 137 7 -3.8697 -4.9443 -9.7368 -4.3688 -5.6461 -10.2452 0.0300 6.1250 11.8750 2 2 7  
292 293 30 -1.0912 -0.9823 -18.9392 -1.7983 -1.5935 -19.2948 0.0300 6.1429 9.0000 2 2 30  
1026 1027 153 -6.4756 -5.7784 7.8484 -7.2136 -6.3803 8.1537 0.0700 6.1513 10.3333 2 4 153  
704 750 111 1.1086 1.1632 -3.6568 1.0799 0.8205 -4.5958 0.0300 6.1548 8.4167 2 2 111  
231 232 21 -2.6098 -2.0064 -15.7116 -2.9534 -2.4565 -16.5358 0.0300 6.1607 10.1250 2 2 21  
170 171 12 2.0449 -2.1034 -13.5872 2.3467 -2.4220 -14.4858 0.0300 6.1786 11.2500 2 2 12  
34 327 35 -0.2933 -0.4421 -21.1805 -1.1465 -0.9635 -21.1892 0.0300 6.1964 8.3750 2 2 35  
265 266 26 0.4094 -2.1771 -16.4852 0.7079 -3.1192 -16.6386 0.0300 6.2143 9.5000 2 2 26  
204 205 17 1.3403 2.1207 -14.4857 1.1954 2.7668 -15.2351 0.0300 6.2321 10.6250 2 2 17  
46 47 1 -0.3786 -1.2409 -27.0753 -0.3491 -1.2292 -27.5742 0.0900 6.2500 14.0000 1 2 1  
143 144 8 0.7659 2.7704 -12.0161 0.6146 3.1530 -12.9275 0.0300 6.2500 11.7500 2 2 8  
299 300 31 0.1747 -1.1267 -19.4689 0.6858 -1.9207 -19.7980 0.0300 6.2679 8.8750 2 2 31  
238 239 22 0.4715 -2.9493 -15.3540 1.0539 -3.5869 -15.8583 0.0300 6.2857 10.0000 2 2 22  
177 178 13 -3.2443 3.1455 -12.1332 -3.8513 3.6589 -12.7397 0.0300 6.3036 11.1250 2 2 13  
35 334 36 -0.3299 -0.5056 -21.6751 -0.2609 -1.4373 -22.0317 0.0300 6.3214 8.2500 2 2 36  
710 711 2 2.5642 2.8711 -7.5133 2.8563 2.9935 -8.1931 0.0700 6.3333 10.0000 4 2 2  
272 273 27 -1.3028 -1.9563 -18.1802 -1.6233 -2.5674 -18.9039 0.0300 6.3393 9.3750 2 2 27  
211 212 18 2.2156 -2.0203 -14.8969 2.9474 -2.4354 -15.4374 0.0300 6.3571 10.5000 2 2 18  
47 48 1 -0.3491 -1.2292 -27.5742 -0.3354 -1.2021 -28.0733 0.0900 6.3750 14.0000 1 2 1  
150 151 9 -4.5395 0.5206 -12.1123 -5.1023 0.3364 -12.9181 0.0300 6.3750 11.6250 2 2 9  
306 307 32 -0.1299 0.5993 -20.0747 0.0113 1.3485 -20.7218 0.0300 6.3929 8.7500 2 2 32  
705 757 112 1.5182 1.4739 -4.2028 2.0065 0.6692 -4.5407 0.0300 6.4048 8.1667 2 2 112  
245 246 23 -2.6000 1.2363 -16.7155 -3.0638 1.6448 -17.5016 0.0300 6.4107 9.8750 2 2 23  
1027 1028 153 -7.2136 -6.3803 8.1537 -7.9246 -7.0292 8.4246 0.0700 6.4110 10.3333 2 4 153  
184 185 14 1.2885 2.8830 -13.5292 1.3359 3.5471 -14.2753 0.0300 6.4286 11.0000 2 2 14  
36 341 37 -0.3489 -0.5691 -22.1707 -1.3027 -0.7060 -22.4382 0.0300 6.4464 8.1250 2 2 37  
279 280 28 1.1380 -1.5383 -17.8344 2.0548 -1.8751 -18.0490 0.0300 6.4643 9.2500 2 2 28  
1000 1001 152 7.6120 17.8707 4.3329 8.0375 18.7734 4.2687 0.0700 6.4649 13.3333 2 4 152  
743 744 110 0.0038 1.3452 -3.7180 -0.4236 2.0804 -4.2442 0.0300 6.4762 8.6667 2 2 110  
218 219 19 -2.9248 2.9097 -14.0388 -3.6907 3.5489 -14.1089 0.0300 6.4821 10.3750 2 2 19  
48 49 1 -0.3354 -1.2021 -28.0733 -0.2620 -1.2600 -28.5645 0.0900 6.5000 14.0000 1 2 1  
157 158 10 -4.4290 -4.9640 -10.5049 -5.0018 -5.5258 -11.1018 0.0300 6.5000 11.5000 2 2 10  
313 314 33 -0.0647 -1.1503 -20.6698 0.1159 -1.8149 -21.3949 0.0300 6.5179 8.6250 2 2 33  
252 253 24 -2.2002 -1.9479 -17.6472 -2.7156 -2.4415 -18.3477 0.0300 6.5357 9.7500 2 2 24  
191 192 15 -4.9672 -0.5192 -13.7268 -5.6652 -0.6986 -14.4201 0.0300 6.5536 10.8750 2 2 15  
37 348 38 -0.3867 -0.6154 -22.6671 0.1403 -1.4566 -22.7881 0.0300 6.5714 8.0000 2 2 38  
711 712 2 2.8563 2.9935 -8.1931 3.0989 3.0678 -8.8989 0.0700 6.5833 10.0000 4 2 2  
286 287 29 0.1078 1.5196 -17.7795 0.6211 2.3774 -17.7514 0.0300 6.5893 9.1250 2 2 29  
225 226 20 -0.3757 -3.8812 -15.4753 -0.4361 -4.7003 -16.0458 0.0300 6.6071 10.2500 2 2 20  
49 50 1 -0.2620 -1.2600 -28.5645 -0.1314 -1.3016 -29.0454 0.0900 6.6250 14.0000 1 2 1  
164 165 11 -5.7235 0.9836 -11.7038 -6.6547 1.0284 -12.0656 0.0300 6.6250 11.3750 2 2 11  
320 321 34 0.0884 0.5098 -20.9488 0.4617 1.3580 -21.3245 0.0300 6.6429 8.5000 2 2 34  
706 764 113 1.7406 1.7717 -4.8543 2.0176 2.7241 -4.7265 0.0300 6.6548 7.9167 2 2 113  
259 260 25 -1.4327 -3.0650 -17.1361 -1.8028 -3.8913 -17.5605 0.0300 6.6607 9.6250 2 2 25  
1028 1029 153 -7.9246 -7.0292 8.4246 -8.6292 -7.6961 8.6670 0.0700 6.6777 10.3333 2 4 153  
198 199 16 3.1139 2.3855 -10.7113 3.5885 3.2383 -10.9291 0.0300 6.6786 10.7500 2 2 16  
38 355 39 -0.3670 -0.6336 -23.1664 0.0571 0.2685 -23.2464 0.0300 6.6964 7.8750 2 2 39  
293 294 30 -1.7983 -1.5935 -19.2948 -2.3679 -2.1266 -19.9204 0.0300 6.7143 9.0000 2 2 30  
750 751 111 1.0799 0.8205 -4.5958 0.9165 0.6948 -5.5743 0.0300 6.7262 8.4167 2 2 111  
232 233 21 -2.9534 -2.4565 -16.5358 -3.2994 -3.0069 -17.2957 0.0300 6.7321 10.1250 2 2 21  
50 51 1 -0.1314 -1.3016 -29.0454 0.0408 -1.3802 -29.5082 0.0900 6.7500 14.0000 1 2 1  
171 172 12 2.3467 -2.4220 -14.4858 2.5263 -2.7380 -15.4173 0.0300 6.7500 11.2500 2 2 12  
327 328 35 -1.1465 -0.9635 -21.1892 -2.0842 -1.2562 -21.0018 0.0300 6.7679 8.3750 2 2 35  
266 267 26 0.7079 -3.1192 -16.6386 1.0061 -4.0663 -16.7572 0.0300 6.7857 9.5000 2 2 26  
205 206 17 1.1954 2.7668 -15.2351 1.3610 3.3812 -16.0065 0.0300 6.8036 10.6250 2 2 17  
39 362 40 -0.3832 -0.7356 -23.6556 0.3010 -1.3907 -23.9761 0.0300 6.8214 7.7500 2 2 40  
1001 1002 152 8.0375 18.7734 4.2687 8.4554 19.6721 4.1356 0.0700 6.8285 13.3333 2 4 152  
712 713 2 3.0989 3.0678 -8.8989 3.3541 3.0172 -9.6023 0.0700 6.8333 10.0000 4 2 2  
300 301 31 0.6858 -1.9207 -19.7980 0.9273 -2.7641 -20.2779 0.0300 6.8393 8.8750 2 2 31  
239 240 22 1.0539 -3.5869 -15.8583 1.6474 -4.2176 -16.3584 0.0300 6.8571 10.0000 2 2 22  
951 1050 154 -0.2554 0.2382 7.9934 0.2667 0.6937 8.7145 0.0700 6.8687 7.3333 2 4 154  
51 52 1 0.0408 -1.3802 -29.5082 0.1115 -1.3536 -30.0024 0.0900 6.8750 14.0000 1 2 1  
178 179 13 -3.8513 3.6589 -12.7397 -4.3111 4.1275 -13.4941 0.0300 6.8750 11.1250 2 2 13  
334 335 36 -0.2609 -1.4373 -22.0317 -0.1380 -2.3524 -22.4157 0.0300 6.8929 8.2500 2 2 36  
707 771 114 1.9905 2.0446 -5.5066 1.2773 1.7517 -6.1434 0.0300 6.9048 7.6667 2 2 114  
273 274 27 -1.6233 -2.5674 -18.9039 -1.9421 -3.3210 -19.4788 0.0300 6.9107 9.3750 2 2 27  
212 213 18 2.9474 -2.4354 -15.4374 3.6901 -2.7902 -16.0053 0.0300 6.9286 10.5000 2 2 18  
40 369 41 -0.3065 -0.8357 -24.1394 0.5887 -1.1967 -24.4010 0.0300 6.9464 7.6250 2 2 41  
1029 1030 153 -8.6292 -7.6961 8.6670 -9.3384 -8.3784 8.8443 0.0700 6.9517 10.3333 2 4 153  
307 308 32 0.0113 1.3485 -20.7218 0.1519 2.1554 -21.2955 0.0300 6.9643 8.7500 2 2 32  
757 758 112 2.0065 0.6692 -4.5407 2.2028 -0.2477 -4.8884 0.0300 6.9762 8.1667 2 2 112  
246 247 23 -3.0638 1.6448 -17.5016 -3.6836 2.0458 -18.1763 0.0300 6.9821 9.8750 2 2 23  
52 53 1 0.1115 -1.3536 -30.0024 0.0724 -1.3713 -30.5006 0.0900 7.0000 14.0000 1 2 1  
185 186 14 1.3359 3.5471 -14.2753 1.2286 4.2033 -15.0223 0.0300 7.0000 11.0000 2 2 14  
341 342 37 -1.3027 -0.7060 -22.4382 -2.2265 -0.7217 -22.8208 0.0300 7.0179 8.1250 2 2 37  
280 281 28 2.0548 -1.8751 -18.0490 2.8563 -2.1954 -18.5539 0.0300 7.0357 9.2500 2 2 28  
744 745 110 -0.4236 2.0804 -4.2442 -0.8300 2.5997 -4.9959 0.0300 7.0476 8.6667 2 2 110  
219 220 19 -3.6907 3.5489 -14.1089 -4.4511 4.1873 -14.2286 0.0300 7.0536 10.3750 2 2 19  
41 376 42 -0.2228 -0.8292 -24.6323 0.6680 -0.3790 -24.6942 0.0300 7.0714 7.5000 2 2 42  
1050 1051 154 0.2667 0.6937 8.7145 0.8279 1.1607 9.3978 0.0700 7.0749 7.3333 2 4 154  
713 714 2 3.3541 3.0172 -9.6023 3.6097 3.1899 -10.2860 0.0700 7.0833 10.0000 4 2 2  
314 315 33 0.1159 -1.8149 -21.3949 0.4058 -2.4209 -22.1356 0.0300 7.0893 8.6250 2 2 33  
253 254 24 -2.7156 -2.4415 -18.3477 -2.9458 -3.0486 -19.1082 0.0300 7.1071 9.7500 2 2 24  
53 54 1 0.0724 -1.3713 -30.5006 0.0008 -1.3890 -30.9951 0.0900 7.1250 14.0000 1 2 1  
192 193 15 -5.6652 -0.6986 -14.4201 -6.2485 -0.8090 -15.2249 0.0300 7.1250 10.8750 2 2 15  
348 349 38 0.1403 -1.4566 -22.7881 0.5409 -2.3327 -23.0564 0.0300 7.1429 8.0000 2 2 38  
708 778 115 2.2400 2.3184 -6.1587 2.0136 1.7887 -6.9762 0.0300 7.1548 7.4167 2 2 115  
287 288 29 0.6211 2.3774 -17.7514 1.1336 3.2360 -17.7516 0.0300 7.1607 9.1250 2 2 29  
226 227 20 -0.4361 -4.7003 -16.0458 -0.7265 -5.3519 -16.7466 0.0300 7.1786 10.2500 2 2 20  
42 383 43 -0.2561 -0.9157 -25.1237 -1.2158 -0.7439 -25.3458 0.0300 7.1964 7.3750 2 2 43  
1002 1003 152 8.4554 19.6721 4.1356 8.9022 20.5498 3.9627 0.0700 7.2059 13.3333 2 4 152  
321 322 34 0.4617 1.3580 -21.3245 0.7577 2.0640 -21.9679 0.0300 7.2143 8.5000 2 2 34  
764 765 113 2.0176 2.7241 -4.7265 2.2918 3.6856 -4.7394 0.0300 7.2262 7.9167 2 2 113  
260 261 25 -1.8028 -3.8913 -17.5605 -2.1288 -4.7069 -18.0386 0.0300 7.2321 9.6250 2 2 25  
1030 1031 153 -9.3384 -8.3784 8.8443 -10.0249 -9.0910 8.9888 0.0700 7.2334 10.3333 2 4 153  
54 55 1 0.0008 -1.3890 -30.9951 -0.1210 -1.4066 -31.4797 0.0900 7.2500 14.0000 1 2 1  
199 200 16 3.5885 3.2383 -10.9291 4.2834 3.8881 -11.2371 0.0300 7.2500 10.7500 2 2 16  
355 356 39 0.0571 0.2685 -23.2464 0.5141 1.0746 -23.6223 0.0300 7.2679 7.8750 2 2 39  
1051 1052 154 0.8279 1.1607 9.3978 1.4284 1.6546 10.0268 0.0700 7.2854 7.3333 2 4 154  
294 295 30 -2.3679 -2.1266 -19.9204 -2.6811 -2.6337 -20.7234 0.0300 7.2857 9.0000 2 2 30  
751 752 111 0.9165 0.6948 -5.5743 0.9793 0.6254 -6.5699 0.0300 7.2976 8.4167 2 2 111  
233 234 21 -3.2994 -3.0069 -17.2957 -3.3819 -3.5360 -18.1402 0.0300 7.3036 10.1250 2 2 21  
43 390 44 -0.1721 -0.9998 -25.6093 0.3159 -0.2110 -25.9830 0.0300 7.3214 7.2500 2 2 44  
714 715 2 3.6097 3.1899 -10.2860 4.0615 3.3549 -10.8614 0.0700 7.3333 10.0000 4 2 2  
328 329 35 -2.0842 -1.2562 -21.0018 -3.0128 -1.5618 -20.7911 0.0300 7.3393 8.3750 2 2 35  
267 268 26 1.0061 -4.0663 -16.7572 1.2345 -5.0106 -16.9942 0.0300 7.3571 9.5000 2 2 26  
55 56 1 -0.1210 -1.4066 -31.4797 -0.1676 -1.4778 -31.9724 0.0900 7.3750 14.0000 1 2 1  
206 207 17 1.3610 3.3812 -16.0065 1.5526 3.9954 -16.7720 0.0300 7.3750 10.6250 2 2 17  
362 363 40 0.3010 -1.3907 -23.9761 0.8206 -2.0137 -24.5607 0.0300 7.3929 7.7500 2 2 40  
709 785 116 2.4355 2.5953 -6.8278 2.3272 1.7313 -7.3195 0.0300 7.4048 7.1667 2 2 116  
301 302 31 0.9273 -2.7641 -20.2779 1.2427 -3.5179 -20.8544 0.0300 7.4107 8.8750 2 2 31  
240 241 22 1.6474 -4.2176 -16.3584 2.2118 -4.6254 -17.0761 0.0300 7.4286 10.0000 2 2 22  
44 397 45 -0.2374 -1.0802 -26.0985 -0.1702 -0.2311 -26.6224 0.0300 7.4464 7.1250 2 2 45  
335 336 36 -0.1380 -2.3524 -22.4157 -0.1992 -3.3056 -22.7116 0.0300 7.4643 8.2500 2 2 36  
771 772 114 1.2773 1.7517 -6.1434 0.7188 1.6562 -6.9674 0.0300 7.4762 7.6667 2 2 114  
274 275 27 -1.9421 -3.3210 -19.4788 -2.4711 -4.0266 -19.9503 0.0300 7.4821 9.3750 2 2 27  
56 57 1 -0.1676 -1.4778 -31.9724 -0.2082 -1.5658 -32.4630 0.0900 7.5000 14.0000 1 2 1  
213 214 18 3.6901 -2.7902 -16.0053 4.3604 -3.1428 -16.6583 0.0300 7.5000 10.5000 2 2 18  
1052 1053 154 1.4284 1.6546 10.0268 1.9989 2.2252 10.6174 0.0700 7.5005 7.3333 2 4 154  
369 370 41 0.5887 -1.1967 -24.4010 1.4973 -1.4120 -24.7587 0.0300 7.5179 7.6250 2 2 41  
1031 1032 153 -10.0249 -9.0910 8.9888 -10.7459 -9.7809 9.0543 0.0700 7.5233 10.3333 2 4 153  
308 309 32 0.1519 2.1554 -21.2955 0.1983 2.8951 -21.9669 0.0300 7.5357 8.7500 2 2 32  
758 759 112 2.2028 -0.2477 -4.8884 2.3895 -1.0101 -5.5079 0.0300 7.5476 8.1667 2 2 112  
247 248 23 -3.6836 2.0458 -18.1763 -4.0607 2.3842 -19.0383 0.0300 7.5536 9.8750 2 2 23  
45 404 46 -0.3140 -1.1605 -26.5860 -0.3043 -2.1502 -26.7292 0.0300 7.5714 7.0000 2 2 46  
715 716 2 4.0615 3.3549 -10.8614 4.4392 3.3207 -11.5085 0.0700 7.5833 10.0000 4 2 2  
342 343 37 -2.2265 -0.7217 -22.8208 -3.1418 -0.5698 -23.1937 0.0300 7.5893 8.1250 2 2 37  
1003 1004 152 8.9022 20.5498 3.9627 9.3374 21.4194 3.7295 0.0700 7.5981 13.3333 2 4 152  
281 282 28 2.8563 -2.1954 -18.5539 3.6339 -2.5358 -19.0825 0.0300 7.6071 9.2500 2 2 28  
745 746 110 -0.8300 2.5997 -4.9959 -0.9838 3.0997 -5.8482 0.0300 7.6190 8.6667 2 2 110  
57 58 1 -0.2082 -1.5658 -32.4630 -0.3252 -1.6528 -32.9412 0.0900 7.6250 14.0000 1 2 1  
220 221 19 -4.4511 4.1873 -14.2286 -5.1863 4.8207 -14.4696 0.0300 7.6250 10.3750 2 2 19  
376 377 42 0.6680 -0.3790 -24.6942 1.5380 0.0660 -24.9064 0.0300 7.6429 7.5000 2 2 42  
710 792 117 2.5642 2.8711 -7.5133 2.9963 2.1331 -8.0316 0.0300 7.6548 6.9167 2 2 117  
315 316 33 0.4058 -2.4209 -22.1356 0.7046 -3.0055 -22.8899 0.0300 7.6607 8.6250 2 2 33  
254 255 24 -2.9458 -3.0486 -19.1082 -2.8765 -3.7376 -19.8297 0.0300 7.6786 9.7500 2 2 24  
46 411 47 -0.3786 -1.2409 -27.0753 0.3763 -1.8351 -27.3525 0.0300 7.6964 6.8750 2 2 47  
349 350 38 0.5409 -2.3327 -23.0564 0.9218 -3.0754 -23.6071 0.0300 7.7143 8.0000 2 2 38  
1053 1054 154 1.9989 2.2252 10.6174 2.6151 2.7873 11.1692 0.0700 7.7203 7.3333 2 4 154  
778 779 115 2.0136 1.7887 -6.9762 2.0519 1.3926 -7.8935 0.0300 7.7262 7.4167 2 2 115  
288 289 29 1.1336 3.2360 -17.7516 1.4849 4.1432 -17.9832 0.0300 7.7321 9.1250 2 2 29  
58 59 1 -0.3252 -1.6528 -32.9412 -0.4625 -1.7354 -33.4149 0.0900 7.7500 14.0000 1 2 1  
227 228 20 -0.7265 -5.3519 -16.7466 -0.9584 -6.0082 -17.4645 0.0300 7.7500 10.2500 2 2 20  
383 384 43 -1.2158 -0.7439 -25.3458 -2.2043 -0.6017 -25.3984 0.0300 7.7679 7.3750 2 2 43  
322 323 34 0.7577 2.0640 -21.9679 0.9433 2.7435 -22.6778 0.0300 7.7857 8.5000 2 2 34  
765 766 113 2.2918 3.6856 -4.7394 2.6112 4.6302 -4.6633 0.0300 7.7976 7.9167 2 2 113  
261 262 25 -2.1288 -4.7069 -18.0386 -2.4543 -5.5489 -18.4689 0.0300 7.8036 9.6250 2 2 25  
47 418 48 -0.3491 -1.2292 -27.5742 -1.3335 -1.4033 -27.5977 0.0300 7.8214 6.7500 2 2 48  
1032 1033 153 -10.7459 -9.7809 9.0543 -11.4846 -10.4549 9.0605 0.0700 7.8218 10.3333 2 4 153  
716 717 2 4.4392 3.3207 -11.5085 4.6143 3.2285 -12.2319 0.0700 7.8333 10.0000 4 2 2  
356 357 39 0.5141 1.0746 -23.6223 0.7410 1.9491 -24.0511 0.0300 7.8393 7.8750 2 2 39  
295 296 30 -2.6811 -2.6337 -20.7234 -2.7403 -3.1132 -21.5989 0.0300 7.8571 9.0000 2 2 30  
752 753 111 0.9793 0.6254 -6.5699 1.0069 0.6153 -7.5695 0.0300 7.8690 8.4167 2 2 111  
59 60 1 -0.4625 -1.7354 -33.4149 -0.5139 -1.8167 -33.9055 0.0900 7.8750 14.0000 1 2 1  
234 235 21 -3.3819 -3.5360 -18.1402 -3.5567 -4.0013 -19.0079 0.0300 7.8750 10.1250 2 2 21  
390 391 44 0.3159 -0.2110 -25.9830 0.7290 0.4856 -26.5695 0.0300 7.8929 7.2500 2 2 44  
711 799 118 2.8563 2.9935 -8.1931 3.2172 3.9239 -8.1280 0.0300 7.9048 6.6667 2 2 118  
329 330 35 -3.0128 -1.5618 -20.7911 -3.9431 -1.8104 -20.5215 0.0300 7.9107 8.3750 2 2 35  
268 269 26 1.2345 -5.0106 -16.9942 1.4756 -5.9391 -17.2765 0.0300 7.9286 9.5000 2 2 26  
1054 1055 154 2.6151 2.7873 11.1692 3.2456 3.3656 11.6868 0.0700 7.9450 7.3333 2 4 154  
48 425 49 -0.3354 -1.2021 -28.0733 -1.0999 -0.6003 -28.3043 0.0300 7.9464 6.6250 2 2 49  
363 364 40 0.8206 -2.0137 -24.5607 1.3253 -2.6306 -25.1647 0.0300 7.9643 7.7500 2 2 40  
785 786 116 2.3272 1.7313 -7.3195 2.3089 0.8820 -7.8470 0.0300 7.9762 7.1667 2 2 116  
302 303 31 1.2427 -3.5179 -20.8544 1.5568 -4.2115 -21.5027 0.0300 7.9821 8.8750 2 2 31  
60 61 1 -0.5139 -1.8167 -33.9055 -0.5450 -1.8656 -34.4021 0.0900 8.0000 14.0000 1 2 1  
241 242 22 2.2118 -4.6254 -17.0761 2.5058 -5.0132 -17.9497 0.0300 8.0000 10.0000 2 2 22  
1004 1005 152 9.3374 21.4194 3.7295 9.7382 22.3010 3.4799 0.0700 8.0064 13.3333 2 4 152  
397 398 45 -0.1702 -0.2311 -26.6224 -0.1064 0.4143 -27.3836 0.0300 8.0179 7.1250 2 2 45  
336 337 36 -0.1992 -3.3056 -22.7116 -0.1671 -4.2619 -23.0023 0.0300 8.0357 8.2500 2 2 36  
772 773 114 0.7188 1.6562 -6.9674 0.1515 1.5720 -7.7866 0.0300 8.0476 7.6667 2 2 114  
275 276 27 -2.4711 -4.0266 -19.9503 -2.9797 -4.5520 -20.6324 0.0300 8.0536 9.3750 2 2 27  
49 432 50 -0.2620 -1.2600 -28.5645 0.0682 -2.1627 -28.8403 0.0300 8.0714 6.5000 2 2 50  
717 718 2 4.6143 3.2285 -12.2319 4.7242 3.1250 -12.9665 0.0700 8.0833 10.0000 4 2 2  
370 371 41 1.4973 -1.4120 -24.7587 2.3854 -1.6979 -25.1188 0.0300 8.0893 7.6250 2 2 41  
309 310 32 0.1983 2.8951 -21.9669 0.1978 3.3945 -22.8332 0.0300 8.1071 8.7500 2 2 32  
759 760 112 2.3895 -1.0101 -5.5079 2.8680 -1.7165 -6.0294 0.0300 8.1190 8.1667 2 2 112  
61 62 1 -0.5450 -1.8656 -34.4021 -0.6078 -1.8622 -34.8982 0.0900 8.1250 14.0000 1 2 1  
248 249 23 -4.0607 2.3842 -19.0383 -4.2827 2.6053 -19.9880 0.0300 8.1250 9.8750 2 2 23  
1033 1034 153 -11.4846 -10.4549 9.0605 -12.1937 -11.1571 8.9960 0.0700 8.1295 10.3333 2 4 153  
404 405 46 -0.3043 -2.1502 -26.7292 -0.2946 -3.1239 -26.9568 0.0300 8.1429 7.0000 2 2 46  
712 806 119 3.0989 3.0678 -8.8989 2.3885 2.5573 -9.3834 0.0300 8.1548 6.4167 2 2 119  
343 344 37 -3.1418 -0.5698 -23.1937 -3.9511 -0.6216 -23.7789 0.0300 8.1607 8.1250 2 2 37  
1055 1056 154 3.2456 3.3656 11.6868 3.8976 3.9339 12.1887 0.0700 8.1749 7.3333 2 4 154  
282 283 28 3.6339 -2.5358 -19.0825 4.2623 -2.7209 -19.8380 0.0300 8.1786 9.2500 2 2 28  
746 747 110 -0.9838 3.0997 -5.8482 -1.2298 3.5093 -6.7267 0.0300 8.1905 8.6667 2 2 110  
50 439 51 -0.1314 -1.3016 -29.0454 -0.5245 -2.1622 -29.3691 0.0300 8.1964 6.3750 2 2 51  
377 378 42 1.5380 0.0660 -24.9064 2.4320 0.5070 -24.9855 0.0300 8.2143 7.5000 2 2 42  
792 793 117 2.9963 2.1331 -8.0316 3.4073 1.6089 -8.7775 0.0300 8.2262 6.9167 2 2 117  
316 317 33 0.7046 -3.0055 -22.8899 0.9275 -3.5881 -23.6714 0.0300 8.2321 8.6250 2 2 33  
62 63 1 -0.6078 -1.8622 -34.8982 -0.5213 -1.8588 -35.3906 0.0900 8.2500 14.0000 1 2 1  
255 256 24 -2.8765 -3.7376 -19.8297 -2.7957 -4.4310 -20.5457 0.0300 8.2500 9.7500 2 2 24  
411 412 47 0.3763 -1.8351 -27.3525 1.1249 -2.4526 -27.5941 0.0300 8.2679 6.8750 2 2 47  
350 351 38 0.9218 -3.0754 -23.6071 1.3189 -3.8130 -24.1533 0.0300 8.2857 8.0000 2 2 38  
779 780 115 2.0519 1.3926 -7.8935 2.0546 0.9885 -8.8083 0.0300 8.2976 7.4167 2 2 115  
289 290 29 1.4849 4.1432 -17.9832 1.9131 5.0170 -18.2139 0.0300 8.3036 9.1250 2 2 29  
51 446 52 0.0408 -1.3802 -29.5082 0.9939 -1.6690 -29.4176 0.0300 8.3214 6.2500 2 2 52  
718 719 2 4.7242 3.1250 -12.9665 4.8813 3.1570 -13.6992 0.0700 8.3333 10.0000 4 2 2  
384 385 43 -2.2043 -0.6017 -25.3984 -3.1279 -0.4664 -25.7570 0.0300 8.3393 7.3750 2 2 43  
323 324 34 0.9433 2.7435 -22.6778 1.2584 3.2853 -23.4570 0.0300 8.3571 8.5000 2 2 34  
766 767 113 2.6112 4.6302 -4.6633 2.8505 5.5744 -4.8895 0.0300 8.3690 7.9167 2 2 113  
63 64 1 -0.5213 -1.8588 -35.3906 -0.4255 -1.9023 -35.8794 0.0900 8.3750 14.0000 1 2 1  
262 263 25 -2.4543 -5.5489 -18.4689 -2.9572 -6.2595 -18.9610 0.0300 8.3750 9.6250 2 2 25  
418 419 48 -1.3335 -1.4033 -27.5977 -2.3280 -1.4430 -27.6954 0.0300 8.3929 6.7500 2 2 48  
713 813 120 3.3541 3.0172 -9.6023 3.8366 3.8764 -9.7725 0.0300 8.4048 6.1667 2 2 120  
1056 1057 154 3.8976 3.9339 12.1887 4.5410 4.5666 12.6197 0.0700 8.4102 7.3333 2 4 154  
357 358 39 0.7410 1.9491 -24.0511 0.9778 2.6406 -24.7335 0.0300 8.4107 7.8750 2 2 39  
296 297 30 -2.7403 -3.1132 -21.5989 -2.7242 -3.5951 -22.4750 0.0300 8.4286 9.0000 2 2 30  
1005 1006 152 9.7382 22.3010 3.4799 10.0940 23.1907 3.1940 0.0700 8.4320 13.3333 2 4 152  
753 754 111 1.0069 0.6153 -7.5695 1.0569 0.5418 -8.5655 0.0300 8.4405 8.4167 2 2 111  
52 453 53 0.1115 -1.3536 -30.0024 0.5295 -2.2369 -30.2149 0.0300 8.4464 6.1250 2 2 53  
1034 1035 153 -12.1937 -11.1571 8.9960 -12.9044 -11.8486 8.8669 0.0700 8.4470 10.3333 2 4 153  
391 392 44 0.7290 0.4856 -26.5695 1.0923 1.2382 -27.1188 0.0300 8.4643 7.2500 2 2 44  
799 800 118 3.2172 3.9239 -8.1280 3.5987 4.8153 -8.3728 0.0300 8.4762 6.6667 2 2 118  
330 331 35 -3.9431 -1.8104 -20.5215 -4.9131 -2.0516 -20.4917 0.0300 8.4821 8.3750 2 2 35  
64 65 1 -0.4255 -1.9023 -35.8794 -0.2070 -1.8705 -36.3280 0.0900 8.5000 14.0000 1 2 1  
269 270 26 1.4756 -5.9391 -17.2765 1.7048 -6.7323 -17.8406 0.0300 8.5000 9.5000 2 2 26  
425 426 49 -1.0999 -0.6003 -28.3043 -1.7376 -0.0280 -28.8199 0.0300 8.5179 6.6250 2 2 49  
364 365 40 1.3253 -2.6306 -25.1647 1.5588 -3.4031 -25.7552 0.0300 8.5357 7.7500 2 2 40  
786 787 116 2.3089 0.8820 -7.8470 2.2800 0.0359 -8.3793 0.0300 8.5476 7.1667 2 2 116  
303 304 31 1.5568 -4.2115 -21.5027 1.8554 -4.6602 -22.3450 0.0300 8.5536 8.8750 2 2 31  
53 460 54 0.0724 -1.3713 -30.5006 -0.7836 -1.7725 -30.8267 0.0300 8.5714 6.0000 2 2 54  
719 720 2 4.8813 3.1570 -13.6992 5.0418 3.1891 -14.4311 0.0700 8.5833 10.0000 4 2 2  
398 399 45 -0.1064 0.4143 -27.3836 -0.2663 1.0443 -28.1435 0.0300 8.5893 7.1250 2 2 45  
337 338 36 -0.1671 -4.2619 -23.0023 -0.1366 -5.2613 -22.9831 0.0300 8.6071 8.2500 2 2 36  
773 774 114 0.1515 1.5720 -7.7866 -0.3496 1.4471 -8.6429 0.0300 8.6190 7.6667 2 2 114  
65 66 1 -0.2070 -1.8705 -36.3280 -0.1308 -1.8465 -36.8216 0.0900 8.6250 14.0000 1 2 1  
276 277 27 -2.9797 -4.5520 -20.6324 -3.6954 -4.8830 -21.2473 0.0300 8.6250 9.3750 2 2 27  
432 433 50 0.0682 -2.1627 -28.8403 0.4248 -3.0731 -29.0501 0.0300 8.6429 6.5000 2 2 50  
1057 1058 154 4.5410 4.5666 12.6197 5.1899 5.2191 13.0112 0.0700 8.6512 7.3333 2 4 154  
714 820 121 3.6097 3.1899 -10.2860 4.6022 3.0716 -10.2545 0.0300 8.6548 5.9167 2 2 121  
371 372 41 2.3854 -1.6979 -25.1188 3.1139 -1.9697 -25.7476 0.0300 8.6607 7.6250 2 2 41  
310 311 32 0.1978 3.3945 -22.8332 0.1451 3.6056 -23.8093 0.0300 8.6786 8.7500 2 2 32  
760 761 112 2.8680 -1.7165 -6.0294 3.5648 -2.3658 -6.3342 0.0300 8.6905 8.1667 2 2 112  
54 467 55 0.0008 -1.3890 -30.9951 0.1633 -0.4563 -31.3170 0.0300 8.6964 5.8750 2 2 55  
405 406 46 -0.2946 -3.1239 -26.9568 -0.4732 -4.0503 -27.2882 0.0300 8.7143 7.0000 2 2 46  
806 807 119 2.3885 2.5573 -9.3834 1.6922 2.0085 -9.8461 0.0300 8.7262 6.4167 2 2 119  
344 345 37 -3.9511 -0.6216 -23.7789 -4.5396 -0.6710 -24.5858 0.0300 8.7321 8.1250 2 2 37  
66 67 1 -0.1308 -1.8465 -36.8216 -0.2028 -1.8413 -37.3164 0.0900 8.7500 14.0000 1 2 1  
283 284 28 4.2623 -2.7209 -19.8380 4.7886 -2.8763 -20.6740 0.0300 8.7500 9.2500 2 2 28  
747 748 110 -1.2298 3.5093 -6.7267 -1.4621 3.9187 -7.6090 0.0300 8.7619 8.6667 2 2 110  
439 440 51 -0.5245 -2.1622 -29.3691 -1.1190 -2.8238 -29.8261 0.0300 8.7679 6.3750 2 2 51  
1035 1036 153 -12.9044 -11.8486 8.8669 -13.6467 -12.4975 8.7000 0.0700 8.7749 10.3333 2 4 153  
378 379 42 2.4320 0.5070 -24.9855 3.3447 0.8001 -25.2704 0.0300 8.7857 7.5000 2 2 42  
793 794 117 3.4073 1.6089 -8.7775 3.7684 0.9796 -9.4657 0.0300 8.7976 6.9167 2 2 117  
317 318 33 0.9275 -3.5881 -23.6714 1.1383 -4.1986 -24.4350 0.0300 8.8036 8.6250 2 2 33  
55 474 56 -0.1210 -1.4066 -31.4797 -1.0547 -1.1544 -31.7340 0.0300 8.8214 5.7500 2 2 56  
720 721 2 5.0418 3.1891 -14.4311 5.3199 3.2372 -15.1260 0.0700 8.8333 10.0000 4 2 2  
412 413 47 1.1249 -2.4526 -27.5941 1.9130 -3.0404 -27.7772 0.0300 8.8393 6.8750 2 2 47  
351 352 38 1.3189 -3.8130 -24.1533 1.7508 -4.5088 -24.7270 0.0300 8.8571 8.0000 2 2 38  
780 781 115 2.0546 0.9885 -8.8083 2.1972 0.5884 -9.7136 0.0300 8.8690 7.4167 2 2 115  
67 68 1 -0.2028 -1.8413 -37.3164 -0.1981 -1.7746 -37.8119 0.0900 8.8750 14.0000 1 2 1  
290 291 29 1.9131 5.0170 -18.2139 2.3203 5.7691 -18.7320 0.0300 8.8750 9.1250 2 2 29  
1006 1007 152 10.0940 23.1907 3.1940 10.4607 24.0688 2.8866 0.0700 8.8765 13.3333 2 4 152  
446 447 52 0.9939 -1.6690 -29.4176 1.9459 -1.9594 -29.3208 0.0300 8.8929 6.2500 2 2 52  
1058 1059 154 5.1899 5.2191 13.0112 5.8034 5.9251 13.3649 0.0700 8.8981 7.3333 2 4 154  
715 827 122 4.0615 3.3549 -10.8614 3.5146 3.6013 -11.6616 0.0300 8.9048 5.6667 2 2 122  
385 386 43 -3.1279 -0.4664 -25.7570 -3.8900 -0.1855 -26.3404 0.0300 8.9107 7.3750 2 2 43  
324 325 34 1.2584 3.2853 -23.4570 1.3851 3.8166 -24.2946 0.0300 8.9286 8.5000 2 2 34  
767 768 113 2.8505 5.5744 -4.8895 2.7780 6.5439 -5.1239 0.0300 8.9405 7.9167 2 2 113  
56 481 57 -0.1676 -1.4778 -31.9724 0.2275 -0.7864 -32.5774 0.0300 8.9464 5.6250 2 2 57  
419 420 48 -2.3280 -1.4430 -27.6954 -3.3002 -1.5998 -27.5216 0.0300 8.9643 6.7500 2 2 48  
813 814 120 3.8366 3.8764 -9.7725 4.2729 4.7591 -9.9468 0.0300 8.9762 6.1667 2 2 120  
358 359 39 0.9778 2.6406 -24.7335 1.1938 3.2949 -25.4583 0.0300 8.9821 7.8750 2 2 39  
68 69 1 -0.1981 -1.7746 -37.8119 -0.2639 -1.7085 -38.3031 0.0900 9.0000 14.0000 1 2 1  
297 298 30 -2.7242 -3.5951 -22.4750 -2.7112 -4.0759 -23.3518 0.0300 9.0000 9.0000 2 2 30  
754 755 111 1.0569 0.5418 -8.5655 1.1456 0.5274 -9.5615 0.0300 9.0119 8.4167 2 2 111  
453 454 53 0.5295 -2.2369 -30.2149 0.8418 -3.0767 -30.6590 0.0300 9.0179 6.1250 2 2 53  
392 393 44 1.0923 1.2382 -27.1188 1.4540 2.0413 -27.5922 0.0300 9.0357 7.2500 2 2 44  
800 801 118 3.5987 4.8153 -8.3728 3.9616 5.5812 -8.9035 0.0300 9.0476 6.6667 2 2 118  
331 332 35 -4.9131 -2.0516 -20.4917 -5.8451 -2.2810 -20.7723 0.0300 9.0536 8.3750 2 2 35  
57 488 58 -0.2082 -1.5658 -32.4630 -0.1499 -2.5573 -32.3466 0.0300 9.0714 5.5000 2 2 58  
721 722 2 5.3199 3.2372 -15.1260 5.4355 3.3227 -15.8621 0.0700 9.0833 10.0000 4 2 2  
426 427 49 -1.7376 -0.0280 -28.8199 -2.4043 0.5810 -29.2496 0.0300 9.0893 6.6250 2 2 49  
365 366 40 1.5588 -3.4031 -25.7552 1.7969 -4.1706 -26.3504 0.0300 9.1071 7.7500 2 2 40  
1036 1037 153 -13.6467 -12.4975 8.7000 -14.4628 -13.0220 8.4573 0.0700 9.1139 10.3333 2 4 153  
787 788 116 2.2800 0.0359 -8.3793 2.2511 -0.7989 -8.9291 0.0300 9.1190 7.1667 2 2 116  
69 70 1 -0.2639 -1.7085 -38.3031 -0.3455 -1.6424 -38.7919 0.0900 9.1250 14.0000 1 2 1  
304 305 31 1.8554 -4.6602 -22.3450 1.8456 -5.1065 -23.2398 0.0300 9.1250 8.8750 2 2 31  
460 461 54 -0.7836 -1.7725 -30.8267 -1.7490 -1.8969 -31.0561 0.0300 9.1429 6.0000 2 2 54  
1059 1060 154 5.8034 5.9251 13.3649 6.4140 6.6436 13.6981 0.0700 9.1513 7.3333 2 4 154  
716 834 123 4.4392 3.3207 -11.5085 4.0299 2.5766 -12.0364 0.0300 9.1548 5.4167 2 2 123  
399 400 45 -0.2663 1.0443 -28.1435 -0.1159 1.6436 -28.9298 0.0300 9.1607 7.1250 2 2 45  
338 339 36 -0.1366 -5.2613 -22.9831 -0.0769 -6.2401 -23.1791 0.0300 9.1786 8.2500 2 2 36  
774 775 114 -0.3496 1.4471 -8.6429 -0.8086 1.3224 -9.5225 0.0300 9.1905 7.6667 2 2 114  
58 495 59 -0.3252 -1.6528 -32.9412 0.3645 -2.3732 -33.0140 0.0300 9.1964 5.3750 2 2 59  
433 434 50 0.4248 -3.0731 -29.0501 0.7762 -3.9320 -29.4228 0.0300 9.2143 6.5000 2 2 50  
820 821 121 4.6022 3.0716 -10.2545 5.5086 2.6548 -10.1855 0.0300 9.2262 5.9167 2 2 121  
372 373 41 3.1139 -1.9697 -25.7476 3.8075 -2.2411 -26.4148 0.0300 9.2321 7.6250 2 2 41  
70 71 1 -0.3455 -1.6424 -38.7919 -0.2887 -1.5788 -39.2846 0.0900 9.2500 14.0000 1 2 1  
311 312 32 0.1451 3.6056 -23.8093 0.0961 3.8172 -24.7854 0.0300 9.2500 8.7500 2 2 32  
761 762 112 3.5648 -2.3658 -6.3342 4.2777 -3.0131 -6.6040 0.0300 9.2619 8.1667 2 2 112  
467 468 55 0.1633 -0.4563 -31.3170 0.3235 0.4080 -31.7938 0.0300 9.2679 5.8750 2 2 55  
406 407 46 -0.4732 -4.0503 -27.2882 -0.7342 -4.9141 -27.7193 0.0300 9.2857 7.0000 2 2 46  
807 808 119 1.6922 2.0085 -9.8461 1.1082 1.6151 -10.5561 0.0300 9.2976 6.4167 2 2 119  
345 346 37 -4.5396 -0.6710 -24.5858 -4.8785 -0.5837 -25.5226 0.0300 9.3036 8.1250 2 2 37  
59 502 60 -0.4625 -1.7354 -33.4149 -0.5919 -0.8746 -33.9071 0.0300 9.3214 5.2500 2 2 60  
722 723 2 5.4355 3.3227 -15.8621 5.4283 3.4071 -16.6073 0.0700 9.3333 10.0000 4 2 2  
748 749 110 -1.4621 3.9187 -7.6090 -1.4870 4.3190 -8.5250 0.0300 9.3333 8.6667 2 2 110  
440 441 51 -1.1190 -2.8238 -29.8261 -1.6919 -3.3091 -30.4866 0.0300 9.3393 6.3750 2 2 51  
1007 1008 152 10.4607 24.0688 2.8866 10.8268 24.9230 2.5175 0.0700 9.3417 13.3333 2 4 152  
379 380 42 3.3447 0.8001 -25.2704 4.0977 1.3523 -25.6280 0.0300 9.3571 7.5000 2 2 42  
794 795 117 3.7684 0.9796 -9.4657 4.1819 0.3515 -10.1248 0.0300 9.3690 6.9167 2 2 117  
71 72 1 -0.2887 -1.5788 -39.2846 -0.1658 -1.4555 -39.7534 0.0900 9.3750 14.0000 1 2 1  
318 319 33 1.1383 -4.1986 -24.4350 1.5977 -4.6200 -25.2169 0.0300 9.3750 8.6250 2 2 33  
474 475 56 -1.0547 -1.1544 -31.7340 -1.8615 -0.9145 -32.2739 0.0300 9.3929 5.7500 2 2 56  
717 841 124 4.6143 3.2285 -12.2319 4.2698 4.0310 -12.7190 0.0300 9.4048 5.1667 2 2 124  
413 414 47 1.9130 -3.0404 -27.7772 2.8163 -3.4692 -27.7753 0.0300 9.4107 6.8750 2 2 47  
1060 1061 154 6.4140 6.6436 13.6981 7.0234 7.3724 14.0103 0.0700 9.4110 7.3333 2 4 154  
352 353 38 1.7508 -4.5088 -24.7270 2.1875 -5.2099 -25.2908 0.0300 9.4286 8.0000 2 2 38  
781 782 115 2.1972 0.5884 -9.7136 2.4696 0.4687 -10.6683 0.0300 9.4405 7.4167 2 2 115  
60 509 61 -0.5139 -1.8167 -33.9055 -1.5054 -1.7213 -33.9942 0.0300 9.4464 5.1250 2 2 61  
447 448 52 1.9459 -1.9594 -29.3208 2.9031 -2.2475 -29.3458 0.0300 9.4643 6.2500 2 2 52  
1037 1038 153 -14.4628 -13.0220 8.4573 -15.3135 -13.4722 8.1860 0.0700 9.4649 10.3333 2 4 153  
827 828 122 3.5146 3.6013 -11.6616 3.1123 3.8443 -12.5442 0.0300 9.4762 5.6667 2 2 122  
386 387 43 -3.8900 -0.1855 -26.3404 -4.5453 -0.0684 -27.0866 0.0300 9.4821 7.3750 2 2 43  
72 73 1 -0.1658 -1.4555 -39.7534 -0.0488 -1.3302 -40.2230 0.0900 9.5000 14.0000 1 2 1  
325 326 34 1.3851 3.8166 -24.2946 1.2000 4.3219 -25.1375 0.0300 9.5000 8.5000 2 2 34  
768 769 113 2.7780 6.5439 -5.1239 2.7063 7.4681 -5.4989 0.0300 9.5119 7.9167 2 2 113  
481 482 57 0.2275 -0.7864 -32.5774 0.6794 -0.1050 -33.1532 0.0300 9.5179 5.6250 2 2 57  
420 421 48 -3.3002 -1.5998 -27.5216 -4.1627 -2.0393 -27.2710 0.0300 9.5357 6.7500 2 2 48  
814 815 120 4.2729 4.7591 -9.9468 4.6879 5.5388 -10.4158 0.0300 9.5476 6.1667 2 2 120  
359 360 39 1.1938 3.2949 -25.4583 1.2817 3.9693 -26.1914 0.0300 9.5536 7.8750 2 2 39  
61 516 62 -0.5450 -1.8656 -34.4021 0.2706 -2.2104 -34.8669 0.0300 9.5714 5.0000 2 2 62  
723 724 2 5.4283 3.4071 -16.6073 5.4602 3.4914 -17.3518 0.0700 9.5833 10.0000 4 2 2  
755 756 111 1.1456 0.5274 -9.5615 1.1510 0.6027 -10.5586 0.0300 9.5833 8.4167 2 2 111  
454 455 53 0.8418 -3.0767 -30.6590 1.3070 -3.7081 -31.2794 0.0300 9.5893 6.1250 2 2 53  
393 394 44 1.4540 2.0413 -27.5922 1.7981 2.6482 -28.3087 0.0300 9.6071 7.2500 2 2 44  
801 802 118 3.9616 5.5812 -8.9035 4.3066 6.1337 -9.6622 0.0300 9.6190 6.6667 2 2 118  
73 74 1 -0.0488 -1.3302 -40.2230 0.0917 -1.3521 -40.7024 0.0900 9.6250 14.0000 1 2 1  
332 333 35 -5.8451 -2.2810 -20.7723 -6.7828 -2.4958 -21.0456 0.0300 9.6250 8.3750 2 2 35  
488 489 58 -0.1499 -2.5573 -32.3466 0.0640 -3.5315 -32.4184 0.0300 9.6429 5.5000 2 2 58  
718 848 125 4.7242 3.1250 -12.9665 5.5701 2.6562 -13.2209 0.0300 9.6548 4.9167 2 2 125  
427 428 49 -2.4043 0.5810 -29.2496 -2.9512 1.0591 -29.9369 0.0300 9.6607 6.6250 2 2 49  
1061 1062 154 7.0234 7.3724 14.0103 7.6578 8.0898 14.2982 0.0700 9.6777 7.3333 2 4 154  
366 367 40 1.7969 -4.1706 -26.3504 2.0106 -4.9593 -26.9269 0.0300 9.6786 7.7500 2 2 40  
788 789 116 2.2511 -0.7989 -8.9291 2.4713 -1.4973 -9.6101 0.0300 9.6905 7.1667 2 2 116  
62 523 63 -0.6078 -1.8622 -34.8982 0.0180 -1.1175 -35.1301 0.0300 9.6964 4.8750 2 2 63  
461 462 54 -1.7490 -1.8969 -31.0561 -2.6806 -1.9228 -31.4186 0.0300 9.7143 6.0000 2 2 54  
834 835 123 4.0299 2.5766 -12.0364 3.6156 1.8270 -12.5525 0.0300 9.7262 5.4167 2 2 123  
400 401 45 -0.1159 1.6436 -28.9298 0.1162 1.9702 -29.8460 0.0300 9.7321 7.1250 2 2 45  
74 75 1 0.0917 -1.3521 -40.7024 0.1167 -1.3735 -41.2013 0.0900 9.7500 14.0000 1 2 1  
339 340 36 -0.0769 -6.2401 -23.1791 -0.0176 -7.1923 -23.4787 0.0300 9.7500 8.2500 2 2 36  
775 776 114 -0.8086 1.3224 -9.5225 -1.0391 1.2983 -10.4953 0.0300 9.7619 7.6667 2 2 114  
495 496 59 0.3645 -2.3732 -33.0140 1.0204 -3.0273 -33.3907 0.0300 9.7679 5.3750 2 2 59  
434 435 50 0.7762 -3.9320 -29.4228 1.2926 -4.7451 -29.6914 0.0300 9.7857 6.5000 2 2 50  
821 822 121 5.5086 2.6548 -10.1855 6.3258 2.0790 -10.1646 0.0300 9.7976 5.9167 2 2 121  
373 374 41 3.8075 -2.2411 -26.4148 4.3955 -2.2543 -27.2236 0.0300 9.8036 7.6250 2 2 41  
63 530 64 -0.5213 -1.8588 -35.3906 0.3197 -2.3806 -35.2473 0.0300 9.8214 4.7500 2 2 64  
1038 1039 153 -15.3135 -13.4722 8.1860 -16.1451 -13.9228 7.8614 0.0700 9.8285 10.3333 2 4 153  
1008 1009 152 10.8268 24.9230 2.5175 11.1745 25.7548 2.0848 0.0700 9.8296 13.3333 2 4 152  
724 725 2 5.4602 3.4914 -17.3518 5.4886 3.5234 -18.1006 0.0700 9.8333 10.0000 4 2 2  
762 763 112 4.2777 -3.0131 -6.6040 4.9435 -3.5296 -7.1425 0.0300 9.8333 8.1667 2 2 112  
468 469 55 0.3235 0.4080 -31.7938 0.4793 1.3602 -32.0566 0.0300 9.8393 5.8750 2 2 55  
407 408 46 -0.7342 -4.9141 -27.7193 -0.9938 -5.8190 -28.0565 0.0300 9.8571 7.0000 2 2 46  
956 1076 155 -0.4230 0.4946 12.9840 -0.8131 -0.1009 13.6863 0.0700 9.8687 4.3333 2 4 155  
808 809 119 1.1082 1.6151 -10.5561 0.7663 1.2283 -11.4125 0.0300 9.8690 6.4167 2 2 119  
75 76 1 0.1167 -1.3735 -41.2013 0.1247 -1.4030 -41.7004 0.0900 9.8750 14.0000 1 2 1  
346 347 37 -4.8785 -0.5837 -25.5226 -5.0247 -0.4908 -26.5075 0.0300 9.8750 8.1250 2 2 37  
502 503 60 -0.5919 -0.8746 -33.9071 -0.7164 -0.1816 -34.6173 0.0300 9.8929 5.2500 2 2 60  
719 855 126 4.8813 3.1570 -13.6992 5.2011 2.3044 -14.1124 0.0300 9.9048 4.6667 2 2 126  
441 442 51 -1.6919 -3.3091 -30.4866 -2.0032 -3.7707 -31.3173 0.0300 9.9107 6.3750 2 2 51  
380 381 42 4.0977 1.3523 -25.6280 4.6969 1.8527 -26.2530 0.0300 9.9286 7.5000 2 2 42  
795 796 117 4.1819 0.3515 -10.1248 4.5851 -0.2741 -10.7927 0.0300 9.9405 6.9167 2 2 117  
64 537 65 -0.4255 -1.9023 -35.8794 -0.7730 -0.9655 -35.9218 0.0300 9.9464 4.6250 2 2 65  
1062 1063 154 7.6578 8.0898 14.2982 8.3462 8.7739 14.5392 0.0700 9.9517 7.3333 2 4 154  
475 476 56 -1.8615 -0.9145 -32.2739 -2.7335 -0.7353 -32.7294 0.0300 9.9643 5.7500 2 2 56  
841 842 124 4.2698 4.0310 -12.7190 4.2269 4.9143 -13.1859 0.0300 9.9762 5.1667 2 2 124  
414 415 47 2.8163 -3.4692 -27.7753 3.7166 -3.8967 -27.6931 0.0300 9.9821 6.8750 2 2 47  
76 77 1 0.1247 -1.4030 -41.7004 0.0993 -1.3811 -42.1992 0.0900 10.0000 14.0000 1 2 1  
353 354 38 2.1875 -5.2099 -25.2908 2.8339 -5.7882 -25.7885 0.0300 10.0000 8.0000 2 2 38  
782 783 115 2.4696 0.4687 -10.6683 2.6166 0.2825 -11.6397 0.0300 10.0119 7.4167 2 2 115  
509 510 61 -1.5054 -1.7213 -33.9942 -2.4364 -1.7650 -34.3565 0.0300 10.0179 5.1250 2 2 61  
448 449 52 2.9031 -2.2475 -29.3458 3.7347 -2.7689 -29.5372 0.0300 10.0357 6.2500 2 2 52  
828 829 122 3.1123 3.8443 -12.5442 2.9115 4.1459 -13.4763 0.0300 10.0476 5.6667 2 2 122  
387 388 43 -4.5453 -0.0684 -27.0866 -5.0524 -0.0188 -27.9471 0.0300 10.0536 7.3750 2 2 43  
65 544 66 -0.2070 -1.8705 -36.3280 0.4768 -2.5997 -36.3011 0.0300 10.0714 4.5000 2 2 66  
1076 1077 155 -0.8131 -0.1009 13.6863 -1.1945 -0.7288 14.3647 0.0700 10.0749 4.3333 2 4 155  
725 726 2 5.4886 3.5234 -18.1006 5.4820 3.5555 -18.8499 0.0700 10.0833 10.0000 4 2 2  
769 770 113 2.7063 7.4681 -5.4989 2.6346 8.3779 -5.9078 0.0300 10.0833 7.9167 2 2 113  
482 483 57 0.6794 -0.1050 -33.1532 1.3407 0.4489 -33.6590 0.0300 10.0893 5.6250 2 2 57  
421 422 48 -4.1627 -2.0393 -27.2710 -4.9727 -2.3201 -26.7561 0.0300 10.1071 6.7500 2 2 48  
815 816 120 4.6879 5.5388 -10.4158 4.8961 6.4724 -10.7074 0.0300 10.1190 6.1667 2 2 120  
77 78 1 0.0993 -1.3811 -42.1992 0.0817 -1.3412 -42.6973 0.0900 10.1250 14.0000 1 2 1  
360 361 39 1.2817 3.9693 -26.1914 1.3889 4.6304 -26.9339 0.0300 10.1250 7.8750 2 2 39  
516 517 62 0.2706 -2.2104 -34.8669 1.1934 -2.5408 -35.0649 0.0300 10.1429 5.0000 2 2 62  
720 862 127 5.0418 3.1891 -14.4311 4.5073 3.9718 -14.7500 0.0300 10.1548 4.4167 2 2 127  
455 456 53 1.3070 -3.7081 -31.2794 1.6802 -4.1250 -32.1081 0.0300 10.1607 6.1250 2 2 53  
394 395 44 1.7981 2.6482 -28.3087 1.8467 3.2254 -29.1239 0.0300 10.1786 7.2500 2 2 44  
802 803 118 4.3066 6.1337 -9.6622 4.6973 6.6855 -10.3991 0.0300 10.1905 6.6667 2 2 118  
66 551 67 -0.1308 -1.8465 -36.8216 -0.2132 -2.7947 -37.1284 0.0300 10.1964 4.3750 2 2 67  
1039 1040 153 -16.1451 -13.9228 7.8614 -16.9570 -14.3984 7.5227 0.0700 10.2059 10.3333 2 4 153  
489 490 58 0.0640 -3.5315 -32.4184 0.2637 -4.5106 -32.4561 0.0300 10.2143 5.5000 2 2 58  
848 849 125 5.5701 2.6562 -13.2209 6.4162 2.1794 -13.4592 0.0300 10.2262 4.9167 2 2 125  
428 429 49 -2.9512 1.0591 -29.9369 -3.2295 1.5137 -30.7830 0.0300 10.2321 6.6250 2 2 49  
1063 1064 154 8.3462 8.7739 14.5392 9.0160 9.4804 14.7675 0.0700 10.2334 7.3333 2 4 154  
78 79 1 0.0817 -1.3412 -42.6973 0.0379 -1.2256 -43.1818 0.0900 10.2500 14.0000 1 2 1  
367 368 40 2.0106 -4.9593 -26.9269 2.2115 -5.7286 -27.5333 0.0300 10.2500 7.7500 2 2 40  
789 790 116 2.4713 -1.4973 -9.6101 2.7781 -2.2086 -10.2425 0.0300 10.2619 7.1667 2 2 116  
523 524 63 0.0180 -1.1175 -35.1301 0.5176 -0.4204 -35.6444 0.0300 10.2679 4.8750 2 2 63  
1077 1078 155 -1.1945 -0.7288 14.3647 -1.6415 -1.3367 15.0209 0.0700 10.2854 4.3333 2 4 155  
462 463 54 -2.6806 -1.9228 -31.4186 -3.6070 -1.9486 -31.7944 0.0300 10.2857 6.0000 2 2 54  
835 836 123 3.6156 1.8270 -12.5525 3.3365 1.2308 -13.3054 0.0300 10.2976 5.4167 2 2 123  
401 402 45 0.1162 1.9702 -29.8460 0.0810 2.2849 -30.7946 0.0300 10.3036 7.1250 2 2 45  
67 558 68 -0.2028 -1.8413 -37.3164 0.5056 -2.5247 -37.4928 0.0300 10.3214 4.2500 2 2 68  
726 727 2 5.4820 3.5555 -18.8499 5.4174 3.5787 -19.5967 0.0700 10.3333 10.0000 4 2 2  
776 777 114 -1.0391 1.2983 -10.4953 -0.9576 1.2754 -11.4917 0.0300 10.3333 7.6667 2 2 114  
496 497 59 1.0204 -3.0273 -33.3907 1.8186 -3.4518 -33.8181 0.0300 10.3393 5.3750 2 2 59  
1009 1010 152 11.1745 25.7548 2.0848 11.5461 26.5588 1.6204 0.0700 10.3425 13.3333 2 4 152  
435 436 50 1.2926 -4.7451 -29.6914 1.7837 -5.6154 -29.6534 0.0300 10.3571 6.5000 2 2 50  
822 823 121 6.3258 2.0790 -10.1646 7.1416 1.5035 -10.1076 0.0300 10.3690 5.9167 2 2 121  
79 80 1 0.0379 -1.2256 -43.1818 -0.0301 -1.1101 -43.6635 0.0900 10.3750 14.0000 1 2 1  
374 375 41 4.3955 -2.2543 -27.2236 4.9630 -2.3096 -28.0451 0.0300 10.3750 7.6250 2 2 41  
530 531 64 0.3197 -2.3806 -35.2473 1.0548 -3.0586 -35.2430 0.0300 10.3929 4.7500 2 2 64  
721 869 128 5.3199 3.2372 -15.1260 5.7524 4.1358 -15.1998 0.0300 10.4048 4.1667 2 2 128  
469 470 55 0.4793 1.3602 -32.0566 0.7441 2.1721 -32.5770 0.0300 10.4107 5.8750 2 2 55  
408 409 46 -0.9938 -5.8190 -28.0565 -1.2407 -6.5718 -28.6667 0.0300 10.4286 7.0000 2 2 46  
809 810 119 0.7663 1.2283 -11.4125 0.6033 0.8483 -12.3230 0.0300 10.4405 6.4167 2 2 119  
68 565 69 -0.1981 -1.7746 -37.8119 -0.9424 -2.3885 -38.0747 0.0300 10.4464 4.1250 2 2 69  
503 504 60 -0.7164 -0.1816 -34.6173 -0.5837 0.4881 -35.3480 0.0300 10.4643 5.2500 2 2 60  
855 856 126 5.2011 2.3044 -14.1124 5.4303 1.4235 -14.5266 0.0300 10.4762 4.6667 2 2 126  
442 443 51 -2.0032 -3.7707 -31.3173 -2.2788 -4.2320 -32.1607 0.0300 10.4821 6.3750 2 2 51  
80 81 1 -0.0301 -1.1101 -43.6635 -0.1097 -1.0694 -44.1555 0.0900 10.5000 14.0000 1 2 1  
381 382 42 4.6969 1.8527 -26.2530 5.2782 2.3528 -26.8948 0.0300 10.5000 7.5000 2 2 42  
1078 1079 155 -1.6415 -1.3367 15.0209 -2.0878 -1.9699 15.6533 0.0700 10.5005 4.3333 2 4 155  
796 797 117 4.5851 -0.2741 -10.7927 4.8185 -0.8883 -11.5465 0.0300 10.5119 6.9167 2 2 117  
537 538 65 -0.7730 -0.9655 -35.9218 -1.1169 -0.0452 -36.1083 0.0300 10.5179 4.6250 2 2 65  
1064 1065 154 9.0160 9.4804 14.7675 9.6668 10.2218 14.9315 0.0700 10.5233 7.3333 2 4 154  
476 477 56 -2.7335 -0.7353 -32.7294 -3.4244 -0.5645 -33.4319 0.0300 10.5357 5.7500 2 2 56  
842 843 124 4.2269 4.9143 -13.1859 4.3856 5.6517 -13.8425 0.0300 10.5476 5.1667 2 2 124  
415 416 47 3.7166 -3.8967 -27.6931 4.6566 -4.2378 -27.6858 0.0300 10.5536 6.8750 2 2 47  
69 572 70 -0.2639 -1.7085 -38.3031 0.1648 -0.8859 -38.6768 0.0300 10.5714 4.0000 2 2 70  
727 728 2 5.4174 3.5787 -19.5967 5.2887 3.6018 -20.3353 0.0700 10.5833 10.0000 4 2 2  
783 784 115 2.6166 0.2825 -11.6397 2.7234 0.3169 -12.6334 0.0300 10.5833 7.4167 2 2 115  
510 511 61 -2.4364 -1.7650 -34.3565 -3.3660 -1.8606 -34.7123 0.0300 10.5893 5.1250 2 2 61  
1040 1041 153 -16.9570 -14.3984 7.5227 -17.7502 -14.8973 7.1736 0.0700 10.5981 10.3333 2 4 153  
449 450 52 3.7347 -2.7689 -29.5372 4.4563 -3.2648 -30.0204 0.0300 10.6071 6.2500 2 2 52  
829 830 122 2.9115 4.1459 -13.4763 2.5939 4.4453 -14.3760 0.0300 10.6190 5.6667 2 2 122  
81 82 1 -0.1097 -1.0694 -44.1555 -0.1557 -1.0563 -44.6532 0.0900 10.6250 14.0000 1 2 1  
388 389 43 -5.0524 -0.0188 -27.9471 -5.5619 0.0351 -28.8058 0.0300 10.6250 7.3750 2 2 43  
544 545 66 0.4768 -2.5997 -36.3011 0.9598 -3.4683 -36.4111 0.0300 10.6429 4.5000 2 2 66  
722 876 129 5.4355 3.3227 -15.8621 4.9585 2.5192 -16.2181 0.0300 10.6548 3.9167 2 2 129  
483 484 57 1.3407 0.4489 -33.6590 1.8520 1.0627 -34.2605 0.0300 10.6607 5.6250 2 2 57  
422 423 48 -4.9727 -2.3201 -26.7561 -5.7912 -2.5823 -26.2450 0.0300 10.6786 6.7500 2 2 48  
816 817 120 4.8961 6.4724 -10.7074 5.1043 7.4001 -11.0171 0.0300 10.6905 6.1667 2 2 120  
70 579 71 -0.3455 -1.6424 -38.7919 0.1038 -2.3934 -39.2759 0.0300 10.6964 3.8750 2 2 71  
517 518 62 1.1934 -2.5408 -35.0649 2.1791 -2.6664 -35.1769 0.0300 10.7143 5.0000 2 2 62  
1079 1080 155 -2.0878 -1.9699 15.6533 -2.5732 -2.5884 16.2712 0.0700 10.7203 4.3333 2 4 155  
862 863 127 4.5073 3.9718 -14.7500 3.9726 4.5847 -15.3317 0.0300 10.7262 4.4167 2 2 127  
456 457 53 1.6802 -4.1250 -32.1081 1.7534 -4.5216 -33.0232 0.0300 10.7321 6.1250 2 2 53  
82 83 1 -0.1557 -1.0563 -44.6532 -0.1371 -1.1310 -45.1472 0.0900 10.7500 14.0000 1 2 1  
395 396 44 1.8467 3.2254 -29.1239 1.8621 3.5243 -30.0780 0.0300 10.7500 7.2500 2 2 44  
803 804 118 4.6973 6.6855 -10.3991 4.8283 7.2684 -11.2010 0.0300 10.7619 6.6667 2 2 118  
551 552 67 -0.2132 -2.7947 -37.1284 -0.3530 -3.7599 -37.3493 0.0300 10.7679 4.3750 2 2 67  
490 491 58 0.2637 -4.5106 -32.4561 0.6245 -5.4421 -32.5025 0.0300 10.7857 5.5000 2 2 58  
849 850 125 6.4162 2.1794 -13.4592 7.2977 1.7416 -13.6359 0.0300 10.7976 4.9167 2 2 125  
429 430 49 -3.2295 1.5137 -30.7830 -3.2209 1.8773 -31.7145 0.0300 10.8036 6.6250 2 2 49  
71 586 72 -0.2887 -1.5788 -39.2846 0.4665 -2.1699 -39.5679 0.0300 10.8214 3.7500 2 2 72  
1065 1066 154 9.6668 10.2218 14.9315 10.3573 10.9336 15.0599 0.0700 10.8218 7.3333 2 4 154  
728 729 2 5.2887 3.6018 -20.3353 5.0895 3.7703 -21.0384 0.0700 10.8333 10.0000 4 2 2  
790 791 116 2.7781 -2.2086 -10.2425 2.7772 -2.9761 -10.8835 0.0300 10.8333 7.1667 2 2 116  
524 525 63 0.5176 -0.4204 -35.6444 0.9928 0.0591 -36.3822 0.0300 10.8393 4.8750 2 2 63  
463 464 54 -3.6070 -1.9486 -31.7944 -4.4186 -1.7372 -32.3389 0.0300 10.8571 6.0000 2 2 54  
836 837 123 3.3365 1.2308 -13.3054 3.2010 0.8582 -14.2234 0.0300 10.8690 5.4167 2 2 123  
83 84 1 -0.1371 -1.1310 -45.1472 -0.0027 -1.1873 -45.6255 0.0900 10.8750 14.0000 1 2 1  
402 403 45 0.0810 2.2849 -30.7946 -0.1510 2.5935 -31.7171 0.0300 10.8750 7.1250 2 2 45  
1010 1011 152 11.5461 26.5588 1.6204 11.9259 27.3328 1.1138 0.0700 10.8832 13.3333 2 4 152  
558 559 68 0.5056 -2.5247 -37.4928 1.0844 -3.2981 -37.7512 0.0300 10.8929 4.2500 2 2 68  
723 883 130 5.4283 3.4071 -16.6073 6.3221 3.0452 -16.8722 0.0300 10.9048 3.6667 2 2 130  
497 498 59 1.8186 -3.4518 -33.8181 2.5747 -3.6392 -34.4452 0.0300 10.9107 5.3750 2 2 59  
436 437 50 1.7837 -5.6154 -29.6534 2.1237 -6.5542 -29.7086 0.0300 10.9286 6.5000 2 2 50  
823 824 121 7.1416 1.5035 -10.1076 7.9539 0.9214 -10.1443 0.0300 10.9405 5.9167 2 2 121  
1080 1081 155 -2.5732 -2.5884 16.2712 -3.0739 -3.2315 16.8507 0.0700 10.9450 4.3333 2 4 155  
72 593 73 -0.1658 -1.4555 -39.7534 -0.0248 -0.4697 -39.6630 0.0300 10.9464 3.6250 2 2 73  
531 532 64 1.0548 -3.0586 -35.2430 1.7413 -3.7857 -35.2512 0.0300 10.9643 4.7500 2 2 64  
869 870 128 5.7524 4.1358 -15.1998 6.0088 5.0435 -15.5319 0.0300 10.9762 4.1667 2 2 128  
470 471 55 0.7441 2.1721 -32.5770 1.1288 2.7642 -33.2850 0.0300 10.9821 5.8750 2 2 55  
84 85 1 -0.0027 -1.1873 -45.6255 0.0494 -1.2428 -46.1197 0.0900 11.0000 14.0000 1 2 1  
409 410 46 -1.2407 -6.5718 -28.6667 -1.2573 -7.1975 -29.4466 0.0300 11.0000 7.0000 2 2 46  
1041 1042 153 -17.7502 -14.8973 7.1736 -18.5194 -15.4110 6.7935 0.0700 11.0064 10.3333 2 4 153  
810 811 119 0.6033 0.8483 -12.3230 0.3303 0.5778 -13.2463 0.0300 11.0119 6.4167 2 2 119  
565 566 69 -0.9424 -2.3885 -38.0747 -1.6422 -3.0594 -38.3201 0.0300 11.0179 4.1250 2 2 69  
504 505 60 -0.5837 0.4881 -35.3480 -0.7618 1.1272 -36.0962 0.0300 11.0357 5.2500 2 2 60  
856 857 126 5.4303 1.4235 -14.5266 5.5959 0.5431 -14.9709 0.0300 11.0476 4.6667 2 2 126  
443 444 51 -2.2788 -4.2320 -32.1607 -2.6627 -4.4066 -33.0674 0.0300 11.0536 6.3750 2 2 51  
73 600 74 -0.0488 -1.3302 -40.2230 -0.3616 -0.3843 -40.3098 0.0300 11.0714 3.5000 2 2 74  
729 730 2 5.0895 3.7703 -21.0384 5.0056 3.9367 -21.7649 0.0700 11.0833 10.0000 4 2 2  
797 798 117 4.8185 -0.8883 -11.5465 4.9140 -1.5246 -12.3120 0.0300 11.0833 6.9167 2 2 117  
538 539 65 -1.1169 -0.0452 -36.1083 -1.2710 0.8714 -36.4770 0.0300 11.0893 4.6250 2 2 65  
477 478 56 -3.4244 -0.5645 -33.4319 -3.8612 -0.4020 -34.3167 0.0300 11.1071 5.7500 2 2 56  
843 844 124 4.3856 5.6517 -13.8425 4.7186 6.3826 -14.4382 0.0300 11.1190 5.1667 2 2 124  
85 86 1 0.0494 -1.2428 -46.1197 0.0983 -1.2991 -46.6141 0.0900 11.1250 14.0000 1 2 1  
416 417 47 4.6566 -4.2378 -27.6858 5.5019 -4.7662 -27.6065 0.0300 11.1250 6.8750 2 2 47  
1066 1067 154 10.3573 10.9336 15.0599 11.0820 11.6128 15.1759 0.0700 11.1295 7.3333 2 4 154  
572 573 70 0.1648 -0.8859 -38.6768 0.6012 -0.0621 -39.0386 0.0300 11.1429 4.0000 2 2 70  
724 890 131 5.4602 3.4914 -17.3518 6.1665 4.1659 -17.5667 0.0300 11.1548 3.4167 2 2 131  
511 512 61 -3.3660 -1.8606 -34.7123 -4.1397 -1.9516 -35.3393 0.0300 11.1607 5.1250 2 2 61  
1081 1082 155 -3.0739 -3.2315 16.8507 -3.5772 -3.8807 17.4209 0.0700 11.1749 4.3333 2 4 155  
450 451 52 4.4563 -3.2648 -30.0204 5.1870 -3.7606 -30.4897 0.0300 11.1786 6.2500 2 2 52  
830 831 122 2.5939 4.4453 -14.3760 2.5380 4.7339 -15.3318 0.0300 11.1905 5.6667 2 2 122  
74 607 75 0.0917 -1.3521 -40.7024 0.3126 -0.4515 -41.0765 0.0300 11.1964 3.3750 2 2 75  
545 546 66 0.9598 -3.4683 -36.4111 1.5954 -4.2235 -36.5712 0.0300 11.2143 4.5000 2 2 66  
876 877 129 4.9585 2.5192 -16.2181 4.4400 1.8731 -16.7783 0.0300 11.2262 3.9167 2 2 129  
484 485 57 1.8520 1.0627 -34.2605 2.2504 1.6669 -34.9506 0.0300 11.2321 5.6250 2 2 57  
86 87 1 0.0983 -1.2991 -46.6141 0.0363 -1.4531 -47.0857 0.0900 11.2500 14.0000 1 2 1  
423 424 48 -5.7912 -2.5823 -26.2450 -6.6542 -2.9250 -25.8737 0.0300 11.2500 6.7500 2 2 48  
817 818 120 5.1043 7.4001 -11.0171 5.0427 8.2848 -11.4793 0.0300 11.2619 6.1667 2 2 120  
579 580 71 0.1038 -2.3934 -39.2759 0.2918 -3.1654 -39.8830 0.0300 11.2679 3.8750 2 2 71  
518 519 62 2.1791 -2.6664 -35.1769 3.1476 -2.4852 -35.3480 0.0300 11.2857 5.0000 2 2 62  
863 864 127 3.9726 4.5847 -15.3317 3.4391 5.1503 -15.9605 0.0300 11.2976 4.4167 2 2 127  
457 458 53 1.7534 -4.5216 -33.0232 1.8235 -4.8473 -33.9661 0.0300 11.3036 6.1250 2 2 53  
75 613 76 0.1167 -1.3735 -41.2013 0.5843 -2.1566 -41.6113 0.0300 11.3214 3.2500 2 2 76  
730 731 2 5.0056 3.9367 -21.7649 4.8782 3.8835 -22.5021 0.0700 11.3333 10.0000 4 2 2  
804 805 118 4.8283 7.2684 -11.2010 4.8148 7.8409 -12.0208 0.0300 11.3333 6.6667 2 2 118  
552 553 67 -0.3530 -3.7599 -37.3493 -0.4465 -4.7213 -37.6081 0.0300 11.3393 4.3750 2 2 67  
491 492 58 0.6245 -5.4421 -32.5025 0.9819 -6.3582 -32.6842 0.0300 11.3571 5.5000 2 2 58  
850 851 125 7.2977 1.7416 -13.6359 8.0754 1.3252 -14.1069 0.0300 11.3690 4.9167 2 2 125  
87 88 1 0.0363 -1.4531 -47.0857 0.0115 -1.4819 -47.5843 0.0900 11.3750 14.0000 1 2 1  
430 431 49 -3.2209 1.8773 -31.7145 -3.1213 2.0748 -32.6897 0.0300 11.3750 6.6250 2 2 49  
586 587 72 0.4665 -2.1699 -39.5679 1.0763 -2.7320 -40.1267 0.0300 11.3929 3.7500 2 2 72  
725 896 132 5.4886 3.5234 -18.1006 6.0922 2.7543 -18.3105 0.0300 11.4048 3.1667 2 2 132  
1082 1083 155 -3.5772 -3.8807 17.4209 -4.0749 -4.5983 17.9081 0.0700 11.4102 4.3333 2 4 155  
525 526 63 0.9928 0.0591 -36.3822 1.1849 0.5151 -37.2512 0.0300 11.4107 4.8750 2 2 63  
464 465 54 -4.4186 -1.7372 -32.3389 -5.2178 -1.5601 -32.9134 0.0300 11.4286 6.0000 2 2 54  
1042 1043 153 -18.5194 -15.4110 6.7935 -19.2677 -15.8959 6.3407 0.0700 11.4320 10.3333 2 4 153  
837 838 123 3.2010 0.8582 -14.2234 3.2566 0.4925 -15.1525 0.0300 11.4405 5.4167 2 2 123  
76 619 77 0.1247 -1.4030 -41.7004 -0.1946 -2.2810 -42.0569 0.0300 11.4464 3.1250 2 2 77  
1067 1068 154 11.0820 11.6128 15.1759 11.8285 12.2767 15.2209 0.0700 11.4470 7.3333 2 4 154  
1011 1012 152 11.9259 27.3328 1.1138 12.2813 28.0952 0.5732 0.0700 11.4548 13.3333 2 4 152  
559 560 68 1.0844 -3.2981 -37.7512 1.4623 -4.0785 -38.2494 0.0300 11.4643 4.2500 2 2 68  
883 884 130 6.3221 3.0452 -16.8722 7.2355 2.8182 -17.2100 0.0300 11.4762 3.6667 2 2 130  
498 499 59 2.5747 -3.6392 -34.4452 3.1587 -3.8213 -35.2362 0.0300 11.4821 5.3750 2 2 59  
88 89 1 0.0115 -1.4819 -47.5843 0.0394 -1.4721 -48.0834 0.0900 11.5000 14.0000 1 2 1  
437 438 50 2.1237 -6.5542 -29.7086 2.5739 -7.4438 -29.7856 0.0300 11.5000 6.5000 2 2 50  
824 825 121 7.9539 0.9214 -10.1443 8.6652 0.2191 -10.1136 0.0300 11.5119 5.9167 2 2 121  
593 594 73 -0.0248 -0.4697 -39.6630 0.1094 0.4962 -39.8847 0.0300 11.5179 3.6250 2 2 73  
532 533 64 1.7413 -3.7857 -35.2512 2.2368 -4.6232 -35.4814 0.0300 11.5357 4.7500 2 2 64  
870 871 128 6.0088 5.0435 -15.5319 6.4765 5.7807 -16.0195 0.0300 11.5476 4.1667 2 2 128  
471 472 55 1.1288 2.7642 -33.2850 1.7612 3.1716 -33.9439 0.0300 11.5536 5.8750 2 2 55  
77 625 78 0.0993 -1.3811 -42.1992 0.6030 -2.1296 -42.6305 0.0300 11.5714 3.0000 2 2 78  
731 732 2 4.8782 3.8835 -22.5021 4.8759 3.9660 -23.2475 0.0700 11.5833 10.0000 4 2 2  
811 812 119 0.3303 0.5778 -13.2463 0.1858 0.2936 -14.1941 0.0300 11.5833 6.4167 2 2 119  
566 567 69 -1.6422 -3.0594 -38.3201 -2.2054 -3.6974 -38.8452 0.0300 11.5893 4.1250 2 2 69  
505 506 60 -0.7618 1.1272 -36.0962 -0.8981 1.7656 -36.8537 0.0300 11.6071 5.2500 2 2 60  
857 858 126 5.5959 0.5431 -14.9709 5.7596 -0.2579 -15.5467 0.0300 11.6190 4.6667 2 2 126  
89 90 1 0.0394 -1.4721 -48.0834 -0.0814 -1.4627 -48.5685 0.0900 11.6250 14.0000 1 2 1  
444 445 51 -2.6627 -4.4066 -33.0674 -3.2565 -4.4697 -33.8695 0.0300 11.6250 6.3750 2 2 51  
600 601 74 -0.3616 -0.3843 -40.3098 -0.6744 0.5616 -40.3959 0.0300 11.6429 3.5000 2 2 74  
1083 1084 155 -4.0749 -4.5983 17.9081 -4.6597 -5.2619 18.3746 0.0700 11.6512 4.3333 2 4 155  
726 902 133 5.4820 3.5555 -18.8499 4.6312 3.2459 -19.2745 0.0300 11.6548 2.9167 2 2 133  
539 540 65 -1.2710 0.8714 -36.4770 -1.5038 1.7150 -36.9610 0.0300 11.6607 4.6250 2 2 65  
478 479 56 -3.8612 -0.4020 -34.3167 -4.3718 -0.5414 -35.1651 0.0300 11.6786 5.7500 2 2 56  
844 845 124 4.7186 6.3826 -14.4382 4.9961 6.8950 -15.2509 0.0300 11.6905 5.1667 2 2 124  
78 631 79 0.0817 -1.3412 -42.6973 -0.7029 -1.8409 -43.0642 0.0300 11.6964 2.8750 2 2 79  
573 574 70 0.6012 -0.0621 -39.0386 0.9065 0.6963 -39.6144 0.0300 11.7143 4.0000 2 2 70  
890 891 131 6.1665 4.1659 -17.5667 6.9405 4.6273 -18.0003 0.0300 11.7262 3.4167 2 2 131  
512 513 61 -4.1397 -1.9516 -35.3393 -4.9681 -1.9647 -35.8994 0.0300 11.7321 5.1250 2 2 61  
90 91 1 -0.0814 -1.4627 -48.5685 -0.2203 -1.4379 -49.0482 0.0900 11.7500 14.0000 1 2 1  
451 452 52 5.1870 -3.7606 -30.4897 5.9106 -4.2594 -30.9668 0.0300 11.7500 6.2500 2 2 52  
831 832 122 2.5380 4.7339 -15.3318 2.5358 4.7175 -16.3317 0.0300 11.7619 5.6667 2 2 122  
607 608 75 0.3126 -0.4515 -41.0765 0.6605 0.3548 -41.5550 0.0300 11.7679 3.3750 2 2 75  
1068 1069 154 11.8285 12.2767 15.2209 12.5725 12.9438 15.2590 0.0700 11.7749 7.3333 2 4 154  
546 547 66 1.5954 -4.2235 -36.5712 2.0777 -4.9852 -37.0040 0.0300 11.7857 4.5000 2 2 66  
877 878 129 4.4400 1.8731 -16.7783 4.0535 1.1821 -17.3891 0.0300 11.7976 3.9167 2 2 129  
485 486 57 2.2504 1.6669 -34.9506 2.7357 1.9956 -35.7608 0.0300 11.8036 5.6250 2 2 57  
79 637 80 0.0379 -1.2256 -43.1818 0.9755 -1.3351 -43.5116 0.0300 11.8214 2.7500 2 2 80  
732 733 2 4.8759 3.9660 -23.2475 4.7780 3.9942 -23.9906 0.0700 11.8333 10.0000 4 2 2  
818 819 120 5.0427 8.2848 -11.4793 5.0861 8.9985 -12.1783 0.0300 11.8333 6.1667 2 2 120  
580 581 71 0.2918 -3.1654 -39.8830 0.4787 -3.8655 -40.5722 0.0300 11.8393 3.8750 2 2 71  
519 520 62 3.1476 -2.4852 -35.3480 4.0869 -2.3215 -35.6495 0.0300 11.8571 5.0000 2 2 62  
864 865 127 3.4391 5.1503 -15.9605 2.9530 5.7149 -16.6276 0.0300 11.8690 4.4167 2 2 127  
91 92 1 -0.2203 -1.4379 -49.0482 -0.3138 -1.3077 -49.5218 0.0900 11.8750 14.0000 1 2 1  
458 459 53 1.8235 -4.8473 -33.9661 1.8968 -5.1709 -34.9094 0.0300 11.8750 6.1250 2 2 53  
1043 1044 153 -19.2677 -15.8959 6.3407 -19.9858 -16.3992 5.8601 0.0700 11.8765 10.3333 2 4 153  
613 614 76 0.5843 -2.1566 -41.6113 1.1146 -2.8429 -42.1090 0.0300 11.8929 3.2500 2 2 76  
1084 1085 155 -4.6597 -5.2619 18.3746 -5.3271 -5.8715 18.8024 0.0700 11.8981 4.3333 2 4 155  
727 908 134 5.4174 3.5787 -19.5967 5.3046 2.6047 -19.7931 0.0300 11.9048 2.6667 2 2 134  
553 554 67 -0.4465 -4.7213 -37.6081 -0.4878 -5.6891 -37.8563 0.0300 11.9107 4.3750 2 2 67  
492 493 58 0.9819 -6.3582 -32.6842 1.1126 -7.3494 -32.6638 0.0300 11.9286 5.5000 2 2 58  
851 852 125 8.0754 1.3252 -14.1069 8.9955 1.1628 -14.4633 0.0300 11.9405 4.9167 2 2 125  
80 642 81 -0.0301 -1.1101 -43.6635 -0.2621 -0.1529 -43.4900 0.0300 11.9464 2.6250 2 2 81  
587 588 72 1.0763 -2.7320 -40.1267 1.4184 -3.4486 -40.7345 0.0300 11.9643 3.7500 2 2 72  
896 897 132 6.0922 2.7543 -18.3105 6.5873 1.9554 -18.6522 0.0300 11.9762 3.1667 2 2 132  
526 527 63 1.1849 0.5151 -37.2512 1.4707 0.6820 -38.1948 0.0300 11.9821 4.8750 2 2 63  
92 93 1 -0.3138 -1.3077 -49.5218 -0.4175 -1.2704 -50.0095 0.0900 12.0000 14.0000 1 2 1  
465 466 54 -5.2178 -1.5601 -32.9134 -5.7988 -1.4007 -33.7115 0.0300 12.0000 6.0000 2 2 54  
838 839 123 3.2566 0.4925 -15.1525 3.5102 0.1340 -16.0509 0.0300 12.0119 5.4167 2 2 123  
619 620 77 -0.1946 -2.2810 -42.0569 -0.5119 -3.1122 -42.5135 0.0300 12.0179 3.1250 2 2 77  
560 561 68 1.4623 -4.0785 -38.2494 2.0342 -4.6363 -38.8508 0.0300 12.0357 4.2500 2 2 68  
884 885 130 7.2355 2.8182 -17.2100 8.0488 2.6937 -17.7784 0.0300 12.0476 3.6667 2 2 130  
499 500 59 3.1587 -3.8213 -35.2362 3.8136 -3.9413 -35.9825 0.0300 12.0536 5.3750 2 2 59  
1012 1013 152 12.2813 28.0952 0.5732 12.6391 28.8411 0.0114 0.0700 12.0610 13.3333 2 4 152  
81 647 82 -0.1097 -1.0694 -44.1555 -1.0214 -1.4654 -44.2641 0.0300 12.0714 2.5000 2 2 82  
733 734 2 4.7780 3.9942 -23.9906 4.6044 4.0272 -24.7195 0.0700 12.0833 10.0000 4 2 2  
825 826 121 8.6652 0.2191 -10.1136 9.2969 -0.5084 -10.3813 0.0300 12.0833 5.9167 2 2 121  
594 595 73 0.1094 0.4962 -39.8847 0.2349 1.4633 -40.1057 0.0300 12.0893 3.6250 2 2 73  
533 534 64 2.2368 -4.6232 -35.4814 2.7571 -5.4446 -35.7151 0.0300 12.1071 4.7500 2 2 64  
1069 1070 154 12.5725 12.9438 15.2590 13.3133 13.6148 15.2278 0.0700 12.1139 7.3333 2 4 154  
871 872 128 6.4765 5.7807 -16.0195 7.1913 6.3368 -16.4436 0.0300 12.1190 4.1667 2 2 128  
93 94 1 -0.4175 -1.2704 -50.0095 -0.4123 -1.3353 -50.5052 0.0900 12.1250 14.0000 1 2 1  
472 473 55 1.7612 3.1716 -33.9439 2.5098 3.3694 -34.5767 0.0300 12.1250 5.8750 2 2 55  
625 626 78 0.6030 -2.1296 -42.6305 1.2291 -2.6385 -43.2213 0.0300 12.1429 3.0000 2 2 78  
1085 1086 155 -5.3271 -5.8715 18.8024 -5.9947 -6.4999 19.2015 0.0700 12.1513 4.3333 2 4 155  
728 913 135 5.2887 3.6018 -20.3353 5.2912 2.6209 -20.5298 0.0300 12.1548 2.4167 2 2 135  
567 568 69 -2.2054 -3.6974 -38.8452 -2.7674 -4.2918 -39.4204 0.0300 12.1607 4.1250 2 2 69  
506 507 60 -0.8981 1.7656 -36.8537 -0.7785 2.3830 -37.6312 0.0300 12.1786 5.2500 2 2 60  
858 859 126 5.7596 -0.2579 -15.5467 5.9153 -0.8393 -16.3453 0.0300 12.1905 4.6667 2 2 126  
82 652 83 -0.1557 -1.0563 -44.6532 -0.0259 -0.0779 -44.8136 0.0300 12.1964 2.3750 2 2 83  
601 602 74 -0.6744 0.5616 -40.3959 -1.0132 1.5024 -40.3962 0.0300 12.2143 3.5000 2 2 74  
902 903 133 4.6312 3.2459 -19.2745 3.9600 2.9515 -19.9548 0.0300 12.2262 2.9167 2 2 133  
540 541 65 -1.5038 1.7150 -36.9610 -1.7252 2.3635 -37.6893 0.0300 12.2321 4.6250 2 2 65  
94 95 1 -0.4123 -1.3353 -50.5052 -0.3752 -1.4087 -50.9984 0.0900 12.2500 14.0000 1 2 1  
479 480 56 -4.3718 -0.5414 -35.1651 -4.8977 -0.7047 -35.9999 0.0300 12.2500 5.7500 2 2 56  
845 846 124 4.9961 6.8950 -15.2509 5.0651 7.2912 -16.1664 0.0300 12.2619 5.1667 2 2 124  
631 632 79 -0.7029 -1.8409 -43.0642 -1.5440 -2.3345 -43.2855 0.0300 12.2679 2.8750 2 2 79  
574 575 70 0.9065 0.6963 -39.6144 1.1969 1.2306 -40.4083 0.0300 12.2857 4.0000 2 2 70  
891 892 131 6.9405 4.6273 -18.0003 7.5255 5.0661 -18.6823 0.0300 12.2976 3.4167 2 2 131  
513 514 61 -4.9681 -1.9647 -35.8994 -5.7376 -1.9778 -36.5379 0.0300 12.3036 5.1250 2 2 61  
83 657 84 -0.1371 -1.1310 -45.1472 0.3492 -2.0045 -45.1680 0.0300 12.3214 2.2500 2 2 84  
734 735 2 4.6044 4.0272 -24.7195 4.6523 4.0313 -25.4679 0.0700 12.3333 10.0000 4 2 2  
832 833 122 2.5358 4.7175 -16.3317 2.4120 4.7012 -17.3239 0.0300 12.3333 5.6667 2 2 122  
608 609 75 0.6605 0.3548 -41.5550 0.9810 1.1439 -42.0790 0.0300 12.3393 3.3750 2 2 75  
1044 1045 153 -19.9858 -16.3992 5.8601 -20.6842 -16.8899 5.3391 0.0700 12.3417 10.3333 2 4 153  
547 548 66 2.0777 -4.9852 -37.0040 2.5227 -5.7755 -37.4252 0.0300 12.3571 4.5000 2 2 66  
878 879 129 4.0535 1.1821 -17.3891 3.6859 0.7296 -18.2016 0.0300 12.3690 3.9167 2 2 129  
95 96 1 -0.3752 -1.4087 -50.9984 -0.3993 -1.4815 -51.4925 0.0900 12.3750 14.0000 1 2 1  
486 487 57 2.7357 1.9956 -35.7608 3.1308 2.2667 -36.6385 0.0300 12.3750 5.6250 2 2 57  
637 638 80 0.9755 -1.3351 -43.5116 1.7720 -1.6555 -44.0244 0.0300 12.3929 2.7500 2 2 80  
729 918 136 5.0895 3.7703 -21.0384 5.8412 3.4848 -21.6330 0.0300 12.4048 2.1667 2 2 136  
581 582 71 0.4787 -3.8655 -40.5722 0.6564 -4.3146 -41.4478 0.0300 12.4107 3.8750 2 2 71  
1086 1087 155 -5.9947 -6.4999 19.2015 -6.6811 -7.1445 19.5384 0.0700 12.4110 4.3333 2 4 155  
520 521 62 4.0869 -2.3215 -35.6495 5.0401 -2.1603 -35.9054 0.0300 12.4286 5.0000 2 2 62  
865 866 127 2.9530 5.7149 -16.6276 2.5787 6.2744 -17.3671 0.0300 12.4405 4.4167 2 2 127  
84 661 85 -0.0027 -1.1873 -45.6255 -0.7694 -0.7260 -46.0722 0.0300 12.4464 2.1250 2 2 85  
614 615 76 1.1146 -2.8429 -42.1090 1.8273 -3.4990 -42.3572 0.0300 12.4643 3.2500 2 2 76  
1070 1071 154 13.3133 13.6148 15.2278 14.0731 14.2606 15.1535 0.0700 12.4649 7.3333 2 4 154  
908 909 134 5.3046 2.6047 -19.7931 5.1921 1.6473 -20.0590 0.0300 12.4762 2.6667 2 2 134  
554 555 67 -0.4878 -5.6891 -37.8563 -0.7995 -6.5671 -38.2197 0.0300 12.4821 4.3750 2 2 67  
96 97 1 -0.3993 -1.4815 -51.4925 -0.2746 -1.5511 -51.9717 0.0900 12.5000 14.0000 1 2 1  
493 494 58 1.1126 -7.3494 -32.6638 1.2404 -8.3230 -32.8530 0.0300 12.5000 5.5000 2 2 58  
852 853 125 8.9955 1.1628 -14.4633 9.7681 0.7589 -14.9532 0.0300 12.5119 4.9167 2 2 125  
642 643 81 -0.2621 -0.1529 -43.4900 -0.5674 0.7763 -43.2820 0.0300 12.5179 2.6250 2 2 81  
588 589 72 1.4184 -3.4486 -40.7345 1.7556 -4.0441 -41.4637 0.0300 12.5357 3.7500 2 2 72  
897 898 132 6.5873 1.9554 -18.6522 7.1839 1.2053 -18.9375 0.0300 12.5476 3.1667 2 2 132  
527 528 63 1.4707 0.6820 -38.1948 1.7837 0.8728 -39.1252 0.0300 12.5536 4.8750 2 2 63  
85 665 86 0.0494 -1.2428 -46.1197 -0.8855 -0.8923 -46.1767 0.0300 12.5714 2.0000 2 2 86  
735 736 2 4.6523 4.0313 -25.4679 4.7159 4.0284 -26.2152 0.0700 12.5833 10.0000 4 2 2  
839 840 123 3.5102 0.1340 -16.0509 3.5875 0.0173 -17.0411 0.0300 12.5833 5.4167 2 2 123  
620 621 77 -0.5119 -3.1122 -42.5135 -0.9226 -3.9300 -42.9167 0.0300 12.5893 3.1250 2 2 77  
561 562 68 2.0342 -4.6363 -38.8508 2.5441 -5.1922 -39.5074 0.0300 12.6071 4.2500 2 2 68  
885 886 130 8.0488 2.6937 -17.7784 8.9179 2.6689 -18.2723 0.0300 12.6190 3.6667 2 2 130  
97 98 1 -0.2746 -1.5511 -51.9717 -0.2097 -1.4842 -52.4629 0.0900 12.6250 14.0000 1 2 1  
500 501 59 3.8136 -3.9413 -35.9825 4.5374 -3.8798 -36.6697 0.0300 12.6250 5.3750 2 2 59  
647 648 82 -1.0214 -1.4654 -44.2641 -1.9311 -1.8614 -44.3899 0.0300 12.6429 2.5000 2 2 82  
730 922 137 5.0056 3.9367 -21.7649 5.0045 4.9029 -22.0227 0.0300 12.6548 1.9167 2 2 137  
595 596 73 0.2349 1.4633 -40.1057 0.1655 2.3648 -40.5329 0.0300 12.6607 3.6250 2 2 73  
1087 1088 155 -6.6811 -7.1445 19.5384 -7.3534 -7.8210 19.8390 0.0700 12.6777 4.3333 2 4 155  
534 535 64 2.7571 -5.4446 -35.7151 3.3830 -6.1398 -36.0686 0.0300 12.6786 4.7500 2 2 64  
872 873 128 7.1913 6.3368 -16.4436 7.9217 6.8199 -16.9264 0.0300 12.6905 4.1667 2 2 128  
86 669 87 0.0983 -1.2991 -46.6141 -0.2861 -0.4200 -46.8960 0.0300 12.6964 1.8750 2 2 87  
1013 1014 152 12.6391 28.8411 0.0114 12.9804 29.5651 -0.5882 0.0700 12.7064 13.3333 2 4 152  
626 627 78 1.2291 -2.6385 -43.2213 1.8442 -3.1852 -43.7894 0.0300 12.7143 3.0000 2 2 78  
913 914 135 5.2912 2.6209 -20.5298 5.5209 1.7293 -20.9199 0.0300 12.7262 2.4167 2 2 135  
568 569 69 -2.7674 -4.2918 -39.4204 -3.2872 -4.6496 -40.1961 0.0300 12.7321 4.1250 2 2 69  
98 99 1 -0.2097 -1.4842 -52.4629 -0.1310 -1.4109 -52.9512 0.0900 12.7500 14.0000 1 2 1  
507 508 60 -0.7785 2.3830 -37.6312 -0.6157 2.7275 -38.5558 0.0300 12.7500 5.2500 2 2 60  
859 860 126 5.9153 -0.8393 -16.3453 5.7601 -1.3922 -17.1640 0.0300 12.7619 4.6667 2 2 126  
652 653 83 -0.0259 -0.0779 -44.8136 0.0975 0.8028 -45.2710 0.0300 12.7679 2.3750 2 2 83  
602 603 74 -1.0132 1.5024 -40.3962 -1.2633 2.4706 -40.3864 0.0300 12.7857 3.5000 2 2 74  
903 904 133 3.9600 2.9515 -19.9548 3.2800 2.6254 -20.6115 0.0300 12.7976 2.9167 2 2 133  
541 542 65 -1.7252 2.3635 -37.6893 -1.9528 3.0013 -38.4251 0.0300 12.8036 4.6250 2 2 65  
87 673 88 0.0363 -1.4531 -47.0857 0.5446 -2.2615 -47.3827 0.0300 12.8214 1.7500 2 2 88  
1071 1072 154 14.0731 14.2606 15.1535 14.8178 14.9145 15.0195 0.0700 12.8285 7.3333 2 4 154  
1045 1046 153 -20.6842 -16.8899 5.3391 -21.3649 -17.3538 4.7721 0.0700 12.8296 10.3333 2 4 153  
736 737 2 4.7159 4.0284 -26.2152 4.9964 4.0046 -26.9103 0.0700 12.8333 10.0000 4 2 2  
846 847 124 5.0651 7.2912 -16.1664 5.1352 7.6904 -17.0806 0.0300 12.8333 5.1667 2 2 124  
632 633 79 -1.5440 -2.3345 -43.2855 -2.3719 -2.8357 -43.5371 0.0300 12.8393 2.8750 2 2 79  
575 576 70 1.1969 1.2306 -40.4083 1.3557 1.7599 -41.2417 0.0300 12.8571 4.0000 2 2 70  
961 1094 156 -0.6473 0.7501 17.9719 -0.2499 1.3710 18.6475 0.0700 12.8687 1.3333 2 4 156  
892 893 131 7.5255 5.0661 -18.6823 8.1695 5.5035 -19.3100 0.0300 12.8690 3.4167 2 2 131  
99 100 1 -0.1310 -1.4109 -52.9512 -0.0353 -1.3505 -53.4383 0.0900 12.8750 14.0000 1 2 1  
514 515 61 -5.7376 -1.9778 -36.5379 -6.5357 -2.1626 -37.1113 0.0300 12.8750 5.1250 2 2 61  
657 658 84 0.3492 -2.0045 -45.1680 0.8349 -2.8781 -45.1367 0.0300 12.8929 2.2500 2 2 84  
731 926 138 4.8782 3.8835 -22.5021 4.6178 4.8253 -22.7150 0.0300 12.9048 1.6667 2 2 138  
609 610 75 0.9810 1.1439 -42.0790 1.5080 1.7676 -42.6562 0.0300 12.9107 3.3750 2 2 75  
548 549 66 2.5227 -5.7755 -37.4252 2.9644 -6.5015 -37.9524 0.0300 12.9286 4.5000 2 2 66  
879 880 129 3.6859 0.7296 -18.2016 3.4321 0.5353 -19.1491 0.0300 12.9405 3.9167 2 2 129  
88 677 89 0.0115 -1.4819 -47.5843 -0.4261 -0.6359 -47.8889 0.0300 12.9464 1.6250 2 2 89  
1088 1089 155 -7.3534 -7.8210 19.8390 -8.0610 -8.4929 20.0579 0.0700 12.9517 4.3333 2 4 155  
638 639 80 1.7720 -1.6555 -44.0244 2.3623 -1.9602 -44.7719 0.0300 12.9643 2.7500 2 2 80  
918 919 136 5.8412 3.4848 -21.6330 6.7592 3.2912 -21.9790 0.0300 12.9762 2.1667 2 2 136  
582 583 71 0.6564 -4.3146 -41.4478 0.9934 -4.4985 -42.3712 0.0300 12.9821 3.8750 2 2 71  
100 101 1 -0.0353 -1.3505 -53.4383 0.0497 -1.2902 -53.9273 0.0900 13.0000 14.0000 1 2 1  
521 522 62 5.0401 -2.1603 -35.9054 5.8665 -2.0070 -36.4471 0.0300 13.0000 5.0000 2 2 62  
866 867 127 2.5787 6.2744 -17.3671 2.3035 6.8903 -18.1053 0.0300 13.0119 4.4167 2 2 127  
661 662 85 -0.7694 -0.7260 -46.0722 -1.3076 -0.0651 -46.5951 0.0300 13.0179 2.1250 2 2 85  
615 616 76 1.8273 -3.4990 -42.3572 2.4239 -4.2000 -42.7479 0.0300 13.0357 3.2500 2 2 76  
909 910 134 5.1921 1.6473 -20.0590 5.0797 0.7015 -20.3640 0.0300 13.0476 2.6667 2 2 134  
555 556 67 -0.7995 -6.5671 -38.2197 -1.2977 -7.2550 -38.7475 0.0300 13.0536 4.3750 2 2 67  
89 680 90 0.0394 -1.4721 -48.0834 0.4386 -0.5712 -48.2535 0.0300 13.0714 1.5000 2 2 90  
1094 1095 156 -0.2499 1.3710 18.6475 0.1216 2.0604 19.2694 0.0700 13.0749 1.3333 2 4 156  
853 854 125 9.7681 0.7589 -14.9532 10.5772 0.3790 -15.4016 0.0300 13.0833 4.9167 2 2 125  
737 738 2 4.9964 4.0046 -26.9103 5.0873 3.9815 -27.6545 0.0700 13.0833 10.0000 4 2 2  
643 644 81 -0.5674 0.7763 -43.2820 -0.6787 1.7420 -43.0471 0.0300 13.0893 2.6250 2 2 81  
589 590 72 1.7556 -4.0441 -41.4637 1.8971 -4.6267 -42.2640 0.0300 13.1071 3.7500 2 2 72  
898 899 132 7.1839 1.2053 -18.9375 7.6739 0.5425 -19.5037 0.0300 13.1190 3.1667 2 2 132  
101 102 1 0.0497 -1.2902 -53.9273 0.1277 -1.2298 -54.4174 0.0900 13.1250 14.0000 1 2 1  
528 529 63 1.7837 0.8728 -39.1252 2.1118 1.0636 -40.0504 0.0300 13.1250 4.8750 2 2 63  
665 666 86 -0.8855 -0.8923 -46.1767 -1.7840 -0.5505 -46.4521 0.0300 13.1429 2.0000 2 2 86  
732 929 139 4.8759 3.9660 -23.2475 5.5184 3.2896 -23.6076 0.0300 13.1548 1.4167 2 2 139  
621 622 77 -0.9226 -3.9300 -42.9167 -1.2554 -4.7842 -43.3162 0.0300 13.1607 3.1250 2 2 77  
562 563 68 2.5441 -5.1922 -39.5074 2.9820 -5.7991 -40.1706 0.0300 13.1786 4.2500 2 2 68  
886 887 130 8.9179 2.6689 -18.2723 9.6589 2.7209 -18.9418 0.0300 13.1905 3.6667 2 2 130  
90 683 91 -0.0814 -1.4627 -48.5685 -1.0353 -1.2817 -48.8079 0.0300 13.1964 1.3750 2 2 91  
1072 1073 154 14.8178 14.9145 15.0195 15.5584 15.5713 14.8774 0.0700 13.2059 7.3333 2 4 154  
648 649 82 -1.9311 -1.8614 -44.3899 -2.8412 -2.2562 -44.5155 0.0300 13.2143 2.5000 2 2 82  
922 923 137 5.0045 4.9029 -22.0227 5.0035 5.7786 -22.5055 0.0300 13.2262 1.9167 2 2 137  
596 597 73 0.1655 2.3648 -40.5329 0.1444 3.2419 -41.0127 0.0300 13.2321 3.6250 2 2 73  
1089 1090 155 -8.0610 -8.4929 20.0579 -8.7979 -9.1486 20.2223 0.0700 13.2334 4.3333 2 4 155  
102 103 1 0.1277 -1.2298 -54.4174 0.1809 -1.0907 -54.8948 0.0900 13.2500 14.0000 1 2 1  
535 536 64 3.3830 -6.1398 -36.0686 4.1022 -6.6125 -36.5779 0.0300 13.2500 4.7500 2 2 64  
873 874 128 7.9217 6.8199 -16.9264 8.4460 7.2794 -17.6434 0.0300 13.2619 4.1667 2 2 128  
669 670 87 -0.2861 -0.4200 -46.8960 -0.4987 0.3970 -47.4319 0.0300 13.2679 1.8750 2 2 87  
1095 1096 156 0.1216 2.0604 19.2694 0.5010 2.7860 19.8435 0.0700 13.2854 1.3333 2 4 156  
627 628 78 1.8442 -3.1852 -43.7894 2.4622 -3.7298 -44.3564 0.0300 13.2857 3.0000 2 2 78  
914 915 135 5.5209 1.7293 -20.9199 5.7308 0.8081 -21.2477 0.0300 13.2976 2.4167 2 2 135  
569 570 69 -3.2872 -4.6496 -40.1961 -3.9724 -4.7475 -40.9179 0.0300 13.3036 4.1250 2 2 69  
91 686 92 -0.2203 -1.4379 -49.0482 0.0655 -2.1948 -49.6359 0.0300 13.3214 1.2500 2 2 92  
860 861 126 5.7601 -1.3922 -17.1640 5.4565 -1.9164 -17.9596 0.0300 13.3333 4.6667 2 2 126  
738 739 2 5.0873 3.9815 -27.6545 5.1782 3.9794 -28.3989 0.0700 13.3333 10.0000 4 2 2  
653 654 83 0.0975 0.8028 -45.2710 0.2794 1.6735 -45.7278 0.0300 13.3393 2.3750 2 2 83  
1046 1047 153 -21.3649 -17.3538 4.7721 -21.9876 -17.8083 4.1352 0.0700 13.3425 10.3333 2 4 153  
603 604 74 -1.2633 2.4706 -40.3864 -1.5279 3.4350 -40.3873 0.0300 13.3571 3.5000 2 2 74  
904 905 133 3.2800 2.6254 -20.6115 2.7868 2.4554 -21.4646 0.0300 13.3690 2.9167 2 2 133  
103 104 1 0.1809 -1.0907 -54.8948 0.2544 -0.9766 -55.3760 0.0900 13.3750 14.0000 1 2 1  
542 543 65 -1.9528 3.0013 -38.4251 -2.1408 3.7965 -39.0015 0.0300 13.3750 4.6250 2 2 65  
673 674 88 0.5446 -2.2615 -47.3827 0.9297 -2.9857 -47.9547 0.0300 13.3929 1.7500 2 2 88  
1014 1015 152 12.9804 29.5651 -0.5882 13.2519 30.3022 -1.2070 0.0700 13.3963 13.3333 2 4 152  
733 932 140 4.7780 3.9942 -23.9906 5.0084 4.9669 -24.0176 0.0300 13.4048 1.1667 2 2 140  
633 634 79 -2.3719 -2.8357 -43.5371 -3.1193 -3.3256 -43.9859 0.0300 13.4107 2.8750 2 2 79  
576 577 70 1.3557 1.7599 -41.2417 1.2031 2.2633 -42.0922 0.0300 13.4286 4.0000 2 2 70  
893 894 131 8.1695 5.5035 -19.3100 8.5620 6.1181 -19.9943 0.0300 13.4405 3.4167 2 2 131  
92 689 93 -0.3138 -1.3077 -49.5218 -0.9245 -0.5595 -49.2625 0.0300 13.4464 1.1250 2 2 93  
658 659 84 0.8349 -2.8781 -45.1367 1.2967 -3.7200 -45.4157 0.0300 13.4643 2.2500 2 2 84  
926 927 138 4.6178 4.8253 -22.7150 4.3667 5.6745 -23.1794 0.0300 13.4762 1.6667 2 2 138  
610 611 75 1.5080 1.7676 -42.6562 2.0148 2.3147 -43.3225 0.0300 13.4821 3.3750 2 2 75  
104 105 1 0.2544 -0.9766 -55.3760 0.3269 -0.8663 -55.8582 0.0900 13.5000 14.0000 1 2 1  
549 550 66 2.9644 -6.5015 -37.9524 3.5993 -7.2139 -38.2513 0.0300 13.5000 4.5000 2 2 66  
1096 1097 156 0.5010 2.7860 19.8435 0.9287 3.5198 20.3714 0.0700 13.5005 1.3333 2 4 156  
880 881 129 3.4321 0.5353 -19.1491 3.2680 0.5407 -20.1355 0.0300 13.5119 3.9167 2 2 129  
677 678 89 -0.4261 -0.6359 -47.8889 -1.0737 0.0445 -48.2318 0.0300 13.5179 1.6250 2 2 89  
1090 1091 155 -8.7979 -9.1486 20.2223 -9.5213 -9.8332 20.3116 0.0700 13.5233 4.3333 2 4 155  
639 640 80 2.3623 -1.9602 -44.7719 2.9849 -1.9558 -45.5544 0.0300 13.5357 2.7500 2 2 80  
919 920 136 6.7592 3.2912 -21.9790 7.5286 3.1335 -22.5980 0.0300 13.5476 2.1667 2 2 136  
583 584 71 0.9934 -4.4985 -42.3712 1.3397 -4.4198 -43.3060 0.0300 13.5536 3.8750 2 2 71  
93 691 94 -0.4175 -1.2704 -50.0095 -0.7527 -2.2096 -50.0851 0.0300 13.5714 1.0000 2 2 94  
867 868 127 2.3035 6.8903 -18.1053 2.2511 7.5169 -18.8828 0.0300 13.5833 4.4167 2 2 127  
739 740 2 5.1782 3.9794 -28.3989 5.2674 3.9329 -29.1421 0.0700 13.5833 10.0000 4 2 2  
662 663 85 -1.3076 -0.0651 -46.5951 -1.9014 0.5322 -47.1342 0.0300 13.5893 2.1250 2 2 85  
1073 1074 154 15.5584 15.5713 14.8774 16.2604 16.2633 14.7093 0.0700 13.5981 7.3333 2 4 154  
616 617 76 2.4239 -4.2000 -42.7479 2.9936 -4.7246 -43.3805 0.0300 13.6071 3.2500 2 2 76  
910 911 134 5.0797 0.7015 -20.3640 4.8899 -0.2701 -20.5048 0.0300 13.6190 2.6667 2 2 134  
105 106 1 0.3269 -0.8663 -55.8582 0.3328 -0.7570 -56.3461 0.0900 13.6250 14.0000 1 2 1  
556 557 67 -1.2977 -7.2550 -38.7475 -1.7880 -7.8246 -39.4071 0.0300 13.6250 4.3750 2 2 67  
680 681 90 0.4386 -0.5712 -48.2535 0.7535 0.2904 -48.6517 0.0300 13.6429 1.5000 2 2 90  
734 935 141 4.6044 4.0272 -24.7195 3.9145 4.7482 -24.6555 0.0300 13.6548 0.9167 2 2 141  
644 645 81 -0.6787 1.7420 -43.0471 -0.7866 2.7219 -42.8797 0.0300 13.6607 2.6250 2 2 81  
590 591 72 1.8971 -4.6267 -42.2640 2.1101 -5.1708 -43.0756 0.0300 13.6786 3.7500 2 2 72  
899 900 132 7.6739 0.5425 -19.5037 8.3548 -0.0607 -19.9190 0.0300 13.6905 3.1667 2 2 132  
94 693 95 -0.4123 -1.3353 -50.5052 0.4799 -1.7713 -50.3877 0.0300 13.6964 0.8750 2 2 95  
666 667 86 -1.7840 -0.5505 -46.4521 -2.6154 -0.1263 -46.8108 0.0300 13.7143 2.0000 2 2 86  
1097 1098 156 0.9287 3.5198 20.3714 1.3671 4.2642 20.8751 0.0700 13.7203 1.3333 2 4 156  
929 930 139 5.5184 3.2896 -23.6076 6.1294 2.5011 -23.6773 0.0300 13.7262 1.4167 2 2 139  
622 623 77 -1.2554 -4.7842 -43.3162 -1.5858 -5.5806 -43.8228 0.0300 13.7321 3.1250 2 2 77  
106 107 1 0.3328 -0.7570 -56.3461 0.4182 -0.7741 -56.8385 0.0900 13.7500 14.0000 1 2 1  
563 564 68 2.9820 -5.7991 -40.1706 3.6762 -6.2808 -40.7055 0.0300 13.7500 4.2500 2 2 68  
887 888 130 9.6589 2.7209 -18.9418 10.3233 2.5046 -19.6572 0.0300 13.7619 3.6667 2 2 130  
683 684 91 -1.0353 -1.2817 -48.8079 -1.9537 -1.0934 -49.1558 0.0300 13.7679 1.3750 2 2 91  
649 650 82 -2.8412 -2.2562 -44.5155 -3.6941 -2.5746 -44.9292 0.0300 13.7857 2.5000 2 2 82  
923 924 137 5.0035 5.7786 -22.5055 4.8650 6.4777 -23.2071 0.0300 13.7976 1.9167 2 2 137  
597 598 73 0.1444 3.2419 -41.0127 0.2489 4.0177 -41.6350 0.0300 13.8036 3.6250 2 2 73  
95 695 96 -0.3752 -1.4087 -50.9984 -1.2069 -1.9639 -50.9953 0.0300 13.8214 0.7500 2 2 96  
1091 1092 155 -9.5213 -9.8332 20.3116 -10.2597 -10.5070 20.3380 0.0700 13.8218 4.3333 2 4 155  
874 875 128 8.4460 7.2794 -17.6434 8.8283 7.7324 -18.4487 0.0300 13.8333 4.1667 2 2 128  
740 741 2 5.2674 3.9329 -29.1421 5.3072 3.8486 -29.8863 0.0700 13.8333 10.0000 4 2 2  
670 671 87 -0.4987 0.3970 -47.4319 -0.7768 1.1878 -47.9771 0.0300 13.8393 1.8750 2 2 87  
628 629 78 2.4622 -3.7298 -44.3564 3.0073 -4.2716 -44.9962 0.0300 13.8571 3.0000 2 2 78  
915 916 135 5.7308 0.8081 -21.2477 5.8875 0.0260 -21.8508 0.0300 13.8690 2.4167 2 2 135  
107 108 1 0.4182 -0.7741 -56.8385 0.3778 -0.8719 -57.3272 0.0900 13.8750 14.0000 1 2 1  
570 571 69 -3.9724 -4.7475 -40.9179 -4.6254 -4.8206 -41.6717 0.0300 13.8750 4.1250 2 2 69  
1047 1048 153 -21.9876 -17.8083 4.1352 -22.6099 -18.2611 3.4967 0.0700 13.8832 10.3333 2 4 153  
686 687 92 0.0655 -2.1948 -49.6359 0.3431 -2.9489 -50.2312 0.0300 13.8929 1.2500 2 2 92  
735 937 142 4.6523 4.0313 -25.4679 3.8192 3.6615 -25.8793 0.0300 13.9048 0.6667 2 2 142  
654 655 83 0.2794 1.6735 -45.7278 0.4525 2.3582 -46.4358 0.0300 13.9107 2.3750 2 2 83  
604 605 74 -1.5279 3.4350 -40.3873 -1.9558 4.3097 -40.6147 0.0300 13.9286 3.5000 2 2 74  
905 906 133 2.7868 2.4554 -21.4646 2.4757 2.4611 -22.4150 0.0300 13.9405 2.9167 2 2 133  
1098 1099 156 1.3671 4.2642 20.8751 1.7303 5.0632 21.3543 0.0700 13.9450 1.3333 2 4 156  
96 697 97 -0.3993 -1.4815 -51.4925 -0.5562 -2.4683 -51.4530 0.0300 13.9464 0.6250 2 2 97  
674 675 88 0.9297 -2.9857 -47.9547 1.0611 -3.7737 -48.5561 0.0300 13.9643 1.7500 2 2 88  
932 933 140 5.0084 4.9669 -24.0176 5.4137 5.8547 -23.7996 0.0300 13.9762 1.1667 2 2 140  
634 635 79 -3.1193 -3.3256 -43.9859 -3.7345 -3.8034 -44.6130 0.0300 13.9821 2.8750 2 2 79  
924 925 137 4.8650 6.4777 -23.2071 4.8193 6.7017 -23.4776 0.0300 14.0000 1.9167 2 2 137  
927 928 138 4.3667 5.6745 -23.1794 4.3957 6.4267 -23.7026 0.0300 14.0000 1.6667 2 2 138  
930 931 139 6.1294 2.5011 -23.6773 6.5244 2.2328 -23.7175 0.0300 14.0000 1.4167 2 2 139  
933 934 140 5.4137 5.8547 -23.7996 5.4304 5.8928 -23.7966 0.0300 14.0000 1.1667 2 2 140  
941 977 149 -0.0021 0.0040 -2.0000 -0.0022 0.0041 -2.0001 0.1000 14.0000 13.3333 5 2 149  
97 699 98 -0.2746 -1.5511 -51.9717 -0.5516 -0.8319 -52.3860 0.0300 14.0000 0.5000 2 2 98  
98 700 99 -0.2097 -1.4842 -52.4629 -0.4303 -0.8911 -52.6366 0.0300 14.0000 0.3750 2 2 99  
99 701 100 -0.1310 -1.4109 -52.9512 0.2811 -1.5574 -52.9396 0.0300 14.0000 0.2500 2 2 100  
100 702 101 -0.0353 -1.3505 -53.4383 0.1586 -1.2607 -53.4852 0.0300 14.0000 0.1250 2 2 101  
108 109 1 0.3778 -0.8719 -57.3272 0.2697 -0.8717 -57.8153 0.0900 14.0000 14.0000 1 2 1  
577 578 70 1.2031 2.2633 -42.0922 1.1229 2.7506 -42.9617 0.0300 14.0000 4.0000 2 2 70  
584 585 71 1.3397 -4.4198 -43.3060 1.5539 -4.2348 -44.0342 0.0300 14.0000 3.8750 2 2 71  
591 592 72 2.1101 -5.1708 -43.0756 2.0546 -5.4927 -43.5335 0.0300 14.0000 3.7500 2 2 72  
598 599 73 0.2489 4.0177 -41.6350 0.3354 4.2754 -41.8454 0.0300 14.0000 3.6250 2 2 73  
605 606 74 -1.9558 4.3097 -40.6147 -2.0067 4.4040 -40.6791 0.0300 14.0000 3.5000 2 2 74  
611 612 75 2.0148 2.3147 -43.3225 2.6137 2.7997 -43.7994 0.0300 14.0000 3.3750 2 2 75  
617 618 76 2.9936 -4.7246 -43.3805 3.2779 -5.0784 -43.8969 0.0300 14.0000 3.2500 2 2 76  
623 624 77 -1.5858 -5.5806 -43.8228 -1.7877 -5.8482 -44.1504 0.0300 14.0000 3.1250 2 2 77  
629 630 78 3.0073 -4.2716 -44.9962 3.1170 -4.4088 -45.1740 0.0300 14.0000 3.0000 2 2 78  
635 636 79 -3.7345 -3.8034 -44.6130 -3.7556 -3.8183 -44.6306 0.0300 14.0000 2.8750 2 2 79  
640 641 80 2.9849 -1.9558 -45.5544 3.5124 -1.9871 -46.1715 0.0300 14.0000 2.7500 2 2 80  
645 646 81 -0.7866 2.7219 -42.8797 -1.0068 3.2733 -42.8762 0.0300 14.0000 2.6250 2 2 81  
650 651 82 -3.6941 -2.5746 -44.9292 -4.0126 -2.7632 -44.9896 0.0300 14.0000 2.5000 2 2 82  
655 656 83 0.4525 2.3582 -46.4358 0.4700 2.4485 -46.5621 0.0300 14.0000 2.3750 2 2 83  
659 660 84 1.2967 -3.7200 -45.4157 1.6014 -4.5727 -45.6589 0.0300 14.0000 2.2500 2 2 84  
663 664 85 -1.9014 0.5322 -47.1342 -2.3137 0.8226 -47.6463 0.0300 14.0000 2.1250 2 2 85  
667 668 86 -2.6154 -0.1263 -46.8108 -3.0337 -0.0468 -47.0731 0.0300 14.0000 2.0000 2 2 86  
671 672 87 -0.7768 1.1878 -47.9771 -0.8836 1.3618 -48.1706 0.0300 14.0000 1.8750 2 2 87  
675 676 88 1.0611 -3.7737 -48.5561 1.0879 -3.8169 -48.5926 0.0300 14.0000 1.7500 2 2 88  
678 679 89 -1.0737 0.0445 -48.2318 -1.6170 0.5744 -48.6004 0.0300 14.0000 1.6250 2 2 89  
681 682 90 0.7535 0.2904 -48.6517 0.7867 0.8049 -49.0050 0.0300 14.0000 1.5000 2 2 90  
684 685 91 -1.9537 -1.0934 -49.1558 -2.3061 -0.9727 -49.3179 0.0300 14.0000 1.3750 2 2 91  
687 688 92 0.3431 -2.9489 -50.2312 0.4091 -3.0907 -50.3345 0.0300 14.0000 1.2500 2 2 92  
689 690 93 -0.9245 -0.5595 -49.2625 -1.6349 0.0796 -49.1030 0.0300 14.0000 1.1250 2 2 93  
691 692 94 -0.7527 -2.2096 -50.0851 -1.0004 -2.8933 -50.2686 0.0300 14.0000 1.0000 2 2 94  
693 694 95 0.4799 -1.7713 -50.3877 0.9573 -2.0033 -50.3644 0.0300 14.0000 0.8750 2 2 95  
695 696 96 -1.2069 -1.9639 -50.9953 -1.4651 -2.1362 -51.0312 0.0300 14.0000 0.7500 2 2 96  
697 698 97 -0.5562 -2.4683 -51.4530 -0.5518 -2.5618 -51.4468 0.0300 14.0000 0.6250 2 2 97  
736 939 143 4.7159 4.0284 -26.2152 4.7781 4.6716 -26.5530 0.0300 14.0000 0.4167 2 2 143  
737 940 144 4.9964 4.0046 -26.9103 5.2389 4.1618 -26.8708 0.0300 14.0000 0.1667 2 2 144  
741 742 2 5.3072 3.8486 -29.8863 5.4801 3.7950 -30.3524 0.0700 14.0000 10.0000 4 2 2  
881 882 129 3.2680 0.5407 -20.1355 3.2048 0.5453 -20.9874 0.0300 14.0000 3.9167 2 2 129  
888 889 130 10.3233 2.5046 -19.6572 10.4952 2.4338 -20.0301 0.0300 14.0000 3.6667 2 2 130  
894 895 131 8.5620 6.1181 -19.9943 8.8836 6.7183 -20.6979 0.0300 14.0000 3.4167 2 2 131  
900 901 132 8.3548 -0.0607 -19.9190 8.6813 -0.3959 -20.1918 0.0300 14.0000 3.1667 2 2 132  
906 907 133 2.4757 2.4611 -22.4150 2.4409 2.4408 -22.5110 0.0300 14.0000 2.9167 2 2 133  
911 912 134 4.8899 -0.2701 -20.5048 4.7652 -0.9248 -20.4867 0.0300 14.0000 2.6667 2 2 134  
916 917 135 5.8875 0.0260 -21.8508 5.9720 -0.1396 -21.9849 0.0300 14.0000 2.4167 2 2 135  
920 921 136 7.5286 3.1335 -22.5980 7.9545 3.0148 -23.2547 0.0300 14.0000 2.1667 2 2 136  
935 936 141 3.9145 4.7482 -24.6555 3.6363 5.2828 -24.6988 0.0300 14.0000 0.9167 2 2 141  
937 938 142 3.8192 3.6615 -25.8793 3.6654 3.6000 -25.8979 0.0300 14.0000 0.6667 2 2 142  
941 978 150 -0.0021 0.0040 -2.0000 -0.0022 0.0040 -2.0001 0.1000 14.0000 10.3333 5 2 150  
941 979 151 -0.0021 0.0040 -2.0000 -0.0022 0.0040 -2.0000 0.1000 14.0000 7.3333 5 2 151  
1015 1016 152 13.2519 30.3022 -1.2070 13.4967 30.8941 -1.7191 0.0700 14.0000 13.3333 2 4 152  
1048 1049 153 -22.6099 -18.2611 3.4967 -22.7293 -18.3452 3.3471 0.0700 14.0000 10.3333 2 4 153  
1074 1075 154 16.2604 16.2633 14.7093 16.9538 16.9361 14.5190 0.0700 14.0000 7.3333 2 4 154  
1092 1093 155 -10.2597 -10.5070 20.3380 -10.7121 -10.8744 20.3358 0.0700 14.0000 4.3333 2 4 155  
1099 1100 156 1.7303 5.0632 21.3543 1.8340 5.2545 21.4586 0.0700 14.0000 1.3333 2 4 156  
