15
15.041666666666666
15.083333333333332
15.124999999999998
15.166666666666664
15.20833333333333
15.249999999999996
15.291666666666663
15.333333333333329
15.374999999999995
15.41666666666666
15.458333333333327
15.499999999999993
15.541666666666659
15.583333333333325
15.624999999999991
15.666666666666657
15.708333333333323
15.74999999999999
15.791666666666655
15.833333333333321
15.874999999999988
15.916666666666654
15.95833333333332
15.999999999999986
16.041666666666654
16.08333333333332
16.12499999999999
16.166666666666657
16.208333333333325
16.249999999999993
16.29166666666666
16.33333333333333
16.374999999999996
16.416666666666664
16.458333333333332
16.5
16.541666666666668
16.583333333333336
16.625000000000004
16.66666666666667
16.70833333333334
16.750000000000007
16.791666666666675
16.833333333333343
16.87500000000001
16.91666666666668
16.958333333333346
17.000000000000014
17.041666666666682
17.08333333333335
17.125000000000018
17.166666666666686
17.208333333333353
17.25000000000002
17.29166666666669
17.333333333333357
17.375000000000025
17.416666666666693
17.45833333333336
17.50000000000003
17.541666666666696
17.583333333333364
17.625000000000032
17.6666666666667
17.708333333333368
17.750000000000036
17.791666666666703
17.83333333333337
17.87500000000004
17.916666666666707
17.958333333333375
18.000000000000043
18.04166666666671
18.08333333333338
18.125000000000046
18.166666666666714
18.208333333333382
18.25000000000005
18.291666666666718
18.333333333333385
18.375000000000053
18.41666666666672
18.45833333333339
18.500000000000057
18.541666666666725
18.583333333333393
18.62500000000006
18.66666666666673
18.708333333333396
18.750000000000064
18.791666666666732
18.8333333333334
18.875000000000068
18.916666666666735
18.958333333333403
19.00000000000007
19.04166666666674
19.083333333333407
19.125000000000075
19.166666666666742
19.20833333333341
19.250000000000078
19.291666666666746
19.333333333333414
19.37500000000008
19.41666666666675
19.458333333333417
19.500000000000085
19.541666666666753
19.58333333333342
19.62500000000009
19.666666666666757
19.708333333333425
19.750000000000092
19.79166666666676
19.833333333333428
19.875000000000096
19.916666666666764
19.95833333333343
20.0000000000001
20.041666666666767
20.083333333333435
20.125000000000103
20.16666666666677
20.20833333333344
20.250000000000107
20.291666666666774
20.333333333333442
20.37500000000011
20.416666666666778
20.458333333333446
20.500000000000114
20.54166666666678
20.58333333333345
20.625000000000117
20.666666666666785
20.708333333333453
20.75000000000012
20.79166666666679
20.833333333333456
20.875000000000124
20.916666666666792
20.95833333333346
21.000000000000128
21.041666666666796
21.083333333333464
21.12500000000013
21.1666666666668
21.208333333333467
21.250000000000135
21.291666666666803
21.33333333333347
21.37500000000014
21.416666666666806
21.458333333333474
21.500000000000142
21.54166666666681
21.583333333333478
21.625000000000146
21.666666666666814
21.70833333333348
21.75000000000015
21.791666666666817
21.833333333333485
21.875000000000153
21.91666666666682
21.95833333333349
