0.050912346961839744,0.05091210298554797,0.05091103171682585,0.05091073620425833,0.05091084181361403,0.050911121135783936,0.05090952010944932,0.05090982667339805,0.050909896098437546,0.05090965146000434,0.05090853638466807,0.050908279437594385,0.050908516958546354,0.05090869089289374,0.05090723126781595,0.05090748535153646,0.048079473787910096,0.04807920955353018,0.0429882147873848,0.04298799308970307,0.008484560729333478,0.008484565611573758
0.050912788733170955,0.050912544844830904,0.050911469320672156,0.050911173913557935,0.050911283950175246,0.05091156317165549,0.05090996599672709,0.050910272449306355,0.05091033839875547,0.050910093848504805,0.050908979174912515,0.050908722320494856,0.05090895957904523,0.050909133450699876,0.05090760725606602,0.050907861262044204,0.04824559413662831,0.04824522934243834,0.04318773405187106,0.04318736124082552,0.008523362574577498,0.0085235865566087
0.050912759106461175,0.05091251521222308,0.05091143966206824,0.050911144247807336,0.05091125410163309,0.05091153332991047,0.05090993611611291,0.05091024257615501,0.050910308341587135,0.050910063785344274,0.050908949084452426,0.05090869222373849,0.05090892930224665,0.05090910317818945,0.05090751212494304,0.05090776615059043,0.048442610883477906,0.048442127624430696,0.043380205779606745,0.04337967599501627,0.00855943495947845,0.00855987493063255
0.05091284261326756,0.0509125987356536,0.050911523258771615,0.050911227864654365,0.050911337525769915,0.050911616735049986,0.05091001962988746,0.05091032606907165,0.050910391644738394,0.05091014710510281,0.050909032479870615,0.05090877563660646,0.050909012513583526,0.05090918637774108,0.0509075302554278,0.050907784277326534,0.04863688604492005,0.048636297761788926,0.0435740867182987,0.043573399491817724,0.00859580440592147,0.008596463054486398
0.05091281010242128,0.050912566218335266,0.05091149071292703,0.050911195310967536,0.050911304790890774,0.05091158400762518,0.05090998685983567,0.05091029330720425,0.0509103587003478,0.050910114154144474,0.050908999498991095,0.050908742648826055,0.05090897934765689,0.05090915321651161,0.050907497049466455,0.050907751078230874,0.04882747968702018,0.04882680130486051,0.043769261994471176,0.04376841687560256,0.008632450633304532,0.008633330762713576
0.050912909216378144,0.05091266535202292,0.05091158993358055,0.05091129455552912,0.05091140384330211,0.05091168303748077,0.05091008601867516,0.05091039244127885,0.05091045764579389,0.05091021311931591,0.05090909855402764,0.0509088417245885,0.05090907822085542,0.050909252075707,0.0509075845133687,0.05090783852404904,0.04901372573588717,0.049012973616414754,0.0439660115403446,0.043965008207155085,0.008669432502532718,0.008670537025648505
0.0509131166354175,0.0509128728123517,0.0509117975758975,0.05091150224787697,0.05091161133464383,0.050911890481575704,0.05091029373294905,0.05091060010367859,0.05091066511470097,0.05091042062958134,0.05090930625271398,0.050909049466731277,0.05090928574050359,0.05090945956596592,0.050907792285451815,0.05090804625317489,0.0491954004397338,0.04919459182688514,0.04416468100522004,0.04416351896132566,0.008706797945915687,0.008708130084797967
0.05091322397060823,0.050912980168907926,0.05091190502662456,0.05091160972449291,0.050911718621245154,0.05091199774374847,0.05091040113481546,0.050910707478723845,0.05091077230355794,0.05091052783980503,0.05090941356028094,0.05090915679674893,0.050909392869257136,0.05090956667954841,0.05090789954451485,0.050908153490063,0.04937079440336604,0.049369947353586616,0.04436506955615866,0.04436374848999265,0.008744521569368372,0.008746084610599985
0.05091320040406023,0.050912956597668965,0.05091188143470965,0.050911586126893914,0.0509116948477741,0.05091197397569043,0.05091037733580314,0.05091068368565477,0.05091074833362005,0.05091050386508903,0.050909389563797036,0.050909132795244574,0.050909368694020636,0.050909542507735404,0.05090787533987234,0.05090812929042453,0.04953882848841253,0.049537961103005415,0.044567315660668606,0.04456583533187733,0.008782631367146727,0.008784428797052064
0.0509132904688431,0.05091304668037918,0.050911971596436796,0.05091167631034386,0.050911784847512874,0.05091206395493723,0.05091046743223269,0.050910773759585276,0.05091083822703202,0.05091059377641986,0.05090947955676264,0.050909222807037885,0.0509094585126264,0.050909632313621785,0.0509079767928023,0.050908230722380356,0.049698526683426295,0.04969765642533842,0.04477175252000547,0.04477011289523726,0.008821199650913636,0.008823235144104038
0.05091326957305098,0.05091302578042776,0.05091195067815296,0.050911655387020194,0.05091176375329967,0.05091204286552685,0.050910446315357176,0.05091075264798304,0.0509108169436457,0.05091057248879106,0.0509094582498059,0.05090920149562353,0.05090943703219721,0.05090961083623443,0.0509079552864474,0.050908209220471505,0.04984901993305666,0.04984816283132918,0.044978592666591134,0.044976794653112315,0.008860254823117423,0.0088625324407543
0.05091324858031515,0.05091300478351334,0.05091192966282101,0.050911634366624964,0.050911742565134296,0.05091202168218587,0.05091042510442854,0.05091073144235119,0.050910795569347536,0.05091055111023234,0.0509094368518367,0.0509091800931776,0.050909415463870074,0.05090958927096166,0.0509079336920883,0.05090818763057676,0.04998918474866206,0.04998835465265564,0.0451880615557494,0.04518610651580042,0.008899850622094157,0.008902374634186208
0.050913347277835294,0.050913103500678916,0.05091202846657593,0.05091173319418451,0.0509118412172014,0.050912120311791244,0.050910523862480336,0.0509108301757414,0.05091089413076252,0.05091064969129357,0.05090953552240305,0.050909278784386856,0.050909513969241295,0.050909687762383485,0.05090803231634992,0.05090828623444938,0.050118499617263966,0.0501177076998078,0.04540066185960077,0.04539855163220114,0.008940078940605022,0.00894285403370951
0.050913582051784034,0.050913338321356263,0.05091226349321539,0.05091196827744561,0.05091207611593697,0.05091235515704625,0.05091075901356177,0.05091106526810432,0.05091112904713432,0.050910884654489064,0.05090977069891906,0.05090951401010192,0.0509097489861766,0.05090992274603965,0.05090826761692396,0.05090852148638109,0.05023632381018103,0.05023557811069251,0.045616705711101865,0.045614442755311,0.00898100431381555,0.008984035532776487
0.050913809497157424,0.050913565811996485,0.05091249582092673,0.050912200661124646,0.05091230368100287,0.050912582670304796,0.050910983551367216,0.050911289749845184,0.05091135662809058,0.05091111228080393,0.05091000939433507,0.050909752755449685,0.05090997666335792,0.05091015039098329,0.050908484048662044,0.0509087378733804,0.050341641915465786,0.050340946895621054,0.04583572967255052,0.04583331727028702,0.009022597570101928,0.00902588985062757
0.05091380458440624,0.05091356089826757,0.05091248626533663,0.050912191103232654,0.05091229860704399,0.05091257759750103,0.050910981743669315,0.050911287942598714,0.05091135139492209,0.05091110704659241,0.05090999329291642,0.05090973665066298,0.05090997126882632,0.050910144997215544,0.05090849016782568,0.050908743991279155,0.05043399777505714,0.05043335460411602,0.0460572618933805,0.04605470425907416,0.009064816209589594,0.00906837438493443
0.0509137994095979,0.05091355572242938,0.05091248572254914,0.050912190560314395,0.05091229327457141,0.050912572266242385,0.05091097313372972,0.05091127933480881,0.050911345906905624,0.05091110155748221,0.05090999866137371,0.05090974202024319,0.05090996562303885,0.050910139352227456,0.05090847299491617,0.05090872682191936,0.050514121079172636,0.05051352847827299,0.046281447124472234,0.04627874955925998,0.00910774278598352,0.009111571921719299
0.02025793669966668,0.020257907161587024,0.0202577790809122,0.02025774334259082,0.020257766151606824,0.020257799934615323,0.020257608905531237,0.02025764594370521,0.02025766046082011,0.020257630901880038,0.02025749835432514,0.02025746734279386,0.020257499580875856,0.020257520576773557,0.020257322812689372,0.020257353452355197,0.020127564534018726,0.02012742858088874,0.018506680435665755,0.018505625820414828,0.003641490751243584,0.0036431228027532367
0.020257937457049,0.020257907918968893,0.020257779838292175,0.020257744099970238,0.02025776690894616,0.020257800691955163,0.020257609662868218,0.02025764670104275,0.020257661218117434,0.020257631659176916,0.020257499111620038,0.020257468100088275,0.020257500338130344,0.020257521334028347,0.0202573235699412,0.020257354209607496,0.020127865449050764,0.020127729684266737,0.018507017873600897,0.018505962943506885,0.0036415316088210816,0.003643163945189919
0.02025793747219116,0.02025790793411105,0.020257779853434296,0.020257744115112355,0.02025776692408826,0.020257800707097283,0.02025760967801027,0.020257646716184824,0.020257661233259495,0.02025763167431898,0.020257499126762057,0.020257468115230295,0.02025750035327235,0.02025752134917036,0.020257323585083153,0.02025735422474946,0.020127865464095906,0.020127729699311796,0.018507017887434526,0.018505962957339736,0.0036415316115430505,0.003643163947913106
0.02025793747219116,0.02025790793411105,0.020257779853434296,0.020257744115112355,0.02025776692408826,0.020257800707097283,0.02025760967801027,0.020257646716184824,0.020257661233259495,0.02025763167431898,0.020257499126762057,0.020257468115230295,0.02025750035327235,0.02025752134917036,0.020257323585083153,0.02025735422474946,0.020127865464095906,0.020127729699311796,0.018507017887434526,0.018505962957339736,0.0036415316115430505,0.003643163947913106
0.020257937472191175,0.02025790793411106,0.020257779853434296,0.02025774411511236,0.020257766924088275,0.02025780070709729,0.020257609678010283,0.020257646716184827,0.020257661233259512,0.020257631674318995,0.02025749912676207,0.0202574681152303,0.020257500353272357,0.02025752134917037,0.020257323585083167,0.020257354224749467,0.02012786546409592,0.02012772969931181,0.018507017887434533,0.018505962957339743,0.003641531611543051,0.003643163947913107
0.02025793747219116,0.02025790793411105,0.020257779853434296,0.020257744115112355,0.02025776692408826,0.020257800707097283,0.02025760967801027,0.020257646716184824,0.020257661233259495,0.02025763167431898,0.020257499126762057,0.020257468115230295,0.02025750035327235,0.02025752134917036,0.020257323585083153,0.02025735422474946,0.020127865464095906,0.020127729699311796,0.018507017887434526,0.018505962957339736,0.0036415316115430505,0.003643163947913106
0.020257937472191175,0.02025790793411106,0.020257779853434296,0.02025774411511236,0.020257766924088275,0.02025780070709729,0.020257609678010283,0.020257646716184827,0.020257661233259512,0.020257631674318995,0.02025749912676207,0.0202574681152303,0.020257500353272357,0.02025752134917037,0.020257323585083167,0.020257354224749467,0.02012786546409592,0.02012772969931181,0.018507017887434533,0.018505962957339743,0.003641531611543051,0.003643163947913107
0.02025793747219116,0.02025790793411105,0.020257779853434296,0.020257744115112355,0.02025776692408826,0.020257800707097283,0.02025760967801027,0.020257646716184824,0.020257661233259495,0.02025763167431898,0.020257499126762057,0.020257468115230295,0.02025750035327235,0.02025752134917036,0.020257323585083153,0.02025735422474946,0.020127865464095906,0.020127729699311796,0.018507017887434526,0.018505962957339736,0.0036415316115430505,0.003643163947913106
0.050913963353704475,0.05091371969916283,0.05091264520549979,0.05091235008168237,0.050912457270972836,0.05091273622531045,0.050911140578026155,0.050911446737298575,0.050911509880734486,0.05091126556399048,0.05091015195421346,0.05090989534514798,0.05091012963210097,0.05091030333806815,0.05090864872220366,0.05090890251288412,0.050583746457455205,0.05058320183277438,0.046509883017326066,0.046507051321991254,0.009151567631335992,0.009155673822652612
0.05091395276120746,0.050913709104557794,0.050912634601603377,0.050912339475231654,0.05091244652109758,0.050912725477882344,0.05091112981660414,0.050911435978563374,0.05091149897808001,0.050911254659163206,0.05091014103948709,0.0509098844281385,0.05091011857253038,0.0509102922800634,0.05090863764928712,0.050908891442256354,0.050641230438030524,0.050640728474194326,0.046739430877676846,0.04673647467400692,0.009195872087214318,0.009200259083217545
0.05091394620450172,0.050913702546547195,0.05091262803784156,0.050912332909888745,0.0509124398118132,0.05091271877012531,0.05091112310011321,0.05091142926374933,0.05091149211897822,0.05091124779869443,0.05091013417279053,0.050909877560005666,0.050910111560906385,0.050910285269432164,0.050908630629202076,0.050908884423622305,0.050690547715440515,0.05069008431382811,0.04697616931891519,0.046973098410177876,0.009241499933560363,0.009246176080973362
0.05091426796032027,0.050914024366394854,0.05091295477572052,0.05091265972646926,0.05091276182041195,0.050913040705424524,0.05091144218408522,0.05091174826805925,0.05091181423366066,0.050911569977568995,0.050910467502513435,0.050910210959448206,0.050910433895520024,0.05091060755841064,0.05090894183685413,0.05090919556695202,0.05073229873979696,0.05073186911638339,0.04721405630466778,0.047210882932529424,0.009288522239951911,0.009293495856503563
0.05091437778671345,0.05091413421464206,0.05091306008447714,0.050912765060590025,0.05091287164121514,0.05091315050123051,0.050911555393324696,0.05091186144903681,0.0509119239986639,0.05091167976444531,0.05091056653063936,0.05091031000828567,0.05091054364333502,0.050910717290688884,0.05090906323300003,0.050909316938008556,0.05076634288427062,0.05076594172128371,0.04745428323140154,0.04745102242853857,0.009336666566581036,0.0093419450160673
0.05091447886896601,0.050914235317008005,0.05091316591051116,0.0509128709121121,0.05091297270925445,0.05091325154626561,0.05091165329998366,0.05091195933125479,0.05091202500626225,0.05091178079217089,0.050910678506593456,0.0509104220076586,0.05091064462601415,0.05091081825907253,0.050909152823588225,0.050909406510081384,0.050793734061470815,0.050793356287602245,0.047695319965893095,0.0476919892864604,0.009385841616622662,0.00939143161607765
0.05091491365715946,0.050914670191708894,0.050913596531489316,0.05091330163679624,0.050913407895195974,0.05091368663316184,0.05091209222319172,0.050912398144900665,0.050912460391845465,0.05091221626450431,0.05091110351761433,0.05091084710755997,0.05091108036519012,0.05091125393656853,0.05090960060239565,0.05090985419635491,0.0508158072555757,0.05081544839357764,0.047935824873162634,0.04793244442169585,0.009436005561451138,0.00944191332417395
0.05091501685809437,0.0509147734131756,0.05091370447643031,0.05091340960773146,0.050913511089603486,0.050913789804084904,0.05091219225992266,0.05091249815666284,0.05091256353254868,0.05091231942575671,0.050911217624245296,0.05091096123805163,0.05091118348847036,0.05091135704525254,0.05090969234120858,0.05090994591621149,0.05083288293869738,0.05083253899946918,0.04817384354908405,0.048170435900288223,0.00948695673979177,0.009493188008863129
0.05091513035810257,0.05091488693576375,0.05091381346556472,0.05091351862311075,0.050913624598572245,0.050913903287222645,0.05091230915926132,0.050912615026824794,0.050912676998622855,0.05091243291443639,0.05091132036415155,0.05091106399944102,0.050911296951582766,0.05091147049230577,0.05090981745006535,0.050910070999217245,0.05084620133065104,0.05084586907054611,0.04840832276978698,0.048404913131093255,0.009538703166760918,0.009545263442330424
0.050915241116553434,0.05091499771624848,0.05091392897529536,0.05091363416065551,0.05091373536565453,0.050914014029098724,0.0509124167773899,0.05091272261809395,0.050912787723732394,0.05091254366160466,0.05091144206159007,0.050911185722325954,0.05091140767369565,0.05091158119874786,0.0509099167989745,0.050910170327598835,0.05085652367236799,0.050856200459142686,0.048638098464109304,0.04863471458442479,0.00959120579942775,0.009598100397178684
0.05091524626013458,0.05091500286085281,0.050913929492280935,0.050913634677765496,0.05091374038850403,0.05091401905080526,0.050912425073520985,0.050912730912154563,0.050912792623314274,0.05091254856216268,0.05091143611682058,0.050911179776313445,0.05091141245149863,0.05091158597587468,0.050909933089306796,0.05091018661456524,0.050864749853664494,0.05086443372774871,0.04886735305308503,0.048864031958654235,0.009645487084696248,0.009652726444593187
0.050915503787838295,0.050915260439785295,0.050914191928144746,0.050913897176819045,0.05091399810847875,0.05091427671213628,0.05091267980301669,0.0509129855780783,0.05091305041817407,0.050912806408377725,0.05091170504444871,0.05091144876017004,0.0509116704123062,0.05091184390017437,0.050910179856972125,0.050910433331245855,0.05087126808246118,0.050870957378152566,0.04909067996825983,0.04908745771492528,0.00970057814331776,0.00970816763763564
0.05091560498088238,0.050915361652958124,0.050914293229654635,0.05091399850271902,0.05091409930680204,0.050914377887433374,0.050912781110258674,0.050913086860038786,0.050913151575545094,0.05091290758589917,0.05091180631287619,0.05091155004976998,0.05091177156431982,0.050911945037873274,0.05091028113194024,0.05091053458529065,0.05087622352788947,0.05087591690618636,0.04930287026015038,0.04929978564849538,0.009756790978129846,0.009764737821029606
0.05091581302287444,0.0509155697363309,0.050914501494630705,0.050914206817836455,0.05091430749002974,0.05091458602329403,0.05091298951754194,0.050913295215315596,0.050913359805167646,0.050913115856999064,0.05091201477109553,0.05091175855157018,0.05091197991385368,0.0509121533579234,0.050910489734720725,0.0509107431449758,0.050880142535177336,0.05087983899611523,0.049504384923242335,0.049501475312283515,0.009813940911567452,0.009822251204892463
0.0509159276767999,0.05091568441306053,0.05091461627143899,0.050914321622276784,0.05091442217594388,0.05091470068311545,0.05091310432688,0.050913409996005306,0.05091347447073425,0.05091323054540488,0.05091212956253716,0.05091187336700936,0.05091209459946674,0.050912268027308034,0.05091060455972636,0.05091085794626079,0.05088310062533951,0.05088279936586557,0.04969337914715392,0.04969067670655532,0.009872003908061314,0.009880683788312368
0.020258028287420918,0.020257998749287867,0.020257871229970307,0.020257835491583918,0.020257857633590424,0.02025789141665991,0.020257699991528464,0.020257737029769008,0.020257751837150735,0.020257722278157364,0.020257591043087494,0.02025756003149948,0.020257590851454545,0.02025761184739006,0.020257412692457996,0.020257443332178184,0.020247171354100715,0.020247133864763348,0.019842981062276815,0.019842080649250825,0.0039515950059918195,0.003955196670332994
0.020258029166880402,0.02025799962874684,0.020257872109427075,0.02025783637104008,0.020257858513005187,0.020257892296075265,0.020257700870940493,0.02025773790918169,0.02025775271652192,0.020257723157528034,0.020257591922455898,0.02025756091086734,0.020257591730781167,0.020257612726717052,0.020257413571781516,0.020257444211502242,0.020247181226606598,0.020247143743088794,0.0198435491386339,0.019842649213174926,0.003951717923455602,0.003955320438078284
0.020258029202148104,0.020257999664014516,0.020257872144694652,0.020257836406307638,0.020257858548272775,0.02025789233134288,0.02025770090620797,0.020257737944449187,0.02025775275178944,0.020257723192795528,0.020257591957723312,0.020257560946134727,0.02025759176604859,0.02025761276198449,0.020257413607048823,0.02025744424676956,0.02024718126185603,0.020247143778338188,0.01984354917303715,0.019842649247576644,0.003951717930335372,0.003955320444964324
0.020258029202148118,0.020257999664014543,0.020257872144694673,0.020257836406307652,0.020257858548272785,0.020257892331342894,0.020257700906207994,0.020257737944449208,0.020257752751789457,0.020257723192795563,0.020257591957723326,0.020257560946134748,0.020257591766048605,0.020257612761984505,0.020257413607048837,0.020257444246769583,0.020247181261856043,0.02024714377833821,0.019843549173037177,0.01984264924757667,0.003951717930335376,0.003955320444964328
0.020258029202148118,0.020257999664014543,0.020257872144694673,0.020257836406307652,0.020257858548272785,0.020257892331342894,0.020257700906207994,0.020257737944449208,0.020257752751789457,0.020257723192795563,0.020257591957723326,0.020257560946134748,0.020257591766048605,0.020257612761984505,0.020257413607048837,0.020257444246769583,0.020247181261856043,0.02024714377833821,0.019843549173037177,0.01984264924757667,0.003951717930335376,0.003955320444964328
0.020258029202148118,0.020257999664014543,0.020257872144694673,0.020257836406307652,0.020257858548272785,0.020257892331342894,0.020257700906207994,0.020257737944449208,0.020257752751789457,0.020257723192795563,0.020257591957723326,0.020257560946134748,0.020257591766048605,0.020257612761984505,0.020257413607048837,0.020257444246769583,0.020247181261856043,0.02024714377833821,0.019843549173037177,0.01984264924757667,0.003951717930335376,0.003955320444964328
0.020258029202148118,0.020257999664014543,0.020257872144694673,0.020257836406307652,0.020257858548272785,0.020257892331342894,0.020257700906207994,0.020257737944449208,0.020257752751789457,0.020257723192795563,0.020257591957723326,0.020257560946134748,0.020257591766048605,0.020257612761984505,0.020257413607048837,0.020257444246769583,0.020247181261856043,0.02024714377833821,0.019843549173037177,0.01984264924757667,0.003951717930335376,0.003955320444964328
0.020258029202148118,0.020257999664014543,0.020257872144694673,0.020257836406307652,0.020257858548272785,0.020257892331342894,0.020257700906207994,0.020257737944449208,0.020257752751789457,0.020257723192795563,0.020257591957723326,0.020257560946134748,0.020257591766048605,0.020257612761984505,0.020257413607048837,0.020257444246769583,0.020247181261856043,0.02024714377833821,0.019843549173037177,0.01984264924757667,0.003951717930335376,0.003955320444964328
0.05091596444237249,0.050915721185945534,0.05091465307641496,0.05091435843611322,0.050914458882844446,0.0509147373816649,0.05091314107328333,0.05091344673323944,0.05091351110207394,0.050913267184040684,0.05091216623408843,0.05091191004622679,0.05091213116801816,0.05091230459068494,0.05091064117272326,0.050910894551694376,0.05088537175955895,0.050885072189571924,0.04987013380808621,0.049867664939554565,0.009931444810174475,0.009940503280890288
0.05091607176042591,0.050915828525343154,0.05091476050948378,0.05091446589504504,0.05091456623761463,0.050914844712011326,0.05091324854358278,0.05091355417672295,0.05091361844458598,0.0509133745479324,0.05091227369443162,0.0509120175290339,0.05091223853609755,0.05091241194357198,0.05091074867129583,0.050911002028060766,0.05088708635042416,0.05088678798830495,0.050027512628258615,0.05002528690839167,0.009990808108474369,0.010000245592746745
0.0509161850611351,0.05091594184858569,0.0509148739316162,0.050914579344481306,0.050914679587159395,0.05091495803576936,0.050913362015104206,0.050913667619931914,0.050913731791278304,0.05091348791719947,0.050912387165541924,0.05091213102386395,0.0509123519198965,0.05091252531132782,0.050910862192894646,0.05091111552620996,0.050888583850009037,0.05088828641553944,0.05017228135095194,0.05017030942926825,0.010052051119024798,0.01006187844021091
0.050916320506181265,0.05091607732056832,0.05091500489377058,0.050914710338160765,0.050914815112887556,0.05091509353066688,0.05091350095167379,0.05091380652183656,0.05091386733593647,0.05091362348885257,0.05091251201876779,0.05091225590318788,0.05091248753130571,0.0509126609035496,0.050911009465740203,0.05091126276863533,0.050889843493185274,0.050889546746074515,0.05030538609929841,0.05030367402343366,0.010114544111312981,0.01012476887895264
0.05091651577701879,0.0509162726302382,0.050915205001901685,0.05091491049445945,0.05091501054434863,0.05091528891767158,0.05091369332841645,0.050913998850583134,0.05091406283906294,0.05091381903091322,0.05091271857668607,0.05091246250428096,0.05091268317516438,0.050912856519728315,0.050911193850724346,0.05091144711553522,0.05089095364996139,0.05089065742211661,0.05042269745307332,0.050421234155232045,0.01017821690391153,0.010188846358111209
0.050916545498534416,0.05091630235766418,0.05091523012807608,0.0509149356266817,0.05091504023008682,0.05091531859665705,0.050913726310501534,0.05091403182443971,0.05091409247539217,0.050913848673144364,0.05091273740732567,0.0509124813388564,0.05091271277243422,0.05091288611281078,0.05091123497847507,0.05091148823479145,0.050891743619571925,0.050891447737314244,0.050523049457838996,0.050521813564323864,0.010243071567743676,0.010254113109317325
0.05091657454717223,0.050916331412078436,0.050915263835030825,0.05091496934174956,0.05091506924881897,0.05091534760878839,0.05091375209605154,0.05091405760355681,0.050914121450901295,0.050913877654423664,0.050912777252853515,0.050912521192712355,0.05091274171485772,0.05091291505113964,0.05091125246155469,0.05091150571426007,0.05089241817870242,0.05089212254449306,0.05060688151717144,0.050605844894610945,0.010309174658349109,0.010320635861588196
0.05091689563144812,0.05091665256020054,0.050915580637483866,0.05091528622045224,0.050915390668014066,0.05091566895487437,0.05091407712453788,0.050914382550959286,0.05091444305886833,0.05091419932643266,0.05091308837866694,0.05091283238355138,0.050913063625325716,0.050913236916067556,0.050911586254405686,0.05091183943817347,0.050893326486863746,0.050893031101136264,0.05067511422933121,0.05067424511312449,0.010376882847166166,0.010388772692258711
0.050917090930748025,0.05091684789833189,0.05091577614677018,0.05091548177679116,0.05091558615286351,0.050915864395262876,0.05091427281917567,0.05091457819678141,0.050914638640351305,0.05091439494685892,0.05091328417651251,0.05091302822231576,0.05091325937256782,0.050913432635619635,0.05091178223765027,0.05091203538094511,0.05089405671791275,0.05089376149950068,0.05073010290274238,0.050729372123696645,0.010446099878373158,0.010458427229623698
0.05091724076307308,0.050916997760446586,0.05091592614018718,0.05091563180630476,0.0509157361212613,0.05091601432955359,0.05091442294850659,0.0509147282886648,0.05091478867659968,0.050914545012980296,0.050913434378730575,0.05091317845592232,0.05091340952968066,0.050913582771492695,0.050911932575790755,0.05091218568804054,0.05089495801415511,0.05089466291645883,0.050774294258816265,0.050773676069757495,0.010511270619720363,0.010524019133317873
0.05091727222882446,0.05091702923245386,0.05091595763976821,0.05091566331346615,0.05091576758202001,0.050916045783157345,0.05091445444302556,0.05091475977532812,0.05091482011798677,0.0509145764606274,0.05091346585489723,0.05091320993866653,0.050913440962741426,0.05091361420010738,0.050911964046745944,0.05091221715249706,0.050895609504575015,0.05089531447227324,0.05080768103222326,0.050807148873670896,0.010577462811862387,0.010590639105061377
0.050917417262615894,0.05091717429507937,0.05091610282948424,0.05091580853812087,0.05091591275370131,0.050916190921824284,0.050914599770484466,0.05091490506653918,0.05091496536153385,0.050914721733091674,0.05091361125910388,0.050913355373257384,0.05091358632948353,0.05091375954628831,0.05091210958873119,0.050912362664429216,0.050896257834616515,0.05089596287648702,0.05083252146014855,0.05083205331187085,0.010644519679944522,0.010658129509351808
0.05091761462610873,0.05091737169780802,0.05091630502829337,0.05091601078558505,0.050916110321744736,0.05091638844493983,0.05091479428896898,0.050915099536508863,0.05091516304431072,0.0509149194552242,0.0509138199892721,0.0509135641470404,0.050913784196888544,0.05091395738570779,0.05091229621019892,0.05091254924736315,0.0508968883374967,0.050896593453210105,0.05085096994979538,0.05085054892187868,0.010712550950797517,0.010726600602787672
0.05091780290566466,0.050917560014791766,0.05091648888710235,0.05091619468863343,0.050916298796567304,0.050916576876904714,0.05091498622756464,0.05091529142723586,0.05091535162872452,0.050915108077180186,0.05091399795352672,0.050913742148479116,0.05091397295755878,0.05091414611968194,0.050912496682860325,0.050912749678633115,0.05089744588485075,0.0508971510633488,0.05086432432081943,0.05086393722513651,0.010781420412736737,0.01079591561477991
0.0509178354312555,0.0509175925468481,0.050916526069963684,0.05091623188044124,0.05091633132731827,0.050916609400258696,0.05091501553225745,0.050915320724620426,0.050915384149789605,0.05091514060471912,0.05091404133733971,0.05091378554135643,0.050914005480385036,0.05091417863790876,0.05091251776250474,0.0509127707539254,0.0508978197483831,0.05089752494586623,0.05087399355260279,0.050873630734835175,0.010851286995412771,0.010866234267124663
0.05091795161780113,0.05091770875648897,0.050916637759092956,0.050916343596443245,0.05091644762179863,0.05091672566829613,0.0509151352124691,0.05091544037498605,0.05091550049931875,0.050915256977409104,0.050914146988766694,0.050913891214857156,0.05091412192606482,0.050914295067120745,0.05091264583092355,0.050912898795903425,0.050898346041801525,0.05089805127364447,0.05088148206898281,0.05088113692222363,0.01092320252965448,0.01093861279211155
0.020258122680556562,0.020258093142368483,0.02025796506122359,0.020257929322771037,0.02025795197654223,0.020257985759674628,0.020257794729889998,0.020257831768199803,0.02025784613003975,0.020257816570991367,0.02025768402295083,0.020257653011305884,0.02025768509417829,0.020257706090152865,0.02025750832534463,0.020257538965122654,0.020251865773048192,0.02025183004739242,0.02024761322005751,0.020247566576052537,0.004376166372065876,0.004382486572047404
0.020258123335823983,0.02025809379763553,0.020257965716488986,0.020257929978035962,0.02025795263179035,0.02025798641492317,0.02025779538513608,0.02025783242344638,0.020257846785269377,0.02025781722622062,0.020257684678178366,0.020257653666533034,0.02025768574938875,0.02025770674536358,0.020257508980552806,0.02025753962033122,0.02025187205764438,0.020251836331983956,0.020247646821900923,0.020247600269174805,0.004376413449366837,0.004382735122825199
0.02025812337232085,0.020258093834132365,0.02025796575298573,0.02025793001453268,0.020257952668287074,0.020257986451419924,0.020257795421632682,0.020257832459943,0.020257846821766016,0.020257817262717224,0.02025768471467488,0.020257653703029524,0.02025768578588524,0.02025770678186009,0.020257509017049178,0.020257539656827608,0.020251872094130496,0.020251836368470034,0.02024764685837958,0.020247600305653417,0.004376413457251255,0.004382735130721006
0.02025812337233059,0.0202580938341421,0.020257965752995467,0.02025793001454242,0.020257952668296827,0.02025798645142968,0.02025779542164245,0.020257832459952767,0.020257846821775793,0.020257817262727015,0.020257684714684664,0.020257653703039304,0.020257685785895038,0.020257706781869892,0.02025750901705898,0.02025753965683741,0.0202518720941403,0.020251836368479846,0.02024764685838939,0.020247600305663235,0.004376413457253377,0.004382735130723129
0.020258123372321152,0.020258093834132677,0.020257965752986024,0.02025793001453298,0.02025795266828738,0.02025798645142023,0.020257795421632994,0.02025783245994331,0.02025784682176632,0.02025781726271755,0.02025768471467519,0.020257653703029836,0.020257685785885545,0.020257706781860403,0.020257509017049487,0.020257539656827927,0.0202518720941308,0.020251836368470354,0.02024764685837989,0.020247600305653733,0.004376413457251322,0.004382735130721072
0.020258123372328195,0.020258093834139713,0.020257965752993073,0.020257930014540026,0.020257952668294433,0.020257986451427287,0.020257795421640044,0.02025783245995037,0.020257846821773395,0.020257817262724617,0.020257684714682263,0.020257653703036907,0.020257685785892637,0.020257706781867495,0.020257509017056585,0.02025753965683503,0.020251872094137913,0.020251836368477456,0.020247646858386995,0.020247600305660845,0.004376413457252858,0.004382735130722612
0.020258123372324677,0.020258093834136195,0.020257965752989552,0.02025793001453651,0.020257952668290915,0.020257986451423755,0.020257795421636533,0.020257832459946855,0.02025784682176987,0.020257817262721096,0.020257684714678738,0.02025765370303338,0.020257685785889105,0.020257706781863956,0.02025750901705305,0.020257539656831483,0.020251872094134368,0.02025183636847391,0.02024764685838345,0.020247600305657296,0.0043764134572520895,0.004382735130721839
0.020258123372328195,0.020258093834139713,0.020257965752993073,0.020257930014540026,0.020257952668294433,0.020257986451427287,0.020257795421640044,0.02025783245995037,0.020257846821773395,0.020257817262724617,0.020257684714682263,0.020257653703036907,0.020257685785892637,0.020257706781867495,0.020257509017056585,0.02025753965683503,0.020251872094137913,0.020251836368477456,0.020247646858386995,0.020247600305660845,0.004376413457252858,0.004382735130722612
0.050917993345423955,0.05091775049240611,0.050916679531568594,0.05091638537896921,0.05091648936474006,0.05091676740174626,0.050915177000194926,0.050915482152291025,0.05091554223854878,0.05091529872494767,0.050914188774157834,0.05091393300897831,0.05091416367628506,0.05091433681143678,0.05091268763146552,0.050912940587815585,0.050898957105984174,0.05089866235005182,0.05088746300599565,0.05088713076231001,0.010999158471168419,0.011015052297055015
0.05091819640087368,0.05091795358821631,0.05091688280527333,0.050916588701579356,0.05091669263379262,0.05091697062458237,0.05091538048731895,0.05091568558867206,0.05091574562881873,0.050915502155702695,0.05091439238935636,0.050914136666715674,0.05091436725967416,0.05091454036603677,0.05091289146022577,0.05091314437449625,0.050899701308403086,0.050899406601660126,0.050891982498917736,0.05089165870252912,0.011076266093708124,0.011092649022191774
0.05091840829614188,0.05091816552559945,0.05091709492828423,0.050916800875621525,0.050916904751481855,0.05091718269404619,0.05091559283255861,0.05091589788096302,0.05091595787252701,0.050915714441655574,0.05091460486776981,0.0509143491895169,0.05091457970442729,0.05091475278074949,0.05091310416101456,0.05091335703137654,0.050900572415136694,0.050900277757817476,0.05089570215367368,0.050895384174658796,0.011158732618682506,0.011175629840897774
0.05091856417645877,0.05091832143689647,0.0509172509761305,0.050916956961006836,0.05091706078431403,0.0509173386914059,0.05091574903276703,0.05091605404222477,0.05091611398694275,0.050915870587142566,0.0509147611548119,0.050914505509206384,0.05091473595558749,0.05091490900981641,0.05091326060047648,0.05091351343854597,0.05090135776825886,0.05090106314610962,0.05089842285050377,0.050898108517577624,0.011244787079714873,0.011262215835295684
0.05091867528525661,0.05091843256777545,0.050917362204335626,0.050917068215968135,0.050917171989661704,0.050917449871473154,0.050915860357399874,0.05091616533910114,0.05091622523826492,0.050915981860605926,0.05091487252914756,0.050914616906806535,0.05091484729216849,0.05091502033065551,0.050913372071226495,0.050913624886286916,0.05090203077933092,0.050901736181378256,0.05090033607453052,0.05090002392567253,0.01133398051049523,0.011351956057513836
0.050918966131696886,0.050918723472013594,0.050917653363326466,0.0509173594449935,0.05091746315266669,0.050917740968291755,0.0509161518327041,0.05091645674173661,0.05091651658555113,0.05091627326587267,0.05091516419856482,0.05091490863714569,0.05091513892672995,0.050915311923985206,0.05091366405720876,0.050913916812002795,0.05090277536872906,0.05090248083875984,0.05090183512671697,0.05090152429211499,0.011425321875114672,0.011443855182203318
0.050919213678854616,0.05091897106836072,0.05091790117648331,0.050917607317753924,0.05091771095946129,0.05091798871876008,0.05091639990527334,0.050916704752462766,0.050916764539386414,0.050916521269048935,0.05091541242653123,0.05091515691695611,0.05091538711523432,0.050915560077403006,0.05091391254475761,0.050914165248267446,0.05090368920894389,0.05090339473404688,0.05090312403404039,0.05090281397647568,0.011525285955187065,0.011544414413743967
0.05091941657200491,0.05091917400182468,0.05091810428763587,0.05091781047775511,0.05091791405685352,0.05091819176999154,0.050916603220474685,0.05091690801698223,0.050916967748728066,0.050916724518825014,0.05091561586052063,0.050915360393431267,0.05091559050831951,0.050915763441736324,0.05091411618289677,0.05091436884438149,0.050904363954006916,0.050904069524938506,0.050903989212329116,0.05090367959205188,0.011627157519819747,0.011646891102913013
0.050919455031837084,0.05091921246929827,0.05091814278879034,0.0509178489881688,0.050917952518809144,0.05091823022320571,0.05091664172367672,0.05091694651058664,0.05091700619525648,0.050916762973003224,0.05091565434955021,0.05091539889049868,0.05091562895293375,0.050915801880916205,0.05091415467382861,0.050914407327370126,0.05090472773670333,0.05090443331481442,0.05090444118394534,0.05090413177846642,0.01173007823015553,0.011750423520414164
0.05091949159937536,0.05091924904410196,0.050918179395617526,0.050917885603799666,0.05091798908583574,0.0509182667819216,0.05091667832991742,0.05091698310770266,0.05091704274508026,0.050916799530099345,0.05091569093977796,0.05091543548836771,0.05091566549839636,0.050915838421212924,0.05091419126332033,0.050914443909311206,0.05090500135467861,0.05090470694006706,0.05090474694962395,0.05090443766128472,0.011833955374141957,0.01185491851374295
0.050919522438726994,0.050919279889580844,0.050918214884027736,0.050917921100744404,0.050918019917584,0.0509182976066627,0.05091670593827164,0.05091701070917508,0.050917073555136284,0.0509168303462856,0.050915732595720645,0.05091547715300941,0.05091569629757596,0.05091586921603901,0.0509142106330817,0.05091446327507544,0.050905194977233226,0.05090490056900864,0.050904979273670034,0.05090467005736713,0.011938118653268132,0.011959703170240381
0.050919545021894344,0.050919302477235064,0.05091823287553371,0.050917939096577124,0.05091804248260149,0.05091832016655186,0.05091673178394441,0.05091703654840555,0.0509170960916701,0.05091685288730344,0.05091574434533888,0.05091548890508132,0.05091571881350513,0.05091589172878546,0.05091424464266066,0.0509144972776362,0.0509053660189435,0.05090507161507846,0.05090510682670749,0.05090479763707219,0.012043336704731946,0.012065549173131995
0.05091972079259543,0.05091947828285744,0.05091841345025154,0.05091811971471946,0.05091821842301677,0.05091849606698235,0.050916904657099034,0.05091720937847078,0.05091727212183924,0.050917028952495634,0.0509159313801625,0.05091567597896209,0.05091589499560514,0.05091606788598249,0.05091440957234991,0.05091466217329182,0.05090565903367676,0.050905364671365604,0.05090541489159181,0.05090510576924169,0.012148990101018792,0.012171834635435414
0.050919818827607294,0.05091957633734564,0.050918506975410206,0.05091821326236802,0.05091831653236401,0.050918594154033915,0.05091700287190961,0.050917307568801945,0.050917370260895684,0.050917127111077105,0.05091602962682858,0.05091577424614344,0.05091599319899264,0.05091616607548968,0.0509145078949607,0.05091476047561425,0.050905842606086014,0.050905548266786706,0.05090558270714217,0.05090527361707245,0.012254636138832566,0.012278115305449559
0.050920034807487746,0.05091979236013219,0.050918723187312,0.05091842952625983,0.05091853273118475,0.05091881030372503,0.05091721930312443,0.05091752394607499,0.05091758658043139,0.05091734347364813,0.05091624618354857,0.050915990848081426,0.05091620971565847,0.05091638256155398,0.050914724674475484,0.05091497721039974,0.05090614027753028,0.05090584598970175,0.0509058629916795,0.05090555395991519,0.012360701816056037,0.012384819773182827
0.05092035962718434,0.050920117244351575,0.05091904835592567,0.05091875477305678,0.05091885790342565,0.05091913540207879,0.05091754482486796,0.05091784938669435,0.050917911957539995,0.05091766891548319,0.05091657191738956,0.05091631664993167,0.05091653541260982,0.050916708212476396,0.05091505076678788,0.05091530323543318,0.05090653000430914,0.05090623579435905,0.050906237874164414,0.05090592892641424,0.01246677221013459,0.012491531592618706
0.020258235509905038,0.020258205971651188,0.020258077890221108,0.020258042151688974,0.020258064767494165,0.02025809855070175,0.020257907124787814,0.02025794416317978,0.020257958882739704,0.020257929323625547,0.02025779808801947,0.020257767076304736,0.020257797808503668,0.020257818804524933,0.020257619648779472,0.0202576502886248,0.02025408356536256,0.020254047846375415,0.02025429858958827,0.020254261119817842,0.005002573075266241,0.005012678285911874
0.020258236356676868,0.02025820681842253,0.02025807873699032,0.020258042998457588,0.020258065614226047,0.020258099397434184,0.020257907971517053,0.02025794500990965,0.020257959729432718,0.020257930170318076,0.020257797621980374,0.020257766610265918,0.020257798655156888,0.02025781965117851,0.02025762188592707,0.02025765252577377,0.020254089699987994,0.020254053980976162,0.020254301020416192,0.020254263550628968,0.005003182993945575,0.005013291197855327
0.02025823640824725,0.02025820686999288,0.020258079350151587,0.020258043611618412,0.02025806566579624,0.020258099449004426,0.020257908418791205,0.020257945457184113,0.020257959781002782,0.020257930221888102,0.020257798986279704,0.02025776797456441,0.020257798706726775,0.02025781970274842,0.020257620546999425,0.020257651186845308,0.020254089751548576,0.020254054032536717,0.020254304904935475,0.020254267435145388,0.005003183006682139,0.005013291210617621
0.02025823640830592,0.02025820687005155,0.020258078788619214,0.020258043050086435,0.020258065665854932,0.02025809944906311,0.02025790802314579,0.020257945061538402,0.020257959781061496,0.02025793022194681,0.020257797673608996,0.0202577666618945,0.0202577987067855,0.020257819702807142,0.020257621937555502,0.020257652577402224,0.0202540897516073,0.02025405403259545,0.020254301072036268,0.02025426360224901,0.005003183006696651,0.0050132912106321615
0.02025823640830674,0.020258206870052364,0.02025807935021107,0.0202580436116779,0.02025806566585573,0.02025809944906392,0.020257908418850695,0.020257945457243604,0.020257959781062283,0.020257930221947613,0.020257798986339202,0.020257767974623923,0.020257798706786283,0.02025781970280793,0.02025762054705894,0.020257651186904816,0.02025408975160808,0.02025405403259623,0.020254304904994976,0.02025426743520489,0.005003183006696843,0.005013291210632354
0.020258236408302596,0.02025820687004823,0.020258078788615873,0.020258043050083108,0.020258065665851584,0.020258099449059767,0.020257908023142437,0.020257945061535058,0.020257959781058137,0.02025793022194346,0.02025779767360564,0.020257766661891146,0.02025779870678213,0.02025781970280377,0.020257621937552147,0.020257652577398855,0.020254089751603907,0.020254054032592055,0.020254301072032865,0.020254263602245616,0.00500318300669581,0.005013291210631321
0.020258236408304438,0.020258206870050068,0.020258079350208773,0.020258043611675606,0.020258065665853437,0.02025809944906161,0.0202579084188484,0.0202579454572413,0.020257959781059973,0.0202579302219453,0.020257798986336905,0.02025776797462161,0.020257798706783983,0.020257819702805626,0.020257620547056637,0.020257651186902502,0.020254089751605777,0.020254054032593907,0.02025430490499266,0.020254267435202575,0.005003183006696271,0.005013291210631782
0.020258236408296895,0.020258206870042525,0.020258078788610172,0.020258043050077404,0.020258065665845867,0.02025809944905405,0.020257908023136713,0.020257945061529333,0.0202579597810524,0.020257930221937722,0.02025779767359991,0.020257766661885414,0.020257798706776374,0.020257819702798018,0.02025762193754639,0.02025765257739309,0.020254089751598144,0.02025405403258629,0.020254301072027095,0.02025426360223985,0.005003183006694384,0.0050132912106298924
0.05092041124045969,0.05092016886787897,0.050919104637203755,0.050918811067866304,0.05091890953298228,0.05091918701990453,0.05091759976399963,0.05091790431213525,0.05091796357985344,0.050917720548065155,0.05091662359629684,0.050916368339628225,0.050916587045844716,0.05091675983841465,0.050915102462696496,0.050915354920676496,0.050906670984582854,0.05090637678622892,0.050906361082465615,0.05090605214811271,0.012574909974157963,0.01260032315791708
0.0509204337035501,0.05092019133543117,0.05091912251185875,0.05091882894681879,0.050918931979134455,0.05091920946095669,0.05091761898019038,0.05091792352353738,0.05091798599878975,0.05091774297146096,0.050916635236055115,0.05091637998181667,0.05091660944540331,0.05091678223480789,0.050915136347405694,0.050915388798395154,0.05090670760377326,0.05090641341074029,0.05090636014231188,0.05090605120595958,0.012677330654815194,0.012703376697270402
0.05092010623728537,0.05091986380411928,0.05091879930755816,0.050918505664808926,0.05091860406486374,0.05091888162119463,0.05091729396837708,0.05091759859271942,0.050917657785247795,0.05091741469262964,0.05091631746643439,0.05091606214585076,0.0509162808164436,0.05091645365229052,0.05091479586157248,0.05091504838280899,0.05090642107861865,0.05090612680614255,0.05090609295343673,0.050905783942045764,0.01278311281669357,0.012809807775841548,0.005589781732597208
0.050920113627253495,0.05091987119555545,0.050918802091748074,0.0509185084496683,0.05091861141776447,0.05091888897242454,0.050917298074281456,0.05091760269760046,0.05091766509764981,0.050917422006486336,0.050916313980259344,0.05091605865894788,0.05091628809084041,0.0509164609256592,0.050914814605774614,0.050915067123143656,0.0509064779182013,0.05090618364703675,0.0509061055150039,0.05090579649727871,0.012889192178408605,0.01291653988562979,0.005757899491831494
0.05092035961665164,0.05092011723381677,0.05091905295814033,0.050918759376377964,0.05091885766286523,0.05091913516157298,0.05091754783827282,0.05091785239934825,0.05091791148660141,0.05091766844445089,0.050916571445934575,0.05091631617837825,0.050916534710688896,0.050916707510654656,0.05091505006401493,0.05091530253280525,0.05090677725439103,0.05090648304210775,0.05090642371224515,0.050906114764533134,0.012995531171309393,0.01302353540956766,0.005925254814630633
0.050920144614679454,0.05091990218913686,0.050918833112460954,0.050918539477839926,0.05091864115253838,0.050918918700441865,0.050917327841015624,0.05091763245691632,0.05091769476274407,0.050917451677481934,0.050916343678140435,0.05091608836302963,0.0509163176965696,0.05091649052720424,0.05091484424716494,0.050915096758418314,0.05090661365692735,0.05090631939192201,0.05090621524472424,0.05090590623378413,0.013101940947259165,0.013130605131638162,0.006091601256868895,0.005528958274834053
0.050920278243346925,0.05092003584434857,0.0509189714977364,0.050918677896388466,0.05091877486133532,0.050919052378856904,0.05091746494796983,0.05091776952970186,0.05091782852789727,0.05091758546924464,0.05091648839628071,0.05091623311138525,0.05091645156529786,0.05091662437701368,0.05091496681769804,0.05091521930366298,0.05090683563921642,0.050906541405594904,0.05090644902267808,0.050906140052855986,0.013209586530681458,0.013238918001112267,0.006258402605713097,0.005700557104069025
0.05091989461679337,0.050919652141588126,0.05091858284601614,0.050918289151218064,0.0509183895829687,0.050918667188038044,0.0509170760010387,0.05091738067970445,0.05091744180764821,0.05091719867206368,0.05091609044346052,0.05091583507547444,0.050916064362844404,0.050916237229283304,0.05091459060827874,0.05091484317186526,0.05090651109924642,0.05090621677185378,0.050906077290745755,0.05090576821455004,0.013317317717291517,0.01334732004528678,0.0064242230780878285,0.005871325947574368,0.005059085354704486
0.0509201004170485,0.05091985798272626,0.050918793481091164,0.050918499836941,0.05091859551785261,0.050918873076125644,0.05091728541220204,0.050917590038676734,0.05091764782011001,0.0509174047255095,0.0509163074903709,0.050916052167704354,0.05091627056002228,0.05091644339731871,0.05091478559270065,0.05091503811605586,0.05090675323282112,0.05090645895475623,0.05090634165182597,0.0509060326354892,0.013425484240242282,0.013456161893701643,0.0065892885109338955,0.00604133552251696,0.005218521333451505
0.05092015554298964,0.050919913119617966,0.05091884405251035,0.05091855042051977,0.050918650592723394,0.05091892813848178,0.05091733729134737,0.05091764190489285,0.05091770285526648,0.05091745977161419,0.05091635177960687,0.050916096466187645,0.05091632560991824,0.050916498439434556,0.050914852170045585,0.050915104679664355,0.05090682887656068,0.050906534611578874,0.05090637975115045,0.050906070740609086,0.013533835898426836,0.013565192764479555,0.006753375059205991,0.006210341272192274,0.005380667948266281
0.05092014760562582,0.050919905180677426,0.05091884072018039,0.05091854708738853,0.05091864252654261,0.050918920074133865,0.05091733247129381,0.05091763708604054,0.05091769470014428,0.050917451614869706,0.050916354421804,0.05091609910893636,0.05091631739830949,0.05091649022898634,0.050914832487845715,0.0509150850015254,0.05090683323282736,0.05090653896576701,0.050906411870277626,0.05090610286554988,0.013642399444375269,0.013674439518327522,0.006916587805081907,0.00637838539816517,0.005544100845386863
0.05091978492608724,0.05091954242909053,0.05091847303746921,0.0509181793162661,0.050918279281145784,0.05091855691128108,0.05091696558064829,0.050917270286835084,0.0509173310903549,0.05091708793274334,0.050915979603788034,0.05091572421265743,0.050915953331614326,0.05091612621374625,0.0509144794432955,0.050914732029819776,0.0509064969615384,0.050906202606574726,0.050906037151465085,0.050905728046459535,0.013751646952404389,0.013784375993445144,0.007079549014977816,0.006546284856112039,0.005709336742126746,0.005606533912031604
0.05091983286606257,0.05091959037858983,0.0509185256436976,0.050918231935144546,0.05091832716153193,0.05091860478078638,0.050917016768141456,0.05091732146157019,0.050917378925107726,0.050917135777012915,0.05091603830054103,0.05091578292166703,0.05091600117289338,0.0509161740482634,0.05091452734220698,0.05091477991884771,0.05090654490342506,0.050906250559965685,0.05090608515235124,0.05090577605943058,0.013860256003922792,0.013893675038547059,0.007409858813252031,0.0067121574862355924,0.005872539905652346,0.005986697724938602
0.05091977256339783,0.05091953006394505,0.05091846527647699,0.050918171553407554,0.0509182666645252,0.05091854429752764,0.050916956206264574,0.05091726091478793,0.0509173182969698,0.05091707513681294,0.05091597760592451,0.050915722214376735,0.050915940427700465,0.050916113311656276,0.05091446652383665,0.05091471911302677,0.05090657404731968,0.050906279688344824,0.050906095557185595,0.05090578644811638,0.013972096010577577,0.01400621945085506,0.007745366145049571,0.006877735475540458,0.006036534411421098,0.0063683409955632014
0.050919491387070276,0.050919248831754756,0.05091818379912646,0.050917890008367626,0.05091798380176086,0.050918261499047594,0.05091667304017604,0.05091697781927978,0.05091703513186789,0.05091679191537219,0.05091569413031785,0.05091543867957387,0.050915656895311405,0.050915829819344054,0.05091418264987059,0.050914435297638894,0.05090631145047766,0.050906017023075054,0.05090582673938102,0.05090551755845755,0.014083299258065616,0.014118128480588304,0.008082712260908488,0.007041006769218812,0.006197926429484411,0.006748025507196941,0.005634566545787419
0.05091945227983506,0.050919209716749486,0.05091814465002161,0.05091785084984779,0.050917944410011684,0.05091822211625117,0.05091663360618363,0.05091693839511696,0.05091699562802997,0.05091675240367417,0.05091565458315985,0.05091539912415711,0.05091561730045954,0.05091579023008918,0.05091414300731581,0.05091439566326491,0.05090643235192203,0.050906137913388695,0.05090591548053196,0.05090560628817964,0.014189768136734473,0.014225290683798852,0.008424683828758122,0.00737494328282207,0.006359775139123066,0.007129358076292561,0.0060146174119246965
0.020258157129352864,0.020258127591144703,0.0202580000715029,0.020257964333025655,0.02025798603867417,0.02025801982182926,0.020257828791916236,0.020257865830250944,0.020257879973064018,0.020257850413995908,0.020257719178594195,0.020257688166927745,0.020257718857989222,0.020257739853977774,0.02025754208903779,0.02025757272883622,0.020254340383135977,0.020254304663856804,0.02025447373895595,0.02025443626920101,0.005688252103769828,0.005702659511802502,0.0034881157644787823,0.003068825906545894,0.0025945384410533934,0.0029871865388280266,0.002544499113768852,0.0020945297379825418
0.02025816028047951,0.020258130742269512,0.020258003222619794,0.020257967484140316,0.020257989188717896,0.020258022971875095,0.020257831941950178,0.020257868980287187,0.02025788312258934,0.020257853563519387,0.020257722328109528,0.02025769131644115,0.02025772200747143,0.02025774300346129,0.020257545238509013,0.020257575878309352,0.020254349122405417,0.02025431340310006,0.02025448255440765,0.020254445084626694,0.005688795391272786,0.005703205258215553,0.0034977121655261046,0.0030774753794107256,0.0026018485288218972,0.0029982121710730044,0.0025546337720645878,0.002103262539115289
0.02025816033578767,0.02025813079757765,0.020258003277927795,0.02025796753944828,0.02025798924402399,0.02025802302718121,0.020257831997256087,0.02025786903559314,0.020257883177894488,0.0202578536188245,0.0202577223834145,0.020257691371746076,0.02025772206277639,0.02025774305876627,0.02025754529381379,0.020257575933614158,0.020254349177701317,0.020254313458395925,0.020254482609704156,0.020254445139923152,0.005688795406783348,0.005703205273765404,0.0034977200735414344,0.003077481607501742,0.0026018523069330866,0.002998239988666058,0.002554661749465438,0.0021032857509733823
0.020258160336041445,0.02025813079783142,0.020258003278181568,0.02025796753970205,0.020257989244277776,0.02025802302743502,0.020257831997509898,0.02025786903584695,0.020257883178148296,0.02025785361907831,0.020257722383668315,0.020257691371999904,0.020257722063030212,0.0202577430590201,0.020257545294067605,0.020257575933867972,0.02025434917795511,0.02025431345864972,0.020254482609957946,0.020254445140176946,0.005688795406854286,0.005703205273836516,0.0034977194414694407,0.0030774816446974065,0.0026018521171335632,0.0029982394468549625,0.0025546617803420897,0.002103285597543191
0.020258160336030145,0.02025813079782011,0.020258003278170258,0.02025796753969074,0.020257989244266472,0.020258023027423706,0.020257831997498574,0.02025786903583563,0.02025788317813699,0.020257853619067002,0.020257722383656997,0.02025769137198859,0.020257722063018894,0.02025774305900879,0.02025754529405629,0.020257575933856662,0.02025434917794381,0.020254313458638422,0.020254482609946643,0.02025444514016565,0.005688795406851103,0.005703205273833327,0.0034977200735832937,0.003077481607538579,0.0026018523069642322,0.002998239988701939,0.0025546617494960136,0.002103285750998557
0.020258160336043617,0.02025813079783359,0.020258003278183726,0.020257967539704207,0.02025798924427996,0.0202580230274372,0.020257831997512063,0.02025786903584912,0.020257883178150488,0.02025785361908049,0.020257722383670494,0.02025769137200208,0.0202577220630324,0.020257743059022282,0.020257545294069788,0.02025757593387016,0.020254349177957303,0.020254313458651904,0.020254482609960135,0.02025444514017914,0.005688795406854895,0.005703205273837129,0.00349771944146982,0.003077481644697736,0.002601852117133846,0.002998239446855287,0.002554661780342362,0.0021032855975434183
0.020258160336033407,0.020258130797823383,0.02025800327817352,0.020257967539694013,0.02025798924426974,0.020258023027426967,0.020257831997501845,0.020257869035838896,0.020257883178140253,0.020257853619070267,0.020257722383660273,0.020257691371991855,0.020257722063022184,0.02025774305901207,0.02025754529405957,0.020257575933859948,0.020254349177947092,0.02025431345864169,0.020254482609949925,0.02025444514016893,0.005688795406852027,0.005703205273834253,0.0034977200735838566,0.003077481607539075,0.0026018523069646525,0.0029982399887024218,0.002554661749496425,0.0021032857509988966
0.020258160336040314,0.02025813079783028,0.02025800327818042,0.020257967539700904,0.02025798924427666,0.02025802302743389,0.02025783199750877,0.020257869035845824,0.02025788317814718,0.020257853619077195,0.02025772238366719,0.020257691371998784,0.020257722063029098,0.020257743059018972,0.02025754529406648,0.020257575933866852,0.02025434917795399,0.020254313458648598,0.020254482609956832,0.02025444514017583,0.005688795406853964,0.005703205273836196,0.003497719441469246,0.003077481644697236,0.0026018521171334214,0.002998239446854794,0.0025546617803419488,0.0021032855975430757
0.05091909098350537,0.050918848348631494,0.05091778296685254,0.0509174890796921,0.05091758126972493,0.05091785905850161,0.05091627007644635,0.050916574956000736,0.05091663097306955,0.05091638767615383,0.050915289528294175,0.05091503399305146,0.05091525218770059,0.050915425168943734,0.05091377745465142,0.05091403018604138,0.05090617942107573,0.050905884893542995,0.0509056407628235,0.05090533147713223,0.014297761456742353,0.014333987652024519,0.008791479727400664,0.007735072101792571,0.006539506082570706,0.007536041882584571,0.006420996948809436,0.005286403913987588
0.050918964998853955,0.05091872233894557,0.050917656847299604,0.050917362929804616,0.050917454803143705,0.0509177326206667,0.05091614347422578,0.05091644838534206,0.05091650422645253,0.05091626090431459,0.05091516264266809,0.05091490708092394,0.05091512525302668,0.05091529825221509,0.0509136503670293,0.0509139031246489,0.05090609332188894,0.05090579876345149,0.050905542842891525,0.05090523352480641,0.014401607496585058,0.01443852474279845,0.009103995931034087,0.00805099211943518,0.006835011638088816,0.007878150514127009,0.006772189947115314,0.00562081700032819
0.05091883078370353,0.05091858809712413,0.05091752248842951,0.05091722853861702,0.05091732006876354,0.050917597916913374,0.05091600859533353,0.050916313540076245,0.05091636919189901,0.05091612584288862,0.05091502746001026,0.05091477187003075,0.05091499001962406,0.05091516303793162,0.050913514970673035,0.050913767756238106,0.05090600987065687,0.0509057152791995,0.05090544617368343,0.050905136820994075,0.014508745434636275,0.01454636893484391,0.00944757366609055,0.008397329026118847,0.0071584588460508695,0.008252739326946121,0.007154725565100975,0.005983688685854112
0.05091880483085262,0.05091856213911576,0.05091749188914778,0.05091719793197502,0.05091729372889612,0.050917571583033505,0.05091597896882029,0.05091628392094937,0.05091634263420062,0.05091609927990497,0.05091499005488661,0.05091473445709413,0.05091496338514438,0.05091513640721764,0.050913476830701083,0.05091372962413836,0.05090602231617323,0.050905727717955394,0.050905480498573304,0.05090517114683357,0.014616117719707965,0.0146544518931588,0.009791227818198875,0.008744305584402009,0.0074870306140804735,0.008625155503640021,0.007534897166781959,0.006348753742002497
0.05091885547955077,0.05091861279787889,0.05091754721072163,0.05091725326685568,0.050917344084117015,0.050917621926807835,0.05091603263644551,0.050916337575194495,0.05091639282960478,0.05091614948529845,0.050915051123641794,0.050914795538604896,0.050915013590139925,0.050915186605115084,0.050913538569591264,0.05091379135028551,0.05090610501404979,0.05090581042762608,0.05090552381059732,0.0509052144633038,0.01472372367057336,0.014762772985825613,0.010154667931080434,0.009091524442352238,0.007820135762336682,0.0090172025405587,0.007912620347790883,0.0067156775623957
0.050918419000956866,0.050918176232541974,0.05091710564460423,0.050916811594519565,0.050916905477063484,0.050917183419462816,0.050915590299489444,0.05091589534852549,0.0509159524482723,0.05091570901632131,0.05091459943751698,0.050914343758129636,0.05091457143048249,0.05091474450797461,0.050913084400024344,0.050913337274465585,0.05090569138651527,0.05090539669334661,0.050905134741976214,0.050904825290584654,0.014831398311486086,0.014871166847267308,0.010520409720407143,0.009438715266493982,0.00815712820842226,0.009409747936506927,0.008287925847382454,0.007084059274534978,0.0056813074363099075
0.05091843608338477,0.050918193318364946,0.05091712736542588,0.05091683332056645,0.05091692218949537,0.05091720012809529,0.050915607029893714,0.05091591207475809,0.05091596893875723,0.050915725510088376,0.05091461594623697,0.05091436027029831,0.05091458785888066,0.050914760934049806,0.0509131008483753,0.05091335371942111,0.05090573591373225,0.05090544122425143,0.05090517308722504,0.05090486363974888,0.014939455497214425,0.014979948219843962,0.010888429801158507,0.009785997141632606,0.008497887958041364,0.009802895431328864,0.008661167973372885,0.0074539897886355426,0.005835452546591283
0.05091834325607458,0.05091810047260549,0.05091703443869979,0.05091674037148519,0.05091682884706463,0.050917106806885666,0.05091551358708258,0.050915818655246636,0.05091587528820215,0.0509156318408936,0.05091452219212242,0.050914266496598415,0.05091449402202046,0.05091466711045822,0.05091300689754606,0.05091325978798612,0.05090566852594986,0.05090537381361398,0.050905099874342316,0.050904790402897096,0.015047704158085541,0.015088925560704318,0.011258585737446262,0.010153229738231106,0.00884109537849764,0.010196669639680443,0.009054152994074225,0.007824277239195168,0.005989271035968957
0.050918429464459514,0.050918186698124195,0.050917120739412014,0.05091682669295863,0.050916914761385795,0.05091719270167446,0.0509155995937961,0.05091590464051463,0.05091596103415589,0.05091571760391377,0.05091460803289474,0.05091435235530298,0.05091457978395233,0.0509147528602633,0.05091309276363982,0.05091334563635452,0.050905779840567975,0.05090548514863688,0.05090520584677819,0.05090489639680548,0.015156230326909735,0.015198185177684571,0.011630877491816523,0.010522964977000008,0.009184380797218882,0.010591188683805266,0.00944790299540661,0.008192552560924743,0.006142655632480051
0.050918279439925405,0.05091803664377261,0.05091697055420319,0.05091667647161968,0.05091676415049081,0.050917042125020774,0.05091544882093235,0.05091575390524598,0.05091581007144328,0.05091556661115403,0.05091445690324472,0.050914201194081514,0.05091442857029995,0.05091460166799285,0.05091294136632954,0.05091319427029753,0.05090565333822818,0.05090535860963609,0.050905073978140224,0.05090476448969359,0.015264908957613238,0.015307601727606326,0.01200497153703556,0.010894866385730808,0.009527559473400213,0.010986233602188106,0.009842232111643808,0.008558857767267935,0.0062955185591281795
0.050918127351021164,0.05091788452463935,0.050916813681203654,0.05091651956087955,0.05091661147201604,0.05091688948125889,0.05091529923847179,0.05091560436008531,0.05091565703956129,0.05091541354881176,0.050914303702130084,0.05091404796096126,0.05091427528482065,0.05091444840418941,0.05091278789466819,0.05091304083031896,0.05090552461274808,0.05090522984699437,0.05090493997785907,0.0509046304504124,0.015374519097459112,0.015417956666014613,0.012381008884751653,0.011268941950310717,0.009870703871073288,0.011382049521831883,0.010237284731387738,0.008923456084824508,0.006447875638356675
0.05091809443631505,0.05091785160339092,0.05091678073111907,0.05091648660286759,0.050916578106616525,0.050916856123445514,0.05091526583727696,0.05091557096721963,0.05091562340562997,0.050915379908185524,0.05091427003100279,0.05091401428279953,0.05091424153192986,0.050914414656071716,0.050912754100779445,0.050913007043406955,0.050905515505381534,0.05090522073125331,0.050904925759279705,0.05090461622307292,0.015484419508023397,0.015528606823258807,0.012758902278557653,0.01164512906815199,0.010232112125616609,0.011778638117469252,0.010633116161210978,0.009306134780039972,0.006599770893998406
0.05091793946031539,0.05091769659658666,0.05091662558853902,0.050916331422961036,0.05091642252744761,0.05091670057965096,0.050915110091194905,0.05091541525997659,0.05091546746200837,0.050915223933522304,0.05091411391491896,0.050913858134099294,0.05091408533138228,0.050914258477613404,0.05091259771049851,0.05091285068541312,0.05090538358400285,0.05090508877201002,0.05090478869065192,0.050904479114706275,0.015594529813737816,0.015639471640213808,0.013138470068443273,0.012023188568872602,0.010596000129734898,0.01217589586318766,0.011029593193381466,0.009689958838135865,0.00675112633291801
0.05091793294417408,0.050917690079150146,0.050916619065393555,0.05091632489824614,0.050916415590536154,0.050916693644316814,0.050915103146841126,0.05091540831735463,0.05091546027553943,0.05091521674562281,0.05091410672050203,0.05091385093817924,0.05091407805577342,0.05091425120303346,0.050912590426051924,0.05091284340247042,0.050905400566447774,0.05090510575246031,0.05090480072635021,0.05090449114834563,0.01570493604779474,0.015750637437314554,0.013519791202261863,0.012403168796705468,0.010962263984781178,0.012573978650983109,0.011426859165785537,0.010074928689647326,0.006902011314660489
0.05091745246559125,0.050917209505053275,0.050916138070304984,0.05091584378742176,0.05091593297030175,0.0509162111338273,0.05091462000877789,0.050914925299784905,0.05091497590118093,0.05091473227483708,0.050913621810408996,0.050913365926767276,0.05091359191916095,0.05091376513517516,0.05091210369888314,0.05091235677579733,0.05090493823170566,0.0509046433003766,0.05090433302537631,0.05090402332414484,0.015815441699779026,0.015861907182602795,0.013902591355473571,0.012784782437731656,0.011330590684543396,0.012972682648424992,0.011824721480234522,0.010460835315433086,0.00705232283899647,0.005214811164058009
0.05091725537763945,0.05091701237791861,0.05091594077046613,0.05091564644010449,0.05091573511065642,0.05091601331917847,0.050914421936817264,0.05091472727722783,0.050914777529693166,0.050914533863854396,0.050913423219493784,0.05091316729435358,0.050913393130783774,0.05091356637491541,0.050911904668994847,0.05091215778700732,0.05090476737861807,0.05090447239911772,0.05090415644005256,0.050903846688261,0.015926386412612157,0.015973621544814826,0.014287362208410122,0.013168563994619107,0.011701577277315552,0.013372568327778637,0.012223800532506685,0.010848383874897715,0.007353128187293108,0.005577316554714662
0.020258056950841798,0.020258027412692035,0.020257899331713278,0.02025786359330708,0.02025788537734271,0.0202579191604307,0.020257728130897143,0.020257765169158268,0.02025777897209036,0.02025774941308116,0.02025761686521629,0.020257585853612446,0.020257617654343817,0.020257638650290434,0.020257439495253025,0.02025747013498942,0.020254432534259716,0.02025439681484042,0.02025452732142256,0.020254489851446365,0.006381248060032408,0.0064003460428714975,0.005838205431687064,0.005392811055820065,0.00480422308425608,0.005479955882896936,0.005022640153556835,0.004470963032049871,0.0030472909240885334,0.002363500736002065
0.020258057077533465,0.020258027539383633,0.020257899458404564,0.020257863719998274,0.020257885502520143,0.02025791928560822,0.020257728256074192,0.02025776529433541,0.020257779096311317,0.02025774953730205,0.020257616989436858,0.020257585977832934,0.02025761777810402,0.020257638774050686,0.020257439619012788,0.02025747025874926,0.020254438053359552,0.020254402333916708,0.02025453296727874,0.02025449549727906,0.006381750631588254,0.006400850704465615,0.005848265699067578,0.005401857101124199,0.004812254928818247,0.00549066461716696,0.005032278847776694,0.004479547081747289,0.003053655162343927,0.0023715350018661536
0.020258059606249653,0.020258030068098346,0.020257901987112876,0.0202578662487048,0.020257888031227467,0.020257921814317213,0.020257730784773654,0.020257767823036725,0.020257781625013016,0.020257752066002263,0.02025761951813046,0.020257588506524985,0.020257620306797366,0.020257641302745093,0.020257442147697254,0.020257472787435258,0.020254440581663407,0.02025440486221878,0.02025453549560535,0.02025449802560379,0.006381751428206669,0.006400851503468091,0.005848267485995605,0.005401857710195075,0.0048122558806199724,0.005490666351881175,0.005032279415176747,0.004479547967743963,0.0030536550075327316,0.0023715440268121534
0.02025805960671727,0.02025803006856595,0.020257901987580488,0.02025786624917241,0.020257888031695016,0.020257921814784773,0.02025773078524121,0.02025776782350429,0.020257781625480545,0.02025775206646979,0.02025761951859799,0.020257588506992514,0.020257620307264874,0.0202576413032126,0.02025744214816476,0.02025747278790276,0.020254440582130835,0.02025440486268621,0.020254535496072784,0.02025449802607123,0.0063817514283539415,0.006400851503615803,0.005848266429215352,0.00540185777554127,0.004812255529626005,0.0054906653597193026,0.005032279476052151,0.00447954764101679,0.0030536555436128186,0.0023715444431451765
0.02025805960673489,0.020258030068583587,0.020257901987598123,0.02025786624919005,0.0202578880317127,0.02025792181480246,0.0202577307852589,0.020257767823521972,0.020257781625498263,0.020257752066487514,0.020257619518615717,0.020257588507010232,0.020257620307282623,0.02025764130323034,0.020257442148182515,0.02025747278792051,0.020254440582148585,0.020254404862703957,0.020254535496090537,0.020254498026088964,0.006381751428359536,0.006400851503621416,0.005848267486135688,0.0054018577103244645,0.0048122558807352405,0.005490666352012693,0.005032279415297286,0.00447954796785126,0.0030536550076058814,0.0023715440268689643
0.020258059606721557,0.02025803006857025,0.020257901987584787,0.020257866249176717,0.020257888031699343,0.0202579218147891,0.020257730785245544,0.020257767823508604,0.02025778162548487,0.02025775206647412,0.02025761951860231,0.020257588506996837,0.02025762030726921,0.020257641303216938,0.020257442148169092,0.0202574727879071,0.020254440582135175,0.020254404862690537,0.020254535496077114,0.02025449802607555,0.0063817514283553076,0.006400851503617176,0.005848266429216594,0.0054018577755424275,0.0048122555296270355,0.005490665359720467,0.005032279476053227,0.004479547641017747,0.0030536555436134747,0.0023715444431456857
0.020258059606734925,0.020258030068583618,0.020257901987598154,0.02025786624919008,0.020257888031712728,0.020257921814802488,0.020257730785258922,0.02025776782352199,0.020257781625498274,0.02025775206648752,0.02025761951861572,0.02025758850701025,0.02025762030728261,0.020257641303230333,0.02025744214818251,0.020257472787920505,0.02025444058214857,0.020254404862703943,0.020254535496090523,0.02025449802608896,0.00638175142835953,0.006400851503621411,0.005848267486135702,0.005401857710324474,0.004812255880735242,0.005490666352012705,0.005032279415297293,0.004479547967851261,0.003053655007605879,0.002371544026868961
0.020258059606721557,0.02025803006857025,0.020257901987584787,0.020257866249176717,0.020257888031699343,0.0202579218147891,0.020257730785245544,0.020257767823508604,0.02025778162548487,0.02025775206647412,0.02025761951860231,0.020257588506996837,0.02025762030726921,0.020257641303216938,0.020257442148169092,0.0202574727879071,0.020254440582135175,0.020254404862690537,0.020254535496077114,0.02025449802607555,0.0063817514283553076,0.006400851503617176,0.005848266429216594,0.0054018577755424275,0.0048122555296270355,0.005490665359720467,0.005032279476053227,0.004479547641017747,0.0030536555436134747,0.0023715444431456857
0.05091729149201532,0.050917048499474454,0.05091597692366892,0.05091568260200742,0.05091577071242075,0.050916048912846214,0.05091445757678521,0.05091476290830621,0.05091481278233884,0.050914569123518896,0.05091345851113477,0.050913202593369414,0.0509134282207613,0.05091360145992959,0.05091193980160463,0.050912192912362285,0.05090483925474919,0.05090454428330258,0.05090422394704599,0.050903914203749366,0.016038849946806936,0.016086865052821336,0.014699102095541181,0.013576835460328377,0.012094775800538837,0.01380030126710304,0.01264795816873995,0.011258559654239733,0.007674694468635442,0.005960359424430007
0.050917206010291066,0.05091696300075511,0.05091589135004146,0.050915597007786764,0.05091568462807994,0.05091596284808302,0.05091437140006796,0.05091467675308405,0.050914726291977346,0.05091448261593703,0.05091337192509938,0.050913115989240025,0.0509133414483746,0.05091351469981666,0.05091185292379343,0.0509121060524913,0.050904758090100775,0.0509044630977015,0.050904140381172115,0.05090383061587991,0.01614708890630818,0.016195873581523648,0.01505344534655711,0.013934469850587482,0.012444010683351481,0.014166524553490193,0.013017567293912768,0.011621041370118105,0.00796499781365302,0.00629962969494966
0.05091701433407727,0.050916771286431656,0.050915699467744026,0.05091540507931119,0.05091549218018145,0.05091577044395359,0.05091417874564641,0.050914484146718335,0.0509145333313906,0.050914289616929856,0.050913178751054965,0.05091292277482613,0.05091314807382368,0.05091332135261938,0.050911659314291605,0.05091191248297136,0.05090457982290731,0.050904284783779764,0.050903957653905395,0.05090364783955733,0.016258461068031662,0.016308029692378077,0.015442715848674113,0.014323000588335095,0.0128204366904007,0.01456881787387889,0.013418893046231714,0.012011334011374736,0.00827844729773424,0.006662636551416832
0.05091692324710451,0.05091668018134786,0.050915608282833355,0.05091531387245516,0.05091540044435433,0.05091567872899107,0.050914086911370025,0.05091439233535011,0.05091444116001227,0.050914197427198465,0.050913086477710055,0.050912830482197136,0.05091305560145146,0.05091322889332829,0.05091156672956038,0.050911819917360386,0.05090450150298864,0.050904206441442806,0.050903875800390117,0.05090356596251652,0.01636999203079442,0.01642034953123669,0.015833317660043335,0.014713077366543904,0.013198551119628144,0.014971823872819163,0.013821037518409861,0.01240253999030875,0.008595432262431533,0.007025870684377578
0.05091691640550546,0.050916673338388486,0.05091560143387812,0.050915307021851625,0.05091539305777952,0.05091567134409633,0.05091407951686815,0.05091438494269279,0.05091443340351876,0.05091418966916049,0.05091307871263575,0.050912822715499996,0.05091304763965018,0.050913220932653325,0.05091155875808488,0.05091181194753121,0.05090450705695988,0.05090421199335925,0.05090387835443379,0.0509035685144228,0.016481676090666805,0.016532827426218234,0.01622434730350204,0.015104612501166624,0.013578274064037374,0.015374635799305359,0.014223959285672869,0.012794631871540034,0.00891329799691052,0.007386623749740414
0.05091676947457912,0.05091652637824655,0.05091545434496431,0.05091515989753682,0.05091524540708871,0.050915523726988814,0.05091393170771533,0.05091423717041251,0.05091428527304862,0.05091404150919373,0.050912930418287074,0.05091267439015832,0.05091289914550209,0.050913072459512036,0.050911410083501564,0.050911663303652745,0.05090437161502084,0.050904076515506394,0.05090374000924109,0.05090343013152383,0.01659344253586657,0.016645392495568873,0.01661569589310149,0.015497517631627449,0.013959489470388838,0.015777191782814046,0.014627617960678832,0.013187547799705414,0.009231762794909911,0.00774495801311799
0.05091656918170575,0.05091632604554504,0.05091525383671489,0.05091495934102703,0.05091504432440089,0.05091532269003984,0.05091373040921003,0.05091403592212575,0.050914083665923995,0.050913839861921814,0.05091272858811061,0.050912472517797944,0.05091269711259814,0.05091287045519026,0.05091120780509482,0.050911461067023565,0.05090424129449516,0.05090394614555581,0.050903597009145096,0.05090328707961693,0.01670673592968211,0.016759493347990848,0.01700814843226058,0.015892515049228926,0.014343719322406842,0.016180341681222288,0.01503280400670417,0.013582917070102838,0.009553350616495268,0.008104077285819352
0.05091636581374338,0.05091612263714068,0.050915054877926885,0.05091476033434892,0.05091484016208738,0.050915118574168375,0.050913522762821316,0.05091382832754229,0.05091387897620164,0.05091363513143595,0.05091253451202043,0.05091227840114219,0.05091249199367999,0.050912665365292556,0.05091100243690914,0.05091125574125602,0.05090407656905282,0.05090378137028586,0.0509034242190986,0.05090311423728768,0.01682043096940174,0.01687400162509875,0.01740111658366435,0.016288013828014952,0.014729562361214069,0.01658350406278681,0.015437897055241625,0.013979316081428276,0.009875480725885318,0.008461278444727998
0.05091626470086114,0.050916021504150116,0.05091495365668894,0.05091465908874554,0.05091473837333405,0.05091501680857061,0.05091342086453758,0.050913726454682104,0.05091377673158071,0.0509135328664523,0.05091243215517313,0.0509121760228994,0.05091238942775986,0.050912562813884184,0.05091089974634185,0.05091115307190011,0.05090399774797824,0.05090370252426598,0.050903340195416515,0.05090303018743621,0.016934560623912867,0.016988950442519267,0.017802175577330583,0.016684067437763322,0.015117029713089413,0.01699457606534429,0.01584298813117101,0.014376792408095177,0.010215451819483905,0.008836248344065115
0.050916053968958555,0.050915810730337345,0.050914742698949134,0.05091444808022281,0.05091452682757038,0.050914805310932974,0.050913209091127974,0.050913514734112306,0.050913564642557745,0.05091332073518833,0.05091221983334478,0.050911963656687716,0.05091217689228029,0.0509123503084771,0.05091068695255829,0.05091094032207253,0.05090379999498583,0.050903504719910536,0.050903138859914536,0.05090282879800066,0.01704903946780627,0.017104254154888192,0.01820472418686106,0.017080498658944454,0.015505930213749923,0.01740671411112023,0.01624793466503851,0.014775188567310443,0.010557950214134417,0.009211756300499703
0.05091589696315947,0.050915653693311407,0.05091458552488097,0.05091429086831678,0.050914369073181344,0.05091464759243449,0.050913054433166016,0.050913360114741214,0.050913406385581686,0.050913162446691175,0.050912050558350505,0.05091179434630656,0.0509120182488783,0.05091219168752342,0.05091053961737318,0.0509107930173234,0.05090365176376889,0.05090335645035495,0.05090295636795756,0.05090264625776716,0.01716392376368903,0.01721996924510529,0.018608859389523766,0.017477420798826204,0.015896325849897416,0.017820038106990167,0.01665288176001007,0.015174597409578881,0.010902853836724626,0.009587839913075434
0.050915892069763984,0.05091564879894262,0.05091457599657715,0.05091428133771908,0.05091436361593764,0.05091464213643237,0.05091304570385258,0.05091335138760594,0.05091340054395186,0.05091315660389777,0.050912055554601675,0.05091179934360227,0.05091201219246787,0.050912185631970024,0.05091052205256788,0.050910775456146654,0.0509036539832218,0.0509033586682616,0.050902988476678894,0.050902678372893764,0.017279248383025966,0.017336130741687147,0.019014563247107187,0.017882654135874986,0.01628761559316923,0.018234548745610944,0.0170659395940799,0.01557442472037598,0.011250048292705683,0.009964529620389854
0.05091574105294267,0.0509154977520842,0.05091442944756158,0.05091413475342188,0.050914211851765576,0.05091449040678971,0.05091289704296611,0.0509132027638157,0.05091324827985929,0.050913004309476255,0.05091189227766121,0.05091163603252727,0.05091185954710646,0.05091203300820918,0.05091038072419453,0.05091063415696983,0.05090350827768366,0.05090321292585652,0.05090280940230125,0.05090249925177924,0.017394910359632223,0.01745263539026928,0.01942162293352494,0.018289367633428203,0.01667926306892795,0.018650054908162707,0.017480062140370876,0.015974153478484937,0.011599321211931189,0.010341750576119578
0.05091552873550304,0.05091528539241249,0.050914212271510904,0.05091391752508323,0.050913998707043544,0.05091427731056496,0.05091268040222577,0.0509129861771379,0.05091303458448323,0.05091279057153275,0.050911689193374486,0.05091143290578162,0.05091164539890174,0.05091181889030987,0.05091015481316228,0.05091040829261015,0.0509033351685949,0.05090303976471783,0.050902660839389366,0.05090235064227096,0.017511764411890205,0.01757034016169218,0.019830688493039806,0.01869826288608781,0.01707230001571044,0.019067244401733803,0.017895993519701833,0.016374874731487493,0.011952348722583616,0.010721466270781495
0.050915439188943715,0.05091519582804074,0.0509141272600069,0.05091383249311072,0.05091390848773177,0.05091418711178185,0.05091259335323543,0.05091289914987155,0.05091294391272517,0.050912699881712355,0.05091158757367793,0.050911331264838454,0.050911554415177314,0.05091172791946161,0.05091007522422764,0.050910328720119115,0.05090327324094102,0.05090297781483588,0.05090259348618757,0.05090228326576129,0.017624446701714837,0.017683867590280514,0.020241955798768828,0.019108015469478937,0.017465054710632883,0.019486333011849932,0.018312382852377164,0.016774884650256425,0.012306623438772665,0.011101022077885145
0.05091528051655851,0.050915037124091476,0.0509139684175358,0.050913673612393226,0.05091374905498855,0.05091402771531767,0.050912433749310926,0.05091273958577923,0.050912783972345915,0.05091253990947085,0.05091143830608474,0.05091118196603532,0.05091139408364113,0.05091156761061674,0.050909903192399214,0.05091015672383487,0.05090313485365765,0.050902839388681766,0.05090241893858098,0.050902108669330676,0.017737443108935574,0.01779771499099647,0.02065572784255129,0.01951901978943702,0.01785815672960041,0.019907649757268667,0.018729663176588116,0.017174861506173374,0.012662818336422821,0.011481279122420177
0.020257938960000582,0.020257909421919608,0.020257781341239067,0.020257745602916086,0.02025776690782204,0.020257800690831055,0.020257609266042316,0.020257646304216562,0.02025766017691256,0.020257630617972654,0.02025749807041852,0.020257467058887382,0.020257498682406682,0.020257519678304015,0.020257321914223303,0.0202573525538886,0.020254450871510864,0.020254415151960692,0.020254519203818096,0.02025448173368015,0.00710244874127208,0.007126765136935145,0.008383760967966853,0.007929956314125765,0.007264753582046238,0.008089003255622229,0.007618221489274127,0.006995552773072809,0.0051797392429322985,0.004718616533969564
0.020257938863005923,0.020257909324925008,0.020257781805832476,0.02025774606750917,0.020257766809357328,0.020257800592366274,0.02025760956327971,0.02025764660145417,0.020257660077514804,0.02025763051857496,0.020257499283742764,0.020257468272210876,0.02025749858255588,0.020257519578453162,0.020257320423883726,0.020257351063548132,0.02025445578586088,0.020254420066289146,0.0202545204486969,0.02025448297854003,0.007102867171913155,0.00712718521995872,0.008393773471398597,0.007938798281432445,0.007272651392346808,0.008099394623715634,0.0076273790767980324,0.007003736581088626,0.005186546921826251,0.004726140342709018
0.020257938909551076,0.02025790937147012,0.02025778129078972,0.020257745552466778,0.020257766855902335,0.020257800638911302,0.020257609214122774,0.020257646252296983,0.020257660124059714,0.020257630565119845,0.02025749801756585,0.02025746700603474,0.020257498629100652,0.020257519624997958,0.020257321860917474,0.020257352500582738,0.0202544558323988,0.020254420112827035,0.020254524328268738,0.020254486858109,0.007102867188194787,0.0071271852362960915,0.008393771973732625,0.007938798395525623,0.007272650878438021,0.008099393178574353,0.007627379186415593,0.007003736086182004,0.005186547844143778,0.00472614118315288
0.020257938910062445,0.020257909371981502,0.020257781852888845,0.020257746114565503,0.020257766856413683,0.02025780063942266,0.0202576096103359,0.020257646648510395,0.02025766012457107,0.020257630565631186,0.020257499330798873,0.020257468319266954,0.020257498629612004,0.02025751962550931,0.020257320470939713,0.020257351110604137,0.02025445583291009,0.020254420113338313,0.02025452049574647,0.020254483025589565,0.00710286718837385,0.00712718523647577,0.00839377349089627,0.007938798299873354,0.007272651409240382,0.008099394642529505,0.007627379094515546,0.007003736597357548,0.005186546933874105,0.004726140353687388
0.02025793891007179,0.020257909371990835,0.02025778129131043,0.02025774555298749,0.02025776685642305,0.020257800639432014,0.02025760921464349,0.020257646252817698,0.020257660124580436,0.02025763056564057,0.020257498018086583,0.02025746700655547,0.020257498629621378,0.02025751962551869,0.020257321861438204,0.020257352501103457,0.020254455832919453,0.02025442011334768,0.0202545243287894,0.02025448685862967,0.007102867188377137,0.007127185236479066,0.008393771973948382,0.007938798395729677,0.007272650878624969,0.008099393178782544,0.007627379186611645,0.00700373608636204,0.005186547844277099,0.0047261411832743684
0.020257938910066692,0.02025790937198574,0.02025778185289309,0.020257746114569746,0.020257766856417923,0.020257800639426893,0.02025760961034014,0.02025764664851463,0.0202576601245753,0.02025763056563543,0.020257499330803116,0.020257468319271194,0.020257498629616233,0.02025751962551354,0.02025732047094393,0.02025735111060836,0.02025445583291432,0.020254420113342535,0.020254520495750692,0.020254483025593777,0.007102867188375331,0.007127185236477259,0.008393773490898036,0.007938798299875014,0.0072726514092419075,0.008099394642531206,0.007627379094517138,0.007003736597359019,0.005186546933875188,0.004726140353688376
0.020257938910064326,0.02025790937198338,0.020257781291302974,0.020257745552980023,0.020257766856415563,0.02025780063942453,0.020257609214636013,0.020257646252810214,0.020257660124572942,0.020257630565633056,0.02025749801807908,0.02025746700654797,0.020257498629613867,0.020257519625511165,0.020257321861430682,0.020257352501095942,0.02025445583291193,0.020254420113340162,0.020254524328781876,0.020254486858622137,0.007102867188374496,0.00712718523647642,0.008393771973945289,0.007938798395726742,0.007272650878622275,0.008099393178779564,0.007627379186608825,0.007003736086359449,0.005186547844275173,0.004726141183272613
0.020257938910066692,0.02025790937198574,0.02025778185289309,0.020257746114569746,0.020257766856417923,0.020257800639426893,0.02025760961034014,0.02025764664851463,0.0202576601245753,0.02025763056563543,0.020257499330803116,0.020257468319271194,0.020257498629616233,0.02025751962551354,0.02025732047094393,0.02025735111060836,0.02025445583291432,0.020254420113342535,0.020254520495750692,0.020254483025593777,0.007102867188375331,0.007127185236477259,0.008393773490898036,0.007938798299875014,0.0072726514092419075,0.008099394642531206,0.007627379094517138,0.007003736597359019,0.005186546933875188,0.004726140353688376
