0.5621093888628983,0.5621016956423905,0.5620880117184168,0.5620804708107129,0.5620772316244386,0.5620792434709816,0.5620670885614318,0.5620699229501003
0.5623943135819265,0.5623867235879974,0.5623698398893175,0.5623623989584075,0.5623611736236762,0.5623638074172697,0.5623472206186285,0.5623509313000754
0.562543594998388,0.5625360591181005,0.5625173674112794,0.5625099788434045,0.5625104838292251,0.5625131938911438,0.5624944069404425,0.5624982252497605
0.5625848042349603,0.5625772832963934,0.5625582335114612,0.5625508594519631,0.5625511372133783,0.5625541272265424,0.5625346085393804,0.5625388212500512
0.5625848051553837,0.5625772842171507,0.5625582344323586,0.5625508603731884,0.562550693684475,0.5625538877952069,0.5625341451861297,0.5625386453645247
0.5625848060978894,0.5625772851599982,0.5625582353760671,0.5625508613172319,0.5625502408636056,0.5625536433028226,0.562533671142877,0.5625384650618821
0.5625848067638818,0.562577285826232,0.5625582360429103,0.5625508619843115,0.5625499209833762,0.5625534705595316,0.5625333356362843,0.5625383372179763
0.562584807157859,0.5625772862203525,0.5625582364373876,0.5625508623789286,0.5625497308220209,0.5625533678357082,0.5625331355424918,0.5625382607317393
0.5625848073244223,0.5625772863869756,0.5625582366041646,0.5625508625457654,0.5625496519963465,0.5625533252433516,0.5625330523363664,0.562538228829373
0.5625848073761918,0.5625772864387645,0.5625582366560015,0.5625508625976198,0.5625496270846166,0.5625533117784105,0.56253302596154,0.5625382186866641
0.5625848073884343,0.5625772864510113,0.5625582366682583,0.5625508626098813,0.5625496209742104,0.5625533084747278,0.5625330194766379,0.5625382161866266
0.5625848073915648,0.5625772864541424,0.5625582366713927,0.562550862613017,0.5625496197612977,0.5625533078191642,0.5625330181871497,0.5625382156891041
0.5625848073918915,0.5625772864544699,0.5625582366717199,0.5625508626133443,0.5625496195390541,0.5625533076989259,0.5625330179508029,0.5625382155977278
0.5625848073923113,0.5625772864548899,0.562558236672141,0.562550862613766,0.5625496194964845,0.5625533076760657,0.5625330179056257,0.5625382155805237
0.5625848073915934,0.5625772864541707,0.5625582366714209,0.5625508626130451,0.5625496194793619,0.5625533076664683,0.5625330178876312,0.5625382155731727
0.5625848073911844,0.5625772864537625,0.5625582366710119,0.5625508626126358,0.5625496194689324,0.5625533076606373,0.562533017876705,0.5625382155687392
0.5625848073926641,0.5625772864552425,0.5625582366724955,0.56255086261412,0.5625496194636509,0.562553307658461,0.5625330178710988,0.5625382155675145
0.5625848057960269,0.562577284858026,0.56255884947926,0.5625514756384563,0.5625496178570323,0.5625533060554693,0.5625330162628578,0.5625382139643879
0.5625848057956814,0.5625772848576805,0.562558849478913,0.5625514756381097,0.5625496178518249,0.5625533060524935,0.5625330162574175,0.5625382139620954
0.5625848057948293,0.5625772848568285,0.5625588494780601,0.5625514756372556,0.5625496178462847,0.5625533060491041,0.5625330162516528,0.5625382139593649
0.5625848057951415,0.5625772848571408,0.5625588494783745,0.5625514756375702,0.5625496178431458,0.562553306047549,0.5625330162483504,0.5625382139582972
0.5625848057960945,0.5625772848580938,0.5625588494793273,0.5625514756385235,0.5625496178420302,0.5625533060473853,0.5625330162471379,0.5625382139584252
0.5625848057952115,0.5625772848572105,0.562558849478444,0.5625514756376393,0.5625496178378278,0.562553306044706,0.5625330162427792,0.5625382139562147
0.5625848057967235,0.5625772848587233,0.5625588494799586,0.5625514756391549,0.5625496178363735,0.5625533060446147,0.5625330162411867,0.5625382139565445
0.5625848057959633,0.5625772848579624,0.5625588494791968,0.5625514756383924,0.5625496178332545,0.5625533060425779,0.562533016237955,0.5625382139548399
0.5625848057963454,0.5625772848583454,0.5625588494795793,0.562551475638775,0.5625496178318208,0.5625533060419783,0.5625330162364359,0.5625382139544979
0.5625848057968827,0.5625772848588823,0.5625588494801176,0.5625514756393138,0.5625496178304049,0.5625533060414593,0.5625330162349302,0.5625382139542549
0.5625848057963443,0.5625772848583441,0.5625588494795792,0.5625514756387753,0.562549617828167,0.562553306040001,0.5625330162326109,0.5625382139530363
0.5625848057959983,0.5625772848579975,0.5625588494792301,0.562551475638427,0.5625496178265335,0.5625533060389594,0.5625330162309193,0.5625382139521782
0.5625848057983979,0.5625772848603975,0.5625588494816344,0.5625514756408313,0.5625496178274455,0.5625533060405559,0.562533016231763,0.5625382139539864
0.5625848057948668,0.5625772848568661,0.5625588494780978,0.5625514756372932,0.5625496178230449,0.5625533060365513,0.5625330162273185,0.5625382139501006
0.562584805797196,0.5625772848591951,0.5625588494804309,0.5625514756396273,0.5625496178238583,0.5625533060380613,0.5625330162280627,0.5625382139518285
0.5625848057951512,0.5625772848571505,0.5625588494783836,0.5625514756375787,0.5625496178209044,0.5625533060355236,0.5625330162250648,0.5625382139494168
0.5625848057959991,0.5625772848579981,0.5625588494792315,0.5625514756384279,0.5625496178207146,0.5625533060358113,0.5625330162248275,0.562538213949852
0.5625848057953395,0.562577284857338,0.5625588494785714,0.5625514756377675,0.5625496178189803,0.5625533060345698,0.562533016223044,0.5625382139487629
0.5625848057960668,0.5625772848580666,0.5625588494792998,0.5625514756384963,0.5625496178188466,0.5625533060348327,0.5625330162228703,0.5625382139491483
0.5625848057964745,0.5625772848584734,0.5625588494797088,0.5625514756389051,0.5625496178185144,0.5625533060348403,0.562533016222504,0.562538213949261
0.5625848057948978,0.5625772848568964,0.5625588494781274,0.5625514756373234,0.5625496178164516,0.5625533060329995,0.5625330162204163,0.5625382139474876
0.562584805796347,0.5625772848583468,0.5625588494795809,0.5625514756387765,0.5625496178168645,0.5625533060338894,0.5625330162207828,0.562538213948526
0.562584805795689,0.5625772848576885,0.5625588494789218,0.562551475638118,0.56254961781556,0.5625533060328813,0.5625330162194483,0.5625382139476092
0.5625848057961307,0.5625772848581303,0.5625588494793636,0.5625514756385602,0.5625496178153804,0.5625533060329873,0.5625330162192399,0.5625382139478038
0.5625848057952809,0.5625772848572798,0.5625588494785119,0.5625514756377084,0.562549617813892,0.5625533060317921,0.5625330162177209,0.5625382139466969
0.562584805795657,0.5625772848576559,0.5625588494788896,0.5625514756380859,0.5625496178138568,0.5625533060319454,0.5625330162176673,0.5625382139469102
0.5625848057960018,0.5625772848580011,0.5625588494792332,0.5625514756384301,0.5625496178134962,0.5625533060319087,0.5625330162172743,0.562538213946974
0.5625848057959364,0.5625772848579355,0.5625588494791705,0.5625514756383664,0.5625496178129475,0.5625533060315825,0.5625330162167046,0.5625382139467163
0.5625848057972326,0.5625772848592323,0.5625588494804681,0.5625514756396643,0.5625496178137043,0.5625533060325867,0.5625330162174367,0.5625382139477985
0.5625848057964149,0.5625772848584145,0.5625588494796484,0.562551475638845,0.5625496178124865,0.5625533060315533,0.5625330162162012,0.5625382139468215
0.5625848057956607,0.5625772848576602,0.5625588494788935,0.5625514756380897,0.5625496178112388,0.5625533060305311,0.5625330162149288,0.5625382139458671
0.5625848057949032,0.5625772848569025,0.5625588494781348,0.5625514756373309,0.5625496178100775,0.5625533060295538,0.5625330162137474,0.5625382139449461
0.5625848057956255,0.5625772848576249,0.5625588494788571,0.5625514756380531,0.5625496178103472,0.5625533060300326,0.5625330162139967,0.5625382139454908
0.5625848057960651,0.5625772848580642,0.5625588494792982,0.5625514756384947,0.5625496178104231,0.562553306030276,0.562533016214056,0.5625382139457857
0.5625848057964438,0.5625772848584427,0.5625588494796756,0.5625514756388719,0.5625496178104084,0.5625533060304416,0.5625330162140241,0.5625382139460073
0.5625848057960325,0.5625772848580317,0.5625588494792654,0.5625514756384611,0.5625496178096544,0.5625533060298449,0.5625330162132545,0.5625382139454587
0.5625848057972668,0.562577284859266,0.5625588494805005,0.5625514756396974,0.5625496178105073,0.5625533060308742,0.562533016214089,0.5625382139465421
0.5625848057967928,0.5625772848587927,0.562558849480027,0.5625514756392237,0.5625496178096999,0.5625533060302204,0.5625330162132677,0.5625382139459366
0.5625848057968263,0.5625772848588265,0.5625588494800607,0.5625514756392572,0.5625496178094649,0.5625533060301077,0.5625330162130201,0.5625382139458639
0.5625848057952832,0.5625772848572825,0.562558849478514,0.5625514756377108,0.56254961780756,0.562553306028368,0.5625330162110967,0.5625382139441722
0.5625848057956258,0.5625772848576253,0.5625588494788595,0.5625514756380553,0.5625496178076578,0.5625533060285779,0.562533016211183,0.5625382139444164
0.5625848057959048,0.5625772848579035,0.5625588494791385,0.5625514756383344,0.5625496178076042,0.5625533060286778,0.5625330162111143,0.5625382139445632
0.5625848057960049,0.5625772848580046,0.5625588494792393,0.5625514756384351,0.5625496178074282,0.5625533060286284,0.5625330162109266,0.5625382139445539
0.5625848057963811,0.5625772848583809,0.5625588494796134,0.5625514756388104,0.5625496178075091,0.562553306028845,0.5625330162109945,0.5625382139448153
0.5625848057949387,0.5625772848569376,0.5625588494781695,0.5625514756373652,0.5625496178058826,0.5625533060273016,0.5625330162093576,0.5625382139432947
0.5625848057955997,0.5625772848575992,0.5625588494788321,0.5625514756380285,0.5625496178062105,0.5625533060277832,0.5625330162096698,0.5625382139438235
0.5625848057963468,0.5625772848583462,0.5625588494795816,0.5625514756387776,0.5625496178067599,0.5625533060284248,0.5625330162102132,0.5625382139444958
0.562584805795693,0.5625772848576926,0.5625588494789258,0.5625514756381222,0.5625496178058578,0.5625533060276358,0.562533016209298,0.5625382139437396
0.5625848057960033,0.562577284858003,0.5625588494792367,0.5625514756384321,0.5625496178059132,0.5625533060278083,0.5625330162093415,0.562538213943949
0.5625848073931563,0.5625772864557347,0.5625582366729871,0.5625508626146114,0.5625496194055363,0.5625533076272543,0.5625330178102297,0.5625382155445883
0.5625848073934616,0.56257728645604,0.5625582366732941,0.5625508626149189,0.5625496194056251,0.5625533076274435,0.5625330178103087,0.5625382155448079
0.562584807391261,0.5625772864538392,0.5625582366710886,0.5625508626127128,0.5625496194032682,0.5625533076251551,0.562533017807942,0.5625382155425391
0.5625848073919473,0.5625772864545252,0.5625582366717772,0.5625508626134008,0.5625496194037057,0.5625533076257085,0.5625330178083704,0.5625382155431295
0.5625848073922995,0.5625772864548779,0.5625582366721292,0.562550862613754,0.5625496194039329,0.5625533076259925,0.5625330178085911,0.562538215543432
0.5625848073934645,0.5625772864560433,0.5625582366732956,0.5625508626149209,0.5625496194048213,0.5625533076270103,0.5625330178094676,0.5625382155444899
0.5625848073938721,0.5625772864564511,0.5625582366737037,0.5625508626153294,0.5625496194050358,0.5625533076273139,0.562533017809674,0.5625382155448216
0.5625848073930863,0.5625772864556651,0.5625582366729182,0.5625508626145429,0.5625496194040775,0.5625533076264332,0.5625330178087071,0.5625382155439645
0.5625848073915113,0.5625772864540894,0.56255823667134,0.5625508626129646,0.5625496194023766,0.5625533076247877,0.5625330178069978,0.562538215542334
0.5625848073915127,0.5625772864540904,0.5625582366713405,0.5625508626129647,0.5625496194021417,0.5625533076246624,0.562533017806753,0.5625382155422426
0.5625848073943189,0.5625772864568975,0.5625582366741506,0.5625508626157765,0.5625496194048341,0.5625533076274094,0.5625330178094431,0.5625382155450109
0.5625848073923324,0.562577286454911,0.5625582366721622,0.5625508626137872,0.5625496194026272,0.5625533076253022,0.5625330178072245,0.5625382155429315
0.5625848073919847,0.5625772864545633,0.5625582366718141,0.5625508626134391,0.5625496194021122,0.5625533076248634,0.5625330178067005,0.5625382155425143
0.5625848073927123,0.5625772864552907,0.5625582366725437,0.5625508626141682,0.5625496194027391,0.5625533076255371,0.5625330178073231,0.5625382155432043
0.5625848073919545,0.5625772864545325,0.5625582366717837,0.5625508626134085,0.5625496194017724,0.5625533076246655,0.5625330178063471,0.5625382155423625
0.562584807392644,0.5625772864552225,0.5625582366724741,0.5625508626140993,0.5625496194023183,0.5625533076252782,0.562533017806886,0.5625382155429951
0.5625848073930909,0.5625772864556693,0.5625582366729216,0.5625508626145459,0.562549619402613,0.5625533076256437,0.5625330178071747,0.562538215543382
0.5625848073916441,0.5625772864542226,0.5625582366714734,0.5625508626130972,0.5625496194010643,0.5625533076241395,0.5625330178056206,0.5625382155418915
0.5625848073919862,0.5625772864545637,0.562558236671814,0.5625508626134386,0.5625496194012201,0.5625533076243817,0.5625330178057675,0.5625382155421602
0.562584807393494,0.5625772864560724,0.5625582366733247,0.56255086261495,0.5625496194026013,0.562553307625823,0.5625330178071443,0.5625382155436214
0.5625848073928066,0.5625772864553852,0.5625582366726383,0.5625508626142628,0.5625496194017758,0.5625533076250597,0.5625330178063118,0.5625382155428768
0.5625848073919872,0.5625772864545657,0.5625582366718158,0.5625508626134403,0.562549619400878,0.5625533076241976,0.562533017805409,0.5625382155420238
0.5625848073930866,0.562577286455665,0.5625582366729168,0.562550862614542,0.562549619401825,0.5625533076252149,0.562533017806351,0.562538215543066
0.5625848073922994,0.562577286454878,0.5625582366721285,0.5625508626137529,0.5625496194008839,0.5625533076243435,0.5625330178054015,0.5625382155422164
0.5625848073923007,0.5625772864548787,0.5625582366721292,0.5625508626137536,0.5625496194007691,0.5625533076242827,0.5625330178052811,0.5625382155421689
0.5625848073928043,0.562577286455382,0.5625582366726345,0.5625508626142587,0.5625496194011637,0.562553307624728,0.5625330178056716,0.5625382155426311
0.5625848073930854,0.5625772864556641,0.5625582366729164,0.5625508626145407,0.5625496194013075,0.5625533076249354,0.5625330178058088,0.5625382155428583
0.5625848073927403,0.5625772864553191,0.5625582366725705,0.5625508626141956,0.562549619400856,0.5625533076245324,0.5625330178053531,0.5625382155424699
0.5625848073919242,0.562577286454502,0.5625582366717521,0.5625508626133765,0.5625496193999144,0.562553307623646,0.5625330178044041,0.5625382155416006
0.5625848073918592,0.5625772864544375,0.5625582366716876,0.5625508626133119,0.5625496193997627,0.5625533076235352,0.5625330178042487,0.5625382155415023
0.5625848073912346,0.5625772864538121,0.5625582366710629,0.5625508626126874,0.5625496193990035,0.5625533076228368,0.5625330178034814,0.5625382155408217
0.5625848073923944,0.5625772864549724,0.5625582366722229,0.5625508626138473,0.5625496194000792,0.5625533076239523,0.5625330178045559,0.562538215541951
0.5625848073927727,0.5625772864553509,0.5625582366726016,0.5625508626142262,0.5625496194003383,0.5625533076242665,0.5625330178048109,0.5625382155422828
0.5625848073943155,0.5625772864568942,0.5625582366741474,0.5625508626157729,0.5625496194017766,0.562553307625755,0.562533017806245,0.5625382155437889
0.56258480739233,0.5625772864549085,0.562558236672159,0.5625508626137834,0.5625496193997069,0.562553307623722,0.562533017804171,0.5625382155417662
0.5625848073915758,0.5625772864541536,0.5625582366714037,0.562550862613028,0.5625496193988276,0.5625533076228989,0.5625330178032841,0.5625382155409596
0.5625848073930882,0.5625772864556672,0.5625582366729194,0.5625508626145438,0.5625496194002522,0.5625533076243655,0.5625330178047063,0.5625382155424405
0.5625848073927103,0.5625772864552888,0.5625582366725397,0.5625508626141643,0.5625496193997753,0.5625533076239345,0.5625330178042244,0.5625382155420219
0.5625848073923027,0.5625772864548808,0.5625582366721325,0.5625508626137564,0.5625496193992705,0.5625533076234719,0.5625330178037139,0.5625382155415728
0.562584807393496,0.5625772864560747,0.5625582366733275,0.5625508626149519,0.5625496194003755,0.5625533076246197,0.5625330178048166,0.5625382155427359
0.5625848073930884,0.5625772864556667,0.5625582366729177,0.5625508626145425,0.5625496193998799,0.5625533076241644,0.5625330178043167,0.5625382155422912
0.5625848073934682,0.5625772864560467,0.562558236673299,0.5625508626149243,0.5625496194001688,0.5625533076244943,0.5625330178046017,0.562538215542636
0.5625848073926774,0.5625772864552556,0.5625582366725064,0.562550862614131,0.5625496193992846,0.5625533076236527,0.5625330178037119,0.5625382155418059
0.5625848073911723,0.56257728645375,0.5625582366709998,0.5625508626126239,0.5625496193976891,0.5625533076220971,0.5625330178021114,0.5625382155402607
0.5625848073926769,0.5625772864552551,0.5625582366725058,0.5625508626141306,0.5625496193991166,0.5625533076235616,0.5625330178035356,0.5625382155417378
0.5625848073927457,0.5625772864553239,0.5625582366725769,0.5625508626142014,0.5625496193991049,0.5625533076235862,0.5625330178035217,0.5625382155417751
0.5625848073930227,0.5625772864556016,0.5625582366728533,0.5625508626144785,0.5625496193992952,0.5625533076238186,0.5625330178037076,0.5625382155420192
0.5625848073935629,0.5625772864561419,0.5625582366733946,0.562550862615019,0.5625496193997548,0.5625533076243153,0.5625330178041633,0.562538215542528
0.5625848057956908,0.5625772848576904,0.5625588494789223,0.562551475638119,0.5625496177991088,0.5625533060239849,0.5625330162022394,0.5625382139410474
0.5625848057963538,0.5625772848583537,0.5625588494795887,0.5625514756387847,0.5625496177996913,0.5625533060246041,0.5625330162028159,0.5625382139416779
0.5625848057956615,0.5625772848576606,0.5625588494788932,0.5625514756380892,0.5625496177989431,0.5625533060238818,0.5625330162020665,0.5625382139409645
0.5625848057960715,0.5625772848580712,0.5625588494793047,0.5625514756385012,0.56254961779925,0.5625533060242357,0.5625330162023671,0.562538213941332
0.5625848057952823,0.562577284857281,0.5625588494785122,0.5625514756377084,0.5625496177983834,0.5625533060234045,0.5625330162014984,0.5625382139405116
0.5625848057956279,0.5625772848576275,0.5625588494788597,0.5625514756380555,0.562549617798659,0.562553306023712,0.5625330162017709,0.5625382139408304
0.5625848057964165,0.562577284858416,0.5625588494796501,0.5625514756388467,0.5625496177993758,0.5625533060244633,0.5625330162024857,0.5625382139415926
0.5625848057963858,0.5625772848583855,0.5625588494796205,0.5625514756388167,0.5625496177992745,0.5625533060243938,0.56253301620238,0.5625382139415317
0.5625848057956325,0.5625772848576314,0.5625588494788664,0.5625514756380622,0.5625496177984461,0.5625533060235983,0.5625330162015463,0.5625382139407463
0.5625848057960076,0.5625772848580072,0.5625588494792406,0.562551475638437,0.5625496177987594,0.5625533060239413,0.5625330162018584,0.5625382139410984
0.5625848057960061,0.5625772848580054,0.5625588494792395,0.5625514756384351,0.5625496177986851,0.5625533060239,0.562533016201781,0.5625382139410684
0.5625848057959743,0.5625772848579741,0.5625588494792086,0.5625514756384046,0.5625496177985844,0.5625533060238309,0.5625330162016757,0.5625382139410076
