0.006263111971448992,0.10380203279055714,0.14957088837607546
0.006519436009466404,0.1150734639261454,0.15181409832026949
0.006544779964529072,0.11740199204195963,0.15857682575835744
0.006544779978563436,0.11740199246534914,0.16341388285930816
0.006544779978563436,0.11740199246534914,0.16836005075664393
0.006544779978563437,0.11740199246534914,0.17185912018585328
0.006544779978563437,0.11740199246534914,0.17394434928212157
0.006544779978563437,0.11740199246534914,0.1748108647770529
0.006544779978563437,0.11740199246534914,0.17508533952827118
0.006544779978563437,0.11740199246534914,0.17515278468277953
0.006544779978563437,0.11740199246534914,0.1751661980421804
0.006544779978563437,0.11740199246534914,0.17516865376783672
0.006544779978563437,0.11740199246534914,0.1751691271640909
0.006544779978563437,0.11740199246534914,0.17516930678572457
0.006544779978563437,0.11740199246534914,0.17516941621085408
0.006544779978563437,0.11740199246534914,0.17516949003134666
0.006544779978563437,0.11740199246534914,0.1751695694495232
0.006544779978563437,0.11740199246534914,0.1751696224771785
0.006544779978563437,0.11740199246534914,0.17516967356158086
0.006544779978563437,0.11740199246534914,0.17516971119113073
0.006544779978563437,0.11740199246534914,0.17516973377507788
0.006544779978563437,0.11740199246534914,0.17516976995642197
0.006544779978563437,0.11740199246534914,0.17516980234104207
0.006544779978563437,0.11740199246534914,0.17516982804496742
0.006544779978563437,0.11740199246534914,0.17516984784804357
0.006544779978563437,0.11740199246534914,0.17516986912852056
0.006544779978563437,0.11740199246534914,0.1751698876545871
0.006544779978563437,0.11740199246534914,0.17516990169171365
0.006544779978563437,0.11740199246534914,0.17516991795157874
0.006544779978563437,0.11740199246534914,0.17516992732701758
0.006544779978563437,0.11740199246534914,0.17516994390631083
0.006544779978563437,0.11740199246534914,0.17516995376105246
0.006544779978563437,0.11740199246534914,0.17516996508799593
0.006544779978563437,0.11740199246534914,0.17516997677884394
0.006544779978563437,0.11740199246534914,0.17516998619849233
0.006544779978563437,0.11740199246534914,0.17516999426538493
0.006544779978563437,0.11740199246534914,0.1751699995396516
0.006544779978563437,0.11740199246534914,0.17517001086698372
0.006544779978563437,0.11740199246534914,0.17517001787742484
0.006544779978563437,0.11740199246534914,0.17517002466734
0.006544779978563437,0.11740199246534914,0.17517003160876957
0.006544779978563437,0.11740199246534914,0.1751700360955794
0.006544779978563437,0.11740199246534914,0.17517004378458784
0.006544779978563437,0.11740199246534914,0.1751700490485581
0.006544779978563437,0.11740199246534914,0.1751700549634382
0.006544779978563437,0.11740199246534914,0.17517005930199342
0.006544779978563437,0.11740199246534914,0.17517006465036178
0.006544779978563437,0.11740199246534914,0.17517006902575719
0.006544779978563437,0.11740199246534914,0.17517007399338122
0.006544779978563437,0.11740199246534914,0.17517007797731224
0.006544779978563437,0.11740199246534914,0.17517008224989586
0.006544779978563437,0.11740199246534914,0.17517008596634573
0.006544779978563437,0.11740199246534914,0.17517009016575993
0.006544779978563437,0.11740199246534914,0.17517009380079274
0.006544779978563437,0.11740199246534914,0.1751700967338131
0.006544779978563437,0.11740199246534914,0.1751701006134919
0.006544779978563437,0.11740199246534914,0.17517010327941332
0.006544779978563437,0.11740199246534914,0.17517010690872784
0.006544779978563437,0.11740199246534914,0.17517010992290533
0.006544779978563437,0.11740199246534914,0.17517011318167774
0.006544779978563437,0.11740199246534914,0.17517011513400468
0.006544779978563437,0.11740199246534914,0.17517011877247946
0.006544779978563437,0.11740199246534914,0.1751701209519561
0.006544779978563437,0.11740199246534914,0.17517012363181414
0.006544779978563437,0.11740199246534914,0.17517012642392935
0.006544779978563437,0.11740199246534914,0.17517012896117615
0.006544779978563437,0.11740199246534914,0.17517013134727527
0.006544779978563437,0.11740199246534914,0.1751701329708058
0.006544779978563437,0.11740199246534914,0.17517013570068712
0.006544779978563437,0.11740199246534914,0.17517013707566662
0.006544779978563437,0.11740199246534914,0.17517014013428983
0.006544779978563437,0.11740199246534914,0.17517014225512723
0.006544779978563437,0.11740199246534914,0.1751701440916752
0.006544779978563437,0.11740199246534914,0.17517014541330814
0.006544779978563437,0.11740199246534914,0.17517014800058842
0.006544779978563437,0.11740199246534914,0.17517014932149985
0.006544779978563437,0.11740199246534914,0.17517015165351668
0.006544779978563437,0.11740199246534914,0.17517015346687456
0.006544779978563437,0.11740199246534914,0.17517015458376592
0.006544779978563437,0.11740199246534914,0.17517015684432946
0.006544779978563437,0.11740199246534914,0.17517015843234632
0.006544779978563437,0.11740199246534914,0.17517016008884886
0.006544779978563437,0.11740199246534914,0.1751701611542866
0.006544779978563437,0.11740199246534914,0.17517016320331674
0.006544779978563437,0.11740199246534914,0.1751701646254712
0.006544779978563437,0.11740199246534914,0.17517016610853653
0.006544779978563437,0.11740199246534914,0.1751701669483552
0.006544779978563437,0.11740199246534914,0.17517016862778728
0.006544779978563437,0.11740199246534914,0.1751701703020847
0.006544779978563437,0.11740199246534914,0.17517017154907913
0.006544779978563437,0.11740199246534914,0.17517017275181312
0.006544779978563437,0.11740199246534914,0.1751701742668253
0.006544779978563437,0.11740199246534914,0.1751701754099287
0.006544779978563437,0.11740199246534914,0.1751701767459442
0.006544779978563437,0.11740199246534914,0.175170177696581
0.006544779978563437,0.11740199246534914,0.1751701791398431
0.006544779978563437,0.11740199246534914,0.17517018008375115
0.006544779978563437,0.11740199246534914,0.17517018139806903
0.006544779978563437,0.11740199246534914,0.17517018259297598
0.006544779978563437,0.11740199246534914,0.1751701834449849
0.006544779978563437,0.11740199246534914,0.17517018479254973
0.006544779978563437,0.11740199246534914,0.1751701857924963
0.006544779978563437,0.11740199246534914,0.1751701868623365
0.006544779978563437,0.11740199246534914,0.17517018788806213
0.006544779978563437,0.11740199246534914,0.17517018890826191
0.006544779978563437,0.11740199246534914,0.17517018984324587
0.006544779978563437,0.11740199246534914,0.1751701908467243
0.006544779978563437,0.11740199246534914,0.1751701918361694
0.006544779978563437,0.11740199246534914,0.17517019278542142
0.006544779978563437,0.11740199246534914,0.17517019366582046
0.006544779978563437,0.11740199246534914,0.17517019452168645
0.006544779978563437,0.11740199246534914,0.1751701955023646
0.006544779978563437,0.11740199246534914,0.17517019640031442
0.006544779978563437,0.11740199246534914,0.17517019713518175
0.006544779978563437,0.11740199246534914,0.17517019803395772
0.006544779978563437,0.11740199246534914,0.17517019863108582
0.006544779978563437,0.11740199246534914,0.17517019976165454
0.006544779978563437,0.11740199246534914,0.1751702005884576
0.006544779978563437,0.11740199246534914,0.1751702013537311
0.006544779978563437,0.11740199246534914,0.17517020216401097
0.006544779978563437,0.11740199246534914,0.17517020291712046
0.006544779978563437,0.11740199246534914,0.17517020372009748
0.006544779978563437,0.11740199246534914,0.17517020440176218
0.006544779978563437,0.11740199246534914,0.17517020520899512
0.006544779978563437,0.11740199246534914,0.17517020594056898
0.006544779978563437,0.11740199246534914,0.1751702066819678
