10
10.041666666666666
10.083333333333332
10.124999999999998
10.166666666666664
10.20833333333333
10.249999999999996
10.291666666666663
10.333333333333329
10.374999999999995
10.41666666666666
10.458333333333327
10.499999999999993
10.541666666666659
10.583333333333325
10.624999999999991
10.666666666666657
10.708333333333323
10.74999999999999
10.791666666666655
10.833333333333321
10.874999999999988
10.916666666666654
10.95833333333332
10.999999999999986
11.041666666666652
11.083333333333318
11.124999999999984
11.16666666666665
11.208333333333316
11.249999999999982
11.291666666666648
11.333333333333314
11.37499999999998
11.416666666666647
11.458333333333313
11.499999999999979
11.541666666666645
11.58333333333331
11.624999999999977
11.666666666666643
11.708333333333309
11.749999999999975
11.791666666666641
11.833333333333307
11.874999999999973
11.91666666666664
11.958333333333306
11.999999999999972
12.041666666666638
12.083333333333304
12.12499999999997
12.166666666666636
12.208333333333302
12.249999999999968
12.291666666666634
12.3333333333333
12.374999999999966
12.416666666666632
12.458333333333298
12.499999999999964
12.54166666666663
12.583333333333297
12.624999999999963
12.666666666666629
12.708333333333295
12.749999999999961
12.791666666666627
12.833333333333293
12.87499999999996
12.916666666666625
12.958333333333291
12.999999999999957
13.041666666666623
13.08333333333329
13.124999999999956
13.166666666666622
13.208333333333288
13.249999999999954
13.29166666666662
13.333333333333286
13.374999999999952
13.416666666666618
13.458333333333284
13.49999999999995
13.541666666666616
13.583333333333282
13.624999999999948
13.666666666666615
13.70833333333328
13.749999999999947
13.791666666666613
13.833333333333279
13.874999999999945
13.916666666666611
13.958333333333277
13.999999999999943
14.04166666666661
14.083333333333275
14.124999999999941
14.166666666666607
14.208333333333274
14.24999999999994
14.291666666666606
14.333333333333272
14.374999999999938
14.416666666666604
14.45833333333327
14.499999999999936
14.541666666666602
14.583333333333268
14.624999999999934
14.6666666666666
14.708333333333266
14.749999999999932
14.791666666666599
14.833333333333265
14.87499999999993
14.916666666666597
14.958333333333263
14.999999999999929
15.041666666666595
15.083333333333261
15.124999999999927
15.166666666666593
15.20833333333326
