0.9598966445746506,0.9598848079694118,0.9598328224894761,0.9598184785626371,0.9598236050356419,0.9598371626123685,0.9597594342382265,0.9597743211520051,0.9597776923143959,0.9597658129716429,0.9597116529130545,0.9596991696814052,0.9597107092185346,0.9597191588504574,0.9596482345661672,0.9596605833890544,0.9596699476805701,0.9596563509869116,0.9596416711003626,0.9596289096308772,0.9596546662928647,0.959656089984626
0.9599186058732883,0.9599067755989463,0.959854592669718,0.9598402563356694,0.9598455958695122,0.9598591461985364,0.9597816183510968,0.9597964972497,0.9597996981713055,0.9597878251758973,0.9597336940410721,0.9597212174788965,0.9597327413478725,0.9597411864672669,0.9596663935319345,0.9596787369279114,0.9596919815048075,0.959678336246051,0.9596634259428196,0.9596506129022748,0.9596767025689197,0.9596781342799736
0.9599222193646961,0.9599103901320485,0.9598582117952701,0.959843876723486,0.9598492033745489,0.9598627525146011,0.9597852314673276,0.9598001090604815,0.9598032972778698,0.9597914253205999,0.9597372989163973,0.9597248234450448,0.959736333866051,0.9597447782496284,0.9596658388190007,0.9596781823807576,0.9596955507222962,0.9596818306596204,0.9596663577139248,0.9596534812836279,0.9596802564805813,0.9596817048098585
0.9599197323550073,0.9599079024054067,0.9598557209078404,0.9598413849672931,0.9598466989431034,0.9598602489085744,0.9597827231404297,0.9597976016398624,0.9598007770366861,0.9597889043524706,0.9597347746356897,0.9597222984004976,0.9597337964880803,0.9597422413913634,0.9596612185212094,0.9596735634637796,0.9596929831428556,0.9596791850816588,0.9596634933458221,0.9596505493883378,0.9596776664704947,0.9596791343782121
0.9599351800761362,0.9599233545798356,0.9598714178636008,0.9598570873978158,0.9598621605871998,0.9598757054567248,0.9597980499086731,0.9598129228703738,0.9598162423800731,0.959804374156769,0.9597507926059381,0.9597383212177772,0.9597492734181963,0.9597577151514813,0.9596772827917499,0.959689622933352,0.9597084472640229,0.9596945778014669,0.9596781735400017,0.9596651651758188,0.9596931091747067,0.9596945990352055
0.959939391742463,0.9599275674603238,0.9598756360737593,0.9598613070792148,0.9598663658632007,0.9598799093467092,0.9598022617420465,0.9598171331819447,0.9598204384555673,0.9598085714426188,0.9597549953533449,0.9597425252369503,0.9597534624051445,0.9597619032804279,0.9596814790927135,0.9596938179801966,0.959712612399402,0.9596986703788508,0.9596814706149606,0.9596683920219362,0.9596972424836177,0.9596987577911948
0.9599425867633007,0.9599307634022449,0.9598788360588604,0.9598645081804198,0.9598695521478606,0.9598830945811974,0.9598054529951674,0.9598203232820146,0.9598236138635035,0.9598117477665022,0.9597581758103158,0.9597457066563404,0.9597566285238341,0.9597650687506207,0.9596840907318718,0.9596964288388277,0.9597157537074781,0.9597017420038993,0.9596836435769593,0.9596704912545262,0.9597003428446149,0.959701888027175
0.9599400911375016,0.9599282670569886,0.9598763365554845,0.9598620078052555,0.9598670369555247,0.9598805802178478,0.9598029338808234,0.9598178050778685,0.9598210807175753,0.9598092138898875,0.9597556386365782,0.9597431687148439,0.9597540760847334,0.9597625168343205,0.9596815338014832,0.9596938726726139,0.9597131708833901,0.9596990918948987,0.9596799668689291,0.9596667348652062,0.9596934276256108,0.9596950089814515
0.9599427847313939,0.9599309614274087,0.9598790343345471,0.9598647065252619,0.9598697190289962,0.95988326140733,0.9598056201365337,0.9598204903629899,0.9598237494566946,0.9598118833988061,0.9597583116191086,0.9597458425062315,0.9597567328121375,0.9597651730175634,0.9596841952036839,0.959696533279415,0.9597158012176747,0.9597016568420416,0.9596811716139027,0.9596678475670644,0.959694961997448,0.9596965807436981
0.9599520826194907,0.9599402619959856,0.9598883466693398,0.959874022108077,0.959879016873582,0.9598925561874014,0.959814932479615,0.9598297993413352,0.9598330410852014,0.9598211777075076,0.9597676180218202,0.9597551517251257,0.9597660229400959,0.9597744612426651,0.9596935016787385,0.9597058369730729,0.9597250731091591,0.9597108753198531,0.9596887504748117,0.9596753303928454,0.9597030176871142,0.959704677990993
0.9599608583234416,0.9599490402299016,0.9598969110013511,0.9598825894272489,0.9598877916417299,0.9599013280634063,0.9598238797570853,0.9598387433859412,0.9598418090896224,0.9598299482411099,0.9597758724576559,0.9597634086588362,0.9597747886279075,0.959783225135018,0.9597028425518532,0.959715175054477,0.9597338221242575,0.959719581496052,0.9596983045166878,0.9596847838273437,0.9597104590893644,0.9597121641032538
0.9599580379691433,0.959946219062515,0.9598943112722682,0.9598799887914011,0.9598849497093551,0.9598984870677285,0.9598208745667827,0.9598357392814894,0.9598389474031024,0.9598270857291176,0.9597735337311839,0.9597610692246383,0.9597719056755214,0.9597803427731442,0.9596993947656403,0.9597117282987082,0.9597309128202551,0.9597166353429221,0.9596911696582293,0.9596775369848738,0.9597061536504132,0.9597079065966787
0.9599622948818758,0.9599504772024869,0.9598983497997742,0.9598840287275132,0.9598891970680867,0.9599027330265348,0.9598252873695827,0.9598401504898313,0.9598431823604414,0.9598313219080614,0.9597772479297091,0.9597647845471229,0.9597761303541634,0.9597845665864517,0.9597041866208431,0.9597165187217629,0.9597351191414434,0.959720815114024,0.9596924203880639,0.9596786746807324,0.9597087893461078,0.9597105968967514
0.9599588324746862,0.9599470137971082,0.959895107012297,0.9598807848089774,0.9598857105744572,0.9598992476820487,0.9598216366183459,0.9598365010577037,0.9598396740249,0.9598278125605142,0.9597742615083644,0.9597617972220538,0.9597725983298506,0.959781035285596,0.9597000886387916,0.9597124219644819,0.9597315615919928,0.9597172353599481,0.9596876625249362,0.9596737947779856,0.9597034909212985,0.9597053599226564
0.9599713325723649,0.9599595174985043,0.9599074015826083,0.9598930836675674,0.9598982144434687,0.9599117474297731,0.9598343187715832,0.9598491786285284,0.9598521733752059,0.959840315516368,0.9597862533563619,0.9597737926989445,0.9597850995152886,0.9597935339104169,0.9597131714427729,0.9597255008583603,0.959744053779624,0.9597297168067607,0.9596967001977452,0.9596827099996439,0.9597141198424457,0.9597160546242465
0.9599677664981003,0.9599559503961537,0.9599040549173166,0.9598897358349701,0.9598946233504659,0.9599081575204051,0.9598305632926714,0.9598454245065831,0.9598485595747277,0.9598367006734505,0.9597831611869854,0.9597706995938313,0.9597814611043098,0.959789896244698,0.9597089670086665,0.9597212976808551,0.959740390999994,0.9597260422944605,0.9596928380306051,0.9596787189688811,0.9597092604651789,0.9597112648012944
0.9599835153093577,0.9599717037477746,0.959919603316223,0.9599052896571412,0.9599103816718833,0.9599239106477953,0.9598465049264866,0.9598613603801716,0.9598643169722012,0.9598524626163416,0.9597984164188404,0.9597859594421807,0.9597972256011205,0.9598056575124274,0.959725318701903,0.9597376444869425,0.9597561512554622,0.9597418010470844,0.9597035459428542,0.9596893040050656,0.9597248995512635,0.9597269740669343
0.9623859956295089,0.9623748777097629,0.9623268436140433,0.9623133708242289,0.9623217059103883,0.9623344389388084,0.9622622340871443,0.962276215381116,0.9622817906172954,0.9622706346349101,0.962221065754437,0.9622093429907979,0.9622209802115749,0.9622289149289702,0.9621535853128684,0.9621651842749348,0.9621835401589347,0.9621700321903952,0.9621334139260085,0.9621199003426082,0.9621495005267988,0.9621515242225673
0.9623884013552417,0.9623772841310834,0.9623290413802421,0.9623155693592409,0.9623241153851052,0.9623368476170309,0.9622647966699742,0.9622787770352923,0.962284202315645,0.9622730470309833,0.96222298512775,0.9622112629466513,0.9622233954397414,0.9622313296609668,0.962156531181513,0.9621681292605351,0.9621859574115388,0.9621724500194815,0.9621342928976468,0.9621207759251671,0.9621517588233188,0.9621537849294108
0.9623884511056846,0.9623773338959101,0.9623293028672519,0.9623158309377222,0.9623241652186296,0.9623368974340818,0.9622646971921174,0.9622786775934855,0.9622842522007169,0.9622730969304862,0.9622235312139737,0.9622118091986163,0.9622234454034218,0.9622313796143849,0.9621560548057981,0.962167653027618,0.9621860074235746,0.9621725000489896,0.962135627969291,0.9621221114629317,0.9621518060412015,0.9621538321448215
0.9623884525980602,0.962377335388718,0.9623290927021662,0.9623156206991181,0.9623241667135707,0.9623368989285288,0.9622648480774811,0.9622788284241708,0.9622842536972833,0.9622730984274874,0.9622230365909592,0.9622113144254809,0.9622234469023903,0.9622313811130445,0.9621565827332512,0.9621681807968203,0.9621860089240692,0.9621725015500073,0.9621343379491165,0.9621208209923666,0.9621518074320679,0.9621538335356143
0.9623884525674842,0.9623773353581333,0.9623293043313013,0.9623158324022836,0.9623241666828697,0.9623368988978378,0.9622646986586207,0.9622786790594564,0.9622842536664684,0.9622730983966619,0.9622235326820314,0.9622118106671187,0.9622234468714805,0.9622313810821419,0.9621560562764182,0.9621676544977971,0.9621860088930514,0.9621725015189804,0.9621356290313638,0.9621221125253756,0.9621518074010189,0.9621538335045683
0.9623884525966862,0.9623773353873435,0.9623290927007899,0.9623156206977415,0.9623241667121905,0.9623368989271488,0.9622648480760969,0.9622788284227861,0.9622842536958989,0.9622730984261025,0.962223036589571,0.9622113144240911,0.9622234469010025,0.9622313811116561,0.9621565827318583,0.9621681807954285,0.9621860089226815,0.9621725015486191,0.962134337947725,0.9621208209909737,0.962151807430681,0.9621538335342272
0.9623884525702691,0.9623773353609189,0.9623293043340901,0.9623158324050736,0.9623241666856677,0.9623368989006351,0.9622646986614196,0.9622786790622551,0.9622842536692751,0.9622730983994703,0.9622235326848443,0.9622118106699333,0.9622234468742965,0.9622313810849565,0.962156056279238,0.9621676545006161,0.9621860088958727,0.9621725015218019,0.9621356290341854,0.9621221125281989,0.962151807403844,0.9621538335073927
0.9623884525966862,0.9623773353873435,0.9623290927007899,0.9623156206977415,0.9623241667121905,0.9623368989271488,0.9622648480760969,0.9622788284227861,0.9622842536958989,0.9622730984261025,0.962223036589571,0.9622113144240911,0.9622234469010025,0.9622313811116561,0.9621565827318583,0.9621681807954285,0.9621860089226815,0.9621725015486191,0.962134337947725,0.9621208209909737,0.962151807430681,0.9621538335342272
0.960004173264583,0.9599923676587938,0.9599405182538798,0.9599262118900656,0.959931057402464,0.959944579563395,0.9598670541604257,0.959881902188847,0.9598849968029715,0.9598731484125991,0.9598196563551757,0.9598072058062255,0.9598179200771217,0.9598263477494315,0.9597454901384379,0.9597578098945607,0.9597768463313876,0.9597624984738828,0.959722612626037,0.9597082548905851,0.9597406169678204,0.959742769089615
0.9600061717310908,0.9599943667014781,0.9599422950670233,0.9599279893229826,0.959933042792676,0.9599465642991885,0.9598692012980896,0.9598840485506539,0.9598869677607567,0.9598751199389528,0.959821103516084,0.9598086534050858,0.9598198775663835,0.9598283048377212,0.9597480102204929,0.9597603292233936,0.9597787885200022,0.9597644384572515,0.9597202967255749,0.9597058240167811,0.9597406248207396,0.9597428423020551
0.9600029821229323,0.9599911761737288,0.9599393252613551,0.959925018481413,0.9599298298890309,0.9599433524545706,0.9598658247327558,0.9598806732054237,0.9598837336268427,0.9598718848720798,0.9598183911703888,0.9598059402385597,0.9598166204965086,0.9598250484350237,0.9597441882708981,0.9597565084161328,0.9597755101243708,0.959761156839517,0.9597162375896557,0.9597016485722316,0.9597351825976175,0.9597374734859243
0.9600053190203524,0.959993513744896,0.9599414410266014,0.9599271349846614,0.9599321540882688,0.9599456758877127,0.9598683112112285,0.9598831587854215,0.9598860435478995,0.9598741954594843,0.9598201778217113,0.959807727430573,0.9598189172763412,0.9598273447443848,0.9597470482536361,0.9597593675440586,0.9597777920150448,0.9597634382019335,0.9597169590588375,0.9597022652977363,0.9597352752216626,0.9597376393492152
0.9600187337037842,0.9600069322959359,0.9599548766285244,0.9599405752731134,0.9599455764932778,0.9599590938684308,0.9598817544960849,0.9598965972125704,0.9598994647854278,0.9598876205687061,0.9598336205736206,0.9598211742506668,0.9598323441795062,0.9598407688971597,0.9597604986024366,0.959772813872676,0.9597912159038597,0.9597768659247599,0.9597303835318636,0.9597155989638162,0.9597464871496875,0.9597489242084287
0.9600219340339795,0.9600101335488325,0.9599580819492781,0.9599437817119418,0.959948767267139,0.9599622835905397,0.959884950233548,0.9598997917952485,0.9599026438566263,0.9598908005569979,0.9598368047409571,0.9598243593816367,0.9598355131350544,0.9598439372035703,0.9597636730915742,0.9597759874129821,0.9597943725982576,0.9597800231726137,0.9597335284056947,0.9597186633298429,0.9597473802881069,0.9597498915175913
0.9600251065407175,0.9600133069702526,0.9599612594032063,0.9599469602742259,0.9599519312172935,0.9599654464977792,0.9598881191056001,0.9599029595222179,0.9599057971245764,0.9598939547345999,0.9598399630636962,0.9598275186601946,0.959838657297488,0.9598470807219388,0.9597668227443206,0.9597791361243142,0.9597975055630679,0.9597831568650166,0.95973665277079,0.9597217234479876,0.9597503656299675,0.9597529518756436
0.9600332435792882,0.9600214463548749,0.9599696337408554,0.9599553375330236,0.9599600695408466,0.9599735821387256,0.9598961115425486,0.9599109490710551,0.9599139313333553,0.9599020912899439,0.9598486368970838,0.9598361951186039,0.959846791523717,0.9598552132819045,0.9597744123922305,0.9597867235037034,0.9598056345930164,0.9597912884986814,0.9597463256354679,0.9597313513649552,0.959753956826715,0.9597566198913383
0.9600321694083565,0.9600203718742386,0.9599683332847109,0.9599540366232511,0.9599589812390359,0.9599724941956496,0.9598951800945519,0.9599100179596454,0.9599128295821104,0.9599009892208634,0.9598470067945595,0.9598345645227468,0.9598456757244336,0.9598540977111887,0.9597738534268743,0.9597861647054218,0.9598045053748265,0.9597901586620607,0.9597436459089601,0.9597286351299712,0.9597504318573604,0.9597531714137373
0.960040864269808,0.9600290692425921,0.9599772662734067,0.9599629727279928,0.9599676801709365,0.959981190260125,0.9599037340415011,0.9599185688155494,0.9599215268205412,0.9599096889683045,0.9598562444628438,0.9598438049867137,0.9598543756951194,0.9598627958997081,0.959782009910352,0.959794318750933,0.9598132025239152,0.9597988586771395,0.9597538924822455,0.9597388617729588,0.9597581567036699,0.9597609726727008
0.9600511471823467,0.9600393551199351,0.9599875651650633,0.9599732752121977,0.9599779688504042,0.9599914755480998,0.9599140387664582,0.9599288698167612,0.9599318144524109,0.9599199795680222,0.9598665484545916,0.9598541120968926,0.9598646675168414,0.9598730856131505,0.95979231984395,0.9598046256028665,0.9598234919832462,0.9598091516058356,0.9597641937126422,0.9597491516745087,0.9597682821851365,0.9597711882562385
0.9600582917739355,0.9600465017714983,0.9599947208591006,0.9599804334023732,0.9599851150827119,0.9599986194247472,0.9599211961436322,0.9599360246074959,0.9599389575853117,0.9599271247616448,0.9598737029469655,0.9598612687545465,0.9598718111803806,0.9598802278132939,0.9597994760792683,0.9598117796991454,0.9598306316226226,0.9598162936499983,0.9597713417151859,0.9597562927740964,0.9597752701929771,0.9597782580722867
0.9600655631626729,0.9600537752567864,0.9600017791146975,0.9599874941201394,0.9599923878511321,0.9600058897957766,0.9599286386761996,0.9599434644505582,0.9599462269085166,0.9599343961819959,0.9598804576596349,0.9598680255115213,0.9598790807515387,0.9598874958952519,0.9598073167874204,0.959819618063644,0.9598378968045895,0.9598235612713193,0.959777075699106,0.9597620227311698,0.9597823725617061,0.9597854479990551
0.9600686139528245,0.9600568269265746,0.9600050590784683,0.9599907752280854,0.959995424303157,0.9600089252468573,0.9599315214419519,0.9599463461745563,0.9599492469643183,0.9599374171090647,0.9598840086889775,0.9598715776155842,0.9598820859043795,0.9598905004324731,0.9598097688854441,0.9598220694287103,0.9598408850828788,0.959826550476466,0.9597816079776502,0.959766552924131,0.9597850629393261,0.9597882922116154
0.9600632546022618,0.9600514660307502,0.9599996913995477,0.9599854056767181,0.959990032507009,0.9600035352280691,0.9599261212369343,0.9599409479210212,0.9599438262079261,0.9599319947888183,0.9598785793120346,0.9598661465954388,0.9598766333463085,0.9598850489913846,0.9598043067315523,0.9598166089075093,0.9598354040851163,0.9598210674673513,0.9597761186712164,0.9597610595014965,0.9597792226776898,0.9597826317423634
0.9624067356846995,0.9623956237617575,0.9623476155720629,0.9623341500486962,0.9623423800488402,0.9623551062429825,0.9622829401431254,0.962296913933361,0.9623023854846902,0.962291235460619,0.962241693051737,0.9622299765486664,0.9622415067053551,0.962249437205867,0.9621741476201222,0.9621857404184366,0.9622039841483345,0.9621904743498031,0.962148916390754,0.9621347249602064,0.9621507524307595,0.9621541498862449
0.9624105873770787,0.962399476567835,0.9623514731892899,0.9623380090154143,0.9623462373220002,0.9623589622410209,0.9622868033713798,0.9623007757615878,0.9623062458955118,0.962295096988316,0.9622455595414812,0.9622338442119409,0.9622453723436468,0.962253302050005,0.9621780200030581,0.962189611640571,0.9622078526721392,0.9621943442197107,0.9621527904241141,0.9621386003816195,0.9621545978319737,0.9621580101358467
0.9624106481663615,0.9623995373746945,0.9623515340720747,0.9623380699194986,0.9623462982088637,0.9623590231077566,0.962286864352246,0.9623008367203545,0.9623063068414208,0.9622951579518575,0.9622456205833614,0.9622339052723483,0.9622454333816184,0.9622533630754357,0.9621780811475267,0.9621896727667107,0.9622079137652304,0.9621944053341616,0.962152851604257,0.9621386615841985,0.962154658871726,0.962158071243483
0.9624106528113876,0.9623995420210629,0.9623515387242461,0.9623380745732972,0.9623463028616566,0.9623590277590115,0.9622868690122193,0.9623008413786382,0.9623063114990325,0.9622951626108174,0.9622456252483025,0.9622339099387072,0.9622454380465781,0.9622533677394374,0.9621780858206248,0.9621896774384073,0.9622079184347201,0.962194410005285,0.9621528562804016,0.9621386662620579,0.9621546635476506,0.9621580759189929
0.9624106528113945,0.9623995420210696,0.9623515387242529,0.9623380745733041,0.9623463028616634,0.9623590277590182,0.9622868690122262,0.9623008413786451,0.9623063114990393,0.9622951626108245,0.9622456252483094,0.962233909938714,0.9622454380465852,0.9622533677394443,0.9621780858206319,0.9621896774384142,0.9622079184347272,0.9621944100052919,0.9621528562804087,0.9621386662620648,0.9621546635476577,0.962158075919
0.9624106528113945,0.9623995420210696,0.9623515387242529,0.9623380745733041,0.9623463028616634,0.9623590277590182,0.9622868690122262,0.9623008413786451,0.9623063114990393,0.9622951626108245,0.9622456252483094,0.962233909938714,0.962245438046585,0.9622533677394443,0.9621780858206319,0.9621896774384142,0.9622079184347272,0.9621944100052919,0.9621528562804087,0.9621386662620648,0.9621546635476577,0.962158075919
0.9624106528113945,0.9623995420210696,0.9623515387242529,0.9623380745733041,0.9623463028616634,0.9623590277590182,0.9622868690122262,0.9623008413786451,0.9623063114990393,0.9622951626108245,0.9622456252483094,0.962233909938714,0.962245438046585,0.9622533677394443,0.9621780858206319,0.9621896774384142,0.9622079184347272,0.9621944100052919,0.9621528562804087,0.9621386662620648,0.9621546635476577,0.962158075919
0.9624106528113945,0.9623995420210696,0.9623515387242529,0.9623380745733041,0.9623463028616634,0.9623590277590182,0.9622868690122262,0.9623008413786451,0.9623063114990393,0.9622951626108245,0.9622456252483094,0.962233909938714,0.962245438046585,0.9622533677394443,0.9621780858206319,0.9621896774384142,0.9622079184347272,0.9621944100052919,0.9621528562804087,0.9621386662620648,0.9621546635476577,0.962158075919
0.9600715106085469,0.9600597244174958,0.9600079602355769,0.9599936773972286,0.9599982762986106,0.96001177630217,0.9599343778853033,0.9599492015856661,0.9599520522753417,0.9599402232294085,0.9598868184612717,0.9598743882382599,0.9598848458307399,0.9598932597934458,0.9598125336689489,0.9598248333857895,0.9598435977150683,0.9598292638697223,0.9597843238870174,0.9597692665567801,0.9597870106486182,0.9597906313229423
0.9600735855897957,0.9600617999970293,0.960010038441347,0.9599957563279602,0.960000331272052,0.9600138305982038,0.9599364360636378,0.9599512590202288,0.9599540858180016,0.9599422573587386,0.9598888552378697,0.9598764256312948,0.9598868589191227,0.9598952724694352,0.9598145503001436,0.9598268494141888,0.959845589009241,0.9598312558248436,0.9597863179584036,0.9597712608743663,0.9597886370455169,0.9597924445542743
0.9600664412312148,0.9600546535785022,0.9600028829804694,0.9599885983709815,0.9599931467329428,0.960006648427425,0.9599292403197033,0.9599440658766416,0.9599468657514063,0.959935035209188,0.9598816236892462,0.9598691918940327,0.9598795995487601,0.959888014586197,0.9598072781541425,0.9598195794419138,0.9598382948361903,0.9598239590639412,0.9597790132157817,0.9597639531288014,0.9597809072599661,0.959784931667744
0.9600677432764781,0.9600559559991861,0.9600041870490994,0.9599899028945187,0.9599944229394817,0.9600079242132746,0.9599305185165738,0.9599453436116092,0.9599481151962284,0.9599362850144668,0.9598828751210495,0.9598704437045806,0.9598808227941094,0.9598892375809573,0.9598085035522468,0.9598208044737335,0.959839491029713,0.9598251556456581,0.9597802111044229,0.9597651512885408,0.9597816669940251,0.9597859136497482
0.9600645200880975,0.9600527318814616,0.9600009588519276,0.9599866735712306,0.9599911653233191,0.9600046676709562,0.9599272558199454,0.959942082094027,0.9599448252145861,0.9599329940836865,0.9598795799073923,0.9598671474936278,0.9598774986813443,0.959885914149152,0.959805173589465,0.9598174755063116,0.9598361348044324,0.9598217982314574,0.959776850029372,0.959761788899735,0.9597778595095552,0.9597823329705053
0.9600608901975782,0.9600491009443377,0.9599970988622488,0.9599828122350496,0.9599875002876872,0.9600010038434681,0.9599237435092032,0.9599385710525283,0.959941127364591,0.9599292951668872,0.9598753499405821,0.9598629162466212,0.9598737660420689,0.9598821822745243,0.959801992796995,0.9598142956646054,0.9598323696536843,0.9598180317549747,0.9597715388040642,0.9597564756881336,0.9597736420283447,0.9597783423416084
0.9600587737765549,0.9600469839130923,0.9599952036107375,0.95998091632241,0.9599853518056107,0.9599988560696138,0.9599214332357164,0.9599362616139027,0.9599389481540628,0.9599271153276749,0.9598736935007113,0.9598612593054325,0.9598715549079588,0.9598799715933715,0.9597992193558493,0.959811523052462,0.9598301279146324,0.9598157892253429,0.9597708344745388,0.9597557710776294,0.959770955379661,0.9597758794564535
0.9600771192817625,0.9600653347078771,0.9600133532553978,0.9599990722983551,0.9600036992023451,0.9600171974182763,0.9599399676245812,0.9599547893049512,0.9599572852650708,0.959945457728838,0.9598915337441352,0.9598791049482189,0.9598898910449611,0.9598983039741202,0.9598181459588044,0.9598304439980612,0.9598484514185011,0.9598341191016755,0.9597876443398934,0.9597725870691924,0.9597888205019083,0.9597939874107022
0.960080602914082,0.9600688193446494,0.9600170666706147,0.9600027870089667,0.9600071579652396,0.9600206550410015,0.9599432734036453,0.9599580938893817,0.9599607167888407,0.9599488902425957,0.9598954967539901,0.9598830691574984,0.9598932970020797,0.959901709233502,0.9598209997134677,0.9598332968996972,0.9598518295737413,0.9598374984223768,0.9597925674027734,0.959777511918309,0.9597917160186289,0.959797128654341
0.9600727293371778,0.9600609434975258,0.9600089564647185,0.9599946739738945,0.9599992391088965,0.9600127387950734,0.9599355005924972,0.9599503238871423,0.9599527577785798,0.9599409289361811,0.9598869989994812,0.9598745688311106,0.9598852936718256,0.9598937075427882,0.9598135405572705,0.9598258399731394,0.9598437868906624,0.959829452924696,0.9597829729152743,0.9597679139113349,0.9597831725806159,0.9597888328832223
0.960069347544318,0.9600575607295856,0.960005793809958,0.9599915102158769,0.9599958202539736,0.9600093210671528,0.959931918010273,0.9599467425995696,0.9599493040229226,0.9599374741841311,0.9598840658383214,0.9598716347822236,0.9598818031592777,0.9598902177452926,0.959809485642741,0.9598217862706715,0.9598402617399475,0.9598259265356099,0.9597809829000927,0.959765923159577,0.9597791551167569,0.9597850612991754
0.9600613826564561,0.9600495935452074,0.9599978165447756,0.95998353016793,0.9599878099070769,0.9600013133607925,0.9599238951707239,0.9599387226592442,0.9599412534025027,0.9599294212411598,0.9598760024151298,0.9598635689186399,0.9598737080524529,0.9598821242967859,0.9598013762895687,0.9598136793414582,0.9598321271714296,0.9598177891208475,0.9597728366102527,0.9597577738814551,0.9597705179321798,0.9597766721525098
0.9600530355447425,0.9600412440267938,0.959989456461898,0.9599751671687751,0.9599794168228586,0.9599929230432525,0.9599154889970809,0.9599303195233198,0.9599328197838255,0.959920985189463,0.9598675553847476,0.959855119331791,0.9598652294906174,0.9598736474718053,0.9597928828067126,0.9598051883973571,0.9598236089335215,0.9598092679028272,0.9597643060983425,0.9597492402408427,0.9597614984527618,0.9597678995650223
0.9600483016396548,0.9600365087568039,0.9599847152005219,0.9599704242535032,0.9599746437301575,0.9599881515239272,0.9599107084605687,0.9599255407143261,0.9599280105576857,0.9599161745759193,0.9598627385107101,0.9598503009999537,0.9598603815807039,0.9598688005549891,0.9597880263652592,0.9598003334075111,0.9598187253158974,0.9598043825717524,0.9597594154440103,0.9597443477885452,0.9597561229388725,0.9597627682503922
0.960043545274262,0.9600317510200389,0.9599799514439795,0.9599656588352268,0.9599698485796313,0.9599833579540433,0.9599059058318784,0.9599207398211249,0.9599231796919783,0.9599113423165719,0.9598578999627394,0.9598454609876321,0.9598555124395967,0.9598639324113234,0.9597831486552968,0.9597954571555058,0.9598138208898122,0.9597994764241795,0.9597545039512951,0.9597394344895853,0.9597507327694359,0.9597576190370583
0.9600555370271695,0.9600437462304638,0.9599919618315398,0.9599776734123704,0.9599818325336975,0.959995337957785,0.9599179084753284,0.9599327381272491,0.9599351478666978,0.9599233139439627,0.9598698871698772,0.9598574518226253,0.9598674708869637,0.959875888408998,0.9597951281475714,0.9598074330670714,0.9598257619811661,0.9598114216663993,0.9597664622488622,0.9597513971496603,0.9597622270164854,0.9597693447737015
0.9624009633961468,0.9623898498041832,0.9623416228134736,0.9623281551937015,0.9623363979646766,0.9623491261363426,0.9622770981641884,0.9622910740715367,0.9622961968466741,0.9622850450321496,0.9622349987003589,0.9622232801654773,0.9622351076342426,0.9622430394493662,0.9621682636511115,0.9621798582132179,0.9621973779617052,0.962183865598877,0.9621408487873255,0.9621266531897705,0.9621375232973597,0.9621444413725901
0.9624011576950742,0.9623900441592914,0.9623420290021669,0.9623285615244879,0.9623365914968689,0.9623493196045576,0.9622771426544865,0.9622911185457128,0.9622963894866856,0.9622852377278952,0.9622356876119948,0.9622239692862031,0.9622352994836303,0.962243231259339,0.9621679295682866,0.962179524230538,0.9621975689007027,0.9621840565992887,0.9621424918990806,0.9621282968991112,0.9621376782033184,0.9621446155203008
0.9624012303367908,0.9623901168220119,0.9623418901662002,0.9623284226399531,0.9623366642565538,0.9623493923401909,0.9622773648661389,0.9622913406768356,0.9622964623182986,0.9622853105805782,0.9622352645934298,0.9622235461392488,0.9622353724266022,0.9622433041873257,0.9621685289018562,0.9621801233844505,0.9621976419109206,0.9621841296350309,0.9621411131228386,0.96212691761723,0.9621377511907983,0.9621446885663816
0.9624012370263206,0.962390123513476,0.9623421084554469,0.9623286410055614,0.9623366709572361,0.962349399038658,0.962277222237528,0.9622911980999127,0.9622964690258868,0.9622853172901069,0.9622357672764419,0.9622240489748302,0.9622353791447611,0.9622433109041055,0.9621680093684062,0.9621796040067383,0.9621976486355579,0.9621841363620194,0.9621425717475538,0.9621283767768682,0.9621377579258557,0.9621446953002322
0.962401237053961,0.9623901235411245,0.9623418968937412,0.9623284293698458,0.962336670984997,0.9623493990664098,0.9622773716049473,0.9622913474132011,0.9622964690537601,0.9622853173179884,0.9622352713395823,0.9622235528874477,0.9622353791727316,0.9622433109320694,0.9621685356596668,0.9621801301402364,0.9621976486636388,0.9621841363901109,0.9621411198854335,0.9621269243823052,0.9621377579539787,0.962144695328351
0.9624012370263204,0.962390123513476,0.9623421084554469,0.9623286410055614,0.9623366709572359,0.962349399038658,0.962277222237528,0.9622911980999127,0.9622964690258868,0.9622853172901069,0.9622357672764419,0.9622240489748302,0.9622353791447611,0.9622433109041055,0.9621680093684062,0.9621796040067383,0.9621976486355579,0.9621841363620192,0.9621425717475538,0.9621283767768682,0.9621377579258557,0.9621446953002322
0.9624012370556783,0.9623901235428423,0.96234189689546,0.962328429371567,0.9623366709867232,0.9623493990681344,0.9622773716066726,0.9622913474149266,0.9622964690554934,0.9622853173197221,0.9622352713413174,0.9622235528891832,0.9622353791744693,0.9622433109338075,0.9621685356614076,0.9621801301419763,0.9621976486653794,0.9621841363918522,0.9621411198871768,0.9621269243840491,0.9621377579557242,0.9621446953300954
0.9624012370263204,0.962390123513476,0.9623421084554469,0.9623286410055611,0.9623366709572359,0.962349399038658,0.962277222237528,0.9622911980999127,0.9622964690258868,0.9622853172901069,0.9622357672764419,0.9622240489748299,0.9622353791447611,0.9622433109041055,0.9621680093684062,0.9621796040067383,0.9621976486355579,0.9621841363620192,0.9621425717475538,0.9621283767768682,0.9621377579258557,0.9621446953002322
0.9600593908214663,0.9600476011359151,0.9599955971479126,0.9599813099968644,0.9599856626084573,0.959999166770007,0.9599219029711208,0.9599367311795595,0.959938951608873,0.9599271187834835,0.9598731706969037,0.9598607363434004,0.9598712501602689,0.9598796669081096,0.9597994725217867,0.959811776142727,0.9598295143151812,0.9598151752909667,0.9597686792401816,0.959753614936051,0.9597654986161148,0.9597728598790112
0.9600569650689927,0.9600451746840293,0.959993392092497,0.959979104172251,0.9599832075546653,0.959996712525494,0.9599192856407059,0.959934114794964,0.9599364687976037,0.9599246352559443,0.9598712102014153,0.9598587752545722,0.9598687382495861,0.959877155512,0.9597963977405637,0.9598087022805752,0.9598269748218593,0.9598126349026899,0.9597676768375021,0.9597526121585149,0.959762558490727,0.9597701194011379
0.9600304025437174,0.9600186045001802,0.9599665636648074,0.9599522663860636,0.9599565139876249,0.9599700277575114,0.9598927090050087,0.9599075477630445,0.9599096615276339,0.9598978202524602,0.9598438336615458,0.959831390429426,0.9598418033044658,0.9598502260844721,0.9597699742448562,0.9597822866828796,0.9597999289748997,0.9597855796009078,0.9597390501626852,0.9597239749923776,0.9597349993638964,0.959742773066725,0.9596780406691019
0.9600300592721385,0.96001826112963,0.9599664444855414,0.959952147165225,0.95995614462589,0.9599696585175281,0.9598921805066907,0.9599070194557036,0.959909266243939,0.9598974248547345,0.9598439643891632,0.9598315211966073,0.959841381825173,0.9598498046915183,0.9597689931737075,0.9597813059049676,0.9597994814920312,0.9597851319330393,0.95974014389327,0.9597250690973356,0.9597341750705504,0.9597421372224009,0.9596772910412288
0.9600402808537145,0.9600284856582881,0.9599764573792109,0.9599621635516333,0.9599663622014876,0.9599798727251199,0.9599025725391401,0.9599174077329113,0.9599194730170986,0.9599076345723696,0.9598536608793455,0.959841220621318,0.9598515829640748,0.9598600037407499,0.9597797709818479,0.9597920804916453,0.9598096704918679,0.9597953244515087,0.9597488060816579,0.9597337344237393,0.959744056763959,0.959752178976971,0.9596876220402086
0.9600228086545961,0.9600110084216165,0.9599591826011806,0.9599448827477712,0.9599487789759478,0.9599622952954892,0.9598848033700933,0.9598996449848627,0.9599017901127009,0.9598899465667832,0.9598364763693317,0.9598240309106358,0.9598337910953352,0.9598422155166002,0.9597613890858225,0.9597737040899044,0.959791780667627,0.9597774283530782,0.9597324319737783,0.9597173542948001,0.9597258170113314,0.9597340730522708,0.959669213962326,0.959670522188397
0.9600242528458207,0.960012453029222,0.9599604043770611,0.9599461049498297,0.9599502005865577,0.9599637164375019,0.9598863857826605,0.9599012268256231,0.9599031881320108,0.9598913449893924,0.9598373498888275,0.9598249046944887,0.9598351661689903,0.9598435903085791,0.9597633255196416,0.9597756399449349,0.9597931318523512,0.9597787799668129,0.9597322429933302,0.9597171652076713,0.959726965265661,0.959735318222471,0.9596705381541408,0.9596719715416391
0.9600263217551561,0.9600145225350583,0.9599627011607743,0.9599484025347078,0.9599522502090694,0.9599657653844083,0.95988828001655,0.9599031203750219,0.959905217049567,0.95989337449225,0.959839908755721,0.9598274643357829,0.9598371753570931,0.9598455990851122,0.9597647793031332,0.9597770932939007,0.9597951199732,0.9597807687408229,0.9597357760916083,0.9597206995621343,0.9597288103035384,0.9597372295197035,0.9596720568445749,0.9596736313006589
0.9600254547806613,0.9600136553105987,0.9599616081861961,0.9599473091788782,0.9599513606072503,0.9599648760758241,0.9598875476079047,0.9599023882310362,0.959904305344246,0.95989246252392,0.9598384688919921,0.9598260240363037,0.9598362410216525,0.959844664941065,0.9597644022492016,0.9597767163526667,0.9597941635351481,0.9597798119387262,0.959733276201953,0.9597181987309611,0.9597277526758767,0.959736214614147,0.9596710268544184,0.9596727527401681
0.9600209039963856,0.9600091032142617,0.959957274983317,0.9599429744644945,0.959946780217767,0.959960297196145,0.959882801494883,0.9598976438330349,0.9598996983033437,0.9598878541539859,0.9598343812335854,0.9598219351408324,0.959831604908286,0.9598400297773759,0.9597591990515741,0.9597715147102415,0.9597895012099853,0.959775147948223,0.9597301492331183,0.9597150705823845,0.9597230119355926,0.9597315016223655,0.9596658223343832,0.9596677219793117
0.9600201102540127,0.960008309243042,0.9599562553253287,0.9599419544508312,0.9599459639571231,0.95995948120456,0.959882142562668,0.9598969851389259,0.9598988599998304,0.9598870156086419,0.9598330148185399,0.9598205683122629,0.9598307440727947,0.9598391691182206,0.9597588957016465,0.9597712114509829,0.9597886183236508,0.9597742647241405,0.9597277227933936,0.9597126432282639,0.9597220774053619,0.9597305830205549,0.9596648107368355,0.9596668946810412
0.9600271681398245,0.9600153691637516,0.9599635488606502,0.9599492505302789,0.9599530142007253,0.9599665291242334,0.9598890451996427,0.9599038852816135,0.9599058978969237,0.9598940555360165,0.9598405906857652,0.9598281464722043,0.9598377731734113,0.9598461967789702,0.9597653781714797,0.959777691983247,0.959795634133447,0.9597812829645149,0.959736290993652,0.9597212145481508,0.9597290676190577,0.9597375806983155,0.9596712993834295,0.9596735692162608
0.9600295881201737,0.9600177898418254,0.9599657479712496,0.9599514504079729,0.9599554184646253,0.9599689325956244,0.9598916117777789,0.9599064509323052,0.9599082848013376,0.9598964431290049,0.9598424547282998,0.9598300110788656,0.9598401438850028,0.9598485670049335,0.959768311927718,0.9597806248626006,0.9597979871004882,0.9597836367431103,0.9597371054205233,0.9597220292651374,0.9597313949500423,0.9597399125591297,0.9596735278854713,0.9596759858808066
0.9600284180740968,0.9600166194584023,0.9599648007372155,0.9599505028435242,0.9599542256482194,0.959967740172402,0.9598902585363829,0.9599050981799087,0.9599070699391106,0.959895227916314,0.9598417645917459,0.9598293207334496,0.9598389062964487,0.9598473296698935,0.9597665132885704,0.9597788267610581,0.9597967275083079,0.9597823766983973,0.9597373859441034,0.9597223098790444,0.9597301073009263,0.9597386280265809,0.9596716984631068,0.9596743531926888
0.9600239616670301,0.960012161766479,0.9599603374052872,0.959946037954694,0.9599497403197117,0.9599632563223719,0.959885766213056,0.9599006074799001,0.9599025585818326,0.9598907152576024,0.9598372460604814,0.9598248008347197,0.9598343665394906,0.9598427908428795,0.959761965542625,0.9597742803744087,0.9597921621586614,0.9597778097463654,0.9597328140164718,0.959717736269659,0.9597255106625509,0.9597340339277101,0.9596667564164338,0.9596696119003265
0.9600312078946129,0.960019410083274,0.9599673702715761,0.9599530732741954,0.9599569802764769,0.9599704938926621,0.959893176019232,0.9599080146085095,0.9599097874416,0.9598979462027502,0.9598439597773574,0.9598315165834037,0.9598415879525426,0.9598500107766617,0.9597697585168858,0.9597820710193887,0.9597993715153423,0.9597850216163013,0.9597384918821361,0.95972341621156,0.9597327106875395,0.9597412332838369,0.9596738586608144,0.95967690093241
0.9623796706153247,0.962368550866789,0.9623205088707427,0.9623070338649418,0.962314847048547,0.9623275823442723,0.9622553646365029,0.9622693484198752,0.962274400825057,0.9622632427047642,0.9622136643259886,0.962201939315988,0.9622130541089493,0.9622209904546251,0.9621456453814661,0.9621572467235626,0.9621750796455839,0.9621615591361921,0.962119970618067,0.9621057670502597,0.9621129582004169,0.9621209885313389,0.9620570685635388,0.9620601114015295,0.9620778320062415
0.9623798431583359,0.9623687234596876,0.9623204699720067,0.9623069949525993,0.9623150189461491,0.9623277541850506,0.9622556862230747,0.9622696698899085,0.9622745719659407,0.9622634138951587,0.9622133394898533,0.9622016143812653,0.9622132245833568,0.9622211608940117,0.9621463427184829,0.9621579438515511,0.9621752493472333,0.9621617288924011,0.962118687830108,0.9621044837871979,0.9621131272058536,0.962121157517781,0.9620574105618673,0.9620604688624543,0.9620779948870071
0.9623814189714845,0.9623702997284609,0.9623222599162116,0.9623087855229489,0.9623165974029659,0.9623293321200859,0.9622571176931334,0.9622711008412212,0.9622761520676646,0.9622649944540127,0.9622154183261522,0.9622036938484955,0.962214807186311,0.9622227431718489,0.9621474015174327,0.9621590023331223,0.9621768334939615,0.9621633135929699,0.9621217269657054,0.9621075240373351,0.9621147138856083,0.9621227438686104,0.9620588014981721,0.9620618598698307,0.9620795829234006
0.96238142863422,0.9623703093939893,0.9623220578953906,0.9623085834314602,0.9623166070820526,0.962329341795972,0.9622572768045901,0.9622712598950189,0.962276161756983,0.9622650041461362,0.9622149318046773,0.96220320717936,0.9622148168910867,0.9622227528746308,0.9621479377826234,0.9621595384375663,0.9621768432083533,0.9621633233107598,0.9621202840221763,0.9621060805646362,0.9621147236155978,0.9621227535965848,0.9620590089715655,0.9620620673268672,0.9620795926622157
0.9623814286332013,0.9623703093929703,0.9623222695927891,0.9623087952029132,0.962316607080949,0.9623293417948697,0.9622571273860603,0.9622711105306365,0.9622761617557931,0.9622650041449441,0.9622154280295379,0.9622037035548272,0.9622148168898335,0.9622227528733778,0.9621474112378849,0.9621590120506607,0.9621768432070064,0.9621633233094125,0.9621217366925854,0.9621075337677842,0.962114723614244,0.9621227535952313,0.9620588112408504,0.962061869611742,0.9620795926608492
0.9623814286639996,0.9623703094237774,0.9623220579252143,0.9623085834612934,0.9623166071118829,0.9623293418257943,0.9622572768344713,0.9622712599248884,0.9622761617868516,0.9622650041760126,0.9622149318345989,0.9622032072092914,0.9622148169210014,0.9622227529045384,0.9621479378125928,0.9621595384675239,0.9621768432382927,0.9621633233407085,0.9621202840521592,0.9621060805946302,0.9621147236455825,0.9621227536265633,0.9620590090015888,0.9620620673568889,0.9620795926922274
0.9623814286332013,0.9623703093929703,0.9623222695927891,0.9623087952029132,0.962316607080949,0.9623293417948697,0.9622571273860603,0.9622711105306365,0.9622761617557931,0.9622650041449441,0.9622154280295379,0.9622037035548272,0.9622148168898335,0.9622227528733778,0.9621474112378849,0.9621590120506607,0.9621768432070064,0.9621633233094125,0.9621217366925854,0.9621075337677842,0.962114723614244,0.9621227535952313,0.9620588112408504,0.962061869611742,0.9620795926608492
0.9623814286623174,0.9623703094220948,0.9623220579235294,0.9623085834596079,0.9623166071101936,0.9623293418241037,0.9622572768327782,0.962271259923196,0.9622761617851543,0.9622650041743137,0.9622149318328941,0.9622032072075863,0.9622148169192999,0.9622227529028373,0.9621479378108855,0.9621595384658179,0.9621768432365894,0.9621633233390059,0.9621202840504535,0.962106080592924,0.9621147236438754,0.9621227536248553,0.9620590089998793,0.9620620673551794,0.9620795926905188
0.9600204446409326,0.9600086437263706,0.95995681491407,0.959942514234768,0.9599461223728445,0.9599596395680641,0.9598821426240687,0.9598969852003028,0.9598988418170802,0.9598869974206472,0.9598335233853439,0.9598210770329767,0.9598305487856393,0.9598389738710684,0.9597581410703961,0.9597704570452856,0.9597882455694722,0.9597738917867453,0.9597288917839961,0.9597138125979512,0.959721490275953,0.9597300156660338,0.9596620644602074,0.9596653119883054,0.9596843741148671
0.9600323951863508,0.9600205977173291,0.9599685594147895,0.9599542628322071,0.9599580712516782,0.9599715845082464,0.9598942686915903,0.9599091068860248,0.9599107810897827,0.9598989401375817,0.9598449550184025,0.9598325121256466,0.959842484505627,0.959850907146093,0.9597706566355371,0.9597829688695965,0.959800170141107,0.9597858205154153,0.9597392916884979,0.9597242163054402,0.9597334103629585,0.9597419334873234,0.9596739266422267,0.9596773404530168,0.9596962209383149
0.9600262600727918,0.960014460834909,0.95996263938256,0.9599483407349441,0.9599518985425102,0.9599654138337672,0.9598879278015733,0.9599027682873205,0.9599045747722061,0.9598927320296036,0.959839265457006,0.9598268208423841,0.9598362413241912,0.95984466524354,0.9597638436265357,0.9597761578969708,0.9597938939643875,0.9597795421507449,0.9597345483174498,0.9597194711998538,0.9597270970841449,0.9597356216786128,0.9596670697176786,0.9596706744555288,0.9596898067999997
0.9600040161036463,0.9599922104525476,0.9599401360781814,0.9599258295810609,0.9599295323445367,0.959943055008152,0.9598656853891607,0.9598805339121805,0.959882100834069,0.9598702516082906,0.9598162287877414,0.9598037772015171,0.9598136478957402,0.9598220764431609,0.959741769671911,0.9597540905400332,0.9597711950837602,0.9597568353571468,0.9597102737972008,0.9596951878031392,0.9597042788625423,0.9597128082668362,0.9596441020180093,0.9596478999275062,0.9596668190157955,0.959666175369768
0.9600004707793339,0.95998866410609,0.959936810015467,0.9599225023581837,0.959925938935045,0.9599394627831024,0.9598619277110465,0.9598767775918773,0.9598784615822971,0.9598666113067009,0.9598131107424563,0.9598006582126308,0.9598099608189883,0.9598183901216613,0.9597375168741265,0.959749839013347,0.9597674623960812,0.9597531013682494,0.9597080786654733,0.9596929918687318,0.9597004981263215,0.9597090283702319,0.9596397739674225,0.9596437665184749,0.9596628845888509,0.9596620338013828
0.9599958200988274,0.9599840120847603,0.9599319272929243,0.9599176179325042,0.959921238552812,0.959934763950181,0.9598573786958617,0.9598722302204379,0.959873714471549,0.9598618628265587,0.9598078289820358,0.9597953748538217,0.959805164429776,0.9598135947149276,0.9597332713926767,0.9597455948008038,0.9597626196439923,0.9597482569279836,0.9597016856806133,0.9596865965461983,0.9596956059579533,0.9597041372470367,0.9596347509899346,0.9596389392632045,0.9596578385535885,0.9596567920765386
0.9599844557675914,0.9599726444771433,0.9599205452409325,0.9599062319103961,0.9599098114101428,0.9599233405740175,0.9598459337776808,0.9598607894377433,0.959862231918226,0.9598503769609033,0.9597963280226287,0.9597838704139783,0.9597936204612918,0.9598020531110532,0.9597217072671242,0.959734034131547,0.9597510214314133,0.9597366546723218,0.9596900703229552,0.9596749769412891,0.959683946452176,0.9596924801726665,0.9596227380385418,0.9596271241512251,0.9596460115382635,0.9596447672828721
0.9599758106450191,0.9599639968621794,0.9599118866379186,0.9598975702872554,0.9599011083867874,0.9599146404192349,0.9598372172164911,0.95985207602614,0.9598534766004203,0.9598416191175125,0.9597875586705586,0.9597750984081488,0.9597848082422176,0.9597932426970088,0.9597128796611172,0.9597252091639119,0.9597421577579308,0.9597277879090416,0.9596811935468994,0.9596660969194075,0.9596750259153328,0.9596835614933901,0.9596134661136426,0.9596180508228485,0.9596369249177599,0.9596354874886233
0.959968175240882,0.9599563592567735,0.9599042393279296,0.9598899203099047,0.9598934169343853,0.9599069515019609,0.9598295137999022,0.9598443753930248,0.9598457340397613,0.9598338743234345,0.9597798036991514,0.9597673410899752,0.9597770104855536,0.9597854465375626,0.9597050682889943,0.9597174001264066,0.9597343096118296,0.9597199370271732,0.9596733337995247,0.9596582342981157,0.959667122582931,0.9596756598038514,0.9596052118093743,0.9596099955198991,0.9596288556168509,0.9596272285798222
0.959962698168521,0.9599508806054,0.9598987537152581,0.959884432783882,0.9598878877427679,0.9599014241327677,0.959823976007605,0.959838839601683,0.9598401562447019,0.9598282949194146,0.9597742169633794,0.9597617526635884,0.9597713811087514,0.9597798183138193,0.9596994290829748,0.9597117626057878,0.9597286320913474,0.9597142575275959,0.9596676478864989,0.9596525463060535,0.9596613934172489,0.9596699318291173,0.9595991338578056,0.9596041168163991,0.9596229617715812,0.9596211479445784
0.9599621267437519,0.9599503090158925,0.9598984063999534,0.959884085347436,0.9598872728858381,0.959900809478496,0.9598232013659413,0.9598380652399163,0.9598394982339511,0.9598276367188572,0.9597740854378971,0.9597616210983049,0.9597706794868677,0.9597791168356473,0.9596981664193347,0.9597105003195192,0.9597278871857031,0.9597135123622906,0.9596684464358467,0.9596533451473857,0.9596606046617704,0.959669143242138,0.9595977886999612,0.9596029730092199,0.9596220121963055,0.959620013862498
0.9599569407714661,0.9599451215485242,0.9598929873408464,0.9598786643982027,0.9598820349936497,0.959895573312705,0.9598181141545794,0.9598329798666885,0.959834211744705,0.9598223487046931,0.9597682629349324,0.9597557968333936,0.9597653415702423,0.9597737800123731,0.9596933789991549,0.9597057143301535,0.9597225010949832,0.9597081243940753,0.9596615078273267,0.9596464040018018,0.9596551670709375,0.9596637067798606,0.9595922061365194,0.9595975933756871,0.9596164087866708,0.9596142274021402
0.9599530163964425,0.9599411960421349,0.9598892818971649,0.9598749576620995,0.959878061164511,0.9598916007933265,0.9598139752802626,0.9598288424878396,0.9598301909520597,0.9598183267522349,0.9597647633567885,0.9597522961962492,0.9597612716333404,0.9597697109091001,0.9596887420114648,0.9597010787283107,0.9597183844668122,0.9597040063309299,0.9596589300260261,0.9596438252579473,0.9596510011833244,0.9596595417572749,0.9595874751049758,0.9595930658016625,0.9596120794072571,0.9596097183688823
0.9599447506857255,0.9599329279485007,0.9598810033434877,0.9598666762209644,0.9598697379002785,0.9598832802723933,0.9598056390372387,0.9598205092568648,0.959821815488779,0.9598099488730369,0.9597563745760982,0.9597439048770624,0.9597528395575472,0.9597612805604043,0.9596802950984995,0.9596926343398342,0.9597099009837338,0.9596955198903263,0.9596504343206635,0.9596353264461865,0.9596424611272174,0.9596510034701939,0.9595785719476639,0.9595843674085434,0.9596033702692857,0.9596008294243206
0.9599328667086766,0.9599210405454701,0.959869100901775,0.959854769627877,0.9598577898472977,0.9598713361573692,0.9597936723534246,0.9598085468967958,0.9598098111015836,0.9597979410231943,0.9597443511015509,0.9597318777641821,0.9597407725629521,0.9597492160373955,0.9596682068709561,0.9596805497250016,0.9596977788806338,0.9596833935608007,0.9596382947532445,0.9596231824393953,0.9596302765871108,0.9596388214521705,0.9595660172582687,0.9595720186724073,0.9595910136843488,0.9595882948765675
0.9599263339303339,0.959914505883839,0.9598625579732794,0.9598482244173423,0.959851202792031,0.9598647512731042,0.9597870750269497,0.9598019519540091,0.9598031739805024,0.959791301987668,0.9597377034273646,0.9597252280784174,0.9597340818537776,0.9597425266986104,0.9596615043890211,0.9596738492461585,0.9596910386895889,0.9596766510190282,0.9596315448517083,0.9596164300687566,0.9596234827864425,0.9596320290592182,0.9595588595109865,0.9595650672105631,0.9595840534522548,0.959581158917149
0.9623353201129499,0.962324187541461,0.9622760901506182,0.9622625996069833,0.962270132490811,0.962282882567183,0.9622105810500083,0.9622245810618786,0.9622293497102923,0.9622181785568613,0.9621685422745003,0.9621568035702208,0.9621676412562676,0.9621755869309283,0.9621001532989089,0.9621117682770306,0.9621293317773125,0.9621157952657557,0.9620741575665022,0.9620599371906298,0.9620668449081693,0.9620748854049148,0.9620060675146218,0.9620121016434466,0.9620296419236294,0.9620267529515258
0.9623361392129943,0.9623250068783218,0.9622769105105278,0.9622634202538503,0.962270951336432,0.9622837011421381,0.9622114011596963,0.962225400874386,0.9622301677789262,0.9622189968621553,0.962169361631219,0.9621576231756028,0.9621684589868977,0.9621764044935806,0.9621009724561584,0.9621125871887477,0.9621301486701852,0.962116612438944,0.962074975623535,0.962060755542518,0.9620676614651209,0.9620757017958776,0.9620068590242064,0.9620129092947518,0.9620304458479387,0.9620275405807415
0.9623361945113404,0.9623250621926567,0.9622769658939274,0.962263475656622,0.9622710067127154,0.962283756500117,0.9622114566214668,0.9622254563160593,0.9622302231980728,0.962219052297334,0.9621694171376258,0.962157678698855,0.9621685144788976,0.9621764599741802,0.9621010280449711,0.9621126427608981,0.9621302042014315,0.9621166679896038,0.9620750312339015,0.9620608111732765,0.9620677170702487,0.9620757573894803,0.9620069145761667,0.9620129649238522,0.9620305013378463,0.9620275958408164
0.9623362022658164,0.9623250699493755,0.9622769736603365,0.9622634834257475,0.9622710144803148,0.9622837642651489,0.9622114644010573,0.9622254640928307,0.9622302309738806,0.962219060075391,0.9621694249256769,0.9621576864892698,0.9621685222671261,0.96217646776081,0.9621010358467881,0.9621126505603765,0.9621302119973731,0.9621166757882709,0.9620750390409509,0.9620608189831887,0.9620677248787703,0.9620757651963823,0.9620069223969272,0.9620129727433941,0.9620305091538639,0.9620276036574182
0.9623362023146447,0.9623250699982171,0.9622769737092334,0.9622634834746635,0.9622710145292315,0.9622837643140503,0.9622114644500512,0.962225464141808,0.9622302310228537,0.9622190601243776,0.9621694249747281,0.9621576865383368,0.962168522316178,0.9621764678098517,0.9621010358959254,0.9621126506094992,0.9621302120464741,0.9621166758373898,0.9620750390901198,0.9620608190323767,0.9620677249279554,0.9620757652455569,0.9620069224461958,0.9620129727926545,0.9620305092030959,0.962027603706654
0.9623362023154547,0.9623250699990271,0.9622769737100425,0.962263483475472,0.9622710145300475,0.9622837643148652,0.9622114644508657,0.9622254641426211,0.9622302310236726,0.9622190601251985,0.9621694249755492,0.9621576865391581,0.9621685223170031,0.9621764678106768,0.9621010358967519,0.9621126506103257,0.9621302120473039,0.96211667583822,0.9620750390909536,0.9620608190332101,0.9620677249287903,0.9620757652463918,0.9620069224470311,0.9620129727934896,0.9620305092039307,0.9620276037074889
0.9623362023142257,0.9623250699977979,0.9622769737088144,0.9622634834742425,0.9622710145288114,0.9622837643136284,0.9622114644496278,0.9622254641413834,0.9622302310224311,0.9622190601239569,0.9621694249743038,0.9621576865379116,0.9621685223157579,0.9621764678094307,0.9621010358955036,0.9621126506090776,0.9621302120460524,0.9621166758369681,0.9620750390897004,0.9620608190319564,0.9620677249275329,0.9620757652451335,0.9620069224457717,0.9620129727922304,0.9620305092026686,0.9620276037062274
0.9623362023130129,0.9623250699965846,0.9622769737075996,0.9622634834730275,0.9622710145275915,0.9622837643124098,0.962211464448407,0.9622254641401631,0.9622302310212083,0.9622190601227327,0.9621694249730812,0.9621576865366892,0.9621685223145298,0.9621764678082037,0.9621010358942694,0.9621126506078439,0.9621302120448263,0.9621166758357405,0.9620750390884716,0.9620608190307269,0.9620677249263028,0.9620757652439058,0.9620069224445407,0.9620129727909998,0.9620305092014383,0.9620276037049971
0.959916773987475,0.9599049431850386,0.9598529831770286,0.9598386462816308,0.9598415791332207,0.9598551307860894,0.959777436362099,0.9597923167716831,0.9597934928047478,0.9597816180194534,0.9597280068585687,0.9597155285754788,0.9597243380674623,0.9597327849079964,0.9596517434580241,0.9596640912322683,0.9596812383135627,0.9596668472199872,0.9596217303565198,0.9596066119784517,0.9596136198592389,0.9596221681774892,0.9595485952718477,0.9595550284566989,0.959574005730315,0.9595709193584401
0.9599111831236247,0.9598993507094704,0.9598473836266734,0.9598330447783037,0.9598359388984601,0.9598494924102363,0.9597717873326745,0.9597866697832749,0.9597878067959549,0.9597759303705924,0.959722311809124,0.9597098318027502,0.959718603258791,0.9597270512739047,0.9596459985587622,0.9596583480498828,0.959675458216747,0.959661065108447,0.9596159419325525,0.959600821438096,0.9596077909294116,0.9596163404537001,0.9595424377872706,0.9595490571546408,0.9595680187928344,0.9595647673160903
0.9599009484830543,0.9598891131185121,0.959837133084724,0.9598227906612764,0.959825641039233,0.9598391979449459,0.959761473416449,0.9597763595934772,0.9597774523659446,0.9597655729539838,0.9597119409159187,0.9596994577714137,0.9597081868241697,0.959716636972713,0.959635563796247,0.9596479164057927,0.9596649862284492,0.9596505894695264,0.9596054548578776,0.9595903305288291,0.9595972570307296,0.9596058087375741,0.9595315244348483,0.9595383557837522,0.9595573008476928,0.9595538614794044
0.9598988726257096,0.9598870366627548,0.9598350540021794,0.9598207108536165,0.9598235166654412,0.9598370742712925,0.9597593457302405,0.9597742326759959,0.9597752807403421,0.9597634007020095,0.9597097658375302,0.9596972820348746,0.9597059667060373,0.9597144173092871,0.9596333397718106,0.9596456930460013,0.9596627188960778,0.9596483213454929,0.9596031842591359,0.9595880590987449,0.9595949410068472,0.9596034931972306,0.959528839160283,0.9595358826145752,0.9595548076123559,0.959551180886727
0.9598860723482288,0.9598742326953422,0.9598220084195903,0.9598076607211998,0.9598106479679338,0.959824209814939,0.9597466160920873,0.9597615076369963,0.9597623519618519,0.9597504681944473,0.9596962879734752,0.9596838000926193,0.9596929710915703,0.9597014243564566,0.9596208821643564,0.9596332391614357,0.9596496645222974,0.9596352624199138,0.9595885635933812,0.9595734330859715,0.9595818199812485,0.9595903748881855,0.9595155377850368,0.9595227975840068,0.9595414982293842,0.9595376834441476
0.9598797772492642,0.9598679357817093,0.9598159289582053,0.9598015791395449,0.9598042961631505,0.9598178601035054,0.9597400952588675,0.9597549891596941,0.9597559474979795,0.9597440618833453,0.9596904018566039,0.9596779121947188,0.9596865105572598,0.959694965145315,0.9596138493903361,0.9596262084890981,0.9596431518695365,0.9596287474952236,0.9595835890440823,0.9595684567161369,0.9595752512084983,0.9595838074776497,0.9595083743607944,0.9595158512586617,0.9595347468771243,0.9595307448824184
0.9598713318762198,0.9598594879741689,0.9598074704642279,0.9597931176956105,0.9597957895717804,0.9598093563156047,0.9597315754040427,0.9597464723829849,0.959747385152133,0.9597354970678951,0.9596818258974342,0.959669333640645,0.9596778879377106,0.9596863442917303,0.9596052115997247,0.9596175732797909,0.9596344742909286,0.9596200668898796,0.9595748989646542,0.9595597634575235,0.9595665133790585,0.9595750714591238,0.9594992452109179,0.9595069415924498,0.9595258210883293,0.9595216290553668
0.9598618900726754,0.9598500434489203,0.9597980139918318,0.9597836579252415,0.9597862844388394,0.9597998543151844,0.9597220554508861,0.9597369558692292,0.9597378228101396,0.959725931967905,0.9596722483523861,0.9596597531976667,0.9596682633540781,0.9596767216792492,0.9595955700823164,0.9596079346436064,0.9596247934115223,0.9596103826339373,0.9595652041392444,0.9595500650854942,0.9595567703144834,0.9595653304133531,0.9594891053814822,0.959497023438193,0.9595158884649369,0.9595115044839708
0.9598579660752096,0.9598461183203322,0.9597940838980683,0.9597797264608572,0.9597823069942357,0.9597958781813807,0.95971807180478,0.9597329736623368,0.9597337943980333,0.9597219023939223,0.9596682135356089,0.9596557171600626,0.9596641817772869,0.9596726409383718,0.9595914813243356,0.9596038471074779,0.9596206611177764,0.9596062488973762,0.9595610658926907,0.9595459253236431,0.959552584712478,0.9595611456818551,0.9594845281929361,0.9594926689069858,0.9595115180636122,0.9595069427362806
0.9598562109536466,0.9598443626928386,0.9597923260497676,0.9597779679995087,0.9597805021973915,0.9597940739793203,0.9597162641939665,0.9597311667045767,0.9597319409741822,0.959720048435508,0.9596663571650608,0.959653860227828,0.9596622786432358,0.9596707381940861,0.9595895748418963,0.9596019411947556,0.9596187093461539,0.9596042964430789,0.9595591113094417,0.9595439700235777,0.9595505830075621,0.9595591443962235,0.9594821349341602,0.9594904997107887,0.9595093331090179,0.9595045667438777
0.9598464183251241,0.95983456724154,0.959782518207642,0.9597681567369334,0.9597706448970318,0.9597842199274824,0.9597063915245845,0.9597212976019605,0.9597220253516874,0.9597101299531763,0.9596564257781339,0.9596439258359628,0.9596522994827346,0.9596607610773171,0.9595795781241023,0.9595919474642753,0.9596086728147901,0.9595942564108593,0.9595490603200136,0.9595339153569891,0.9595404830006777,0.9595490464828937,0.9594716264760208,0.9594802187523617,0.9594990410302038,0.9594940825504936
0.9598355517646084,0.9598236975487173,0.9597716347652969,0.959757269499073,0.9597597114515521,0.9597732900851246,0.9596954410324321,0.9597103510659173,0.9597110320786206,0.959699133509498,0.9596454150275497,0.9596329117539018,0.9596412406131796,0.9596497044725882,0.9595684997978748,0.9595808724485331,0.9595975551961251,0.95958313491399,0.9595379266861401,0.9595227776496316,0.9595292998834912,0.9595378656839142,0.9594600298569964,0.9594688514900176,0.9594876638158332,0.9594825126985731
0.9598305825627189,0.9598187269144596,0.9597666578435391,0.9597522908416705,0.9597546860618109,0.9597682663514882,0.9596904078075288,0.9597053196593579,0.9597059536676973,0.9596940536339065,0.9596403285428565,0.9596278237302245,0.9596361064430583,0.959644571353921,0.959563356594928,0.9595757307824928,0.959592368375622,0.959577946281924,0.9595327323939715,0.9595175814549592,0.9595240571879331,0.9595326240796578,0.9594543813491323,0.9594634321050792,0.9594822322806678,0.9594768890636622
0.9598225570753465,0.9598106991137649,0.9597586198883259,0.9597442500833322,0.959746598688402,0.9597601816432317,0.9596823078250716,0.9596972226031466,0.9596978095906579,0.959685907208045,0.9596321715182969,0.9596196642376722,0.9596279013529261,0.9596363679441384,0.9595551370692401,0.9595675137129653,0.9595841073181752,0.9595696823408877,0.9595244594364918,0.959509305468927,0.9595157351082992,0.9595243037289285,0.9594456475375874,0.9594549282427027,0.9594737174981378,0.9594681814768791
0.9598094608899757,0.9597975991535066,0.9597454682722071,0.9597310938808286,0.9597334309878227,0.9597470182819454,0.9596692790181276,0.9596841985030073,0.9596845789012687,0.9596726727028606,0.9596183902677771,0.9596058788175421,0.9596146007572532,0.9596230700723087,0.9595423750110386,0.9595547554682746,0.9595707450756528,0.959556315435518,0.9595095275050349,0.9594943680732351,0.9595023031253784,0.959510874533432,0.9594320072763896,0.9594415181602836,0.9594600844276202,0.9594543519781016
0.9597987994624437,0.959786934652936,0.9597348253679716,0.9597204472651313,0.9597227025608699,0.9597362933903946,0.9596583744417386,0.9596732978659601,0.9596737903949717,0.9596618810851509,0.9596081141374335,0.9595955995781351,0.9596037465062848,0.9596122180441609,0.9595309397268301,0.9595433236010669,0.9595598317951155,0.9595453983438453,0.9595001489452746,0.9594849860777519,0.9594913241741454,0.9594998978659035,0.9594204070613637,0.9594301444461308,0.9594489043511245,0.959442973521061
0.9622812850814431,0.9622701368878588,0.9622219390354396,0.962208429550663,0.9622156941794398,0.9622284622496298,0.9621562085124755,0.9621702282264741,0.9621745417000731,0.962163354691822,0.9621131504363178,0.9621013949219526,0.962112433015091,0.9621203900302819,0.9620453766828891,0.9620570080790367,0.9620737558793968,0.9620601998838181,0.9620170459452961,0.9620028045752109,0.9620108656459221,0.9620189178609944,0.9619448323954434,0.9619541803713518,0.9619711627999694,0.9619654020522725
0.9622811657229153,0.9622700174948244,0.9622218524679234,0.9622083429528687,0.9622155728754145,0.9622283409856984,0.9621559372124275,0.9621699570247317,0.9621744185224623,0.9621632314785797,0.9621135245981607,0.9621017691973406,0.9621123078925145,0.9621202649334037,0.962044723403247,0.9620563549951935,0.9620736288820737,0.9620600728366946,0.962018375311049,0.9620041344231263,0.9620107366856874,0.9620187889310268,0.9619444752511384,0.9619538414898698,0.9619710197498172,0.9619652427958723
0.9622812405111283,0.9622700923046579,0.9622218943965286,0.9622083848961394,0.9622156477829964,0.9622284158685217,0.9621561620445949,0.9621701817754318,0.9621744935020162,0.9621633064798218,0.9621131021617546,0.9621013466327397,0.9621123829846217,0.9621203400100875,0.9620453265658215,0.96205695797699,0.9620737040413279,0.9620601480222213,0.962016994031669,0.9620027526372537,0.962010811958911,0.9620188641886456,0.9619447488711264,0.9619541151008402,0.96197109502141,0.9619653179791938
0.962281251806814,0.9622701036036081,0.9622219386842161,0.9622084291993156,0.9622156590978257,0.962228427179612,0.9621560235679383,0.9621700433489513,0.9621745048288208,0.9621633178099038,0.9621136110404045,0.9621018556658167,0.962112394329572,0.9621203513527075,0.9620448099910848,0.9620564415570794,0.9620737153975323,0.9620601593823948,0.9620184619497691,0.9620042210936168,0.9620108233335463,0.9620188755609229,0.9619445619534792,0.961953928228183,0.9619711064076808,0.9619653293671575
0.9622812520159167,0.9622701038127732,0.9622219059190296,0.9622083964226698,0.9622156593073476,0.9622284273890629,0.9621561735866824,0.962170193313338,0.9621745050386394,0.9621633180197824,0.9621131137166923,0.9621013581911846,0.9621123945397687,0.96212035156286,0.962045338140969,0.9620569695486683,0.9620737156080106,0.9620601595929466,0.9620170056152655,0.9620027642250975,0.962010823544353,0.9620188757716852,0.9619447604762676,0.961954126703189,0.9619711066187033,0.9619653295782113
0.9622812519939126,0.962270103790761,0.9622219388715989,0.9622084293867665,0.962215659285236,0.9622284273669595,0.962156023755635,0.962170043536581,0.9621745050164279,0.9621633179975642,0.9621136112283031,0.9621018558537733,0.9621123945174752,0.9621203515405721,0.9620448101793206,0.9620564417452588,0.9620737155856158,0.9620601595705458,0.9620184621381196,0.9620042212820352,0.9620108235219302,0.9620188757492678,0.9619445621421818,0.961953928416841,0.9619711065962535,0.961965329555756
0.9622812520159167,0.9622701038127732,0.9622219059190296,0.9622083964226698,0.9622156593073476,0.9622284273890629,0.9621561735866824,0.962170193313338,0.9621745050386394,0.9621633180197824,0.9621131137166923,0.9621013581911846,0.9621123945397687,0.96212035156286,0.962045338140969,0.9620569695486683,0.9620737156080106,0.9620601595929466,0.9620170056152655,0.9620027642250975,0.962010823544353,0.9620188757716852,0.9619447604762676,0.961954126703189,0.9619711066187033,0.9619653295782113
0.962281251997875,0.9622701037947254,0.96222193887557,0.9622084293907383,0.9622156592892164,0.9622284273709376,0.9621560237596207,0.9621700435405651,0.9621745050204207,0.962163318001559,0.962113611232307,0.9621018558577783,0.9621123945214798,0.9621203515445758,0.9620448101833303,0.9620564417492663,0.9620737155896317,0.9620601595745621,0.9620184621421375,0.9620042212860556,0.9620108235259583,0.9620188757532961,0.9619445621462195,0.9619539284208769,0.9619711066002896,0.9619653295597947
0.95978810374248,0.9597762358500874,0.9597240779286607,0.959709696077951,0.9597119360069599,0.959725530384403,0.9596477506086227,0.9596626778707178,0.9596629599407887,0.9596510475074993,0.9595967366611955,0.9595842186596615,0.9595928464536172,0.9596013202236635,0.9595205827310505,0.9595329697000428,0.9595488688761298,0.9595344315876411,0.9594876189748016,0.9594724515110229,0.9594802916937619,0.9594888676894984,0.959409153807387,0.9594191296658909,0.9594376507665114,0.9594315011767527
0.9597869807379003,0.9597751125218195,0.9597229882834413,0.959708606052752,0.9597107700634411,0.9597243648250984,0.959646423341094,0.9596613510826626,0.9596617517018904,0.9596498389201511,0.9595960563059356,0.9595835380985618,0.9595915951823513,0.9596000692086377,0.9595187670254688,0.9595311545370029,0.9595475752474771,0.95953313750247,0.9594878747428521,0.9594727073674048,0.9594789548010698,0.9594875310887956,0.959407289234455,0.9594174445580923,0.9594361369407902,0.9594298058119599
0.9597914694741243,0.9597796025518501,0.9597274488917047,0.95971306821652,0.959715222527588,0.9597288158220252,0.9596510422403404,0.9596659683133333,0.9596661648273022,0.9596542533182895,0.9595999466837359,0.9595874296533822,0.959595971101747,0.959604444231914,0.9595237128337961,0.9595360988674921,0.9595519110713515,0.9595374748069223,0.9594906656660722,0.9594754992822931,0.9594832529016719,0.9594918283539531,0.9594115017668161,0.9594218291365886,0.9594402304034124,0.9594336834899577
0.9597837245784235,0.9597718554238133,0.9597197270656739,0.9597053436977372,0.9597074214315173,0.9597210172966439,0.959643069488574,0.9596579984417142,0.9596583125395484,0.9596463987659762,0.9595926116762643,0.9595800924267359,0.9595880634771241,0.9595965382266454,0.9595152291070941,0.9595276176757774,0.9595439529739123,0.9595295138937772,0.9594842472517049,0.9594690784818232,0.9594752393743338,0.9594838165535711,0.9594030376662057,0.9594134952952298,0.9594319840399639,0.9594252029697548
0.9597758858663556,0.9597640144523865,0.9597118410623182,0.9596974549444042,0.9596995280806526,0.9597131265468435,0.9596353233861161,0.9596502551374988,0.9596503696245862,0.9596384535603395,0.9595841261684337,0.959571604351674,0.9595800668109524,0.9595885431980435,0.9595077807795167,0.9595201715737816,0.9595359074800576,0.9595214655441104,0.9594746384235957,0.9594594660920164,0.959467140029511,0.9594757189654679,0.9593949964660065,0.9594055351300901,0.9594236255371464,0.9594165819313627
0.9597752350965993,0.9597633634950604,0.9597109983698331,0.9596966119580601,0.9596988390728465,0.9597124377660824,0.95963463330681,0.9596495653074775,0.9596496427196699,0.9596377264457918,0.9595833980986304,0.959570876061598,0.9595793015291514,0.9595877780729591,0.9595070141618094,0.9595194051851408,0.9595351041924631,0.9595206619300884,0.9594738339488145,0.9594586612791551,0.9594662980444764,0.9594748772271973,0.9593940802112062,0.9594046604907429,0.9594225257683715,0.959415212823201
0.9597693932603191,0.9597575199750001,0.9597051474266332,0.9596907589745582,0.9596929525719755,0.9597065532049476,0.9596287376516488,0.9596436717820753,0.9596437153265447,0.9596317973432678,0.9595774612066965,0.9595649373735156,0.9595733301079228,0.9595818078745566,0.9595010323166586,0.959513425127366,0.9595290924091777,0.9595146480158538,0.9594678132810113,0.9594526383764956,0.9594602421457881,0.9594688226356549,0.9593879792709101,0.9593985807370546,0.9594162138770945,0.9594086360550649
0.9597617549286825,0.9597498794418022,0.9596974971875938,0.9596831060678033,0.9596852698517968,0.9596988730163827,0.9596210429839247,0.9596359798939642,0.9596359931835867,0.9596240729733443,0.95956972668891,0.9595572005157478,0.959565564496947,0.9595740438538067,0.9594932531498725,0.959505648284976,0.9595212881395172,0.9595068409987817,0.9594599974779177,0.9594448196900502,0.9594523944299469,0.9594609765833781,0.9593801023932182,0.959390714707713,0.9594081279982538,0.9594003028722258
0.959765263681623,0.959753389206051,0.9597010114103199,0.9596866215159716,0.9596887593063239,0.9597023613210653,0.9596245378649546,0.9596394735125109,0.959639460963839,0.9596275417536593,0.9595732000263122,0.9595606749039618,0.9595690123053315,0.9595774909561583,0.9594967069768054,0.9595091010799177,0.959524713724943,0.9595102677546146,0.9594634281257117,0.9594482515696285,0.9594557997074624,0.9594643811908272,0.9593835068310872,0.9593941221503695,0.9594113383800433,0.9594032982957865
0.9597476405917902,0.9597357610368473,0.9596833608481354,0.9596689647989249,0.9596710281241496,0.9596846359816125,0.959606779108988,0.9596217211716278,0.9596216331323093,0.959609708780873,0.9595553436257802,0.9595428131012562,0.9595510784688346,0.9595595607920773,0.9594787418349988,0.9594911413059937,0.9595066849820852,0.9594922327065543,0.9594453727396524,0.9594301895620332,0.9594376650859802,0.95944625034726,0.95936533775445,0.9593759593847304,0.9593929706942486,0.9593847523779118,0.9593295664827479
0.9597492521383024,0.9597373730478373,0.9596849749068332,0.9596705794204508,0.9596726235068926,0.9596862308386562,0.9596083769726911,0.9596233184581298,0.9596232112425549,0.9596112873462157,0.9595569242649122,0.9595443942185811,0.959552640059723,0.9595611220631934,0.9594803061517729,0.9594927051553641,0.9595082290111585,0.9594937772523113,0.9594469190504022,0.959431736417452,0.9594391923778647,0.9594477773511965,0.9593668664867976,0.9593774884473232,0.959394380462862,0.9593860339166855,0.9593310335591598
0.9597492826581604,0.9597374035764934,0.9596850054742712,0.9596706099985466,0.9596726389488388,0.9596862462755138,0.9596083924386489,0.9596233339185019,0.9596232115502281,0.9596112876539777,0.9595569245730788,0.9595443945268409,0.9595526251893043,0.9595611071958199,0.9594802912553981,0.9594926902634382,0.9595081989253389,0.9594937471323184,0.9594468889199992,0.9594317062531477,0.9594391469748351,0.959447731986655,0.959366820499276,0.95937744278963,0.9593942524915378,0.9593858183979027,0.9593309192313277
0.9597523098772289,0.9597404316680687,0.959688037412388,0.9596736429939132,0.9596756599627911,0.9596892662939986,0.9596114181505535,0.959626358537421,0.9596262243341678,0.9596143013067482,0.9595599421849519,0.9595474130516395,0.9595556312529143,0.9595641126438641,0.9594833025663521,0.9594957006746376,0.9595111963356546,0.9594967455671786,0.9594498907597966,0.9594347091708952,0.9594421374465134,0.9594507218645956,0.959369815970025,0.9593804376385966,0.9593971930081564,0.9593887054253212,0.9593338462014871
0.9597344585942096,0.9597225752399903,0.9596701583017397,0.9596557576488052,0.9596577041616461,0.959671316409495,0.959593434426762,0.9596083813098755,0.9596081756173431,0.959596247385051,0.9595418645456328,0.959529329943303,0.9595374801629348,0.9595459652707308,0.9594651197923529,0.9594775233334616,0.959492954120158,0.9594784969798646,0.9594316215860761,0.9594164333048347,0.9594237930365028,0.9594323812633174,0.9593514395513629,0.9593620659760689,0.9593787330288754,0.9593702103138784,0.9593152303715671,0.9593140249635361
0.9597287708130158,0.9597168858194975,0.9596644616542265,0.9596500590148924,0.9596519808801731,0.9596655950138819,0.9595877022452766,0.9596026511989917,0.9596024205269855,0.9595904906350707,0.9595361002330611,0.9595235638868815,0.9595316902416835,0.9595401765350764,0.9594593197645291,0.9594717250385982,0.9594871329488774,0.9594726737712129,0.9594257918124163,0.9594106013916845,0.9594179370693745,0.9594265265172435,0.9593455733602148,0.9593562013123744,0.9593728323699326,0.9593642909936602,0.9593092029497015,0.959307722871211
0.9597312917219218,0.9597194074549649,0.9596669864928102,0.959652584733877,0.9596544821038313,0.9596680954133718,0.9595902073584677,0.9596051554072775,0.9596049003443066,0.9595929711675093,0.959538584024145,0.9595260484293746,0.9595341498525984,0.9595426356423407,0.9594617836687984,0.9594741882066917,0.9594895707329023,0.9594751123993457,0.9594282331988941,0.9594130436653705,0.9594203543990001,0.9594289433541086,0.9593479948840755,0.9593586222327632,0.9593752205698034,0.9593666701516743,0.9593114675827445,0.9593097146333951
0.9622527301338375,0.9622415736851275,0.9621931607386107,0.9621796411881769,0.9621868513365726,0.96219962893988,0.9621273212597743,0.9621413514406747,0.9621454285449023,0.9621342331152423,0.9620839910706318,0.9620722267075541,0.9620830331298487,0.9620909961838691,0.9620159259112682,0.962027566134158,0.9620440863600175,0.9620305196230026,0.961987333059809,0.9619730804426951,0.961980906469704,0.9619889654454321,0.9619138150372104,0.9619237864766315,0.961939199810089,0.9619311721671167,0.9618792114971113,0.9618772986308335
0.9622550780569692,0.9622439222870249,0.9621957246795321,0.9621822060258625,0.9621892021223719,0.9622019789487124,0.9621295257535651,0.9621435551357103,0.9621477807031553,0.9621365859538797,0.9620868448399855,0.9620750813428993,0.9620853879321722,0.9620933505025158,0.9620177564819654,0.962029396156221,0.9620464423782795,0.9620328764592108,0.9619911500929186,0.961976898869757,0.9619832651678206,0.9619913236581641,0.9619159793482099,0.9619259502375959,0.9619415595232259,0.9619335318171112,0.9618813215844357,0.9618793799917738
0.9622551523601957,0.9622439966117309,0.9621955867035787,0.9621820680016506,0.9621892765227045,0.9622020533244549,0.96212975017995,0.9621437794807792,0.9621478551534561,0.9621366604257169,0.9620864215308107,0.9620746579052688,0.9620854624726827,0.9620934250277144,0.9620183594588332,0.9620299989523713,0.9620465169638683,0.9620329510708716,0.9619897672179771,0.9619755154877401,0.9619833398448983,0.9619913983197625,0.9619162526114393,0.9619262234308603,0.9619416342504774,0.9619336065597772,0.9618816374841157,0.9618796950929152
0.9622551679957485,0.9622440122518057,0.9621958147566383,0.9621822961344733,0.9621892921846265,0.9622020689812003,0.9621296159548385,0.9621436453043009,0.9621478708318276,0.9621366761086247,0.9620869351105485,0.9620751716408555,0.9620854781760333,0.9620934407278405,0.9620178468832548,0.9620294865304173,0.962046532682671,0.9620329667951699,0.9619912405259645,0.9619769893359631,0.9619833555890507,0.9619914140606503,0.9619160699259381,0.9619260407921331,0.9619416500112741,0.9619336223238248,0.9618814118949932,0.9618794694799988
0.9622551693183676,0.9622440135748054,0.96219560368793,0.9621820849919422,0.9621892935095779,0.9622020703057137,0.9621297671929743,0.9621437964876394,0.9621478721582917,0.9621366774354714,0.9620864385626346,0.962074674942262,0.962085479504694,0.9620934420562304,0.962018376520325,0.9620300160087496,0.9620465340127546,0.9620329681257185,0.9619897842917899,0.9619755325678145,0.9619833569213034,0.9619914153926279,0.9619162697173098,0.9619262405323521,0.9619416513449706,0.9619336236577976,0.9618816546038176,0.9618797122009197
0.9622551692930217,0.9622440135494539,0.9621958160559065,0.962182297434196,0.9621892934841174,0.9622020702802607,0.962129617256335,0.9621436466053259,0.9621478721327164,0.9621366774098878,0.9620869364134861,0.9620751729441894,0.9620854794790215,0.9620934420305622,0.9620178481885142,0.9620294878352846,0.9620465339869719,0.9620329680999258,0.9619912418321188,0.9619769906425963,0.9619833568954836,0.9619914153668114,0.9619160712346311,0.9619260421004912,0.961941651319115,0.9619336236319347,0.9618814132048652,0.9618794707899365
0.9622551693183563,0.962244013574794,0.9621956036879187,0.9621820849919309,0.9621892935095664,0.9622020703057024,0.962129767192963,0.9621437964876278,0.9621478721582801,0.9621366774354598,0.9620864385626231,0.9620746749422506,0.9620854795046825,0.962093442056219,0.9620183765203134,0.962030016008738,0.9620465340127431,0.9620329681257069,0.9619897842917786,0.9619755325678028,0.9619833569212919,0.9619914153926163,0.9619162697172983,0.9619262405323405,0.961941651344959,0.961933623657786,0.961881654603806,0.9618797122009082
0.9622551692930217,0.9622440135494539,0.9621958160559065,0.962182297434196,0.9621892934841174,0.9622020702802607,0.962129617256335,0.9621436466053259,0.9621478721327164,0.9621366774098878,0.9620869364134861,0.9620751729441894,0.9620854794790215,0.9620934420305622,0.9620178481885142,0.9620294878352846,0.9620465339869719,0.9620329680999258,0.9619912418321188,0.9619769906425963,0.9619833568954836,0.9619914153668114,0.9619160712346311,0.9619260421004912,0.961941651319115,0.9619336236319347,0.9618814132048652,0.9618794707899365
