0.00407292580568762,0.004072906275248297,0.004072820519613076,0.004072796863660075,0.004072805317927681,0.0040728276778294915,0.004072699514765422,0.004072724055393319,0.00407272961303213,0.004072710029579259,0.004072620767159499,0.004072600198387466,0.0040726192121552365,0.004072633135706717,0.004072516291841267,0.004072536631403994,0.00407255206332553,0.004072529666953924,0.004072505500309768,0.004072484484076908,0.004072526947206425,0.004072529292164976
0.004072962046528389,0.004072942523305827,0.004072856427796945,0.004072832780498995,0.004072841587580843,0.004072863939220955,0.004072736085616093,0.004072760617107628,0.004072765894964295,0.004072746318746665,0.004072657089289334,0.004072636528119577,0.004072655519198593,0.004072669437606402,0.004072546201862813,0.004072566535239714,0.004072588361641516,0.004072565881583289,0.0040725413314853225,0.004072520226906072,0.004072563245870963,0.004072565604425593
0.004072968010134591,0.004072948488099485,0.004072862397824471,0.004072838751965389,0.0040728475380368044,0.004072869888321599,0.004072742042467079,0.004072766572470551,0.004072771829521936,0.004072752254487668,0.004072663030421519,0.004072642470495151,0.004072661439922709,0.004072675357491782,0.00407254528812319,0.004072565621689056,0.0040725942415318125,0.00407257163764134,0.0040725461602769235,0.004072524950829118,0.004072569100474295,0.0040725714864684286
0.004072963905623666,0.004072944382771286,0.004072858288894016,0.004072834642044617,0.004072843407044255,0.004072865758269953,0.004072737907034911,0.0040727624380714365,0.00407276767388428,0.004072748098021376,0.004072658870180089,0.004072638309383047,0.004072657258126207,0.0040726711762876806,0.0040725376775806055,0.004072558012720383,0.004072590010596808,0.004072567278645834,0.004072541441566274,0.004072520121351918,0.004072564833674567,0.0040725672518756055
0.0040729894014777165,0.004072969883701802,0.004072884183640982,0.004072860543032328,0.0040728689118529945,0.004072891257269759,0.004072763177207686,0.004072787701931809,0.004072793175999982,0.004072773605222036,0.0040726852705659355,0.004072664715293872,0.004072682766546271,0.004072696681094353,0.0040725641397376345,0.004072584469405045,0.00407261548947729,0.004072592637262325,0.00407256562356389,0.0040725441949239416,0.004072590274950816,0.004072592729599212
0.004072996353181665,0.0040729768367898204,0.004072891142803083,0.0040728675038715165,0.004072875849193106,0.004072898193029929,0.004072770122021226,0.004072794645010648,0.004072800095774619,0.004072780526376353,0.004072692197944458,0.004072671644122044,0.004072689671164602,0.004072703584734671,0.004072571052691596,0.004072591380929503,0.004072622352051288,0.004072599379576777,0.00407257105463769,0.004072549509786097,0.004072597084867511,0.004072599581518655
0.004073001626974394,0.004072982111632525,0.004072896422253703,0.0040728727845944,0.004072881105673417,0.00407290344831313,0.004072775384164084,0.004072799905839157,0.004072805332503792,0.004072785764149607,0.004072697440427945,0.004072676887702563,0.004072694889953515,0.004072708802784378,0.004072575355194367,0.004072595682542587,0.004072627527752443,0.004072604439924421,0.0040725746338963606,0.004072552967242676,0.004072602193036933,0.004072604738969495
0.004072997507611814,0.004072977991449811,0.004072892298471757,0.004072868659818689,0.004072876956297218,0.004072899299881909,0.004072771230317976,0.004072795753030579,0.004072801154951553,0.004072781585764461,0.004072693258285267,0.0040726727046847405,0.004072690682697198,0.004072704596123986,0.004072571142819414,0.004072591471038677,0.004072623271138534,0.004072600072894995,0.004072568576227198,0.00407254677891428,0.004072590799372634,0.004072593404771685
0.004073001953752153,0.004072982438475342,0.0040728967493820455,0.004072873111801574,0.004072881380985978,0.0040729037235629935,0.004072775659773243,0.004072800181379475,0.004072805556122109,0.00407278598781251,0.00407269766429199,0.004072677111613459,0.004072695061858335,0.004072708974664846,0.004072575527308336,0.004072595854620961,0.004072627604891977,0.0040726042984562645,0.004072570560247404,0.004072548611120948,0.004072593327260996,0.004072595994293852
0.004073017301859661,0.004072997789638439,0.0040729121139548375,0.004072888480076845,0.004072896720575129,0.004072919059658842,0.004072791015886345,0.004072815533657126,0.004072820880160528,0.0040728013149060795,0.004072713005168403,0.004072692455699971,0.004072710375725128,0.004072724286362612,0.004072590859805641,0.0040726111839478815,0.004072642883522973,0.0040726194874583154,0.0040725830453864275,0.004072560936816398,0.004072606599963421,0.004072609335630666
0.0040730317889844025,0.0040730122796471995,0.004072926245339732,0.004072902614866866,0.004072911198180102,0.004072933533966996,0.00407280577101808,0.004072830285103716,0.004072835341606014,0.004072815779234585,0.0040727266128580296,0.0040727060662368725,0.004072724826083949,0.004072738734674824,0.004072606250048626,0.004072626571008716,0.004072657301574322,0.004072633833385659,0.004072598785522809,0.004072576509630024,0.00407261886124591,0.004072621670737403
0.004073027132976666,0.004073007622712587,0.004072921955618081,0.004072898324111577,0.004072906509133671,0.004072928845988326,0.004072800814988749,0.00407282533031215,0.004072830621598815,0.004072811058286427,0.004072722757310071,0.004072702209882186,0.004072720073391684,0.004072733982655678,0.00407260056926964,0.0040726208914042905,0.004072652506595786,0.0040726289781955385,0.004072587029431503,0.004072564570246407,0.004072611766820947,0.004072614655201448
0.004073034160578186,0.004073014651713092,0.0040729286194865,0.004072904989585699,0.004072913517100486,0.004072935852359334,0.004072808092430024,0.004072832605935898,0.00407283760668691,0.0040728180447670344,0.00407272888044767,0.004072708334300967,0.0040727270380223795,0.004072740946299989,0.004072608464657038,0.004072628785159245,0.0040726594385885485,0.004072635865696299,0.004072589089198146,0.004072566443593442,0.004072616109587148,0.004072619087999294
0.004073028444582582,0.004073008934579608,0.004072923268630972,0.004072899637440848,0.0040729077645124505,0.004072930101081237,0.004072802071719744,0.0040728265867292735,0.004072831820063562,0.004072812256990096,0.004072723957091597,0.004072703409914755,0.00407272121525713,0.0040727351243593935,0.004072601712524156,0.004072622034422425,0.0040726535753590224,0.004072629966503567,0.004072581249574813,0.004072558403735755,0.004072607379059152,0.004072610458605292
0.004073049081358412,0.004073029575463487,0.004072943556328261,0.004072919930026449,0.004072928396137186,0.00407295072800801,0.004072822987452977,0.004072847497238997,0.004072852437092383,0.0040728328781289,0.004072743727278329,0.0040727231842379984,0.004072741824937904,0.004072755731121361,0.004072623269421012,0.00407264358686231,0.004072674163745739,0.004072650534983707,0.0040725961386139835,0.004072573089503957,0.0040726248926898165,0.004072628080875057
0.004073043193823963,0.004073023686757075,0.00407293803369368,0.004072914406061228,0.004072922470565927,0.0040729448037860085,0.004072816793613242,0.0040728413049460725,0.004072846476117466,0.004072826915965698,0.004072738629248019,0.004072718085141059,0.004072735826388667,0.004072749733421636,0.004072616341429626,0.004072636660303276,0.004072668126784258,0.004072644479334414,0.00407258977437504,0.0040725665136417104,0.004072616885217162,0.0040726201878957
0.00407306919606895,0.0040730496941778545,0.004072963692689979,0.004072940071239658,0.004072948474163169,0.004072970801462425,0.004072843087049707,0.004072867591816417,0.0040728724691793785,0.004072852914208972,0.004072763781550166,0.004072743242705478,0.0040727618180675116,0.004072775721419691,0.0040726432866816835,0.00407266359998465,0.004072694103416236,0.004072670450701154,0.004072607415983015,0.004072583950950059,0.004072642655928448,0.004072646074645847
0.0016206334147919309,0.0016206310517464441,0.0016206208502233062,0.001620617991158636,0.0016206197596725898,0.0016206224623122481,0.001620607148335168,0.0016206101113879425,0.0016206112931332023,0.001620608928418897,0.0016205984296362372,0.0016205959487146156,0.0016205984114629503,0.0016206000911341218,0.0016205841587743617,0.0016205866099466238,0.0016205904905436698,0.0016205876346599437,0.0016205798988180736,0.0016205770454544336,0.0016205833065861775,0.00162058373414677
0.001620633926427875,0.0016206315633820903,0.0016206213169306569,0.0016206184578656583,0.0016206202712490605,0.0016206229738890603,0.0016206076915661809,0.0016206106546193535,0.001620611804650853,0.0016206094399362492,0.001620598836134557,0.0016205963552126858,0.0016205989229212251,0.0016206006025926087,0.0016205847814699432,0.0016205872326425816,0.0016205910019335488,0.0016205881459928017,0.0016205800846638798,0.0016205772305198526,0.0016205837839389585,0.001620584212033834
0.0016206339370153577,0.001620631573969567,0.001620621372445114,0.0016206185133800755,0.0016206202818365072,0.0016206229844765144,0.001620607670497462,0.0016206106335506182,0.0016206118152382787,0.0016206094505236692,0.0016205989517396567,0.0016205964708177157,0.0016205989335086174,0.0016206006131800046,0.0016205846808181935,0.0016205871319907716,0.0016205910125209205,0.0016205881565801651,0.001620580366633237,0.001620577512489011,0.001620583793926599,0.001620584222021476
0.0016206339373258211,0.0016206315742800298,0.0016206213278285688,0.0016206184687635621,0.0016206202821469672,0.0016206229847869733,0.001620607702464053,0.001620610665517233,0.001620611815548735,0.0016206094508341253,0.001620598847032405,0.0016205963661105266,0.0016205989338190713,0.0016206006134904594,0.0016205847923677493,0.001620587243540395,0.0016205910128313738,0.001620588156890618,0.001620580094182623,0.0016205772400385886,0.0016205837942136082,0.0016205842223084852
0.0016206339373262965,0.0016206315742805053,0.0016206213727560524,0.001620618513691014,0.0016206202821474431,0.0016206229847874508,0.001620607670808397,0.001620610633861554,0.001620611815549212,0.0016206094508346017,0.0016205989520505903,0.0016205964711286484,0.0016205989338195495,0.0016206006134909367,0.0016205846811291232,0.0016205871323017019,0.0016205910128318513,0.0016205881568910959,0.0016205803668577195,0.0016205775127134936,0.0016205837942140856,0.0016205842223089623
0.001620633937325819,0.0016206315742800276,0.0016206213278285666,0.0016206184687635595,0.001620620282146965,0.001620622984786971,0.0016206077024640507,0.001620610665517231,0.0016206118155487326,0.0016206094508341227,0.0016205988470324023,0.001620596366110524,0.0016205989338190694,0.0016206006134904566,0.0016205847923677476,0.001620587243540393,0.0016205910128313718,0.0016205881568906158,0.0016205800941826206,0.0016205772400385862,0.0016205837942136062,0.0016205842223084826
0.001620633937326202,0.001620631574280411,0.0016206213727559572,0.001620618513690919,0.0016206202821473495,0.0016206229847873562,0.0016206076708083028,0.0016206106338614594,0.001620611815549119,0.001620609450834509,0.0016205989520504966,0.0016205964711285543,0.0016205989338194556,0.0016206006134908432,0.0016205846811290303,0.001620587132301609,0.0016205910128317574,0.001620588156891002,0.001620580366857626,0.0016205775127134002,0.0016205837942139926,0.0016205842223088692
0.001620633937325819,0.0016206315742800276,0.0016206213278285666,0.0016206184687635595,0.001620620282146965,0.001620622984786971,0.0016206077024640507,0.001620610665517231,0.0016206118155487326,0.0016206094508341227,0.0016205988470324023,0.001620596366110524,0.0016205989338190694,0.0016206006134904566,0.0016205847923677476,0.001620587243540393,0.0016205910128313718,0.0016205881568906158,0.0016205800941826206,0.0016205772400385862,0.0016205837942136062,0.0016205842223084826
0.004073103308299231,0.004073083813197487,0.004072998212644172,0.004072974599509975,0.004072982596904859,0.0040730049164354725,0.004072876984705975,0.004072901481008525,0.004072906586852188,0.004072887038681931,0.004072798806017064,0.004072778274499268,0.0040727959427006395,0.004072809841220807,0.004072676530861108,0.004072696837291897,0.004072728218491163,0.0040727045659862855,0.004072638833214311,0.004072615174033547,0.0040726685587154495,0.004072672105741224
0.004073106608626926,0.004073087114181999,0.004073001145514073,0.004072977533086381,0.0040729858738278455,0.0040730081926124585,0.004072880526890376,0.004072905022308515,0.004072909838825415,0.00407289029130328,0.004072801192577494,0.004072780661558919,0.004072799170823585,0.00407281306888668,0.004072680684516643,0.004072700990088852,0.004072731420369528,0.004072707763885334,0.004072635015899824,0.004072611167684607,0.004072668571408515,0.004072672226156745
0.004073101341236874,0.0040730818457436506,0.00407299624347229,0.0040729726298637334,0.004072980570897062,0.004073002890888906,0.004072874956516486,0.004072899453325443,0.004072904502706756,0.004072884954121123,0.0040727967195823495,0.004072776187628112,0.004072793799571473,0.004072807698395087,0.004072674385125522,0.004072694691999845,0.004072726015596515,0.004072702354381882,0.004072628326032502,0.004072604286902242,0.004072659601719802,0.004072663377300026
0.0040731052004280115,0.00407308570570283,0.004072999735799648,0.004072976123032369,0.004072984406998227,0.004073006726116768,0.0040728790584851375,0.004072903554269909,0.004072908313917843,0.0040728887660917935,0.004072799665981414,0.0040727791346435085,0.004072797587189368,0.0040728114854766935,0.004072679098971353,0.0040726994048713005,0.00407272977748892,0.004072706114999087,0.0040726295140456085,0.004072605302201709,0.004072659754071735,0.004072663650358957
0.004073127354980176,0.0040731078646639345,0.004073021914193681,0.004072998306768771,0.004073006562054467,0.004073028876129567,0.0040729012373386594,0.004072925727586031,0.004072930459350696,0.0040729109159380735,0.004072821835934507,0.004072801309233918,0.00407281973079365,0.004072833625945797,0.004072701269296748,0.004072721570614181,0.004072751909285972,0.004072728250736866,0.004072651635948847,0.004072627272039861,0.0040726782326960444,0.004072682249516833
0.004073132640705769,0.004073113151441373,0.00407302720560728,0.004073003599456915,0.004073011829083758,0.004073034141959918,0.0040729065100251005,0.004072930998956107,0.004072935705238314,0.004072916162871111,0.004072827087630282,0.004072806562028138,0.004072824957349994,0.00407283885176219,0.00407270650215977,0.00407272680239565,0.004072757114008458,0.004072733455812047,0.004072656818147295,0.0040726323209978425,0.00407267970446513,0.00407268384356338
0.004073137880601907,0.004073118392380219,0.004073032451141996,0.004073008846255089,0.004073017051958124,0.004073039363645421,0.004072911738509083,0.004072936226134785,0.004072940908669132,0.004072921367338859,0.004072832296822119,0.004072811772309513,0.004072830143135883,0.004072844036813905,0.004072711694203006,0.0040727319933657885,0.004072762279727102,0.004072738622174649,0.004072661966797469,0.0040726373632016186,0.004072684624708639,0.00407268888754622
0.004073151320788287,0.00407313183524103,0.004073046276618434,0.004073022675061484,0.004073030486832892,0.004073052795462154,0.004072924926199533,0.004072949410532996,0.004072954332080174,0.004072934793424819,0.004072846603685057,0.004072826082164728,0.004072843559797154,0.004072857451575789,0.004072724205863033,0.004072744502439966,0.004072775683674219,0.004072752028972764,0.004072677908791307,0.004072653229339685,0.004072690543683043,0.004072694933256891
0.004073149546501605,0.004073130060601295,0.004073044129594822,0.004073020527520762,0.004073028690199593,0.004073050999237795,0.004072923389250217,0.004072947873967369,0.0040729525138766525,0.004072932974858989,0.004072843914878079,0.0040728233927953975,0.004072841719340464,0.004072855611379644,0.004072723284375449,0.00407274358114283,0.0040727738216572084,0.00407275016613641,0.004072673491768539,0.00407264875264523,0.004072684733152301,0.004072689248689366
0.00407316390885685,0.004073144425814333,0.004073058878184054,0.004073035279662125,0.0040730430513282,0.004073065357097677,0.004072937504222178,0.004072961985415758,0.004072966867211606,0.004072947331054037,0.004072859152582694,0.004072838633686827,0.0040728560699305255,0.004072869959938198,0.004072736731207863,0.0040727570251962416,0.004072788163157347,0.004072764510819133,0.004072690380448687,0.004072665606580999,0.0040726974657536675,0.004072702107507747
0.004073180895611657,0.004073161415948952,0.004073075883151257,0.004073052288724666,0.004073060038202652,0.004073082340105979,0.004072954509384272,0.004072978986333037,0.004072983846441707,0.004072964313667289,0.004072876150458546,0.004072855635117415,0.004072873047490921,0.004072886935095336,0.004072753729410699,0.004072774019886324,0.004072805131570819,0.004072781483127522,0.004072707360597792,0.004072682566147052,0.004072714156393399,0.00407271894703181
0.004073192698826272,0.0040731732215118915,0.004073087699020051,0.004073064107438948,0.004073071837591495,0.004073094136809474,0.004072966321475358,0.004072990795475746,0.004072995636604205,0.004072976106178879,0.0040728879535677455,0.0040728674406948434,0.004072884832568071,0.0040728987185043395,0.004072765528816174,0.00407278581685353,0.004072816906364555,0.004072793260619659,0.004072719143864387,0.004072694336708147,0.004072725675909368,0.004072730601665577
0.004073204712174111,0.004073185237249761,0.004073099354621291,0.004073075765846959,0.004073083846564492,0.004073106143049541,0.0040729786048467635,0.004073003075781282,0.00407300763570521,0.004072988107670501,0.004072899097726089,0.004072878587183523,0.004072896826009991,0.004072910710248686,0.0040727784575286495,0.004072798742894487,0.0040728288888546285,0.004072805245842834,0.0040727285966348755,0.004072703781775377,0.004072737384529109,0.004072742454901215
0.004073209752700781,0.004073190278779203,0.004073104771176985,0.004073081183706968,0.00407308886062247,0.004073111155966479,0.004072983362830985,0.004073007832577969,0.004073012620949568,0.004072993093908053,0.004072904956562516,0.0040728844472450445,0.004072901784144335,0.004072915667681277,0.004072782501001142,0.004072802785531482,0.004072833817620383,0.004072810175606608,0.004072736068625549,0.004072711249485526,0.0040727418192366945,0.004072747143338638
0.004073200898039021,0.004073181422355872,0.00407309590702283,0.004073072317418299,0.004073079957290728,0.004073102254660857,0.004072974449915287,0.00407299892188684,0.0040730036729187576,0.004072984144094543,0.004072895998706604,0.004072875487516017,0.004072892788173131,0.004072906672983345,0.004072773494093339,0.0040727937804847765,0.00407282477752816,0.0040728011331704,0.004072727018838078,0.0040727021939333695,0.0040727321895868114,0.004072737809866519
0.001620637826616698,0.0016206354635686403,0.0016206252620343993,0.001620622402966617,0.001620624150120058,0.0016206268527626433,0.0016206115387689774,0.0016206145018249618,0.0016206156622091065,0.0016206132974922523,0.001620602798698279,0.0016206003177739832,0.001620602759162646,0.0016206044388356181,0.0016205885064587708,0.0016205909576336624,0.0016205948165493897,0.0016205919587649342,0.0016205831740719642,0.0016205801764050845,0.0016205835715328199,0.001620584289366689
0.0016206386462390982,0.0016206362831905627,0.0016206260816542589,0.0016206232225858999,0.0016206249695555044,0.0016206276721986372,0.001620612358201876,0.001620615321258459,0.0016206164814586497,0.0016206141167413176,0.0016206036179452227,0.001620601137020425,0.0016206035782253929,0.0016206052578987052,0.0016205893255186383,0.0016205917766940253,0.0016205956354261163,0.0016205927776397342,0.0016205839929456932,0.0016205809952713288,0.0016205843843766536,0.0016205851054196447
0.0016206386591745504,0.001620636296126008,0.0016206260945896727,0.0016206232355213033,0.001620624982490021,0.0016206276851331613,0.0016206123711363508,0.0016206153341929434,0.001620616494392247,0.0016206141296749076,0.0016206036308787767,0.0016206011499539721,0.0016206035911580582,0.0016206052708313756,0.0016205893384512564,0.0016205917896266514,0.001620595648357864,0.0016205927905714739,0.0016205840058774045,0.0016205810082030305,0.0016205843972792115,0.0016205851183376861
0.0016206386601639673,0.0016206362971154231,0.0016206260955790846,0.0016206232365107152,0.0016206249834794346,0.001620627686122576,0.0016206123721257612,0.001620615335182355,0.001620616495381659,0.0016206141306643197,0.0016206036318681873,0.0016206011509433814,0.0016206035921474673,0.0016206052718207855,0.0016205893394406637,0.0016205917906160583,0.0016205956493472715,0.0016205927915608806,0.0016205840068668096,0.0016205810091924346,0.0016205843982686162,0.001620585119327091
0.0016206386601639673,0.0016206362971154231,0.0016206260955790846,0.0016206232365107152,0.0016206249834794346,0.001620627686122576,0.0016206123721257612,0.001620615335182355,0.001620616495381659,0.0016206141306643197,0.0016206036318681873,0.0016206011509433814,0.0016206035921474673,0.0016206052718207855,0.0016205893394406637,0.0016205917906160583,0.0016205956493472715,0.0016205927915608806,0.0016205840068668096,0.0016205810091924346,0.0016205843982686162,0.001620585119327091
0.0016206386601639673,0.0016206362971154231,0.0016206260955790846,0.0016206232365107152,0.0016206249834794346,0.001620627686122576,0.0016206123721257612,0.001620615335182355,0.001620616495381659,0.0016206141306643197,0.0016206036318681873,0.0016206011509433814,0.0016206035921474673,0.0016206052718207855,0.0016205893394406637,0.0016205917906160583,0.0016205956493472715,0.0016205927915608806,0.0016205840068668096,0.0016205810091924346,0.0016205843982686162,0.001620585119327091
0.0016206386601639673,0.0016206362971154231,0.0016206260955790846,0.0016206232365107152,0.0016206249834794346,0.001620627686122576,0.0016206123721257612,0.001620615335182355,0.001620616495381659,0.0016206141306643197,0.0016206036318681873,0.0016206011509433814,0.0016206035921474673,0.0016206052718207855,0.0016205893394406637,0.0016205917906160583,0.0016205956493472715,0.0016205927915608806,0.0016205840068668096,0.0016205810091924346,0.0016205843982686162,0.001620585119327091
0.0016206386601639673,0.0016206362971154231,0.0016206260955790846,0.0016206232365107152,0.0016206249834794346,0.001620627686122576,0.0016206123721257612,0.001620615335182355,0.001620616495381659,0.0016206141306643197,0.0016206036318681873,0.0016206011509433814,0.0016206035921474673,0.0016206052718207855,0.0016205893394406637,0.0016205917906160583,0.0016205956493472715,0.0016205927915608806,0.0016205840068668096,0.0016205810091924346,0.0016205843982686162,0.001620585119327091
0.004073214538674768,0.004073195065705304,0.004073109562281528,0.004073085975965188,0.0040730935701951505,0.004073115864467433,0.004072988077473137,0.0040730125460434275,0.004073017251814645,0.004072997725695709,0.004072909592512251,0.004072889084164144,0.004072906337784642,0.004072920220677084,0.004072787060177264,0.004072807343765565,0.004072838291840682,0.004072814650600432,0.004072740546233321,0.004072715722835096,0.004072745028067072,0.0040727509975608586
0.00407321796710918,0.004073198494821751,0.004073112994391155,0.004073089408901245,0.004073096963688269,0.0040731192571883314,0.004072991474619019,0.0040730159423414515,0.004073020608745186,0.004073001083295021,0.004072912953128622,0.004072892445483203,0.004072909659266616,0.004072923541688963,0.004072790385697081,0.004072810668598255,0.004072841576343962,0.004072817935840193,0.0040727438338510336,0.004072719010487793,0.004072747708326801,0.00407275398593562
0.004073206162910559,0.004073186688274826,0.004073101177538466,0.004073077589203098,0.004073085099686768,0.00407310739588664,0.004072979597846873,0.004073004068533546,0.004073008690242127,0.004072989162417514,0.004072901021539122,0.004072880511398836,0.004072897681954243,0.0040729115660717964,0.004072778393823974,0.004072798679202972,0.00407282954534531,0.004072805901868734,0.004072731790774048,0.004072706963819059,0.004072734962800792,0.004072741597636447
0.004073208314154644,0.004073188839946884,0.004073103331088722,0.004073079743271931,0.004073087207069951,0.004073109502790251,0.004072981707498524,0.004073006177658654,0.004073010752712754,0.00407299122529904,0.0040729030862743775,0.004072882576565826,0.004072899700153758,0.00407291358398566,0.0040727804144770376,0.004072800699438508,0.004072831518299541,0.004072807875250789,0.004072733765644487,0.004072708938913614,0.004072736213709034,0.004072743214993578
0.00407320298882769,0.00407318351356049,0.004073098000052899,0.0040730744109523775,0.0040730818278494636,0.004073104124793907,0.004072976322487603,0.004073000793991775,0.004073005321948334,0.0040729857934526615,0.004072897649546858,0.004072877138701475,0.004072894215831307,0.0040729081004394485,0.004072774923487171,0.004072795209583251,0.004072825982716701,0.004072802338303079,0.004072728224526995,0.00407270339625554,0.004072729934832758,0.004072737309832391
0.0040731969917086035,0.004073177515248292,0.004073091625849883,0.004073068035214404,0.004073075776027894,0.0040730980743495715,0.004072970525644073,0.004072994998595103,0.0040729992180797625,0.004072979688367995,0.004072890670783189,0.004072870158478489,0.004072888057662787,0.004072901943142565,0.004072769678603733,0.00407278996578358,0.004072819772841906,0.004072796126910385,0.004072719468651812,0.004072694638093804,0.004072722980144951,0.004072730728892662
0.004073193495142035,0.004073174017986084,0.004073088496189523,0.004073064904800388,0.004073072228464582,0.004073094527593605,0.004072966712769227,0.0040729911866719485,0.0040729956210378985,0.00407297609060947,0.004072887937984333,0.00407286742510817,0.004072884409779206,0.004072898295775319,0.0040727651055133055,0.004072785393638128,0.004072816075617728,0.004072792428780407,0.004072718307547528,0.004072693476657333,0.004072718549205713,0.004072726666679432
0.004073223805854345,0.004073204334728426,0.004073118468842045,0.004073094884670326,0.0040731025254538795,0.0040731248176883285,0.004072997303792432,0.0040730217700600466,0.004073025890430203,0.00407300636603224,0.004072917372656232,0.0040728968659349005,0.004072914662196859,0.004072928543911138,0.004072796315231222,0.004072816596907249,0.0040728462977764005,0.0040728226581952,0.004072746020675279,0.0040727211967576,0.004072748000013411,0.004072756518945257
0.004073229562039786,0.004073210092058931,0.004073124601750965,0.004073101019055951,0.0040731082373679445,0.004073130528302639,0.004073002760433382,0.004073027225339183,0.004073031555372907,0.004073012032103479,0.00407292391177517,0.00407290340642109,0.004072920282076286,0.004072934162995199,0.004072801021420301,0.004072821302123963,0.004072851870044558,0.0040728282317856355,0.004072754137609995,0.0040727293157212605,0.004072752771723047,0.004072761695993716
0.004073216552339778,0.004073197079770902,0.004073111207524479,0.004073087621604305,0.004073095160131184,0.004073117454041662,0.004072989930561457,0.00407301439866925,0.004073018416439072,0.004072998890552153,0.004072909890392715,0.0040728893821068935,0.004072907076692839,0.004072920959480702,0.004072788720577022,0.004072809003822246,0.00407283860386932,0.0040728149623965445,0.0040727383189077156,0.004072713493001657,0.004072738683538334,0.004072748015564792
0.004073210964760756,0.0040731914910803035,0.004073105984536301,0.004073082397358455,0.004073089514459973,0.004073111809655193,0.004072984017372279,0.004073008486955899,0.004073012715138053,0.004072993188115305,0.0040729050508544265,0.004072884541556667,0.004072901317644784,0.004072915201247752,0.004072782033934459,0.004072802318561309,0.004072832789486816,0.004072809146597616,0.004072735038055065,0.0040727102113048905,0.004072732057655034,0.004072741794770343
0.0040731978053137885,0.0040731783290153456,0.004073092810982044,0.00407306922063196,0.004073076287274179,0.004073098585479506,0.0040729707759480675,0.004072995248836627,0.004072999426121405,0.004072979896451086,0.004072891747246062,0.00407287123516646,0.004072887961991486,0.004072901847484803,0.004072768662044246,0.004072788949434152,0.0040728193729201384,0.00407279572678121,0.004072721608129971,0.0040726967779687855,0.004072717816039299,0.004072727961427294
0.004073184015216338,0.004073164536174307,0.004073079006100503,0.004073055412425988,0.004073062428947971,0.004073084730307195,0.004072956902703311,0.004072981379054672,0.004072985505762109,0.0040729659733183,0.004072877811601078,0.0040728572966073255,0.0040728739745699485,0.004072887862043134,0.004072754657616895,0.004072774947900711,0.004072805324435724,0.004072781674894414,0.004072707545657339,0.00407268271192511,0.004072702945076413,0.004072713496766991
0.004073176194813344,0.004073156714215355,0.0040730711773130784,0.004073047581753199,0.004073054548199393,0.004073076851352198,0.004072949013470737,0.0040729734917913565,0.004072977568147597,0.004072958034122241,0.004072869865270061,0.004072849348614545,0.004072865977180278,0.0040728798657855125,0.004072746650503665,0.004072766942442151,0.004072797270660164,0.004072773619160116,0.004072699483862367,0.004072674648075822,0.004072694081441616,0.0040727050352428115
0.004073168337587425,0.004073148855426104,0.004073063311663004,0.0040730397142088245,0.004073046631316684,0.0040730689362713495,0.004072941088064888,0.004072965568363847,0.004072969595105723,0.004072950059491709,0.004072861883472522,0.004072841365147776,0.004072857945058748,0.00407287183480098,0.004072738608616051,0.004072758902216446,0.004072789182864504,0.004072765529396161,0.0040726913880132195,0.0040726665501625865,0.004072685193944031,0.004072696544479572
0.0040731881477736815,0.004073168669553852,0.004073083143088357,0.004073059550410109,0.004073066417582855,0.0040730887180343255,0.00407296089563206,0.004072985370986757,0.004072989348359341,0.004072969816681147,0.0040728816584178675,0.004072861144228556,0.004072877672203679,0.00407289155915347,0.004072758359746268,0.004072778649265049,0.004072808875208458,0.004072785226465586,0.004072711099966633,0.004072686267083434,0.004072704137519731,0.004072715870641041
0.0016206365982064253,0.0016206342351590835,0.001620623988700896,0.001620621129634013,0.0016206228792148992,0.0016206255818566376,0.0016206102995239267,0.0016206132625790055,0.0016206143488076688,0.0016206119840915805,0.0016206013802832332,0.0016205988993598056,0.001620601403266584,0.001620603082938995,0.001620587261806648,0.0016205897129807864,0.0016205934181480846,0.0016205905603107508,0.00162058146896725,0.0016205784710464322,0.0016205807695425871,0.0016205822307869997
0.001620636639549975,0.0016206342765026091,0.0016206240749713548,0.0016206212159044107,0.0016206229203262212,0.001620625622967987,0.0016206103089789672,0.001620613272034052,0.0016206143896868167,0.001620612024970705,0.0016206015261800272,0.00162059904525651,0.001620601443913514,0.001620603123585941,0.0016205871912142631,0.0016205896423883595,0.0016205934585626538,0.0016205906007241623,0.0016205818160658822,0.001620578818143752,0.0016205808022358341,0.0016205822675507873
0.001620636654997646,0.0016206342919502718,0.0016206240454919407,0.0016206211864250172,0.0016206229357729686,0.0016206256384147457,0.0016206103560818216,0.0016206133191369414,0.0016206144051326605,0.0016206120404165403,0.0016206014366080457,0.0016205989556845836,0.0016206014593584375,0.001620603139030872,0.0016205873178983055,0.0016205897690724784,0.001620593474006677,0.001620590616168175,0.0016205815248257363,0.0016205785269038228,0.001620580817650932,0.001620582282981031
0.0016206366564272539,0.001620634293379878,0.0016206240918485823,0.0016206212327816265,0.0016206229372025714,0.0016206256398443486,0.0016206103258552646,0.0016206132889103621,0.00162061440656226,0.0016206120418461385,0.0016206015430554161,0.0016205990621318887,0.0016206014607880335,0.001620603140460467,0.001620587208088723,0.0016205896592628294,0.0016205934754362702,0.0016205906175977664,0.001620581832939449,0.0016205788350173074,0.0016205808190805204,0.0016205822844106196
0.0016206366564274544,0.0016206342933800784,0.001620624046921745,0.0016206211878548203,0.0016206229372027732,0.0016206256398445498,0.0016206103575116208,0.0016206133205667421,0.0016206144065624626,0.001620612041846341,0.0016206014380378425,0.0016205989571143793,0.0016206014607882352,0.0016206031404606706,0.0016205873193280986,0.0016205897705022718,0.0016205934754364734,0.00162059061759797,0.0016205815262555292,0.0016205785283336137,0.0016205808190807238,0.0016205822844108234
0.0016206366564272539,0.001620634293379878,0.0016206240918485823,0.0016206212327816265,0.0016206229372025714,0.0016206256398443486,0.0016206103258552646,0.0016206132889103621,0.00162061440656226,0.0016206120418461385,0.0016206015430554157,0.0016205990621318887,0.0016206014607880335,0.001620603140460467,0.001620587208088723,0.0016205896592628294,0.0016205934754362702,0.0016205906175977664,0.001620581832939449,0.0016205788350173074,0.0016205808190805204,0.0016205822844106196
0.0016206366564274564,0.0016206342933800806,0.0016206240469217464,0.0016206211878548225,0.0016206229372027758,0.0016206256398445533,0.0016206103575116242,0.0016206133205667445,0.001620614406562466,0.0016206120418463437,0.0016206014380378449,0.001620598957114382,0.0016206014607882378,0.001620603140460673,0.0016205873193281014,0.0016205897705022755,0.0016205934754364758,0.0016205906175979729,0.0016205815262555312,0.0016205785283336166,0.0016205808190807257,0.0016205822844108258
0.0016206366564272539,0.001620634293379878,0.0016206240918485823,0.0016206212327816265,0.0016206229372025714,0.0016206256398443486,0.0016206103258552646,0.0016206132889103621,0.00162061440656226,0.0016206120418461385,0.0016206015430554161,0.0016205990621318887,0.0016206014607880335,0.001620603140460467,0.001620587208088723,0.0016205896592628294,0.0016205934754362702,0.0016205906175977664,0.001620581832939449,0.0016205788350173074,0.0016205808190805204,0.0016205822844106196
0.004073194514563602,0.004073175037610466,0.004073089146039848,0.004073065554807206,0.004073072741656722,0.0040730950406689505,0.004072967488014546,0.004072991961723767,0.004072995626740006,0.004072976096312717,0.0040728870754680995,0.004072866562411576,0.004072883907017129,0.0040728977930844035,0.004072765522950806,0.004072785810989372,0.004072815063638452,0.004072791416357732,0.004072714754630666,0.004072689922645798,0.004072709527429097,0.004072721662269663
0.004073190506996214,0.004073171029245763,0.004073085504840182,0.004073061912730688,0.0040730686879440784,0.004073090987878852,0.0040729631684373515,0.004072987643224748,0.00407299152864097,0.0040729719973971795,0.004072883841093648,0.004072863327360766,0.004072879763001062,0.004072893649654913,0.004072760453085654,0.004072780742171861,0.004072810875432147,0.004072787227126362,0.004072713102182615,0.004072688269766237,0.004072704678218451,0.0040727171419201085
0.004073146628071709,0.004073127141590672,0.004073041208024588,0.004073017605246852,0.0040730246171671635,0.004073046927132452,0.004072919311843348,0.004072943797578386,0.004072947285766113,0.004072927745706636,0.004072838680979429,0.004072818157802087,0.0040728353320895905,0.004072849225033004,0.004072716889417781,0.004072737187506832,0.004072766275590204,0.0040727426164935175,0.004072665916736712,0.004072641072349771,0.004072659251190957,0.004072672063056218,0.004072565451323924
0.004073146061076933,0.004073126574483073,0.004073041011267381,0.004073017408442255,0.004073024007418945,0.004073046317523028,0.0040729184398094085,0.004072942925762147,0.004072946633456002,0.004072927093266538,0.004072838896605883,0.004072818373473641,0.004072834636905607,0.0040728485299474405,0.004072715272121451,0.0040727355705447495,0.004072765537747843,0.004072741878425522,0.004072667719351613,0.0040726428753784195,0.004072657890117899,0.004072671012521942,0.004072564216356863
0.0040731629451279195,0.0040731434618936505,0.004073057542638104,0.0040730339437945245,0.004073040875422191,0.004073063181686917,0.004072935587559384,0.004072960069231418,0.004072963477668141,0.004072943940835169,0.004072854890807371,0.004072834371020214,0.004072851463222134,0.004072865353881934,0.004072733040013636,0.004072753334764849,0.004072782338754707,0.004072758683426273,0.004072681996315166,0.004072657155903894,0.004072674174146692,0.004072687561375998,0.004072581235890529
0.004073134085266763,0.00407311459628983,0.004073029022615789,0.004073005416903076,0.0040730118484108785,0.0040730341612826414,0.004072906267709655,0.004072930756701153,0.004072934296435011,0.004072914753787053,0.00407282654603526,0.004072806020319838,0.0040728221171751604,0.004072836011989454,0.004072702737166694,0.00407272303818074,0.004072752840431364,0.004072729177931893,0.004072655009391017,0.00407263016209952,0.004072644111800417,0.004072657717789916,0.004072550910704799,0.004072553065819838
0.004073136470576211,0.004073116982073938,0.004073031039599,0.0040730074343721,0.00407301419511128,0.004073036507448867,0.004072908878593857,0.004072933366933543,0.004072936603374863,0.004072917061186637,0.004072827986761208,0.004072807461347126,0.004072824385090916,0.004072838279584127,0.004072705929210167,0.004072726229564468,0.004072755068244004,0.004072731406212176,0.004072654697941504,0.004072629850509318,0.004072646002696641,0.004072659768554689,0.004072553091816845,0.0040725554531352865
0.00407313988775415,0.004073120399931867,0.004073034831325127,0.004073011227011517,0.004073017578538998,0.004073039890106435,0.004072912004007501,0.004072936491566918,0.0040729399514365825,0.004072920409915557,0.004072832207247732,0.00407281168271639,0.004072827698899593,0.004072841592923655,0.00407270832567872,0.004072728625537708,0.004072758346271136,0.004072734684963533,0.0040726605207156074,0.0040726356746971296,0.004072649042337501,0.004072662917608385,0.004072555593303918,0.004072558187038018
0.004073138455784002,0.00407311896767677,0.004073033026943033,0.00407300942219482,0.00407301611001814,0.004073038421919845,0.004072910795557421,0.004072935283418528,0.004072938446961801,0.004072918905140964,0.004072829832389304,0.004072809307361255,0.00407282615787009,0.004072840052112323,0.00407270770412847,0.004072728004115923,0.004072756769284688,0.004072733107546541,0.004072656400721558,0.00407263155361597,0.0040726472987579155,0.004072661244343144,0.00407255389632214,0.004072556739491504
0.004073130939460073,0.004073111449857131,0.004073025873435819,0.004073002266964571,0.004073008549032728,0.004073030862655527,0.004072902964778927,0.004072927454595026,0.004072930844680138,0.004072911301344306,0.004072823090489247,0.004072802564051061,0.004072818511530571,0.004072832406855342,0.004072699127137407,0.004072719428897602,0.004072749082141867,0.004072725418485063,0.00407265124736089,0.0040726263988921175,0.004072639485824001,0.004072653476654675,0.004072545322776667,0.004072548452063869
0.004073129628499326,0.004073110138635507,0.004073024190159394,0.004073000583282696,0.004073007201635414,0.004073029515564926,0.004072901877606554,0.0040729263676940785,0.004072929461387889,0.004072909917776388,0.004072820836866764,0.004072800309957202,0.004072817091785373,0.00407283098731115,0.004072698627104035,0.004072718928967581,0.004072747626488739,0.004072723962431697,0.00407264724858407,0.004072622399059239,0.004072637945561013,0.004072651962549935,0.00407254365603557,0.004072547088887498
0.00407314128572707,0.004073121798182967,0.0040730362307970615,0.004073012626820528,0.004073018839716769,0.004073041150997128,0.004072913266543187,0.004072937753787413,0.0040729410749630835,0.004072921533665952,0.004072833332008194,0.004072812807712101,0.004072828684904223,0.0040728425787886924,0.004072709312882359,0.004072729612537311,0.004072759194029318,0.004072735532735125,0.004072661369319822,0.004072636523344067,0.004072649465028088,0.004072663495054503,0.004072554344015662,0.004072558083255048
0.004073145282855889,0.0040731257961071745,0.004073039861361261,0.004073016258259172,0.004073022808660741,0.00407304511903768,0.004072917501394559,0.0040729419875815695,0.00407294501385026,0.004072925473338049,0.0040728364065482706,0.00407281588289523,0.004072832595065388,0.004072846488396283,0.004072714149091074,0.004072734447746482,0.00407276307369583,0.004072739413322282,0.004072662711575986,0.004072637865927012,0.0040726533004390485,0.004072667338177279,0.004072558014533839,0.004072562063807856
0.004073143350258103,0.004073123863124823,0.004073038297541835,0.004073014694063089,0.0040730208395571245,0.004073043150382274,0.004072915268536774,0.004072939755281205,0.004072943009066185,0.0040729234681544735,0.004072835268235492,0.004072814744344371,0.004072830553824746,0.0040728444474446256,0.0040727111840755245,0.004072731483343738,0.00407276099682036,0.004072737335924146,0.004072663173906615,0.004072638328354375,0.004072651178319088,0.004072665221059646,0.004072555000334197,0.004072559373641992
0.004073135989646295,0.004073116501048317,0.004073030929037381,0.004073007323783852,0.00407301343533027,0.004073035747840808,0.00407290785633772,0.004072932344932614,0.004072935564519935,0.004072916022124683,0.004072827815512927,0.004072807290063027,0.004072823066254552,0.004072836960934479,0.004072703687400196,0.004072723988217846,0.004072753469422879,0.004072729806694603,0.004072655639012533,0.004072630791538283,0.00407264360308963,0.004072657649533327,0.004072546858829771,0.004072551562675885
0.004073147958309368,0.004073128472093031,0.004073042539693637,0.004073018937236642,0.0040730253869281675,0.004073047696718247,0.004072920082431078,0.004072944567973743,0.00407294749355408,0.004072927953536011,0.00407283888899744,0.004072818365863603,0.004072834976888893,0.004072848869882592,0.004072716533788502,0.004072736831951047,0.004072765356405977,0.004072741696542525,0.0040726649966188475,0.00407264015151122,0.004072655468750786,0.004072669514848773,0.004072558557589559,0.004072563569394022
0.0016206320690137638,0.001620629705969063,0.00162061950444931,0.0016206166453855886,0.001620618302840177,0.0016206210054788641,0.0016206056915072876,0.001620608654558998,0.001620609725245286,0.0016206073605318956,0.0016205968617532972,0.0016205943808326351,0.0016205967325218272,0.0016205984121923024,0.0016205824798391402,0.001620584931010388,0.0016205887002028448,0.001620585842294683,0.0016205770577238834,0.0016205740597401246,0.0016205755774623464,0.0016205772726249682,0.0016205637997166844,0.0016205644411018995,0.0016205681781378705
0.0016206321056949763,0.0016206297426502542,0.0016206194962034221,0.0016206166371397076,0.001620618339322564,0.0016206210419612756,0.0016206057596456806,0.00162060872269744,0.0016206097615288962,0.0016206073968154848,0.001620596793019136,0.0016205943120985162,0.0016205967686066225,0.0016205984482771134,0.0016205826271628546,0.0016205850783341906,0.0016205887360886983,0.0016205858781795034,0.0016205767869259132,0.0016205737889413712,0.0016205756131435066,0.0016205773083095313,0.0016205638717968825,0.0016205645164470781,0.0016205682124928883
0.0016206324407834782,0.00162063007773856,0.0016206198762178734,0.0016206170171538894,0.0016206186744074974,0.0016206213770464325,0.001620606063073452,0.001620609026125434,0.0016206100966106897,0.0016206077318970827,0.0016205972331175215,0.0016205947521966326,0.0016205971036849119,0.0016205987833555417,0.0016205828510009214,0.0016205853021723927,0.0016205890711638927,0.001620586213254462,0.0016205774286839117,0.0016205744306988948,0.0016205759482151873,0.0016205776433813523,0.0016205641651279678,0.0016205648098163018,0.001620568547546553
0.001620632442832444,0.0016206300797875248,0.0016206198333398422,0.0016206169742758892,0.0016206186764564556,0.001620621379095393,0.0016206060967785256,0.001620609059830532,0.0016206100986596444,0.0016206077339460357,0.001620597130148806,0.001620594649227979,0.001620597105733859,0.0016205987854044893,0.0016205829642889139,0.0016205854154604546,0.0016205890732128362,0.001620586215303405,0.0016205771240490581,0.001620574126064266,0.0016205759502641232,0.0016205776454302893,0.0016205642088539772,0.0016205648535423192,0.001620568549595486
0.0016206324428389724,0.0016206300797940534,0.001620619878273361,0.0016206170192093763,0.0016206186764629853,0.0016206213791019213,0.0016206060651289332,0.0016206090281809164,0.0016206100986661742,0.0016206077339525656,0.001620597235173,0.0016205947542521082,0.0016205971057403905,0.0016205987854110205,0.0016205828530563924,0.0016205853042278648,0.0016205890732193685,0.0016205862153099361,0.0016205774307393808,0.0016205744327543632,0.001620575950270656,0.0016205776454368214,0.0016205641671834304,0.0016205648118717652,0.0016205685496020182
0.001620632442838603,0.0016206300797936828,0.0016206198333459999,0.0016206169742820464,0.0016206186764626139,0.0016206213791015508,0.001620606096784684,0.00162060905983669,0.0016206100986658023,0.0016206077339521938,0.001620597130154964,0.0016205946492341369,0.001620597105740017,0.0016205987854106471,0.0016205829642950726,0.0016205854154666124,0.0016205890732189944,0.0016205862153095623,0.0016205771240552158,0.0016205741260704243,0.0016205759502702804,0.0016205776454364465,0.001620564208860132,0.0016205648535484731,0.0016205685496016422
0.0016206324428389724,0.0016206300797940534,0.001620619878273361,0.0016206170192093763,0.0016206186764629853,0.0016206213791019213,0.0016206060651289332,0.0016206090281809164,0.0016206100986661742,0.0016206077339525656,0.001620597235173,0.0016205947542521082,0.0016205971057403905,0.0016205987854110205,0.0016205828530563924,0.0016205853042278648,0.0016205890732193685,0.0016205862153099361,0.0016205774307393808,0.0016205744327543632,0.001620575950270656,0.0016205776454368214,0.0016205641671834304,0.0016205648118717652,0.0016205685496020182
0.0016206324428386923,0.001620630079793773,0.001620619833346089,0.0016206169742821364,0.0016206186764627045,0.0016206213791016407,0.0016206060967847741,0.001620609059836781,0.0016206100986658918,0.0016206077339522833,0.0016205971301550537,0.0016205946492342269,0.0016205971057401069,0.001620598785410737,0.0016205829642951617,0.0016205854154667024,0.0016205890732190835,0.0016205862153096516,0.0016205771240553053,0.001620574126070514,0.0016205759502703704,0.0016205776454365356,0.001620564208860222,0.001620564853548563,0.0016205685496017326
0.0040731301807754045,0.004073110691021485,0.004073025113937591,0.0040730015072834,0.004073007463127562,0.004073029776997555,0.004072901877704517,0.004072926367792016,0.004072929431381087,0.0040729098877636035,0.004072821675637915,0.004072801148903794,0.004072816769703,0.004072830665274379,0.004072697383191641,0.004072717685312294,0.004072747011911562,0.004072723347618576,0.004072649175069784,0.004072624325952477,0.004072636977731719,0.00407265102725558,0.004072539128830753,0.004072544478298866,0.00407257588520619
0.0040731499194310876,0.0040731304336049795,0.004073044502925582,0.004073020900941431,0.0040730271879462175,0.004073049497326355,0.004072921885383426,0.0040729463704760015,0.004072949133317016,0.004072929593625701,0.004072840530575785,0.004072820007785283,0.0040728364556615,0.004072850348445854,0.004072718014345394,0.004072738312201947,0.004072766673239439,0.004072743013684995,0.004072666314797772,0.004072641470015358,0.004072656621841346,0.004072670668883448,0.0040725586682025415,0.004072564292074452,0.004072595403009378
0.004073139785873607,0.004073120298031052,0.004073034729335336,0.00407301112499716,0.004073016998019344,0.004073039309718918,0.004072911422862798,0.004072935910567301,0.004072938891563367,0.0040729193498311245,0.004072831146210462,0.0040728106214571996,0.004072826158367635,0.004072840052609793,0.004072706783273423,0.0040727270834512025,0.004072756324812437,0.004072732662763982,0.004072658497245806,0.004072633650486251,0.004072646217440338,0.004072660266242107,0.004072547372142952,0.004072553310240358,0.004072584835138709
0.00407310304875785,0.004073083553604451,0.004072997581813828,0.004072973968527668,0.004072980079800225,0.0040730023999038705,0.004072874726638956,0.004072899223505315,0.004072901808747951,0.004072882259625394,0.004072793153608383,0.004072772620908198,0.0040727888975522,0.004072802797069906,0.004072670398847633,0.00407269070654596,0.004072718901989767,0.004072695230921456,0.0040726184947319595,0.00407259363785447,0.004072608616680397,0.004072622671011973,0.00407250954123242,0.0040725157964696555,0.0040725469653281115,0.004072545905616492
0.004073097194035559,0.004073077697716957,0.004072992091823337,0.0040729684772146686,0.00407297414900814,0.004072996470461976,0.004072868527712034,0.004072893026126183,0.00407289580444131,0.004072876254122051,0.004072788011762282,0.004072767477986496,0.004072782817469504,0.004072796717848115,0.004072663389667083,0.004072683698814301,0.004072712748653132,0.004072689076101589,0.004072614877684328,0.004072590019891902,0.004072602387254571,0.00407261644257271,0.004072502412360975,0.004072508987963955,0.004072540484138236,0.004072539083288822
0.004073089514173359,0.00407307001632627,0.004072984032662882,0.004072960416112742,0.0040729663914393045,0.004072988714659259,0.004072861023573863,0.004072885523861739,0.0040728879725532114,0.004072868420672959,0.00407277930209233,0.004072758766494552,0.004072774908353319,0.004072788809851854,0.0040726563927660775,0.004072676703359682,0.004072704765630452,0.004072681091154598,0.004072604343925466,0.004072579483468432,0.004072594326810136,0.004072608383336847,0.004072494139231177,0.004072501036923681,0.004072532172127456,0.004072530449033907
0.0040730707489166325,0.004073051247334612,0.004072965247209043,0.004072941626133242,0.00407294753308834,0.004072969860601862,0.004072842144963863,0.004072866649965828,0.004072869029539701,0.004072849473883678,0.004072760338101319,0.004072739798536231,0.004072755873827871,0.004072769778021807,0.004072637335267706,0.004072657649801028,0.004072685647762486,0.004072661968678034,0.004072585206518117,0.0040725603412198495,0.004072575117539381,0.004072589176848334,0.004072474355691967,0.0040724815785610465,0.004072512691925686,0.00407251064327459
0.004073056474809168,0.004073036970385939,0.004072950957737389,0.0040729273332188514,0.004072933171472749,0.004072955502256247,0.0040728277679190315,0.0040728522765112385,0.004072854586803222,0.004072835028268262,0.00407274587936997,0.004072725336779897,0.0040727413447155135,0.0040727552509669815,0.00407262278861898,0.004072643106159687,0.004072671038479385,0.004072647355872966,0.004072570582302718,0.004072545713304704,0.004072560421903274,0.004072574483336484,0.004072459087154646,0.00407246663654344,0.004072497726419579,0.00407249535980141
0.004073043868640617,0.004073024361708053,0.004072938337999311,0.004072914710440177,0.004072920479922422,0.004072942813595784,0.004072815062733007,0.004072839574498106,0.004072841815499198,0.004072822254418348,0.004072733093921434,0.004072712548656324,0.004072728488994921,0.004072742397067035,0.004072609917380991,0.004072630237582837,0.004072658103817914,0.004072634418093086,0.004072557634419935,0.0040725327621461025,0.004072547402821026,0.004072561466131511,0.004072445495112252,0.004072453371702392,0.00407248443716322,0.004072481758471674
0.0040730348263591145,0.004073015317626562,0.004072929285984124,0.004072905656243918,0.004072911356740935,0.004072933692491722,0.00407280592974926,0.004072830443795257,0.004072832615423209,0.004072813052508301,0.004072723883655758,0.00407270333646355,0.004072719208627144,0.00407273311801361,0.004072600625810992,0.004072620947933955,0.004072648747074979,0.004072625059094256,0.0040725482681125205,0.004072523393468916,0.0040725379657028625,0.00407255203037424,0.004072435486992866,0.0040724436912837605,0.004072474730948376,0.004072471744811976
0.0040730338829971435,0.0040730143740768,0.004072928712879354,0.004072905083001055,0.00407291034224947,0.00407293267823127,0.0040728046522333335,0.004072829166598382,0.004072831530119244,0.0040728119669879775,0.004072723666828717,0.00407270311959114,0.004072718051989234,0.004072731961539515,0.004072598545408142,0.00407261886796125,0.004072647519475876,0.004072623831199172,0.004072549583525593,0.004072524709214803,0.0040725366664920715,0.0040725507313582815,0.004072433271158877,0.004072441806883507,0.004072473166628912,0.004072469876712546
0.004073025321682658,0.004073005811058,0.004072919771075887,0.004072896139042988,0.004072901700101637,0.004072924038051399,0.0040727962627342,0.004072820779194541,0.004072822810923733,0.004072803246054207,0.004072714068296762,0.00407269351905078,0.0040727092525174365,0.004072723163314006,0.004072590657682957,0.0040726109818669904,0.004072638643434048,0.0040726149530172584,0.004072538154143261,0.004072513276940627,0.0040725277100819865,0.004072541776236896,0.004072424079044503,0.004072432948517306,0.0040724639390405945,0.0040724603478703705
0.004073018843310404,0.00407299933139605,0.004072913657059166,0.004072890023553011,0.004072895143793691,0.00407291748323648,0.004072789437406422,0.0040728139555714455,0.0040728161795175275,0.004072796613325931,0.00407270829936044,0.004072687748907328,0.004072702543525581,0.004072716455272387,0.004072583018077736,0.004072603343841435,0.004072631859650835,0.004072608167598373,0.004072533908097915,0.004072509029820916,0.004072520848574876,0.004072534915717766,0.0040724162891024466,0.0040724254932218195,0.004072456809558615,0.004072452922715518
0.004073005198877739,0.0040729856842470005,0.004072899997989031,0.00407287636119141,0.00407288141211577,0.004072903754685697,0.004072775690936551,0.004072800212535001,0.004072802366694576,0.00407278279774908,0.0040726944713597975,0.004072673918013118,0.004072688644523221,0.00407270255823871,0.00407256910216572,0.004072589430806962,0.004072617880398829,0.004072594184975022,0.004072519914917075,0.004072495033099278,0.004072506783177902,0.004072520852339112,0.004072401631308254,0.004072411171906387,0.0040724424690404114,0.0040724382864283605
0.00407298558316255,0.004072966064626406,0.004072880361229211,0.004072856719699371,0.004072861701779533,0.004072884048838401,0.00407275595936678,0.004072780485893839,0.004072782570557277,0.004072762997664727,0.004072674653468922,0.00407265409597501,0.004072668755429107,0.004072682671961889,0.004072549188872862,0.00407256952163205,0.004072597906890556,0.004072574206648739,0.004072499921506036,0.004072475034627734,0.004072486716893817,0.004072500788931579,0.0040723809639164246,0.004072390842638748,0.00407242212449894,0.004072417649312988
0.004072974800896516,0.004072955280213546,0.004072869567394842,0.004072845923263682,0.0040728508360753125,0.0040728731856089296,0.004072745081956516,0.004072769611200718,0.00407277162621245,0.004072752051137642,0.004072663697096921,0.004072643137310077,0.004072657728425905,0.004072671646520751,0.00407253814845254,0.004072558483494941,0.004072586801906613,0.004072563098984654,0.004072488805455813,0.004072463915762583,0.00407247552921831,0.004072489602862381,0.004072369181130058,0.004072379398870431,0.004072410665207776,0.004072405900990395
0.001620622643424776,0.0016206202803855682,0.001620610078889536,0.001620607219832463,0.0016206088159474285,0.001620611518579791,0.0016205962046440525,0.0016205991676888282,0.0016206001770369745,0.0016205978123291537,0.0016205873135752835,0.0016205848326604649,0.0016205871230086807,0.0016205888026751744,0.0016205728703597804,0.0016205753215252166,0.0016205790293731146,0.0016205761714699677,0.0016205673869220324,0.0016205643889438315,0.0016205658450972444,0.001620567540383766,0.0016205530492966666,0.0016205543195551204,0.0016205580155126754,0.0016205574072079853
0.0016206228173964736,0.0016206204543571644,0.0016206102528606946,0.0016206073938034983,0.0016206089895707343,0.0016206116922032128,0.0016205963782668187,0.0016205993413117214,0.0016206003503121125,0.0016205979856041908,0.0016205874868498718,0.001620585005934947,0.0016205872959354636,0.0016205889756020296,0.0016205730432859566,0.0016205754944514975,0.0016205792019515677,0.001620576344047187,0.00162056755950004,0.0016205645615206294,0.0016205660173263204,0.0016205677126136077,0.0016205532159603647,0.00162055448964301,0.001620558184898244,0.001620557573149187
0.0016206228291416466,0.0016206204661023305,0.0016206102646058305,0.0016206074055486266,0.0016206090013125493,0.0016206117039450358,0.001620596390008597,0.0016205993530535082,0.0016206003620505866,0.001620597997342657,0.001620587498588308,0.0016205850176733753,0.0016205873076705832,0.0016205889873371537,0.0016205730550210326,0.001620575506186581,0.0016205792136833477,0.001620576355778959,0.001620567571231787,0.0016205645732523682,0.0016205660290547468,0.0016205677243420393,0.001620553227659092,0.0016205545013598,0.0016205581965909222,0.0016205575847925687
0.0016206228307894502,0.0016206204677501335,0.0016206102662536304,0.0016206074071964246,0.00162060900296035,0.0016206117055928377,0.0016205963916563922,0.0016205993547013051,0.0016206003636983863,0.0016205979989904566,0.0016205875002361027,0.00162058501932117,0.001620587309318379,0.00162058898898495,0.0016205730566688232,0.0016205755078343726,0.0016205792153311408,0.0016205763574267508,0.0016205675728795765,0.0016205645749001552,0.0016205660307025355,0.001620567725989829,0.0016205532293068758,0.0016205545030075841,0.0016205581982387091,0.0016205575864403554
0.0016206228307989552,0.0016206204677596382,0.0016206102662631346,0.0016206074072059285,0.001620609002969854,0.0016206117056023414,0.001620596391665897,0.0016205993547108097,0.001620600363707888,0.0016205979989999577,0.001620587500245605,0.001620585019330672,0.0016205873093278797,0.0016205889889944513,0.0016205730566783234,0.0016205755078438735,0.0016205792153406407,0.001620576357436251,0.0016205675728890754,0.0016205645749096547,0.001620566030712034,0.0016205677259993273,0.0016205532293163743,0.0016205545030170828,0.0016205581982482074,0.0016205575864498543
0.0016206228307991254,0.0016206204677598085,0.0016206102662633043,0.001620607407206099,0.001620609002970025,0.0016206117056025123,0.0016205963916660676,0.00162059935471098,0.0016206003637080591,0.0016205979990001297,0.0016205875002457764,0.001620585019330843,0.001620587309328052,0.0016205889889946226,0.0016205730566784958,0.0016205755078440454,0.0016205792153408138,0.001620576357436424,0.0016205675728892485,0.0016205645749098282,0.0016205660307122079,0.0016205677259995008,0.001620553229316548,0.0016205545030172567,0.0016205581982483808,0.001620557586450027
0.0016206228307994739,0.001620620467760157,0.0016206102662636528,0.0016206074072064474,0.0016206090029703738,0.0016206117056028607,0.0016205963916664167,0.0016205993547113292,0.00162060036370841,0.0016205979990004792,0.0016205875002461264,0.0016205850193311932,0.0016205873093284022,0.0016205889889949732,0.0016205730566788475,0.0016205755078443971,0.001620579215341164,0.0016205763574367738,0.0016205675728895987,0.0016205645749101782,0.0016205660307125566,0.001620567725999851,0.0016205532293168976,0.0016205545030176063,0.0016205581982487304,0.0016205575864503764
0.0016206228307992121,0.0016206204677598948,0.0016206102662633915,0.0016206074072061861,0.0016206090029701112,0.0016206117056025988,0.001620596391666154,0.001620599354711067,0.0016206003637081468,0.001620597999000216,0.0016205875002458633,0.0016205850193309306,0.001620587309328139,0.0016205889889947102,0.001620573056678583,0.0016205755078441326,0.0016205792153409012,0.0016205763574365108,0.0016205675728893363,0.0016205645749099156,0.0016205660307122944,0.0016205677259995882,0.001620553229316635,0.0016205545030173432,0.0016205581982484682,0.0016205575864501143
0.004072959023289889,0.00407293949946533,0.004072853772859531,0.004072830124921689,0.004072834962294246,0.004072857315443426,0.004072729191073182,0.00407275372428707,0.0040727556633192935,0.00407273608506139,0.004072647716660635,0.004072627153529266,0.004072641670610485,0.004072655590980168,0.0040725220710978016,0.004072542409465246,0.004072570656027104,0.004072546949199909,0.0040724726434858225,0.004072447749691405,0.0040724592884707886,0.004072473364449821,0.004072352286091922,0.004072362874171571,0.004072394123990909,0.004072389044371499
0.004072949796726605,0.0040729302710648015,0.004072844536396103,0.004072820886232054,0.004072825659520398,0.00407284801478856,0.004072719878276139,0.004072744413816549,0.004072746288432666,0.004072726708305275,0.0040726383314705905,0.004072617766374913,0.004072632220159603,0.004072646141868146,0.004072512609146976,0.004072532949471382,0.0040725611340124805,0.004072537424888808,0.00407246311198143,0.004072438215774706,0.004072449690848206,0.0040724637682025356,0.004072342151019729,0.004072353045033009,0.0040723842681600715,0.004072378917022478
0.0040729329075792475,0.004072913378554218,0.004072827629125745,0.004072803974886454,0.004072808675667796,0.004072831034804722,0.0040727028761235965,0.004072727415911693,0.004072729217448522,0.00407270963391676,0.004072621241723783,0.0040726006730510775,0.004072615055845693,0.0040726289799860515,0.004072495423945372,0.004072515767824271,0.00407254388371758,0.004072520170432512,0.004072445844493908,0.00407242094391628,0.004072432347317312,0.0040724464271620475,0.004072324189872249,0.004072335431852666,0.004072366625698753,0.004072360965762887
0.004072929482170307,0.004072909952463133,0.004072824200041012,0.004072800544975161,0.004072805172185965,0.004072827532120982,0.004072699368866664,0.004072723909531014,0.004072725637334488,0.004072706053088737,0.004072617657674711,0.004072597088251811,0.004072611397684283,0.004072625322342943,0.00407249176133209,0.0040725121059685745,0.004072540148964797,0.004072516434776667,0.0040724421060187475,0.00407241720449295,0.004072428534284048,0.004072442614682382,0.004072319769406401,0.0040723313602092455,0.004072362520934661,0.0040723565527647524
0.0040729083613855336,0.004072888827472126,0.004072802684842093,0.004072779024589901,0.004072783950535483,0.004072806315304984,0.004072678386620351,0.004072702932527171,0.004072704324318704,0.004072684735822269,0.004072595450424948,0.004072574876353494,0.004072589985597853,0.0040726039132903975,0.0040724712467589495,0.0040724915956389,0.0040725186470084935,0.004072494927631214,0.004072418035024372,0.004072393127403203,0.004072406933451924,0.0040724210169489575,0.0040722978806829084,0.004072309826330504,0.004072340615304253,0.0040723343382602535
0.00407289797505627,0.004072878439074288,0.004072792659114688,0.004072768996445612,0.004072773476586398,0.004072795843742105,0.004072667639111899,0.0040726921877041675,0.004072693767360005,0.004072674176757959,0.004072585752668489,0.004072565176566927,0.004072579341738492,0.004072593270939255,0.004072459666372636,0.0040724800176481415,0.004072507920750137,0.00407248419878225,0.004072409845680255,0.004072384935983105,0.0040723961202272585,0.0040724102052792635,0.004072286092583549,0.004072298394807115,0.004072329503544868,0.004072322918766607
0.004072884041749721,0.00407286450299262,0.0040727787108541915,0.004072755044822482,0.0040727594502386714,0.004072781820590032,0.0040726535976481374,0.004072678149749061,0.004072679654195804,0.004072660060778729,0.004072571623989702,0.004072551044930344,0.00407256513660293,0.004072579067816627,0.004072445443947288,0.004072465798165032,0.004072493629697284,0.004072469904278313,0.004072395540381439,0.0040723706270595975,0.0040723817372176055,0.004072395824336212,0.004072271071030477,0.004072283733531798,0.0040723148141741045,0.004072307917149513
0.0040728684655637944,0.004072848923704187,0.004072763117950191,0.004072739448159158,0.004072743778473234,0.004072766152395323,0.004072637908992509,0.004072662465013894,0.0040726638938234664,0.004072644297262636,0.004072555846291064,0.004072535263928516,0.004072549281883244,0.004072563215343753,0.004072429569928985,0.004072449927430812,0.004072477687403376,0.004072453958134549,0.004072379582194679,0.004072354664829281,0.004072365700628266,0.0040723797900504965,0.004072254387781827,0.004072267414020531,0.004072298469071788,0.0040722912567455515
0.004072861992452542,0.004072842449303562,0.004072756637891015,0.0040727329665376285,0.004072737220918336,0.004072759596334589,0.004072631344369943,0.004072655902031838,0.004072657254649788,0.004072637656764573,0.004072549199818261,0.00407252861606416,0.004072542558584624,0.0040725564929979426,0.004072422838446318,0.004072443197340837,0.004072470882767875,0.004072447151853201,0.004072372770775383,0.0040723478516816545,0.004072358811695995,0.004072372902113179,0.004072246856114933,0.004072260248203929,0.004072291276653306,0.0040722837497512545
0.004072859097227604,0.004072839553501905,0.004072753739558428,0.004072730067506234,0.004072734245440399,0.004072756621534639,0.0040726283656850135,0.0040726529240912995,0.004072654200113027,0.004072634601618484,0.0040725461419232846,0.004072525557528948,0.004072539423753569,0.004072553358611162,0.004072419699799277,0.004072440059343168,0.004072467668864117,0.0040724439371700935,0.004072369553667514,0.004072344633755631,0.004072355517237109,0.004072369608135015,0.004072242917120102,0.004072256677568781,0.004072287680115622,0.004072279839038638
0.004072842944141886,0.004072823397198487,0.004072737569133873,0.004072713893182767,0.0040727179949158,0.004072740374712982,0.004072612097644845,0.004072636660116751,0.004072637859383421,0.004072618257629055,0.004072529783227683,0.004072509195408201,0.004072522986869472,0.0040725369240565985,0.004072403242906067,0.004072423605854948,0.004072451142850651,0.004072427407164871,0.004072353011177735,0.004072328087073324,0.004072338895126736,0.004072352988413964,0.004072225629423139,0.0040722397630237415,0.004072270745451538,0.004072262588927865
0.004072825020980205,0.00407280547046628,0.004072719626732148,0.004072695946454609,0.004072699971685455,0.004072722355589763,0.004072594054987028,0.004072618621968341,0.0040726197441244855,0.004072600138756069,0.004072511648050495,0.004072491056433679,0.004072504773001663,0.004072518712770322,0.004072385006864595,0.004072405373586809,0.004072432838173905,0.004072409098065972,0.00407233468825022,0.004072309759501288,0.004072320491937565,0.004072334587870587,0.0040722065532794805,0.004072221062911649,0.004072252026907181,0.004072243554192028
0.0040728168253308565,0.0040727972731841745,0.004072711422284565,0.004072687740028602,0.004072691688079595,0.004072714073871663,0.004072585762451742,0.004072610331505703,0.004072611376169671,0.004072591769131742,0.004072503270894429,0.004072482677523425,0.0040724963175748415,0.004072510258541985,0.004072376541143601,0.004072396909617598,0.004072424298816083,0.004072400556641371,0.004072326140377787,0.0040723012094586045,0.0040723118649646,0.004072325962145412,0.004072197260998507,0.004072212146867776,0.004072243090186964,0.004072234301830642
0.004072803589630908,0.004072784034847271,0.004072698172375208,0.004072674486924036,0.004072678357905566,0.004072700746735578,0.004072572417907708,0.00407259699029716,0.004072597957425539,0.004072578347710296,0.004072489837394729,0.0040724692412106335,0.004072482805345079,0.004072496748227539,0.004072363012462529,0.004072383383736076,0.004072410698848148,0.0040723869533844555,0.004072312526848773,0.004072287592475609,0.0040722981714860235,0.00407231227064196,0.0040721828950962945,0.004072198158181222,0.004072229082142558,0.004072219977218433
0.004072781993005376,0.004072762433918764,0.0040726764947343645,0.004072652804055301,0.004072656655706392,0.004072679049482644,0.004072550954924454,0.004072575532678952,0.004072576159366363,0.004072556545301684,0.004072467143420313,0.004072446542483582,0.004072460903535414,0.004072474849522588,0.0040723420087715,0.004072362384391702,0.00407238870269632,0.004072364951914919,0.004072287957787629,0.004072263017183654,0.004072276071751593,0.004072290174090387,0.0040721604619070794,0.004072176101968491,0.004072206656626369,0.004072197229569281
0.004072764413050728,0.004072744850461188,0.004072658953732381,0.004072635258822746,0.004072638975348383,0.004072661373154524,0.0040725329928918445,0.004072557575136586,0.004072558386488517,0.004072538768877308,0.004072450222940383,0.004072429618459873,0.004072443031675791,0.004072456980196594,0.004072323190363686,0.004072343569878585,0.004072370739503505,0.004072346984374262,0.004072272527655165,0.004072247583131595,0.004072258009639742,0.004072272114588905,0.004072141385232005,0.004072157396386207,0.004072188267381976,0.004072178514867428
0.0016206111742309702,0.0016206088111984489,0.0016205986027515522,0.001620595743702572,0.0016205972807780708,0.0016205999834027424,0.001620584701166535,0.0016205876642029018,0.0016205885758776674,0.0016205862111766142,0.0016205756074356829,0.0016205731265280282,0.0016205754558724136,0.0016205771355340738,0.0016205613145029937,0.0016205637656614429,0.0016205672962439582,0.0016205644383373507,0.0016205553471450448,0.0016205523491648862,0.0016205540459507217,0.001620555741256282,0.0016205401580060778,0.001620542122819728,0.0016205456973932034,0.0016205444861631378
0.0016206111489170862,0.0016206087858845791,0.0016205985844174723,0.001620595725368506,0.0016205972550953991,0.0016205999577200538,0.001620584643827988,0.001620587606864315,0.0016205885498261766,0.001620586185125139,0.0016205756864013808,0.0016205732054936782,0.0016205754294521346,0.0016205771091137835,0.0016205611768443469,0.001620563628002714,0.001620567269454666,0.001620564411546938,0.001620555627038025,0.0016205526290565455,0.0016205540187915425,0.0016205557140978348,0.0016205400828983674,0.0016205420515327182,0.001620545667265005,0.0016205444526316741
0.0016206111647748625,0.0016206088017423465,0.0016205985932954727,0.0016205957342464996,0.001620597270951457,0.0016205999735761226,0.0016205846913399516,0.0016205876543763126,0.0016205885656805368,0.0016205862009794902,0.0016205755972385856,0.001620573116330937,0.0016205754453047806,0.001620577124966435,0.0016205613039353985,0.0016205637550938405,0.0016205672853056158,0.0016205644273978763,0.001620555336206787,0.0016205523382255224,0.0016205540346407759,0.0016205557299470744,0.001620540140404641,0.001620542109050966,0.0016205456830974889,0.0016205444684432317
0.001620611167174911,0.001620608804142394,0.0016205986026752428,0.001620595743626263,0.0016205972733514976,0.0016205999759761644,0.0016205846620840306,0.00162058762512037,0.0016205885680805729,0.001620586203379524,0.001620575704655719,0.0016205732237480047,0.0016205754477048074,0.0016205771273664642,0.001620561195096956,0.001620563646255333,0.001620567287705639,0.001620564429797898,0.001620555645288947,0.0016205526473074532,0.0016205540370407914,0.001620555732347091,0.001620540101127817,0.0016205420697741227,0.0016205456854975011,0.0016205444708432429
0.0016206111672152918,0.0016206088041827741,0.001620598595735896,0.0016205957366869212,0.0016205972733918785,0.001620599976016546,0.0016205846937803654,0.0016205876568167275,0.0016205885681209549,0.0016205862034199057,0.0016205755996789944,0.0016205731187713445,0.00162057544774519,0.0016205771274068466,0.0016205613063758,0.0016205637575342437,0.0016205672877460222,0.0016205644298382805,0.001620555338647186,0.0016205523406659197,0.0016205540370811745,0.0016205557323874743,0.001620540142845031,0.0016205421114913574,0.0016205456855378838,0.0016205444708836257
0.001620611167215343,0.0016206088041828257,0.0016205986027156734,0.0016205957436666932,0.0016205972733919286,0.001620599976016596,0.0016205846621244622,0.001620587625160801,0.0016205885681210032,0.0016205862034199545,0.0016205757046961501,0.0016205732237884356,0.0016205754477452373,0.001620577127406894,0.0016205611951373862,0.0016205636462957636,0.0016205672877460692,0.0016205644298383278,0.0016205556453293768,0.0016205526473478836,0.0016205540370812209,0.0016205557323875205,0.0016205401011682463,0.0016205420698145517,0.0016205456855379293,0.0016205444708836713
0.0016206111672152918,0.0016206088041827741,0.001620598595735896,0.0016205957366869212,0.0016205972733918785,0.001620599976016546,0.0016205846937803654,0.0016205876568167275,0.0016205885681209549,0.0016205862034199057,0.0016205755996789944,0.0016205731187713445,0.00162057544774519,0.0016205771274068466,0.0016205613063758,0.0016205637575342437,0.0016205672877460222,0.0016205644298382805,0.001620555338647186,0.0016205523406659197,0.0016205540370811745,0.0016205557323874743,0.001620540142845031,0.0016205421114913574,0.0016205456855378838,0.0016205444708836257
0.0016206111672149213,0.001620608804182404,0.0016205986027152503,0.0016205957436662712,0.001620597273391506,0.0016205999760161736,0.001620584662124039,0.001620587625160378,0.00162058856812058,0.001620586203419531,0.001620575704695726,0.0016205732237880115,0.0016205754477448136,0.0016205771274064695,0.0016205611951369619,0.0016205636462953386,0.001620567287745644,0.0016205644298379032,0.0016205556453289512,0.0016205526473474575,0.001620554037080796,0.0016205557323870957,0.001620540101167821,0.0016205420698141265,0.0016205456855375045,0.001620544470883246
0.004072746777964325,0.004072727211860647,0.004072641241860616,0.00407261754267892,0.004072621233584764,0.004072643635435047,0.00407251549470594,0.004072540081325249,0.0040725405459467335,0.004072520924775266,0.004072431490516736,0.004072410882112703,0.004072425085856189,0.004072439036921264,0.004072306147813412,0.004072326530855702,0.004072352696073386,0.004072328936562125,0.004072251914321279,0.004072226964551077,0.004072239860944667,0.004072253968531963,0.004072122880433398,0.004072139282341598,0.004072169758500286,0.004072159647073817
0.0040727449264380215,0.004072725359965378,0.004072639446195312,0.004072615746580493,0.004072619312359688,0.004072641714647924,0.004072513308702074,0.004072537895867904,0.004072538555755947,0.004072518934187303,0.004072430370397058,0.004072409761758402,0.004072423025859253,0.004072436977216394,0.004072303160184885,0.004072323543845554,0.004072350567038413,0.004072326807003942,0.004072252335071204,0.004072227385399066,0.004072237661824483,0.004072251769752513,0.004072119812874803,0.00407213650961559,0.004072167267152174,0.00407215685732246
0.004072752327223621,0.00407273276222577,0.004072646797081987,0.004072623099240226,0.0040726266491549505,0.004072649049770761,0.004072520916100947,0.004072545501364871,0.004072545825067164,0.004072526204949227,0.004072436775490345,0.004072416168193278,0.0040724302301191,0.0040724441804548305,0.0040723112982925256,0.004072331680268769,0.004072357702952082,0.004072333944589745,0.00407225692632363,0.0040722319777673245,0.004072244732054904,0.0040722588390574065,0.004072126736659348,0.0040721437167853146,0.004072173996212995,0.00407216323122214
0.004072739558011924,0.004072719990469467,0.004072634072004426,0.004072610371093302,0.004072613794623889,0.0040726361981699285,0.004072507785016651,0.00407253237356348,0.004072532890922715,0.0040725132682235396,0.004072424699333088,0.00407240408950657,0.004072417211633279,0.004072431163814782,0.004072297338878264,0.00407231772374387,0.004072344605661152,0.004072320844068119,0.004072246367748218,0.0040722214164522225,0.0040722315502493,0.004072245659255937,0.00407211281957258,0.00407213001278604,0.004072160433064083,0.004072149283685594
0.004072726634876274,0.004072707064758412,0.004072621077130001,0.004072597373084293,0.004072600788838079,0.004072623195348964,0.004072495027968491,0.004072519619704858,0.0040725198082679805,0.0040725001829578075,0.004072410729844158,0.004072390117091475,0.004072404047333592,0.004072418001381621,0.004072285083867166,0.00407230547126947,0.00407233136531973,0.00407230760044541,0.004072230561739059,0.0040722056063587685,0.004072218228071558,0.004072232339122322,0.004072099599139347,0.00407211692454721,0.004072146685946946,0.004072135105558797
0.004072725562032439,0.004072705991700773,0.0040726196885532895,0.004072595984172625,0.004072599653604605,0.004072622060374289,0.004072493891513898,0.004072518483534408,0.004072518611033208,0.004072498985484093,0.0040724095312818535,0.0040723889182781026,0.004072402787550357,0.004072416741777014,0.004072283822561513,0.004072304210224905,0.00407233004340576,0.0040723062781358775,0.004072229238472223,0.004072204282684385,0.004072216843181054,0.004072230954549818,0.004072098092396846,0.004072115486098922,0.004072144874388364,0.004072132851191882
0.004072715931546608,0.004072696359295636,0.004072610047688612,0.004072586340982296,0.004072589955032064,0.004072612364012767,0.00407248418250877,0.004072508776956852,0.00407250884867146,0.00407248922117391,0.004072399758095006,0.004072379143043983,0.004072392957822605,0.004072406913443054,0.004072273980954482,0.004072294370655102,0.004072320150484343,0.00407229638276752,0.004072219335426282,0.004072194377074097,0.004072206882741862,0.004072220995628555,0.004072088062990907,0.004072105490737477,0.004072134493015738,0.004072122034809446
0.004072703340106823,0.004072683765346343,0.0040725974426783955,0.004072573732931274,0.0040725772976580215,0.0040725997095243955,0.004072471511518877,0.004072496109135249,0.004072496131020258,0.004072476500984343,0.004072387026341151,0.004072366408623,0.004072380175280156,0.004072394132713161,0.004072261182963632,0.004072281575313564,0.004072307308526228,0.004072283537663985,0.00407220648032504,0.0040721815186732825,0.004072193975875628,0.004072208090679457,0.004072075114967522,0.004072092559533937,0.004072121195704392,0.004072108331561692
0.004072709124036407,0.004072689550428691,0.004072603232841692,0.004072579524491395,0.0040725830464869665,0.004072605457042685,0.004072477266532056,0.004072501862709412,0.004072501842041859,0.004072482213145847,0.004072392743695813,0.004072372127175385,0.0040723858504363025,0.004072399807064562,0.004072266864978601,0.004072287256152287,0.004072312945250053,0.004072289175709985,0.0040722121228177685,0.004072187162558688,0.0040721995763254035,0.004072213690382528,0.004072080711002998,0.004072098160946272,0.004072126471164474,0.004072113253186723
0.004072680075164262,0.004072660495766707,0.004072574152660399,0.0040725504372944804,0.004072553836160393,0.004072576253375945,0.004072448024781487,0.004072472628270933,0.004072472483296888,0.004072452848540724,0.00407236335239301,0.004072342729715158,0.004072356332601772,0.004072370293415877,0.004072237311468189,0.0040722577087600915,0.004072283280966444,0.004072259504228593,0.004072182428172491,0.004072157460355699,0.0040721697530563756,0.004072183871434639,0.0040720508469907985,0.00407206830497065,0.0040720962723347865,0.004072082763034095,0.004071992125533181
0.004072682731383157,0.004072663152515047,0.004072576811742315,0.004072553097017937,0.004072556464232563,0.004072578880848899,0.00407245065568103,0.004072475258512568,0.004072475081959203,0.00407245544772177,0.004072365953937281,0.004072345331804473,0.004072358902713336,0.004072372863162966,0.00407223988468619,0.004072260281445357,0.0040722858213374435,0.0040722620451776785,0.004072184971143568,0.004072160003937179,0.004072172264606684,0.004072186382670734,0.0040720533595606425,0.004072070818279851,0.0040720985882282375,0.0040720848678836115,0.004071994536033357
0.004072682781684864,0.004072663202826778,0.004072576862098236,0.004072553147386002,0.004072556489667469,0.004072578906278006,0.004072450681143286,0.0040724752839684615,0.004072475082463079,0.004072455448225745,0.004072365954441707,0.004072345332309001,0.004072358878236233,0.004072372838689335,0.004072239860179494,0.00407226025694373,0.004072285771834327,0.004072261995623638,0.004072184921589587,0.0040721599543330055,0.004072172189940118,0.004072186308062727,0.00407205328396982,0.004072070743225211,0.004072098376742047,0.004072084512409818,0.004071994348035026
0.004072687771367428,0.0040726681935038915,0.0040725818571589155,0.004072558143651788,0.00407256146627135,0.004072583881747202,0.004072455663101109,0.0040724802646804675,0.004072480043681432,0.004072460410434414,0.004072370921162074,0.004072350300069928,0.00407236382579108,0.004072377785542555,0.004072244813714275,0.004072265209452989,0.004072290703521587,0.004072266928468527,0.004072189858324496,0.004072164892286737,0.004072177107697624,0.0040721912251557735,0.004072058207319159,0.004072075665937828,0.004072103210061406,0.004072089257441933,0.004071999157360189
0.0040726583492318325,0.004072638765503604,0.004072552403309402,0.004072528682695953,0.004072531888822365,0.004072554311042277,0.00407242605383069,0.004072450662814623,0.004072450324136702,0.004072430684957045,0.004072341168656799,0.004072320541331063,0.00407233395336329,0.004072347917351235,0.004072214905179169,0.004072235307110095,0.004072260691021765,0.004072236908698925,0.004072159815104134,0.004072134841431671,0.004072146942489054,0.004072161064297127,0.004072028005592627,0.004072045469665109,0.004072072864494709,0.004072058855994494,0.004071968570094821,0.004071966590097678
0.004072648975566917,0.0040726293899701095,0.004072543019539971,0.004072519296662338,0.0040725224620566545,0.004072544886426152,0.004072416616922309,0.004072441228266356,0.00407244084847546,0.004072421207404135,0.004072331682485808,0.004072311053172436,0.004072324425359599,0.004072338390698886,0.004072205365658004,0.004072225769564109,0.004072251114753756,0.004072227330104354,0.0040721502290332195,0.004072125252918011,0.0040721373139048726,0.004072151437110122,0.004072018365340962,0.0040720358311695185,0.004072063165431307,0.004072049126849372,0.00407195866714416,0.0040719562360101
0.004072653130064292,0.004072633545295664,0.0040725471785157995,0.004072523456641688,0.004072526581749676,0.004072549005179752,0.004072420741047935,0.004072445351360554,0.004072444931403389,0.004072425291147167,0.0040723357699422825,0.004072315141485366,0.0040723284728911594,0.004072342437656389,0.004072209418082276,0.0040722298211493075,0.004072255125042373,0.004072231341352317,0.0040721542434270265,0.004072129268320376,0.004072141288510865,0.004072155411157922,0.00407202234472002,0.004072039809868136,0.004072067090714664,0.004072053037013713,0.004071962387255648,0.004071959507803657
0.0016206051196156394,0.0016206027565866471,0.0016205925102080266,0.0016205896511633435,0.0016205911755528526,0.0016205938781734543,0.0016205785959602615,0.0016205815589921666,0.0016205824200350308,0.0016205800553375682,0.0016205694516127388,0.0016205669707088518,0.0016205692494193366,0.0016205709290784242,0.0016205551080715683,0.0016205575592262644,0.0016205610391598299,0.0016205581811797082,0.0016205490900832108,0.001620546092033658,0.0016205477380612497,0.0016205494334799668,0.0016205336372193504,0.001620535731405335,0.0016205389695686271,0.0016205372829058103,0.0016205263851478326,0.001620525983917801
0.0016206056172597223,0.0016206032542304396,0.0016205930527772542,0.001620590193732189,0.0016205916729532758,0.0016205943755742095,0.001620579061703231,0.0016205820247354773,0.0016205829171924337,0.0016205805524946812,0.0016205700537855116,0.0016205675728812566,0.0016205697463331779,0.0016205714259924723,0.001620555493745372,0.0016205579449003022,0.0016205615358305169,0.0016205586778488556,0.0016205498934341906,0.0016205468953828495,0.001620548234487251,0.0016205499299069299,0.0016205340919668348,0.001620536186153916,0.001620539465673808,0.0016205377788950902,0.001620526828102796,0.0016205264208241808
0.0016206056330033743,0.0016206032699740821,0.0016205930235941631,0.0016205901645491181,0.0016205916886905777,0.001620594391311521,0.0016205791090963954,0.0016205820721286756,0.0016205829329234047,0.0016205805682256427,0.0016205699644994721,0.0016205674835952715,0.001620569762057803,0.0016205714417171031,0.0016205556207082447,0.0016205580718632513,0.0016205615515488157,0.0016205586935671423,0.0016205496024707348,0.001620546604419609,0.0016205482501992035,0.0016205499456188879,0.0016205341493555016,0.0016205362435426126,0.0016205394813794307,0.0016205377946007062,0.0016205268943859168,0.0016205264869364377
0.0016206056363229913,0.0016206032732936975,0.0016205930718404646,0.0016205902127953864,0.001620591692010135,0.0016205943946310808,0.001620579080760032,0.001620582043792291,0.0016205829362429067,0.0016205805715451423,0.0016205700728359241,0.0016205675919316565,0.001620569765377244,0.0016205714450365453,0.0016205555127893712,0.0016205579639443123,0.0016205615548682017,0.0016205586968865255,0.001620549912471821,0.001620546914420465,0.0016205482535185298,0.001620549948938216,0.0016205341109980474,0.0016205362051851379,0.0016205394846987016,0.0016205377979199753,0.001620526847060716,0.0016205264396086058
0.001620605636596932,0.0016206032735676386,0.0016205930271877109,0.0016205901681426635,0.0016205916922840725,0.0016205943949050183,0.001620579112689878,0.0016205820757221618,0.0016205829365168413,0.0016205805718190775,0.0016205699680928978,0.0016205674871886946,0.0016205697656511756,0.0016205714453104783,0.0016205556243016064,0.0016205580754566147,0.0016205615551421304,0.001620558697160455,0.0016205496060640407,0.0016205466080129113,0.0016205482537924565,0.0016205499492121423,0.0016205341529487425,0.0016205362471358544,0.001620539484972626,0.0016205377981939003,0.0016205268979788581,0.0016205264905267424
0.0016206056365974829,0.0016206032735681896,0.0016205930721149553,0.0016205902130698767,0.0016205916922846246,0.0016205943949055709,0.00162057908103452,0.0016205820440667793,0.0016205829365173944,0.001620580571819631,0.001620570073110411,0.0016205675922061436,0.0016205697656517292,0.0016205714453110319,0.0016205555130638567,0.0016205579642187978,0.001620561555142684,0.0016205586971610076,0.0016205499127463026,0.0016205469146949461,0.0016205482537930086,0.0016205499492126952,0.0016205341112725247,0.0016205362054596156,0.001620539484973178,0.001620537798194452,0.0016205268473351883,0.0016205264398830774
0.001620605636596932,0.0016206032735676386,0.0016205930271877109,0.0016205901681426635,0.0016205916922840725,0.0016205943949050183,0.001620579112689878,0.0016205820757221618,0.0016205829365168413,0.0016205805718190775,0.0016205699680928978,0.0016205674871886946,0.0016205697656511756,0.0016205714453104783,0.0016205556243016064,0.0016205580754566147,0.001620561555142131,0.001620558697160455,0.0016205496060640407,0.0016205466080129113,0.0016205482537924565,0.0016205499492121423,0.0016205341529487425,0.0016205362471358544,0.001620539484972626,0.0016205377981939003,0.0016205268979788581,0.0016205264905267424
0.0016206056365974829,0.0016206032735681896,0.0016205930721149553,0.0016205902130698767,0.0016205916922846246,0.0016205943949055709,0.00162057908103452,0.0016205820440667793,0.0016205829365173944,0.001620580571819631,0.001620570073110411,0.0016205675922061436,0.0016205697656517292,0.0016205714453110319,0.0016205555130638567,0.0016205579642187978,0.001620561555142684,0.0016205586971610076,0.0016205499127463026,0.0016205469146949461,0.0016205482537930086,0.0016205499492126952,0.0016205341112725247,0.0016205362054596156,0.001620539484973178,0.001620537798194452,0.0016205268473351883,0.0016205264398830774
