0.05091157257109526,0.050911328440603705,0.050910256495163446,0.05090996079575094,0.05091006647409603,0.05091034597286864,0.05090874393456779,0.050909050692416496,0.050909120162901625,0.05090887536974075,0.05090775958949375,0.050907502479843325,0.05090774015194044,0.05090791419633396,0.050906453648015854,0.050906707892549925,0.048078739636481974,0.048078475234872714,0.042987558058825336,0.04298733622081184,0.008484431140013383,0.00848443602534369
0.05091202558160487,0.05091178154132284,0.05091070534746182,0.05091040975623744,0.050910519844760554,0.050910799240261935,0.05090920107020117,0.05090950771384536,0.05090957368705369,0.05090932898433332,0.05090821361611669,0.05090795660149471,0.05090819398998239,0.05090836797008002,0.05090682752328515,0.05090708169049643,0.048276769796324746,0.04827638019886777,0.043184530250522934,0.04318414982906498,0.008537098435821424,0.00853740788691941
0.050912100126682396,0.05091185610124357,0.050910779972805895,0.05091048439956737,0.05091059422546007,0.05091087360401999,0.0509092755308385,0.0509095821558819,0.050909647869024195,0.05090940318109585,0.05090828788026902,0.05090803088118939,0.050908267999033856,0.05090844196864728,0.05090681610153987,0.05090707027111321,0.04854580655113851,0.04854528055326851,0.043401459983306204,0.0434009072294595,0.008637400974387383,0.008638273809489927
0.05091204882029583,0.05091180478464108,0.0509107286111752,0.05091043302555772,0.0509105425880532,0.05091082197837441,0.0509092238379364,0.050909530475892965,0.0509095959235535,0.050909351225267206,0.05090823587725114,0.05090797886728809,0.050908215726577576,0.050908389703596006,0.05090672096975756,0.05090697515900479,0.04881878404519917,0.048818146018957446,0.043626144590705886,0.04362541629461909,0.008754119684082897,0.008755640637019736
0.05091236751847146,0.050912123546272524,0.05091105229551229,0.050910756787904105,0.05091086139816244,0.05091114071587199,0.05090953971509609,0.05090984627414762,0.050909914699999774,0.050909670065275456,0.05090856588207423,0.0509083089411734,0.050908534581828375,0.05090870851367941,0.05090705174672042,0.05090730586756306,0.04909015445320248,0.049089434315699426,0.04385922146300265,0.04385831493529851,0.00888900038460999,0.008891260022017598
0.05091245441477082,0.05091221045987276,0.05091113928503854,0.050910843798393966,0.05091094811491383,0.05091122741287411,0.050909626525265345,0.05090993306263312,0.05091000119718274,0.05090975657970442,0.05090865247430576,0.05090839555152555,0.05090862088955751,0.05090879480918339,0.05090713815864495,0.0509073922616188,0.04935204312522606,0.04935127359075328,0.0440997391074929,0.0440986524184774,0.00904238932111583,0.009045477454437675
0.05091252033717993,0.050912276395406554,0.05091120527817129,0.05091090980743,0.05091101382091772,0.050911293103914124,0.050909692302051064,0.05090999882298948,0.0509100666562974,0.0509098220518701,0.05090871800534935,0.05090846109628204,0.05090868612441893,0.05090886003480472,0.05090719193992958,0.050907446031782336,0.049602517254103556,0.04960173232906696,0.04435087285667842,0.044349603515722175,0.009222094548727787,0.009226134995327291
0.050912468845147676,0.050912224893122644,0.05091115373089697,0.050910858247733615,0.05091096195371524,0.050911241248523864,0.05090964037897471,0.05090994691288225,0.05091001443689442,0.05090976982205577,0.050908665728565866,0.050908408808559256,0.050908633533714956,0.050908807451549826,0.05090713928524267,0.05090739338798348,0.049837472378730936,0.04983670440273447,0.0446156770778888,0.04461422239340589,0.009437210894936524,0.009442364483031642
0.050912524421901924,0.05091228048094178,0.05091120936727558,0.050910913897519686,0.05091101726232475,0.05091129654453742,0.05090969574716555,0.05091000226724346,0.05091006945152636,0.05090982484765639,0.0509087208036499,0.05090846389516824,0.05090868827322917,0.050908862183310574,0.05090719409135419,0.05090744818276202,0.05007206762192605,0.050071354435612905,0.044927515713623495,0.044925862504743105,0.009661552785754075,0.009667854678749357
0.05091271627324578,0.05091247237048049,0.050911401424435475,0.05091110600096057,0.05091120900718913,0.05091148824573552,0.05090988769857933,0.05091019417071409,0.0509102610020066,0.050910016436326,0.05090891256460507,0.05090865569624964,0.05090887969656409,0.050909053579532654,0.050907385747570505,0.050907639799348536,0.050272520379368656,0.050271878289594375,0.04525993193021476,0.04525808165656991,0.00991245501965699,0.00992001611675407
0.05091289736230504,0.050912653495589995,0.05091157806674665,0.050911282685835835,0.05091138997725129,0.050911669174587455,0.05091007213772601,0.05091037856379647,0.05091044177007517,0.050910197240432324,0.050909082660725406,0.050908825827960906,0.05090906032604935,0.0509092341834353,0.05090757812560778,0.05090783213760898,0.05043496685838349,0.050434397882137924,0.04561010312801108,0.04560806215185338,0.010182176496024825,0.010191069926075881
0.05091283916220833,0.05091259528390734,0.05091152444522601,0.050911229051394724,0.050911331364170906,0.05091161057485408,0.05091001018735938,0.05091031662890191,0.05091038276998519,0.05091013822858034,0.05090903446637594,0.05090877762352733,0.05090900091739604,0.05090917478319597,0.05090750711587049,0.05090776114255367,0.05056174202026,0.050561239312965425,0.045979899645611264,0.045977678850565556,0.010468252819494444,0.010478538988835492
0.050912927007227333,0.05091268314641365,0.05091160774358124,0.05091131236982125,0.05091141896375609,0.050911698154491675,0.050910101155375316,0.05091040757419874,0.05091047008358637,0.050910225559587935,0.05090911100559593,0.050908854178762085,0.05090908797527973,0.050909261828749865,0.05090760580821293,0.0509078598144906,0.050660932535740416,0.050660487011709526,0.04636265762166498,0.04636027528682923,0.010796056243103962,0.010807896917468876
0.05091285555728228,0.0509126116822451,0.05091154085788714,0.05091124546801061,0.05091134705640565,0.05091162626351546,0.05091002589649682,0.050910332334115946,0.05091039775079453,0.05091015321237621,0.05090904946364503,0.05090879262393444,0.05090901519071411,0.05090918905449242,0.05090752140655195,0.05090777543028034,0.05073505609551851,0.050734656072440286,0.046768858184098636,0.0467663400661772,0.01116269954106949,0.011176237565762704
0.050913113516980156,0.05091286969329359,0.05091179445410326,0.05091149912533061,0.050911604951714845,0.05091188410010013,0.05091028734316223,0.05091059371548747,0.05091065546365479,0.05091041097661125,0.05090929659097917,0.05090903980297498,0.050909272811723784,0.05090944663901702,0.05090779086776264,0.05090804483577892,0.05078868675665354,0.05078832077823805,0.04719233807443276,0.0471897215669007,0.011559698014953164,0.011575037292123853
0.050913039922799545,0.05091279608446344,0.05091172542117099,0.05091143007576535,0.050911530882074105,0.050911810047325104,0.05091020992016554,0.050910516311825936,0.05091058095146833,0.050910336449571235,0.050909232865600305,0.050908976064263235,0.05090919782985832,0.05090937166777046,0.05090770426787032,0.050907958253790984,0.05082562245242892,0.05082528052176444,0.04762244928876626,0.047619782525894286,0.011974915447441354,0.011992111479734037
0.05091336495086188,0.05091312117722318,0.05091204615862473,0.05091175089049573,0.050911855927039625,0.050912135018280305,0.050910538588121355,0.050910844897705226,0.05091090586474223,0.05091066142761215,0.05090954726937713,0.05090929053381848,0.05090952272584388,0.05090969651774614,0.05090804108352104,0.050908294999808146,0.05085068638407776,0.05085036081056444,0.048049465406594445,0.048046805169185414,0.01240004327401053,0.012419120037746378
0.020257917684899138,0.020257888146830553,0.020257760627791326,0.020257724889482954,0.020257746995907377,0.0202577807789031,0.020257589354189604,0.020257626392349293,0.02025764116416503,0.020257611605236217,0.02025748037045299,0.020257449358932696,0.020257480143286873,0.02025750113917652,0.020257301984679517,0.020257332624332814,0.020240748633003833,0.020240705265769463,0.019278971144360602,0.019278013908705198,0.005114790027523041,0.005123163062702867
0.02025792408034844,0.02025789454227613,0.020257766461633207,0.02025773072332073,0.02025775339061326,0.020257787173613255,0.020257596144577266,0.020257633182741923,0.020257647558135663,0.020257617999203118,0.020257485451681986,0.020257454440158574,0.02025748653651531,0.02025750753240761,0.02025730976837429,0.020257340408032277,0.020241156160077406,0.02024111317227343,0.019284246027080697,0.019283287779574627,0.005121197927396108,0.005129600458718729
0.020257924212691975,0.020257894674619588,0.020257767155563922,0.020257731417250947,0.020257753522956345,0.02025778730595643,0.020257595881218282,0.020257632919382738,0.020257647690478484,0.02025761813154587,0.020257486896745735,0.020257455885221445,0.02025748666885771,0.020257507664750058,0.020257308510227414,0.02025733914988466,0.02024115629231351,0.020241113304509388,0.01928424938240174,0.019283291134732487,0.005121197958957996,0.005129600490332398
0.020257924216572767,0.020257894678500372,0.020257766597857108,0.02025773085954453,0.020257753526837095,0.020257787309837166,0.020257596280800667,0.02025763331896542,0.02025764769435919,0.02025761813542657,0.020257485587905084,0.020257454576381582,0.020257486672738387,0.020257507668630742,0.020257309904596864,0.020257340544254945,0.020241156296191068,0.020241113308386936,0.019284246140349882,0.0192832878928383,0.005121197959864972,0.005129600491240861
0.02025792421657871,0.020257894678506316,0.020257767159450654,0.020257731421137678,0.020257753526843045,0.020257787309843133,0.020257595885104968,0.020257632923269434,0.02025764769436515,0.020257618135432524,0.020257486900632404,0.020257455889108107,0.020257486672744362,0.02025750766863671,0.020257308514114038,0.020257339153771287,0.020241156296197032,0.020241113308392907,0.01928424938507298,0.01928329113740361,0.005121197959866481,0.005129600491242371
0.02025792421657274,0.020257894678500345,0.02025776659785708,0.020257730859544496,0.020257753526837067,0.020257787309837138,0.02025759628080064,0.020257633318965393,0.020257647694359157,0.020257618135426536,0.020257485587905053,0.02025745457638155,0.020257486672738363,0.020257507668630707,0.020257309904596843,0.02025734054425492,0.020241156296191044,0.020241113308386908,0.01928424614034985,0.01928328789283827,0.005121197959864966,0.005129600491240853
0.020257924216577527,0.020257894678505136,0.020257767159449463,0.020257731421136488,0.020257753526841876,0.020257787309841953,0.020257595885103792,0.020257632923268255,0.020257647694363987,0.020257618135431366,0.020257486900631234,0.020257455889106928,0.02025748667274319,0.02025750766863554,0.020257308514112875,0.020257339153770128,0.02024115629619586,0.020241113308391734,0.019284249385071877,0.019283291137402497,0.0051211979598661875,0.005129600491242077
0.02025792421657274,0.020257894678500345,0.02025776659785708,0.020257730859544496,0.020257753526837067,0.020257787309837138,0.02025759628080064,0.020257633318965393,0.020257647694359157,0.020257618135426536,0.020257485587905053,0.02025745457638155,0.020257486672738363,0.020257507668630707,0.020257309904596843,0.02025734054425492,0.020241156296191044,0.020241113308386908,0.01928424614034985,0.01928328789283827,0.005121197959864966,0.005129600491240853
0.0509137913537404,0.050913547664968584,0.05091247765805214,0.05091218249387469,0.05091228246131075,0.05091256145544341,0.050910962308824706,0.05091126851260659,0.05091133233565235,0.050911087983524145,0.05090998507521336,0.05090972843124085,0.05090994928375798,0.050910123015260086,0.050908456635763835,0.05090871046614875,0.050868311479995335,0.05086799767183371,0.048462751074370355,0.04846014675348682,0.012870017575500102,0.012891141692416409
0.05091383260783658,0.05091358892727499,0.0509125143189259,0.05091221916357977,0.050912323422848085,0.05091260240765573,0.050911006586129716,0.05091131277885645,0.050911372985317685,0.050911128641291006,0.050910014907218734,0.050909758269486495,0.05090998963529479,0.0509101633610835,0.05090850855645804,0.05090876237611067,0.05087855929728345,0.05087825210484159,0.04884780731558292,0.04884533161472054,0.013261799336645622,0.013284658641563479
0.05091376676546093,0.050913523071795634,0.05091245304340362,0.05091215787329668,0.050912257136213286,0.050912536136111325,0.050910936956456085,0.05091124316656807,0.05091130628383445,0.05091106192651405,0.05090995899477943,0.0509097023453514,0.0509099224946434,0.050910096229938584,0.05090842981406902,0.05090868364999811,0.050885858438732806,0.050885555722917024,0.04923511500406256,0.049232853200183814,0.013699943894464769,0.013724702590806815
0.05091381500535015,0.05091357132128538,0.05091249669749559,0.05091220153790462,0.05091230508747785,0.0509125840764596,0.050910988231064234,0.050911294428373874,0.05091135392397304,0.050911109576147424,0.05090999582476774,0.05090973918304385,0.050909969839867085,0.05091014356845867,0.050908488737141905,0.05090874256089127,0.05089059348557622,0.05089029356220791,0.04958910654189817,0.049587114972098036,0.014138897134492491,0.01416555167640369
0.0509140919372522,0.05091384830829918,0.050912773927421016,0.05091247883460965,0.05091258202568085,0.050912860951619586,0.05091126546673326,0.0509115715948254,0.0509116307418837,0.05091138644922592,0.05091027294918141,0.05091001636542398,0.05091024663492061,0.050910420324322456,0.05090876586620934,0.050909019632677306,0.05089386247399345,0.0508935643133825,0.04991165695770749,0.04990998326999138,0.014580010070259879,0.014608562853921687
0.05091415800882212,0.050913914393017165,0.05091284007009101,0.05091254499321145,0.05091264786354699,0.050912926774498976,0.05091133137531377,0.05091163748695135,0.05091169631547892,0.05091145203588889,0.050910338595378586,0.050910082025351716,0.050910311966874906,0.050910485647027375,0.05090883127699712,0.050909085029945664,0.050895865335627025,0.05089556821095778,0.05018691815113523,0.050185569332983015,0.015024965037187673,0.01505542546641875
0.05091422350752384,0.05091397990475274,0.05091290563927496,0.05091261057818862,0.05091271314947657,0.05091299204556776,0.05091139673136355,0.05091170282668482,0.05091176135836415,0.05091151709173575,0.05091040371027655,0.050910147153868913,0.05091037678919852,0.050910550460173815,0.05090889617753757,0.05090914991707239,0.050897221607887275,0.05089692510406709,0.050407338002490705,0.050406283409902934,0.015475805306205969,0.015508190414060279
0.05091439150985359,0.05091414794051287,0.05091307845773044,0.050912783438268557,0.050912881085411164,0.05091315994327693,0.05091156157749418,0.05091186763166248,0.05091192915100218,0.05091168491781025,0.050910582546063274,0.0509103260270591,0.05091054449746442,0.05091071814469736,0.050909052573287907,0.05090930628049961,0.05089820389250605,0.05089790778011286,0.05057086754859948,0.05057004915563044,0.015937752972680505,0.015972097707705486
0.05091436933127007,0.050914125757516186,0.050913051619935284,0.05091275659400954,0.05091285862749493,0.05091313749047244,0.05091154236562773,0.05091184842459213,0.05091190642345816,0.05091166218573737,0.05091054893597603,0.05091029240994247,0.05091052149175578,0.050910695142245554,0.050909041054693106,0.050909294764285414,0.0508989778086032,0.05089868189666911,0.05069058791241135,0.05068995128527105,0.016394944299472285,0.01643123245025537
0.05091454886071064,0.05091430532267917,0.050913235977300686,0.05091294099577657,0.05091303814160251,0.05091331696372096,0.05091171880277724,0.050912024817697,0.05091208584014508,0.05091184163817547,0.05091073940728372,0.05091048292108533,0.050910700874131555,0.050910874499227474,0.05090920914009828,0.05090946281495306,0.050899744748935764,0.050899448995449785,0.05077056918075528,0.05077005692428223,0.016856268261686066,0.016894513360941745
0.05091476119514572,0.0509145176993619,0.05091344853939072,0.050913153609058334,0.050913250477533166,0.050913529251324745,0.05091193136730341,0.05091223732916299,0.05091229808052134,0.050912053920841124,0.05091095188073187,0.05091069543896768,0.0509109130936365,0.050911086688691695,0.050909421617633725,0.05090967524857908,0.05090037353993158,0.050900077900612066,0.05082165253652054,0.05082122067456739,0.017400833638552205,0.017441299449575377
0.050914908735328404,0.050914665268898644,0.05091359623775064,0.050913301342986855,0.0509133979698937,0.05091367671011842,0.050912079018442,0.050912384943446846,0.050912445457552566,0.05091220132723599,0.05091109941959686,0.05091084300868554,0.05091106040710087,0.050911233981304246,0.05090956911020217,0.05090982271066916,0.05090081908220065,0.05090052351224482,0.050853883003093445,0.050853501895369566,0.017894578634611868,0.017937108329291636
0.050915058902176395,0.05091481546562201,0.050913741932766134,0.050913447073087,0.05091354808205616,0.05091382678811926,0.05091223256058456,0.05091253844726604,0.05091259544631512,0.05091235134588126,0.05091123872157615,0.05091098233979404,0.05091121032512487,0.050911383878108576,0.050909730719108114,0.050909984286181126,0.05090130006940613,0.05090100455258347,0.050874651266713054,0.050874302110620974,0.018423019284557803,0.018467722794651795
0.050915121908759776,0.050914878484740037,0.05091380963971231,0.05091351479633711,0.050913610757780885,0.05091388944958099,0.05091229203538733,0.050912597907224647,0.050912657761869595,0.050912413673850666,0.050911311957031496,0.050911055590563054,0.05091127230180417,0.050911445846015965,0.05090978126251427,0.050910034819143565,0.050901769515022365,0.0509014740201412,0.05088736996926345,0.050887039596652445,0.019346846096243677,0.019394875603643034
0.050915011225487763,0.0509147677794484,0.05091369883778536,0.05091340396772874,0.05091349946613411,0.05091377818326071,0.05091218062394111,0.05091248652358553,0.05091254591148447,0.05091230180118179,0.05091119998383261,0.050910943593950216,0.05091115985216412,0.05091133341229181,0.05090966867616673,0.050909922256059746,0.05090201372721408,0.05090171820753124,0.05089437346156883,0.050894053172031974,0.020422088996189667,0.020473863402040066
0.020257972832708727,0.020257943294608005,0.02025781577542999,0.020257780037082715,0.020257801876500732,0.02025783565953304,0.020257644234612224,0.02025768127281203,0.02025769577761383,0.020257666218653155,0.020257534983728512,0.020257503972174788,0.02025753448953307,0.020257555485445226,0.02025735633073463,0.020257386970420795,0.020254243288869107,0.02025420756831073,0.020252946720050055,0.020252907315304707,0.008594026317815763,0.008616220539712779
0.02025798307798873,0.020257953539882034,0.020257826020678233,0.020257790282323752,0.020257812119443813,0.020257845902482963,0.020257654477523455,0.020257691515730744,0.02025770601823312,0.020257676459266474,0.02025754522431531,0.02025751421275531,0.020257544727817406,0.020257565723733814,0.020257366568982974,0.02025739720867533,0.020254263078219998,0.020254227357637485,0.020253003344290196,0.02025296401541651,0.008632481620716196,0.008654812114832733
0.020257983239681882,0.0202579537015751,0.020257826182370906,0.020257790444016294,0.02025781228112527,0.020257846064164517,0.02025765463920439,0.020257691677411798,0.02025770617990309,0.020257676620936346,0.020257545385984736,0.020257514374424652,0.02025754488947572,0.020257565885392195,0.020257366730640703,0.020257397370333156,0.02025426323984145,0.020254227519258837,0.0202530035059023,0.02025296417702848,0.008632667559129363,0.00865499914999105
0.020257983252049593,0.02025795371394279,0.020257826194738555,0.020257790456383942,0.02025781229349294,0.0202578460765322,0.020257654651572022,0.020257691689779443,0.020257706192270738,0.020257676633304,0.020257545398352367,0.02025751438679227,0.020257544901843335,0.02025756589775982,0.020257366743008293,0.020257397382700743,0.0202542632522071,0.020254227531624477,0.020253003518267244,0.02025296418939341,0.00863266756439981,0.00865499915527513
0.020257983252049593,0.02025795371394279,0.020257826194738555,0.020257790456383942,0.02025781229349294,0.0202578460765322,0.020257654651572022,0.020257691689779443,0.020257706192270738,0.020257676633304,0.020257545398352367,0.02025751438679227,0.020257544901843335,0.02025756589775982,0.020257366743008293,0.020257397382700743,0.0202542632522071,0.020254227531624477,0.020253003518267244,0.02025296418939341,0.00863266756439981,0.00865499915527513
0.020257983252049593,0.02025795371394279,0.020257826194738555,0.020257790456383942,0.02025781229349294,0.0202578460765322,0.020257654651572022,0.020257691689779443,0.020257706192270738,0.020257676633304,0.020257545398352367,0.02025751438679227,0.020257544901843335,0.02025756589775982,0.020257366743008293,0.020257397382700743,0.0202542632522071,0.020254227531624477,0.020253003518267244,0.02025296418939341,0.00863266756439981,0.00865499915527513
0.020257983252049593,0.02025795371394279,0.020257826194738555,0.020257790456383942,0.02025781229349294,0.0202578460765322,0.020257654651572022,0.020257691689779443,0.020257706192270738,0.020257676633304,0.020257545398352367,0.02025751438679227,0.020257544901843335,0.02025756589775982,0.020257366743008293,0.020257397382700743,0.0202542632522071,0.020254227531624477,0.020253003518267244,0.02025296418939341,0.00863266756439981,0.00865499915527513
0.020257983252049593,0.02025795371394279,0.020257826194738555,0.020257790456383942,0.02025781229349294,0.0202578460765322,0.020257654651572022,0.020257691689779443,0.020257706192270738,0.020257676633304,0.020257545398352367,0.02025751438679227,0.020257544901843335,0.02025756589775982,0.020257366743008293,0.020257397382700743,0.0202542632522071,0.020254227531624477,0.020253003518267244,0.02025296418939341,0.00863266756439981,0.00865499915527513
0.05091518173343461,0.0509149383213163,0.05091386952851909,0.050913574699564854,0.050913669627439394,0.050913948305842914,0.050912350968414226,0.05091265682554286,0.05091271564768306,0.050912471571196376,0.0509113699064032,0.0509111135520518,0.050911329222308004,0.05091150275846355,0.05090983825221579,0.050910091797069595,0.05090248081304931,0.05090218533425819,0.050898458989070035,0.050898144073194006,0.021695046514965625,0.021751190988457143
0.05091522458886475,0.05091498118527189,0.05091391242988943,0.05091361761126557,0.05091371204610338,0.05091399071485414,0.050912393432737756,0.050912699279268156,0.05091275760931483,0.05091251354118777,0.050911411914107835,0.05091115556854004,0.050911370740832684,0.05091154427111203,0.050909879821213505,0.05091013335747823,0.05090263991835465,0.05090234444949109,0.05090012990007346,0.050899817224909695,0.022816463264237582,0.022876491407931864
0.050915077036382,0.05091483360343533,0.050913764719230814,0.05091346986503874,0.05091356374608461,0.050913842448583,0.05091224497308593,0.05091255085666934,0.05091260862802659,0.05091236453021893,0.050911262769239095,0.05091100639248545,0.05091122102442802,0.05091139457589745,0.05090972992279967,0.05090998349003719,0.050902649255190724,0.050902353749612834,0.050901099277554596,0.05090078783223719,0.02411264679306601,0.024177051643950988
0.05091510392693306,0.05091486049933605,0.05091379163860902,0.05091349679089915,0.0509135900883744,0.05091386878487814,0.050912271343731566,0.05091257722073319,0.050912634408909425,0.050912390316238,0.05091128857842978,0.050911032207072826,0.05091124625192196,0.05091141979982075,0.05090975518096296,0.050910008742981384,0.050902776221611996,0.05090248072154937,0.05090168743929251,0.050901376602957085,0.025445764740435552,0.025514669371743463
0.050915037360346124,0.05091479391950613,0.050913725000661235,0.050913430136904726,0.05091352284811831,0.05091380155992384,0.05091220403109505,0.05091250992489721,0.05091256652435417,0.050912322418158275,0.05091122061933579,0.05091096423376843,0.05091117769789133,0.050911351255493106,0.05090968654358963,0.05090994011979067,0.0509027740811527,0.05090247856407451,0.0509019039997188,0.0509015934306462,0.026802653168381544,0.026875412844320296
0.05091496239635755,0.05091471894060365,0.050913645323123535,0.05091335044018006,0.05091344720034868,0.050913725929369644,0.050912131570550925,0.0509124374824388,0.05091249022599703,0.05091224610459995,0.05091113338478994,0.050910876980981117,0.05091110072078482,0.05091127428928206,0.050909620982546616,0.05090987457229478,0.05090274311731476,0.050902447581247186,0.050901943354059176,0.05090163289133419,0.028159103933764383,0.028235474158772027
0.050914918689275446,0.050914675224826046,0.05091360620236904,0.05091331131000485,0.05091340285580729,0.05091368159492007,0.05091208390961535,0.05091238983339939,0.050912445262973734,0.050912201132618386,0.050911099224804246,0.05091084281385212,0.05091105512224006,0.05091122869719149,0.05090956381891631,0.05090981742047664,0.05090272913666849,0.05090243358924419,0.05090200789800979,0.0509016974944897,0.029497796164274098,0.029577600148038515
0.05091529757317932,0.05091505418410532,0.05091398086052555,0.05091368605837908,0.050913781568173506,0.050914060221104104,0.050912466297405416,0.0509127721257506,0.05091282363037754,0.050912579575403,0.05091146715820299,0.05091121082418626,0.05091143327746073,0.05091160679888923,0.05090995394039023,0.05091020746134065,0.05090316168948936,0.05090286623256743,0.050902424849359945,0.05090211456263823,0.030965938275888463,0.031049110588340544
0.05091536952549733,0.050915126150736637,0.05091405752188705,0.0509137627381994,0.05091385296709932,0.05091413160378298,0.050912534505417294,0.050912840316739816,0.050912894442161336,0.05091265040129349,0.050911548897189726,0.05091129258026362,0.050911503525953555,0.05091167703743999,0.05091001276775376,0.05091026627654957,0.05090327480466305,0.05090297936411824,0.050902573864409585,0.05090226361683871,0.03244051835914441,0.03252678743949293
0.05091520690424724,0.05091496349713628,0.05091389009405598,0.05091359527005382,0.05091368950163982,0.050913968175520775,0.050912374132018226,0.05091267998336564,0.0509127302054884,0.05091248613190192,0.050911373629909024,0.05091111727633617,0.05091133845866048,0.050911511993508775,0.05090985900721276,0.05091011254777811,0.05090314714109171,0.050902851660243366,0.050902412910113055,0.050902102618696786,0.03391708079199723,0.03400610097248986
0.05091513705950946,0.050914893638503794,0.050913824806703756,0.05091352996698069,0.05091361893074968,0.05091389762068991,0.050912300217153504,0.05091260608694876,0.05091265893922566,0.05091241485144132,0.05091131313568043,0.05091105676945834,0.05091126647055979,0.0509114400155969,0.05090977542418073,0.050910028982016395,0.05090310796227299,0.050902812463599366,0.050902401825265856,0.05090209152620117,0.03538593395581711,0.03547727189489218
0.05091497256642236,0.05091472911269182,0.050913660137275545,0.05091336525789951,0.050913453590927256,0.050913732318493825,0.05091213469935086,0.05091244061045787,0.050912492826517566,0.05091224870563858,0.05091114684057588,0.05091089043958075,0.05091109952489357,0.05091127309356004,0.05090960827555307,0.05090986186792693,0.050902977145856766,0.05090268160642346,0.05090226543411694,0.05090195509368361,0.036862744518981895,0.03695584183600885
0.05091480019020424,0.050914556702178836,0.050913487576256286,0.05091319265532486,0.050913280361849646,0.05091355912883994,0.050911961283791406,0.050912267238183415,0.05091231882202636,0.050912074666478756,0.050910972645013576,0.05091071620759157,0.05091092468212434,0.05091109827553917,0.05090943322021117,0.05090968684875893,0.05090283893219743,0.05090254335009226,0.05090212094213079,0.0509018105575711,0.03833112489687976,0.03842527571486511
0.050914702435166805,0.05091445892769193,0.050913389716413474,0.050913094771914996,0.05091318185249243,0.050913460641902476,0.050911862668384225,0.05091216864739197,0.05091221960184496,0.050911975426528026,0.05091087331587586,0.05091061685768181,0.05091082471475346,0.05091099832231891,0.05090933313129581,0.05090958678052692,0.050902777173763465,0.050902481567021124,0.050902052465694514,0.05090174205560749,0.03978556956077327,0.039879876514706335
0.05091460421984283,0.050914360692826295,0.05091329139578754,0.05091299642761032,0.050913082891458565,0.05091336170339187,0.050911763600811115,0.0509120696045481,0.05091211993882153,0.05091187574364637,0.05091077354340663,0.050910517064347204,0.05091072431323434,0.050910897935012245,0.05090923260770063,0.050909486277705605,0.05090271779231468,0.050902422160802235,0.05090198582036239,0.05090167538445099,0.041219252175633526,0.041312572772315
0.050914851847171025,0.050914608369423145,0.050913539288604454,0.05091324438012637,0.050913330219785696,0.05091360897542907,0.050912011195400765,0.05091231713733448,0.05091236685449177,0.05091212270851435,0.050911020730223445,0.050910764302856945,0.050910970902545975,0.05091114448941838,0.050909479496828336,0.05090973311581315,0.0509030062990168,0.050902710726391694,0.0509022672572988,0.050901956883367766,0.04261250850448048,0.0427034561074995
0.02025795747758032,0.020257927939488544,0.020257799858761198,0.020257764120425164,0.020257785990186246,0.02025781977320797,0.02025762874404909,0.020257665782237574,0.02025767936009586,0.020257649801144757,0.02025751725354046,0.02025748624199757,0.020257517540832295,0.020257538536737438,0.020257340772583083,0.02025737141225984,0.020254607558649124,0.02025457183883987,0.020254647493723937,0.020254610023292676,0.01748639224112662,0.017520949670899615
0.02025795799437469,0.020257928456282614,0.020257800937141933,0.020257765198805136,0.020257786504077772,0.020257820287099836,0.020257628862237094,0.020257665900425662,0.020257679871085208,0.020257650312133814,0.020257519077250385,0.020257488065706375,0.02025751804891892,0.02025753904482426,0.020257339890178284,0.02025737052985451,0.02025461606944587,0.020254580349601994,0.020254658954760297,0.020254621484295764,0.0175350003478088,0.017569525752078836
0.020257958187470577,0.020257928649378396,0.020257800568649256,0.02025776483031272,0.020257786697162113,0.020257820480184322,0.020257629451022774,0.020257666489211772,0.020257680064158255,0.020257650505206757,0.020257517957600623,0.020257486946057293,0.020257518241980462,0.0202575392378859,0.0202573414737288,0.020257372113405996,0.020254616262469455,0.02025458054262545,0.02025465531472819,0.02025461784426637,0.017535182279219744,0.01756970870389379
0.020257958205340675,0.020257928667248477,0.020257801148107275,0.020257765409770333,0.020257786715032148,0.020257820498054357,0.020257629073190814,0.020257666111379538,0.02025768008202825,0.020257650523076733,0.020257519288192753,0.02025748827664861,0.020257518259850414,0.020257539255755838,0.020257340101109036,0.02025737074078538,0.0202546162803369,0.02025458056049287,0.02025465916565266,0.02025462169518799,0.01753518229468833,0.017569708719392823
0.020257958205343183,0.02025792866725098,0.02025780058652181,0.020257764848185256,0.02025778671503467,0.020257820498056873,0.020257629468895266,0.02025766650708428,0.02025768008203078,0.020257650523079266,0.020257517975473083,0.02025748696392974,0.020257518259852933,0.02025753925575838,0.02025734149160123,0.02025737213127841,0.02025461628033944,0.020254580560495415,0.020254655332598296,0.02025461786213645,0.017535182294690532,0.017569708719395033
0.020257958205340675,0.020257928667248477,0.020257801148107275,0.020257765409770333,0.020257786715032148,0.020257820498054357,0.020257629073190814,0.020257666111379538,0.02025768008202825,0.020257650523076733,0.02025751928819275,0.02025748827664861,0.020257518259850414,0.020257539255755838,0.020257340101109036,0.02025737074078538,0.0202546162803369,0.02025458056049287,0.02025465916565266,0.02025462169518799,0.01753518229468833,0.017569708719392823
0.020257958205343207,0.020257928667251006,0.020257800586521827,0.020257764848185283,0.020257786715034705,0.020257820498056918,0.020257629468895307,0.020257666507084313,0.020257680082030827,0.020257650523079297,0.02025751797547311,0.020257486963929774,0.020257518259852968,0.020257539255758412,0.020257341491601265,0.02025737213127845,0.02025461628033947,0.02025458056049545,0.020254655332598317,0.020254617862136486,0.017535182294690553,0.017569708719395057
0.020257958205340675,0.020257928667248477,0.020257801148107275,0.020257765409770333,0.020257786715032148,0.020257820498054357,0.020257629073190814,0.020257666111379538,0.02025768008202825,0.020257650523076733,0.020257519288192753,0.02025748827664861,0.020257518259850414,0.020257539255755838,0.020257340101109036,0.02025737074078538,0.0202546162803369,0.02025458056049287,0.02025465916565266,0.02025462169518799,0.01753518229468833,0.017569708719392823
0.050914931432045035,0.05091468797013082,0.05091361432549809,0.05091331943509008,0.05091340927070904,0.05091368800836188,0.05091209360018183,0.05091239952154711,0.05091244533425007,0.05091220120390897,0.05091108844335138,0.0509108320301447,0.0509110488377141,0.05091122241355504,0.050909569036885066,0.05090982263736716,0.050903146004932065,0.050902850450277246,0.050902365778310574,0.050902055415350464,0.04406796819753968,0.044154828785669044
0.050914881337452686,0.05091463786557204,0.050913568810502276,0.05091327390913361,0.050913358599301,0.050913637348485655,0.050912039605466905,0.05091234554030938,0.05091239410801213,0.05091214996746475,0.05091104801367073,0.05091079159200957,0.05091099703751326,0.05091117062068642,0.050909505663570664,0.0509097592771483,0.05090312789938996,0.050902832331793324,0.05090237315359078,0.050902062785117434,0.04525312707415092,0.04533429228782882
0.05091433285089637,0.050914089269883396,0.050913015100307345,0.05091272006558566,0.05091280771458956,0.05091308658915565,0.050911491398041867,0.05091179746972984,0.05091184107207642,0.050911596821332956,0.05091048351224299,0.05091022697252609,0.05091044165111987,0.050910615312912556,0.05090896111772226,0.05090921484383541,0.05090266395967183,0.05090236825681373,0.050901861860222365,0.05090155134176174,0.04648546774032647,0.046557534780993455,0.00543172757924668
0.05091432576346167,0.05091408218103841,0.05091301264084225,0.05091271760552819,0.05091280009273683,0.05091307896903785,0.05091148049761762,0.050911786572026864,0.05091183291820003,0.05091158866583174,0.050910486207573664,0.05091022966842051,0.05091043296132008,0.050910606624343005,0.05090894090151814,0.05090919463180941,0.05090275761335466,0.050902461907240466,0.05090197071906797,0.05090166020535858,0.04760001792923555,0.047660598423924776,0.005627666798231588
0.050914536814099,0.050914293273670634,0.0509132192829763,0.050912924297431564,0.050913010942777406,0.050913289771086466,0.05091169484449231,0.050912000865392736,0.050912043470851764,0.05091179926043962,0.050910686135092274,0.05091042963775267,0.05091064329027666,0.05091081692352418,0.05090916300017044,0.05090941668456062,0.050903085850402874,0.05090279019369783,0.05090224881498349,0.05090193834530067,0.04855640855053626,0.04860398795383037,0.005854037532793379
0.050914176065834545,0.05091393245362288,0.050912862782697355,0.05091256771128845,0.050912648105135995,0.05091292701603302,0.0509113283463707,0.05091163445876444,0.05091167870543764,0.05091143442233817,0.050910331825440885,0.050910075253997975,0.05091027646468949,0.05091045014986818,0.05090878421458367,0.050909037977259285,0.050902850742039325,0.050902554995128683,0.05090202461728749,0.0509017140610493,0.04932233816018142,0.04935699205145372,0.006117598241680965,0.00575178339474415
0.05091420588220264,0.05091396227592422,0.05091288799498749,0.05091259292965126,0.05091267743889102,0.05091295634311084,0.05091136098242322,0.050911667086669304,0.05091170754218579,0.05091146326483297,0.05091034983451523,0.050910093266839075,0.05091030481363643,0.05091047849480159,0.05090882411512709,0.05090907786955586,0.050903027594375864,0.05090273185265732,0.050902147555558025,0.050901836996925555,0.04989255184081837,0.04991597481545655,0.006734297509797342,0.006392127467372601
0.05091424859692688,0.05091400499914833,0.050912935391564086,0.05091264033764397,0.050912719731737485,0.05091299862633044,0.05091140005009377,0.05091170614458651,0.050911749392957284,0.05091150512394447,0.05091040259059678,0.05091014603395488,0.050910346236244894,0.05091051991154569,0.050908854070983986,0.05090910781922139,0.05090321010077267,0.050902914367489324,0.050902341062993635,0.05090203052142756,0.05028298215111721,0.05029789684377244,0.007427346855993855,0.007107862994555852
0.050914230697300035,0.05091398709595962,0.05091291283678791,0.050912617777435255,0.050912701375226764,0.05091298027399806,0.05091138494446778,0.05091169104273161,0.05091173058702251,0.05091148631426206,0.050910372904866434,0.050910116342015685,0.050910326973376115,0.05091050065140403,0.050908846301605866,0.05090910005144905,0.05090329898769692,0.05090300324857075,0.05090238198232672,0.05090207142671932,0.050531685585255046,0.05054083360961082,0.008168893315950866,0.00787010908619978
0.050914136743250925,0.050913893123214135,0.050912823417947735,0.050912528337057145,0.05091260686290911,0.050912885783194084,0.0509112870597366,0.050911593182437855,0.05091163555850173,0.05091139126680383,0.05091028863111571,0.050910032050638265,0.05091023139413212,0.05091040508569178,0.050908739089217586,0.05090899286122006,0.050903344816490885,0.05090304905274529,0.050902440095281255,0.0509021295220106,0.05068812602310631,0.050693506285597455,0.009016954396888448,0.008738338576337271
0.050914120356241585,0.05091387673294384,0.050912802376992417,0.05091250729103371,0.05091259002044269,0.05091286894456158,0.05091127347008194,0.050911579596175996,0.050911618267348614,0.05091137397220486,0.050910260460834675,0.050910003874465024,0.05091021364731715,0.050910387341389376,0.05090873283880043,0.05090898661209478,0.05090343288139602,0.050903137112182986,0.05090248163290991,0.05090217104598217,0.05078006232636851,0.05078318501846773,0.00991568294832514,0.009655295343573225
0.05091426607158839,0.05091402247728708,0.05091295288496326,0.05091265783525661,0.050912735496459624,0.0509130143874641,0.050911415831789854,0.050911721922342695,0.05091176343703854,0.050911519170824406,0.050910416650102555,0.05091016009640126,0.05091035856130278,0.050910532234858655,0.05090886641102948,0.05090912015671643,0.050903631347046153,0.05090333561214827,0.05090270379587034,0.05090239325308557,0.05083224345709912,0.05083407419559688,0.010822811937712255,0.010578266900761649
0.05091431603569862,0.05091407245133968,0.05091299826701575,0.05091270322823966,0.05091278510825927,0.050913063987971,0.05091146876743201,0.050911774844769636,0.05091181267312825,0.050911568416725624,0.05091045508185351,0.050910198536190374,0.05091040743831733,0.05091058110495354,0.050908926863638425,0.05090918059683104,0.050903710758915775,0.050903415035405075,0.050902746571119366,0.05090243603229905,0.05086156545497353,0.05086266521893233,0.01173896238619148,0.01150834878204658
0.0509142918782263,0.050914048289060286,0.05091297871927293,0.05091268367578862,0.05091276049446407,0.05091303937977842,0.05091144085670969,0.05091174694101509,0.05091178761332731,0.050911543351930925,0.050910440852943786,0.050910184304304634,0.05091038192280931,0.05091055559305782,0.050908889800944046,0.05090914354179676,0.050903732402444744,0.05090343667218599,0.05090279371532856,0.050902483177505425,0.05087819468252902,0.05087887967265452,0.012694698394056701,0.0124768411799792
0.05091419987057869,0.050913956263103965,0.05091288661296726,0.05091259154729816,0.050912667941628395,0.05091294684801011,0.05091134820422152,0.05091165431165771,0.05091169455649919,0.05091145027655855,0.05091034769391172,0.050910091125787836,0.05091028832818188,0.05091046201168099,0.05090879609250244,0.05090904985272312,0.05090367681596383,0.05090338106263466,0.05090273300280051,0.050902422440784974,0.05088738799845821,0.05088784253094337,0.01366802699483761,0.013461640342901739
0.0509143494788671,0.05091410590116289,0.050913031746170456,0.05091273671545803,0.050912817336602106,0.05091309620897809,0.050911501030388495,0.0509118070996718,0.050911843669426,0.05091159941920015,0.05091048611246814,0.05091022957329504,0.050910437211111145,0.050910610873532394,0.050908956672356266,0.050909210399388095,0.050903825425393345,0.05090352970787034,0.05090285002891641,0.05090253949648017,0.05089231952836029,0.05089265070162682,0.014577065838283313,0.014380213483051555
0.02025790086267205,0.020257871324613288,0.020257743805616374,0.02025770806731986,0.020257728785502218,0.020257762568485802,0.0202575711438411,0.020257608181987487,0.020257621565566077,0.020257592006648697,0.020257460771916272,0.02025742976040794,0.020257459156522835,0.020257480152403782,0.02025728099798925,0.020257311637629862,0.02025507414802014,0.020255038427168793,0.02025503963574388,0.02025500216420622,0.020251940959017296,0.02025199667848933,0.00616287273192025,0.006087962995579311,0.0020196775834236385
0.020257901321187207,0.020257871783128177,0.020257743702542772,0.02025770796424635,0.020257729241532057,0.020257763024515946,0.020257571995571013,0.020257609033718007,0.0202576220191112,0.02025759246019356,0.020257459912739258,0.02025742890123145,0.020257459607582778,0.020257480603463916,0.02025728283953568,0.020257313479177388,0.02025508173841896,0.020255046017538338,0.020255042904064758,0.02025500543250246,0.0202519809423643,0.020252035559781785,0.0061946512218718,0.006120119448390094,0.002038865334717714
0.02025790550979348,0.020257875971732002,0.020257748452723417,0.02025771271442362,0.020257733430093725,0.020257767213080407,0.020257575788418157,0.020257612826567937,0.02025762620763362,0.020257596648713537,0.02025746541396907,0.02025743440245791,0.020257463796061394,0.02025748479194427,0.020257285637511516,0.02025731627715492,0.020255085926387997,0.02025505020550443,0.02025505092518163,0.020255013453613385,0.020251985129682213,0.020252039747108364,0.0061950282915411116,0.006120510509826559,0.002039116412179845
0.020257905535405553,0.02025787599734406,0.020257747916748024,0.020257712178448618,0.020257733455705702,0.020257767238692412,0.020257576209731575,0.020257613247881657,0.020257626233245556,0.02025759667432545,0.02025746412686013,0.02025743311534974,0.020257463821673233,0.020257484817556116,0.02025728705361142,0.02025731769325569,0.02025508595199691,0.020255050231113333,0.02025504711765329,0.020255009646087865,0.020251985155287318,0.020252039772713525,0.006195028458695163,0.0061205106749699385,0.0020391164147579607
0.020257905535487158,0.020257875997425668,0.02025774847841701,0.020257712740117208,0.02025773345578732,0.020257767238774017,0.02025757581411167,0.020257612852261467,0.020257626233327178,0.020257596674407075,0.02025746543966255,0.020257434428151352,0.020257463821754876,0.020257484817637755,0.020257285663204904,0.020257316302848324,0.020255085952078557,0.020255050231194966,0.020255050950872242,0.020255013479303995,0.020251985155368957,0.020252039772795154,0.0061950282993986526,0.006120510517589584,0.00203911641476618
0.02025790553548254,0.020257875997421036,0.020257747916824994,0.020257712178525584,0.02025773345578268,0.020257767238769386,0.020257576209808555,0.02025761324795863,0.02025762623332253,0.020257596674402426,0.020257464126937103,0.02025743311542671,0.02025746382175021,0.02025748481763309,0.020257287053688403,0.020257317693332662,0.02025508595207388,0.020255050231190293,0.020255047117730254,0.020255009646164838,0.020251985155364263,0.02025203977279047,0.0061950284587186915,0.00612051067499318,0.0020391164147657067
0.020257905535487158,0.020257875997425668,0.02025774847841701,0.020257712740117208,0.02025773345578732,0.020257767238774017,0.02025757581411167,0.020257612852261467,0.020257626233327178,0.020257596674407075,0.02025746543966255,0.020257434428151352,0.020257463821754876,0.020257484817637755,0.020257285663204904,0.020257316302848324,0.020255085952078557,0.020255050231194966,0.020255050950872242,0.020255013479303995,0.020251985155368957,0.020252039772795154,0.0061950282993986526,0.006120510517589584,0.00203911641476618
0.020257905535483657,0.020257875997422164,0.020257747916826108,0.020257712178526708,0.020257733455783813,0.02025776723877051,0.020257576209809683,0.020257613247959768,0.02025762623332365,0.020257596674403543,0.020257464126938223,0.020257433115427836,0.02025746382175133,0.020257484817634213,0.020257287053689517,0.020257317693333787,0.020255085952074994,0.02025505023119141,0.02025504711773137,0.020255009646165955,0.020251985155365387,0.020252039772791584,0.006195028458719035,0.006120510674993519,0.0020391164147658203
0.05091412725969256,0.05091388363776857,0.05091281392421988,0.0509125188410425,0.050912593289094546,0.05091287221246944,0.05091127347130648,0.050911579597400225,0.050911617892263596,0.05091137359704505,0.050910270945474075,0.050910014361297426,0.050910209621287485,0.050910383315929744,0.0509087172898955,0.05090897106640371,0.0509036140935236,0.0509033183205239,0.050902669000166094,0.05090235841750581,0.0508948584621748,0.050895118056785836,0.015568340744793937,0.01538108882173605,0.005124409171055596
0.050914373992888604,0.050914130420062244,0.050913056286569766,0.05091276126176789,0.050912839849327735,0.050913118716579435,0.05091152356729284,0.050911829630950034,0.05091186416646269,0.05091161992032127,0.05091050663219744,0.05091025009731604,0.050910455695768735,0.050910629355573174,0.05090897517931742,0.05090922890252435,0.050903859832491405,0.05090356411871681,0.05090288322384777,0.05090257269536787,0.050896258971470744,0.05089648576235234,0.016379144252077846,0.016198697238856943,0.005703849554616943
0.05091424732342009,0.050914003725388145,0.05091293411669169,0.05091263906246451,0.05091271247524181,0.05091299137148647,0.05091139278578499,0.050911698882091294,0.05091173614454209,0.05091149187288906,0.0509103893276309,0.050910132768214995,0.050910326979595424,0.05091050065762241,0.05090883479091778,0.050909088543140066,0.05090373049169683,0.05090343474675062,0.05090278551490134,0.050902474961709805,0.05089709447728284,0.050897298551558535,0.01730162864645241,0.017128417546238738,0.006358641069588958
0.05091378810947313,0.05091354442005564,0.050912469772672844,0.05091217460659586,0.05091225099750283,0.05091252999879838,0.05091093408298697,0.05091124029381645,0.050911272609349384,0.05091102824531743,0.05090991442010492,0.05090965776135247,0.05090986121940248,0.050910034963373825,0.05090837998559541,0.050908633831824514,0.05090326275900489,0.05090296690132318,0.05090228553696707,0.050901974857314916,0.05089716833144446,0.05089735982873946,0.01822706842496223,0.01806050783402972,0.006996621673537872,0.005260303825797694
0.05091371492544449,0.05091347122146196,0.050912401147791705,0.05091210596518336,0.050912176862601764,0.050912455880774705,0.05091085659640044,0.050911162826577316,0.05091119755551638,0.05091095317652564,0.05090985014702865,0.05090959347483119,0.05090978521836879,0.05090995897310144,0.050908292370838534,0.0509085462351788,0.05090318585094442,0.05090288997472439,0.05090224032870817,0.05090192963762053,0.05089743088848637,0.05089761534342985,0.019167157263299837,0.01900681377486455,0.007943566507561846,0.006370632755000752
0.05091361892716699,0.050913375204078376,0.05091230040828602,0.05091200520140928,0.05091207989299132,0.05091235893324074,0.050910762794673305,0.05091106904827175,0.05091109965691514,0.05091085525841199,0.050909741276154254,0.0509094845811819,0.05090968635441648,0.05090986012314817,0.05090820490957596,0.05090845879199604,0.05090308607437971,0.0509027901741085,0.05090210867080746,0.05090179794641579,0.05089752896340667,0.05089770952644803,0.020111681633157113,0.019957103242827744,0.008885385880058156,0.00744026768688669
0.05091338436145791,0.05091314059168266,0.050912065590113034,0.05091177032666553,0.05091184416360427,0.05091212325752328,0.0509105268120483,0.05091083312457286,0.050910862869246266,0.05091061842354598,0.05090950422626663,0.050909247481702884,0.05090944842284838,0.05090962222527259,0.05090796669084631,0.05090822062251288,0.05090284712789706,0.05090255117002486,0.05090186947880493,0.05090155869390432,0.05089741373996654,0.050897592175047766,0.021062349441676682,0.02091314787823466,0.00987350404296872,0.008536531093754596
0.05091320593511461,0.050912962129824234,0.05091188697171737,0.05091159166523565,0.05091166464340938,0.050911943778203086,0.05091034709898791,0.050910653456390495,0.05091068233504028,0.05091043785335329,0.050909323492124764,0.05090906670974871,0.05090926680894391,0.05090944063708727,0.05090778485773724,0.05090803882699612,0.05090266453238917,0.050902368530497344,0.050901686695667,0.05090137586452453,0.050897310175574015,0.05089748744238068,0.022017414362468655,0.021873233009916292,0.01086733067849462,0.009619914346239914
0.05091304835800772,0.05091280452135066,0.05091172922499139,0.05091143388050222,0.05091150599903029,0.0509117851699473,0.0509101882841626,0.05091049468122634,0.05091052269373998,0.050910278180229356,0.050909163674018064,0.05090890685820405,0.0509091061124365,0.05090927996333794,0.05090762396726238,0.0509078779697855,0.050902502867298256,0.05090220682643071,0.05090152486444531,0.05090121399235949,0.050897201641522255,0.05089737827250064,0.022974404667778114,0.022834912357290148,0.011864965244346028,0.010692947672240034
0.050912935329488936,0.050912691470332026,0.050911616074801554,0.050911320703048976,0.0509113919592617,0.050911671156146525,0.05091007412186576,0.05091038054744073,0.050910407692790115,0.05091016315635377,0.05090904854569712,0.050908791705794376,0.05090899010783929,0.05090916397517013,0.050907507822637386,0.05090776184917448,0.05090238592116088,0.05090208985209783,0.050901407798126665,0.05090109689642186,0.05089712327814036,0.05089729956266643,0.023933331474084517,0.023798232452034242,0.012865663368197585,0.011758020310874981
0.0509129235374643,0.05091267967596,0.050911608910991925,0.05091131353751319,0.05091137927811839,0.05091165847789088,0.05091005815291668,0.0509103645824798,0.05091039412649055,0.050910149587349726,0.05090904583535909,0.05090878899488926,0.05090897564986541,0.05090914951924394,0.05090748181760176,0.05090773584951566,0.050902370577897274,0.05090207450513488,0.050901424239031184,0.05090111334148612,0.050897139416882606,0.050897315503581904,0.02490490122990293,0.024773981542641915,0.01386952874539155,0.012817517437337299
0.05091281652103323,0.050912572638225,0.05091149713844859,0.050911201738037364,0.05091127125127047,0.05091155047564249,0.050909953284177516,0.050910259739931775,0.05091028513654666,0.0509100405756776,0.050908925853709645,0.05090866898813475,0.05090886565646794,0.050909039541425075,0.05090738322103695,0.050907637273337414,0.0509022596398482,0.05090196354033774,0.05090128138703468,0.05090097045334545,0.05089705466992233,0.05089723066246203,0.025881198622468116,0.025754227518970385,0.01487588352989453,0.013872404521051743
0.05091273554138005,0.050912491642450625,0.05091142071323958,0.05091112529441265,0.05091118929742116,0.050911468540456,0.05090986796758029,0.050910174444643096,0.0509102022439691,0.05090995766657414,0.050908853742005614,0.050908596861341596,0.050908781794069755,0.05090895569090484,0.05090728772597169,0.05090754179801797,0.05090217485209149,0.05090187873213743,0.05090122831714538,0.05090091737002803,0.05089699224894669,0.05089716819313356,0.026860773911911193,0.026738500387306574,0.015873405351253582,0.014912140264141054
0.05091256498597175,0.0509123210530875,0.0509112499748629,0.05091095451489263,0.050911017651447135,0.05091129693357121,0.0509096961367069,0.050910002656687534,0.0509100295836822,0.050909784971863506,0.050908680891997585,0.05090842397516398,0.050908608056540246,0.050908781977983875,0.050907113777071494,0.05090736788508706,0.05090200145616511,0.05090170529410018,0.0509010535143754,0.05090074252301681,0.05089683893784386,0.05089701487379785,0.027843445244896712,0.027725644768160067,0.016878197073834204,0.01595456752879234
0.05091231978953188,0.05091207580783007,0.05091100451536514,0.05091070899624214,0.05091077127224417,0.05091105061048001,0.05090944949208477,0.050909756073673,0.05090978213196597,0.05090953747080909,0.05090843316836165,0.05090817619968763,0.05090835944286382,0.050908533399523614,0.05090686486091076,0.05090711902040066,0.05090175531228923,0.050901459090004535,0.05090080603794065,0.05090049498333476,0.05089660922255312,0.05089678517597949,0.02882872613472888,0.02871519966774703,0.017877816655563036,0.016987496987439663
0.05091218501120646,0.05091194100266932,0.05091086959243553,0.05091057404079603,0.05091063545094142,0.05091091482011162,0.05090931352445647,0.05090962014000899,0.05090964532765563,0.05090940063922053,0.050908296213711624,0.05090803921637597,0.0509082216053238,0.050908395581509384,0.05090672685565674,0.050906981043686794,0.050901621128447434,0.05090132487264921,0.05090067089614161,0.05090035980633883,0.05089648996919379,0.0508966659324397,0.029818882172602215,0.029709466936850223,0.018872300622939785,0.018011629936433057
0.020257783042809705,0.020257753504819603,0.0202576259861192,0.020257590247905792,0.02025761019934286,0.020257643982247386,0.020257452558050663,0.02025748959611036,0.020257502212962183,0.020257472654114424,0.02025734141969109,0.02025731040825581,0.020257339037608502,0.02025736003343968,0.020257160879497253,0.020257191519065222,0.02025496606058993,0.020254930339803683,0.020254929539090614,0.02025489206761851,0.02025331890128363,0.020253340116115764,0.012262538276944,0.01222055820844018,0.007903646970479409,0.007571715382196225
0.02025778521745592,0.020257755679464556,0.020257628160758684,0.02025759242254373,0.020257612369634186,0.020257646152540162,0.02025745472833524,0.020257491766396525,0.020257504378901406,0.020257474820052388,0.020257343585623443,0.02025731257418684,0.02025734119919329,0.02025736219502537,0.020257163041074455,0.020257193680643732,0.020254976095639254,0.020254940374820733,0.020254939007688884,0.020254901536183107,0.02025332934481553,0.02025335055971101,0.01229574282342846,0.012253921883719892,0.00794248640064696,0.007611943917610834
0.020257785364270586,0.02025775582627913,0.020257628307572884,0.020257592569357837,0.020257612516406873,0.020257646299312947,0.020257454875107467,0.02025749191316886,0.020257504525632332,0.020257474966783214,0.020257343732353897,0.02025731272091719,0.020257341345882283,0.02025736234171442,0.020257163187762904,0.020257193827332275,0.020254976242270118,0.02025494052145149,0.020254939154320115,0.020254901682814238,0.020253329491393753,0.020253350706289298,0.012295919790591763,0.012254102860942686,0.007942972891079174,0.007612488401966586
0.02025778538486813,0.02025775584687667,0.020257628328170383,0.02025759258995531,0.02025761253700438,0.02025764631991047,0.020257454895704907,0.02025749193376632,0.020257504546229828,0.02025747498738071,0.02025734375295133,0.020257312741514624,0.02025734136647973,0.020257362362311876,0.02025716320836029,0.02025719384792967,0.020254976262865227,0.020254940542046587,0.020254939174915294,0.020254901703409385,0.020253329511987304,0.02025335072688286,0.012295919803094295,0.01225410287340269,0.007942972899155605,0.007612488409706982
0.020257785384986942,0.02025775584699548,0.020257628328289184,0.02025759259007411,0.02025761253712318,0.020257646320029268,0.02025745489582372,0.020257491933885128,0.0202575045463486,0.020257474987499476,0.02025734375307011,0.0202573127416334,0.02025734136659849,0.020257362362430642,0.02025716320847904,0.020257193848048433,0.020254976262983965,0.020254940542165326,0.020254939175034018,0.020254901703528116,0.02025332951210601,0.020253350727001566,0.012295919803166364,0.012254102873474516,0.00794297289920216,0.007612488409751602
0.02025778538498907,0.020257755846997606,0.020257628328291307,0.02025759259007624,0.020257612537125318,0.020257646320031405,0.020257454895825852,0.020257491933887255,0.020257504546350738,0.020257474987501623,0.02025734375307225,0.020257312741635537,0.020257341366600644,0.020257362362432783,0.020257163208481196,0.02025719384805058,0.020254976262986127,0.02025494054216749,0.02025493917503618,0.020254901703530285,0.020253329512108186,0.020253350727003735,0.012295919803167682,0.012254102873475831,0.00794297289920301,0.007612488409752413
0.020257785384993426,0.02025775584700196,0.020257628328295665,0.020257592590080597,0.02025761253712968,0.02025764632003576,0.020257454895830213,0.020257491933891623,0.020257504546355123,0.020257474987505995,0.020257343753076626,0.020257312741639916,0.020257341366605022,0.020257362362437165,0.02025716320848559,0.02025719384805498,0.020254976262990505,0.020254940542171862,0.020254939175040558,0.02025490170353466,0.020253329512112544,0.02025335072700811,0.012295919803170335,0.012254102873478475,0.007942972899204722,0.007612488409754055
0.020257785384990155,0.020257755846998685,0.020257628328292396,0.02025759259007733,0.020257612537126397,0.020257646320032484,0.02025745489582693,0.020257491933888344,0.020257504546351834,0.020257474987502702,0.020257343753073337,0.020257312741636634,0.020257341366601733,0.02025736236243388,0.020257163208482285,0.02025719384805167,0.02025497626298722,0.020254940542168573,0.02025493917503728,0.020254901703531378,0.020253329512109265,0.020253350727004828,0.012295919803168343,0.012254102873476485,0.007942972899203439,0.007612488409752823
0.050911987791123624,0.05091174374331662,0.050910672160744144,0.050910376561521115,0.05091043702867809,0.05091071644304282,0.05090911488841479,0.05090942155358839,0.05090944579149117,0.05090920106326738,0.05090809645825805,0.05090783941911583,0.05090802088263104,0.0509081948872521,0.05090652588872251,0.050906780118315606,0.050901443870372556,0.05090114756562209,0.05090049132523365,0.0509001801840277,0.05089632778356816,0.050896503770437626,0.03089890305001013,0.03079387549465884,0.019960354522717116,0.0191298443569606
0.05091187245908257,0.050911628388310017,0.050910556704951294,0.050910261077900684,0.05091032074400499,0.050910600184857,0.050908998478451754,0.05090930517270688,0.050909328605408324,0.05090908385381595,0.0509079791433825,0.05090772207968641,0.05090790275199502,0.050908076773351824,0.05090640761433719,0.05090666186839231,0.05090132485849189,0.05090102852503869,0.05090037219410642,0.05090006102274985,0.05089621518863145,0.050896391191293334,0.03179192277244258,0.031690227004485975,0.020904226473457573,0.020096019245153085
0.0509116613447406,0.05091141723192773,0.05091034536407182,0.050910049686080684,0.050910108445847466,0.05091038793505903,0.05090878595154497,0.05090909269889618,0.050909115218106524,0.05090887042395951,0.050907765521547396,0.05090750841313847,0.05090768819807114,0.050907862249825644,0.050906192799317136,0.05090644709780342,0.05090111108220279,0.05090081469674745,0.05090015737982525,0.050899846153848974,0.050896029892048715,0.050896205922831866,0.03280523153324412,0.03270733557416979,0.02197900792205783,0.021194515843995232
0.05091161852712884,0.05091137440578916,0.05091030250051265,0.05091000681218952,0.050910064652324574,0.05091034415151228,0.05090874211083331,0.05090904886913769,0.050909070466681104,0.05090882566360922,0.050907720720934004,0.050907463603147636,0.050907642471053526,0.05090781652928679,0.050906147016651124,0.05090640132460722,0.05090106923464699,0.05090077283789067,0.050900114598301224,0.0508998033604626,0.0508960110282129,0.050896187064090874,0.03382540722136383,0.033731240969340916,0.023058296517752843,0.022295342145927113
0.05091135451731918,0.050911110343401574,0.05091003356052616,0.05090973780737377,0.05090979938169355,0.0509100789413123,0.0509084798327544,0.050908786656589655,0.0509088040539838,0.05090855919777836,0.05090744313031196,0.05090718595441868,0.05090737481997315,0.05090754891612997,0.05090589058448682,0.05090614494548628,0.050900806335882405,0.05090050987424495,0.05089981876759505,0.05089950745354964,0.05089576838451307,0.05089594445794663,0.03485674832147156,0.0347662849884947,0.024139138681944613,0.02339575010963231
0.05091122468820338,0.0509109804884286,0.05090990823893359,0.05090961245557016,0.05090966845732999,0.050909948046776315,0.050908345488898755,0.050908652346302125,0.05090867209200006,0.05090842720947449,0.05090732190835623,0.050907064707086586,0.050907241771731136,0.050907415886740685,0.05090574582965795,0.050906000220601814,0.05090067915957516,0.05090038266552763,0.05089972243054156,0.05089941109051896,0.05089566024579601,0.05089583633785052,0.03589645829431985,0.035809679690917404,0.025221180416740416,0.024495600365850485
0.05091105052187152,0.050910806287407746,0.050909733885677384,0.050909438060281025,0.05090949312798341,0.0509097727573754,0.050908169970601734,0.05090847687186329,0.050908495677447554,0.05090825075973412,0.0509071452998714,0.050906888061629296,0.05090706420753661,0.05090723834770784,0.05090556804934109,0.05090582247706294,0.05090050832425412,0.05090021178703674,0.05089955046586715,0.05089923908050536,0.050895509873865555,0.05089568599111383,0.03694550856211035,0.036862428358599444,0.02632067654130867,0.025611640995049194
0.050910855819547435,0.050910611546302345,0.05090953897437738,0.05090924310198948,0.05090929723091544,0.050909576904941536,0.050907973862406385,0.05090828081267369,0.05090829867279333,0.050908053715782955,0.05090694807863844,0.050906690799106445,0.05090686602354054,0.05090704019179691,0.0509053696241123,0.05090562409288519,0.050900317330867736,0.05090002074549388,0.050899358273684144,0.050899046837745335,0.050895339710931235,0.050895515856429596,0.03800372155836218,0.037924383713060957,0.027420833890632955,0.026733496607350655
0.05091077490565678,0.05091053061629453,0.050909457973637676,0.05090916208172036,0.05090921526147921,0.050909494954182365,0.05090789180462431,0.050908198775397984,0.05090821568312234,0.05090797070955717,0.050906864997728396,0.050906607700802006,0.05090678198230779,0.05090695616247428,0.05090528548057896,0.05090553996676049,0.050900241283680404,0.05089994467769343,0.05089928105971483,0.05089896960213268,0.05089528586920697,0.05089546202663887,0.03907152510402266,0.03899601282822432,0.028522958872121612,0.027855979369454758
0.05091073871534506,0.05091049441877381,0.05090942174448034,0.05090912584382794,0.050909178068005,0.050909457769182986,0.050907854571062686,0.05090816155114126,0.05090817750141284,0.050907932520231056,0.050906826774041194,0.05090656946911185,0.0509067427969196,0.05090691698263953,0.05090524624749096,0.05090550074178963,0.05090020961698938,0.05089991300122195,0.05089924831913589,0.05089893685128897,0.05089527781704569,0.05089545398000213,0.04014808370960517,0.04007652436016968,0.029626523447806134,0.028978774884003154
0.050910536801773584,0.05091029246498109,0.050909219614173405,0.05090892366478459,0.05090897493644751,0.050909254683912275,0.050907651220560575,0.050907958251459405,0.05090797324229276,0.0509077282203632,0.050906622290346176,0.05090636494260251,0.05090653733586838,0.05090671155070748,0.05090504053632584,0.05090529507318689,0.050900012827436336,0.05089971616173142,0.05089905015481914,0.05089873863452597,0.05089510634178213,0.05089528253410627,0.041232951916040005,0.041165533471396516,0.030732101674338673,0.03010268224310346
0.050910312762252566,0.0509100683808285,0.05090899533415184,0.050908699330682615,0.0509087496460682,0.05090902944487204,0.05090742568733786,0.050907732774604274,0.05090774680155607,0.05090750173445087,0.05090639560063133,0.05090613820542099,0.05090630966252077,0.05090648390962902,0.05090481258580743,0.05090506716983515,0.0508997959307933,0.05089949920976104,0.05089883163215218,0.05089852005375322,0.05089491748710345,0.05089509371196544,0.04232522656703435,0.04226221350932011,0.03184061210099639,0.03122883105314706
0.050910210316635715,0.05090996591480218,0.05090889277855705,0.05090859675035753,0.05090864610099495,0.050908925923395784,0.05090732203064678,0.050907629143821305,0.05090764220212089,0.05090739711414678,0.050906290886180504,0.050906033469042815,0.0509062039696855,0.05090637823177482,0.05090470676429501,0.05090496137022001,0.0508997026487511,0.05089940590182307,0.050898736662672486,0.0508984250570856,0.05089485585162427,0.05089503209150457,0.043422321581588666,0.043364074055670714,0.03295083384383421,0.032356159391759245
0.05091004487038636,0.05090980043559089,0.050908727154690095,0.05090843108655046,0.05090847947381959,0.050908759334194725,0.05090715522384636,0.05090746237871451,0.050907474467819236,0.0509072293463787,0.050906122967434256,0.05090586551513292,0.05090603506681348,0.05090620935284424,0.05090453765578161,0.05090479229670098,0.050899548201582316,0.050899251413472645,0.050898580227644756,0.05089826857881516,0.050894737928367885,0.05089491419228929,0.0445200249135214,0.04446702946601533,0.03406299442620279,0.033485099226310835
0.05090977491256721,0.05090953042398456,0.05090845618417955,0.05090816005069127,0.050908208196329914,0.050908488118533046,0.05090688693655569,0.05090719415848692,0.050907201992079536,0.050906956816271054,0.05090583929275405,0.050905581781044776,0.05090576129419266,0.05090593561903235,0.0509042751096437,0.050904529804896306,0.05089929383685913,0.050898996982186646,0.05089829134037562,0.0508979796135723,0.050894529650030586,0.0508947059529613,0.045613294677557696,0.045566208722088095,0.03519155993827717,0.034630642907234756
0.050909555163134106,0.05090931063076485,0.05090823692165475,0.05090794073528433,0.0509079871918548,0.050908267164431545,0.05090666241114807,0.050906969689207354,0.05090697983110646,0.050906734610966356,0.05090562778675494,0.05090537023074842,0.05090553789594737,0.05090571225245743,0.050904039879546066,0.05090429462348236,0.050899096421929316,0.05089879951278406,0.05089812250316993,0.05089781072724865,0.05089439125300787,0.05089456758761367,0.04669104881768228,0.046650711533181136,0.036332403475290174,0.035788802983372475
0.02025763967788713,0.02025761013998061,0.0202574825343944,0.020257446796282153,0.020257466009725892,0.02025749979253428,0.020257308764581695,0.02025734580253628,0.020257357198470844,0.02025732763970768,0.0202571950929461,0.020257164081600353,0.020257193198405164,0.02025721419417592,0.020257016431287404,0.02025704707076805,0.02025490256299579,0.020254866842109313,0.0202548524420469,0.020254814970476497,0.020253457825421747,0.02025347903368482,0.018996003403408564,0.018982968663525508,0.014919068338607415,0.014709939520551125
0.020257639361463582,0.02025760982355724,0.0202574823052184,0.02025744656710633,0.020257465688692494,0.020257499471500674,0.020257308047849858,0.02025734508580395,0.020257356872827207,0.020257327314064242,0.020257196080017324,0.02025716506867098,0.020257192868151676,0.020257213863922294,0.020257014710554334,0.02025704535003394,0.020254910305071483,0.020254874584153454,0.020254863468599404,0.020254825996995972,0.020253466371866233,0.020253487580204954,0.019033084843900146,0.019020277680833857,0.014958790841682619,0.014750280874762182
0.020257639559685785,0.02025761002177933,0.020257482416193406,0.02025744667808125,0.020257465886893217,0.020257499669701532,0.020257308641749402,0.020257345679703914,0.02025735707100671,0.02025732751224363,0.020257194965482384,0.020257163954136712,0.020257193066309753,0.020257214062080437,0.02025701629919248,0.020257046938673022,0.020254910503187028,0.020254874782268856,0.02025485983358255,0.020254822361981804,0.020253466569947823,0.020253487778286623,0.019033202159224345,0.019020396922478883,0.014959014134077606,0.014750519412842415
0.02025763958968639,0.020257610051779923,0.02025748253344053,0.02025744679532829,0.020257465916893726,0.020257499699702055,0.02025730827605039,0.020257345314004634,0.02025735710100716,0.020257327542244054,0.02025719630819655,0.02025716529685006,0.020257193096310088,0.0202572140920808,0.020257014938711945,0.020257045578191676,0.020254910533184088,0.020254874812265896,0.02025486369671248,0.020254826225108873,0.020253466599942895,0.020253487808281706,0.019033201697919062,0.01902039646148429,0.01495901415623176,0.014750519434687796
0.02025763959019115,0.020257610052284675,0.020257482446698692,0.020257446708586518,0.020257465917398486,0.020257499700206825,0.020257308672254573,0.0202573457102091,0.020257357101511934,0.020257327542748824,0.020257194995987493,0.020257163984641807,0.02025719309681487,0.02025721409258558,0.020257016329697498,0.02025704696917805,0.020254910533688823,0.020254874812770624,0.020254859864084394,0.020254822392483635,0.020253466600447596,0.020253487808786413,0.019033202187886664,0.0190203969511219,0.014959014156604526,0.014750519435055369
0.020257639590191792,0.02025761005228532,0.020257482533945905,0.020257446795833668,0.020257465917399114,0.02025749970020745,0.020257308276555783,0.020257345314510025,0.02025735710151254,0.020257327542749434,0.02025719630870194,0.020257165297355446,0.02025719309681546,0.020257214092586177,0.020257014939217326,0.02025704557869706,0.020254910533689413,0.020254874812771217,0.020254863697217802,0.0202548262256142,0.020253466600448175,0.02025348780878699,0.0190332016983939,0.019020396461958806,0.014959014156604946,0.014750519435055783
0.02025763959019115,0.020257610052284675,0.020257482446698692,0.020257446708586518,0.020257465917398486,0.020257499700206825,0.020257308672254573,0.0202573457102091,0.020257357101511934,0.020257327542748824,0.020257194995987493,0.020257163984641807,0.02025719309681487,0.02025721409258558,0.020257016329697498,0.02025704696917805,0.020254910533688823,0.020254874812770624,0.020254859864084394,0.020254822392483635,0.020253466600447596,0.020253487808786413,0.019033202187886664,0.0190203969511219,0.014959014156604526,0.014750519435055369
0.02025763959018652,0.02025761005228005,0.020257482533940618,0.020257446795828395,0.02025746591739383,0.02025749970020217,0.020257308276550492,0.020257345314504738,0.02025735710150725,0.02025732754274414,0.02025719630869664,0.020257165297350145,0.020257193096810164,0.02025721409258087,0.02025701493921202,0.02025704557869175,0.020254910533684098,0.02025487481276591,0.02025486369721248,0.020254826225608875,0.020253466600442867,0.02025348780878168,0.01903320169838891,0.019020396461953817,0.014959014156601023,0.014750519435051913
0.05090933472455407,0.05090909014825809,0.05090801552325768,0.0509077192834865,0.05090776541980956,0.050908045442938095,0.050906443683824264,0.050906751016565624,0.05090675682433417,0.05090651155969084,0.050905393631459364,0.05090513602640878,0.05090531357320234,0.050905487961515804,0.050903826847667644,0.050904081635696284,0.05089892912457709,0.050898632160351974,0.050897917453829336,0.05089760561202923,0.050894306592334175,0.05089448295890134,0.04782697822044634,0.047794935436213076,0.03758958825359112,0.03706561041429392
0.05090931158047528,0.050909066999567223,0.05090799307744137,0.05090769683225616,0.05090774140449612,0.050908021433099054,0.05090641635877594,0.05090672369834883,0.050906731946949335,0.050906486677341295,0.05090537962996338,0.050905122021980026,0.05090528782324064,0.05090546221520493,0.05090378950231105,0.05090404429806946,0.0508989225243283,0.0508986255534766,0.050897940054332194,0.05089762821367221,0.05089437229033305,0.05089454866005449,0.048690100640357635,0.048665623109369435,0.03863929356216466,0.03813169905689416
0.05090940409029527,0.05090915952782213,0.05090808496352483,0.050907788740502835,0.0509078331144369,0.05090811312213451,0.050906511451261856,0.0509068187670609,0.05090682281333955,0.05090657756186534,0.05090545969362947,0.05090520210241597,0.05090537787648874,0.05090555225568538,0.050903891228656566,0.05090414600335962,0.05089911923339257,0.05089882228291821,0.050898093423528294,0.05089778159630128,0.050894774179173985,0.0508949505345966,0.04952555868136738,0.049509665677230225,0.03988720080477583,0.039401884561262104
0.05090924447514905,0.05090899988086833,0.0509079259000553,0.05090762963866628,0.05090767243279863,0.050907952477124103,0.050906347312708156,0.05090665466954353,0.05090666113653394,0.05090641585279425,0.050905308741663755,0.05090505111883212,0.05090521514541597,0.05090538954768477,0.050903716735978294,0.05090397154679841,0.050899104373650354,0.050898807382066744,0.05089809474811457,0.05089778288592612,0.050895029792587504,0.050895206169454664,0.05014424476970512,0.05013537201285808,0.04122374875513447,0.04076539843145105
0.050909082935953434,0.050908838309480155,0.050907763464125004,0.050907467163553675,0.050907509860476,0.05090778994186204,0.050906187849606155,0.05090649524631074,0.050906497603349754,0.0509062522869726,0.05090513412305213,0.05090487646364344,0.05090505059166989,0.05090522501727026,0.05090356354833957,0.05090381839086838,0.05089912175688378,0.05089882472338769,0.050898061670639747,0.05089774975651275,0.05089535494725097,0.05089553134557898,0.050525696670334116,0.050521381112925944,0.04271178289911755,0.04228930284785137
0.05090906952540549,0.05090882489625966,0.05090774610691609,0.05090744980215783,0.050907495670057576,0.05090777575467861,0.05090617364392374,0.0509064810441801,0.050906482637915106,0.050906237318551165,0.050905119141023344,0.05090486147847628,0.05090503484437944,0.05090520927221267,0.05090354778201891,0.05090380262781135,0.05089926900276727,0.05089897196352681,0.05089819267838167,0.05089788075836713,0.050895769295626836,0.050895945694199446,0.05072558132811717,0.05072370698206967,0.044231879599705835,0.043853430842965294
0.05090894914433261,0.05090870449119546,0.050907625596107633,0.05090732926227871,0.05090737443790081,0.05090765455015958,0.05090605228135964,0.05090635971196066,0.05090636060839325,0.05090611526467388,0.05090499697618775,0.05090473928804979,0.05090491197278255,0.05090508641803817,0.05090342476193102,0.05090367963318881,0.050899271499294185,0.05089897442885808,0.05089818264090543,0.050897870688231095,0.05089597458960212,0.050896151004194194,0.05082029376410309,0.0508195872618577,0.04570378503294751,0.04537761794738869
0.0509087917513353,0.05090854706682929,0.05090746803347993,0.05090717166164094,0.05090721622072528,0.05090749636905494,0.050905893893985976,0.05090620136419062,0.05090620163775322,0.05090595626230429,0.05090483782926456,0.0509045801077875,0.05090475219100194,0.05090492665891451,0.05090326478704539,0.05090351969141958,0.0508992081732006,0.05089891106297853,0.050898109776726055,0.0508977977823406,0.05089606061877818,0.05089623705515137,0.050862826415733545,0.050862646405636515,0.0470545859890805,0.046787980932705864
0.0509088640504551,0.05090861938035864,0.05090754041052114,0.05090724405614245,0.0509072880810871,0.05090756821303356,0.05090596583165071,0.05090627328386766,0.05090627302552324,0.050906027664323096,0.05090490929619783,0.05090465158969231,0.05090482313045377,0.05090499758830702,0.0509033358122325,0.050903590701903624,0.050899361140724096,0.0508990640466225,0.05089825517779704,0.050897943200414374,0.05089633045652733,0.05089650688197311,0.050881602284574674,0.05088165213420413,0.04821821682440086,0.04801491750647266
0.050908500939553285,0.050908256197083834,0.05090717690825497,0.05090688046618101,0.05090692295200493,0.05090720316719931,0.0509056003097686,0.05090590785338668,0.050905906041211105,0.05090566060675905,0.050904541904912795,0.05090428412143947,0.05090445415752213,0.050904628667698466,0.05090296639335236,0.05090322135950118,0.05089906837896669,0.050898771194511944,0.05089795517032669,0.05089764309809279,0.050896136198483904,0.05089631267672863,0.05088931256551251,0.050889460801812336,0.04914301271068303,0.04900005437776899,0.0051739586925704925
0.05090853414228948,0.050908289406438094,0.05090721014677893,0.05090691371272422,0.05090695580290705,0.05090723601061124,0.05090563319601289,0.05090594073140711,0.05090593852449004,0.05090569309652213,0.05090457442421619,0.05090431664755591,0.05090448628391669,0.05090466078953707,0.05090299855857736,0.050903253518066995,0.05089917552190159,0.05089887834429277,0.05089805598391576,0.050897743918932196,0.050896331766794846,0.05089650824015751,0.05089282093289859,0.050893010481646066,0.04981284446647242,0.049719943740253354,0.00557924216855126
0.050908534771060804,0.05090829003533472,0.05090721077622794,0.050906914342325034,0.05090695612084337,0.050907236328475075,0.05090563351429109,0.05090594104960578,0.05090593853078849,0.050905693102821815,0.05090457443052151,0.05090431665386252,0.05090448597795289,0.05090466048361669,0.05090299825224366,0.05090325321179666,0.05089925831867573,0.050898961140005236,0.05089813207366253,0.0508978200076267,0.05089650340515046,0.050896679878430995,0.050894354552133474,0.0508945612317977,0.05026354119601585,0.05020759119083368,0.006061629147827293
0.05090859714209285,0.050908352418798646,0.05090727321448643,0.05090697679564735,0.050907018328391895,0.05090729852184002,0.050905695788763874,0.05090600330850586,0.0509060005460179,0.05090575513043018,0.0509046365145261,0.0509043787508741,0.05090454782238849,0.050904722319281934,0.05090306017142843,0.0509033151181624,0.050899390588614486,0.050899093424054645,0.05089825879086927,0.05089794673970859,0.05089670891075296,0.050896885375053,0.0508951045676337,0.050895318191661085,0.05054003110767335,0.05050801487902801,0.006595465722276179
0.05090822936539791,0.05090798456879505,0.05090690504136751,0.050906608533699424,0.05090664861027958,0.05090692888802846,0.050905325672883646,0.0509056332851828,0.05090562905170877,0.05090538356196307,0.05090426460821016,0.05090400676663829,0.05090417441704111,0.050904348966890445,0.050902686314739605,0.05090294133887622,0.050899066293036505,0.05089876903735604,0.05089793003270228,0.05089761788585889,0.050896436081570365,0.050896612599719754,0.050895043258266444,0.05089525972923889,0.05069917896547167,0.05068140361513647,0.007155550715203398,0.005823897455720645
0.05090811219458647,0.05090786737462637,0.05090678774424962,0.05090649120827923,0.0509065307757082,0.0509068110803269,0.05090520771152888,0.05090551535332946,0.050905510605943255,0.0509052650925517,0.05090414603107277,0.05090388816465546,0.05090405531699497,0.05090422988373607,0.05090256707072504,0.0509028221195514,0.050898977329793094,0.050898680044880434,0.05089783841223282,0.050897526234704414,0.05089638000813216,0.05089655654337979,0.05089506784431196,0.05089528543609349,0.05078759888777044,0.05077785705203066,0.008170549348425187,0.0069694692881762665
0.05090816412580365,0.050907919316195795,0.05090683973144748,0.050906543208021106,0.05090658227187097,0.050906862564746906,0.0509052592630992,0.05090556689200695,0.05090556164254236,0.0509053161393396,0.050904197124278704,0.050903939268567074,0.05090410591113948,0.05090428047070486,0.050902617726028436,0.05090287276436638,0.05089904660500817,0.05089874933199174,0.05089790614060567,0.050897593975588226,0.05089647004886566,0.050896646576895625,0.050895187782614926,0.050895405798354554,0.05083595004419908,0.05083062676407214,0.009212935840511024,0.008118244017184141
0.020257563995195495,0.02025753445733309,0.020257406377600325,0.020257370639541795,0.020257389694410665,0.02025742347716818,0.020257232449503275,0.02025726948740209,0.020257280250437885,0.020257250691719606,0.020257118145159306,0.02025708713386065,0.0202571156177417,0.020257136613480303,0.0202569388508946,0.02025696949032832,0.020255376645574145,0.020255340923284824,0.020255274334983357,0.020255236861971337,0.020254762359159992,0.0202547835548529,0.020254670367548806,0.02025469649985048,0.02024147587418809,0.020240372220363557,0.004108811564177416,0.0037097106309809933
0.02025757021574653,0.020257540677880496,0.020257413159715673,0.020257377421652366,0.020257395911915953,0.020257429694677618,0.020257238271290393,0.020257275309193478,0.020257286464905423,0.02025725690618352,0.02025712567231896,0.020257094661015707,0.02025712182916472,0.020257142824905903,0.020256943671817147,0.02025697431125379,0.020255391284693242,0.020255355562368224,0.02025529245379004,0.02025525498073947,0.020254777558898988,0.020254798754629565,0.02025468439228563,0.020254710525817343,0.020242597117443042,0.020241640849814908,0.0041560875266086,0.0037613318154782636
0.020257570412542183,0.020257540874676027,0.020257412794927036,0.02025737705686398,0.020257396108632225,0.020257429891394015,0.020257238863704948,0.02025727590160845,0.02025728666154256,0.020257257102820538,0.020257124556243462,0.020257093544940895,0.02025712202572253,0.020257143021463787,0.020256945258853055,0.020256975898290654,0.02025539148115619,0.020255355758831018,0.020255288817030745,0.02025525134398286,0.020254777755278272,0.02025479895100892,0.020254685109573428,0.02025471124310552,0.02024259731362623,0.020241641045988943,0.004157301376966999,0.003762754114491395
0.020257570454037394,0.02025754091617122,0.020257413398005804,0.020257377659942333,0.020257396150126693,0.02025742993288851,0.020257238509500404,0.02025727554740365,0.020257286703036333,0.020257257144314283,0.020257125910449113,0.020257094899145706,0.020257122067215545,0.020257143062956815,0.020256943909867136,0.02025697454930392,0.020255391522645178,0.020255355800319973,0.020255292691741842,0.020255255218691086,0.0202547777967656,0.020254798992496267,0.020254684630152398,0.020254710763684233,0.02024259735508814,0.020241641087448917,0.004157304856368203,0.0037627714745742057
0.020257570457461654,0.02025754091959548,0.020257412839846382,0.020257377101783297,0.020257396153550912,0.02025742993631273,0.020257238908623482,0.02025727594652703,0.020257286706460514,0.02025725714773847,0.020257124601161285,0.020257093589858683,0.020257122070639687,0.02025714306638098,0.020256945303770077,0.02025697594320769,0.020255391526069012,0.020255355803743817,0.020255288861943554,0.020255251388895636,0.020254777800189333,0.020254798995919997,0.020254685154484524,0.020254711288016626,0.020242597358509803,0.02024164109087043,0.0041573049869937685,0.003762771592803262
0.020257570457468538,0.02025754091960237,0.020257413401436938,0.02025737766337346,0.020257396153557813,0.020257429936319637,0.020257238512931507,0.02025727555083475,0.02025728670646743,0.020257257147745393,0.020257125913880205,0.020257094902576794,0.02025712207064661,0.020257143066387897,0.020256943913298204,0.020256974552734987,0.02025539152607593,0.02025535580375072,0.020255292695172594,0.020255255222121835,0.020254777800196234,0.020254798995926904,0.020254684633583025,0.020254710767114867,0.0202425973585167,0.02024164109087732,0.004157304857072335,0.003762771475211513
0.020257570457461654,0.02025754091959548,0.020257412839846382,0.020257377101783297,0.020257396153550912,0.02025742993631273,0.020257238908623482,0.02025727594652703,0.020257286706460514,0.02025725714773847,0.020257124601161285,0.020257093589858683,0.020257122070639687,0.02025714306638098,0.020256945303770077,0.02025697594320769,0.02025539152606902,0.020255355803743817,0.020255288861943554,0.020255251388895636,0.020254777800189333,0.020254798995919997,0.020254685154484524,0.020254711288016626,0.020242597358509803,0.02024164109087043,0.0041573049869937685,0.003762771592803262
0.020257570457468538,0.02025754091960237,0.020257413401436938,0.02025737766337346,0.020257396153557813,0.020257429936319637,0.020257238512931507,0.02025727555083475,0.02025728670646743,0.020257257147745393,0.020257125913880205,0.020257094902576794,0.02025712207064661,0.020257143066387897,0.020256943913298204,0.020256974552734987,0.02025539152607593,0.02025535580375072,0.020255292695172594,0.020255255222121835,0.020254777800196234,0.020254798995926904,0.020254684633583025,0.020254710767114867,0.0202425973585167,0.02024164109087732,0.004157304857072335,0.003762771475211513
