input parameters: {'a1': 3, 'a2': 1.6, 'a3': 1.7, 'alpha': 0.2, 'alpha2': 1.5, 'anc': 5.35, 'arn': 1.8351, 'beta': 5, 'bnc': 0.44, 'brn': -1.5075, 'c': 38.6, 'Chl/N': 3.7, 'cs': 0.00035, 'd': 0.04, 'D0': 1.67, 'DMcrit': 1.55, 'Eac': 59430, 'Eaj': 37000, 'Eao': 36000, 'Eard': 53000, 'Eav': 58520, 'Edj': 220000, 'Edv': 220000, 'FRN': 0.28, 'fwr': 0.09308, 'g0': 0.0, 'gamma0': 2.8e-05, 'gamma1': 0.0509, 'gamma2': 0.001, 'JmaxrefChl1': 2.78, 'JmaxrefChl2': 18.45, 'Kc_ref': 0.000302, 'Ko_ref': 0.256, 'Mh2o': 18, 'Ncmin': 4.4, 'oi': 0.21, 'Patm': 101, 'pi_g0': -1000, 'p_lcrit': -0.869, 'R': 8.3143, 'Rd_ref': 3.2e-07, 'rho_h2o': 1, 'rho_p': 0.35, 'S': 700, 'sh': 0.00037650000000000004, 'Tref': 293.2, 'theta': 0.9, 'VcmaxrefChl1': 0.64, 'VcmaxrefChl2': 4.165}11426, 0.00011426,
       0.00011426, 0.00011426, 0.00011426, 0.00011426, 0.00011426,
       0.00011426, 0.00011426, 0.00011426, 0.00011426, 0.00011426,
       0.00011426]), Ko 0.25535599968418027, Kc 0.0003007468573461234, Γ* 2.7928809999999983e-05, Jrefmax array([0.00019549, 0.00019549, 0.00019549, 0.00019549, 0.00019549,
       0.00019549, 0.00019549, 0.00019549, 0.00019549, 0.00019549,
       0.00019549, 0.00019549, 0.00019549, 0.00019549, 0.00019549,
       0.00019549, 0.00019549, 0.00019549, 0.00019549, 0.00019549,
       0.00019549]), Jmax array([0.00019454, 0.00019454, 0.00019454, 0.00019454, 0.00019454,
       0.00019454, 0.00019454, 0.00019454, 0.00019454, 0.00019454,
       0.00019454, 0.00019454, 0.00019454, 0.00019454, 0.00019454,
       0.00019454, 0.00019454, 0.00019454, 0.00019454, 0.00019454,
       0.00019454]), J array([0.00014183, 0.00014183, 0.00014183, 0.00014183, 0.00014183,
       0.00014183, 0.00014183, 0.00014183, 0.00014183, 0.00014183,
       0.00014183, 0.00014183, 0.00014183, 0.00014183, 0.00014183,
       0.00014183, 0.00014183, 0.00014183, 0.00014183, 0.00014183,
       0.00014183])************************************************************************************************************************
Loop n°1
An (mol CO2 m-2 s-1) matrix: 
array([3.8505802e-05, 3.8505802e-05, 3.8505802e-05, 3.8505802e-05,
       3.8505802e-05, 3.8505802e-05, 3.8505802e-05, 3.8505802e-05,
       3.8505802e-05, 3.8505802e-05, 3.8505802e-05, 3.8505802e-05,
       3.8505802e-05, 3.8505802e-05, 3.8505802e-05, 3.8505802e-05,
       3.8505802e-05, 3.8505802e-05, 3.8505802e-05, 3.8505802e-05,
       3.8505802e-05])
Rd (mol CO2 m-2 s-1) matrix: 
3.188155647758479e-07
Vc (mol CO2 m-2 s-1) matrix: 
array([4.0976482e-05, 4.0976482e-05, 4.0976482e-05, 4.0976482e-05,
       4.0976482e-05, 4.0976482e-05, 4.0976482e-05, 4.0976482e-05,
       4.0976482e-05, 4.0976482e-05, 4.0976482e-05, 4.0976482e-05,
       4.0976482e-05, 4.0976482e-05, 4.0976482e-05, 4.0976482e-05,
       4.0976482e-05, 4.0976482e-05, 4.0976482e-05, 4.0976482e-05,
       4.0976482e-05])
Vj (mol CO2 m-2 s-1) matrix: 
array([3.88246176e-05, 3.88246176e-05, 3.88246176e-05, 3.88246176e-05,
       3.88246176e-05, 3.88246176e-05, 3.88246176e-05, 3.88246176e-05,
       3.88246176e-05, 3.88246176e-05, 3.88246176e-05, 3.88246176e-05,
       3.88246176e-05, 3.88246176e-05, 3.88246176e-05, 3.88246176e-05,
       3.88246176e-05, 3.88246176e-05, 3.88246176e-05, 3.88246176e-05,
       3.88246176e-05])
gco2 (mol CO2 m-2 s-1) matrix: 
array([0.35117876, 0.35117876, 0.35117876, 0.35117876, 0.35117876,
       0.35117876, 0.35117876, 0.35117876, 0.35117876, 0.35117876,
       0.35117876, 0.35117876, 0.35117876, 0.35117876, 0.35117876,
       0.35117876, 0.35117876, 0.35117876, 0.35117876, 0.35117876,
       0.35117876])
ci (mol mol-1) matrix: 
array([0.0002678, 0.0002678, 0.0002678, 0.0002678, 0.0002678, 0.0002678,
       0.0002678, 0.0002678, 0.0002678, 0.0002678, 0.0002678, 0.0002678,
       0.0002678, 0.0002678, 0.0002678, 0.0002678, 0.0002678, 0.0002678,
       0.0002678, 0.0002678, 0.0002678])
ci/cs (-) matrix: 
[0.7651492081304427, 0.7651492081304427, 0.7651492081304427, 0.7651492081304427, 0.7651492081304427, 0.7651492081304427, 0.7651492081304427, 0.7651492081304427, 0.7651492081304427, 0.7651492081304427, 0.7651492081304427, 0.7651492081304427, 0.7651492081304427, 0.7651492081304427, 0.7651492081304427, 0.7651492081304427, 0.7651492081304427, 0.7651492081304427, 0.7651492081304427, 0.7651492081304427, 0.7651492081304427]
p_l (cm) matrix: 
array([-817864.72825768, -819439.77108069, -823544.3990203 ,
       -825053.99065334, -828846.41795592, -830294.91036983,
       -833786.08947959, -835177.65828072, -838377.67208115,
       -839716.32856436, -842634.41948275, -843924.02221012,
       -846568.61889607, -847812.88483476, -850191.62648964,
       -851394.14174098, -853513.90016877, -854678.13031966,
       -856545.02976251, -857674.32988891, -859293.76470497,
       -860391.38905642, -861768.0392908 , -862837.15068389,
       -863974.99557768, -865018.67452561, -865921.00400213,
       -866942.2576067 , -867611.68176789, -868613.45239955,
       -869051.90906013, -870037.08285123, -870245.84313226,
       -871217.25830794, -871196.93030591, -872157.3853767 ,
       -871907.91591884, -872860.17775866, -872380.85224946,
       -873327.66408224, -872617.10444073, -873561.19375883])
fw (-) matrix0.966213139700882

p_g (cm) matrix: 
array([-453.29185498, -453.29185498, -453.29185498, -453.29185498,
       -453.29185498, -453.29185498, -453.29185498, -453.29185498,
       -453.29185498, -453.29185498, -453.29185498, -453.29185498,
       -453.29185498, -453.29185498, -453.29185498, -453.29185498,
       -453.29185498, -453.29185498, -453.29185498, -453.29185498,
       -453.29185498])

Jw (cm3 cm-2 d-1) matrix: 
array([1.01120719, 1.01120719, 1.01120719, 1.01120719, 1.01120719,
       1.01120719, 1.01120719, 1.01120719, 1.01120719, 1.01120719,
       1.01120719, 1.01120719, 1.01120719, 1.01120719, 1.01120719,
       1.01120719, 1.01120719, 1.01120719, 1.01120719, 1.01120719,
       1.01120719])
************************************************************************************************************************
Loop n°2
An (mol CO2 m-2 s-1) matrix: 
array([3.32744855e-05, 3.32744855e-05, 3.32744855e-05, 3.32744855e-05,
       3.32744855e-05, 3.32744855e-05, 3.32744855e-05, 3.32744855e-05,
       3.32744855e-05, 3.32744855e-05, 3.32744855e-05, 3.32744855e-05,
       3.32744855e-05, 3.32744855e-05, 3.32744855e-05, 3.32744855e-05,
       3.32744855e-05, 3.32744855e-05, 3.32744855e-05, 3.32744855e-05,
       3.32744855e-05])
Rd (mol CO2 m-2 s-1) matrix: 
3.188155647758479e-07
Vc (mol CO2 m-2 s-1) matrix: 
array([3.35933011e-05, 3.35933011e-05, 3.35933011e-05, 3.35933011e-05,
       3.35933011e-05, 3.35933011e-05, 3.35933011e-05, 3.35933011e-05,
       3.35933011e-05, 3.35933011e-05, 3.35933011e-05, 3.35933011e-05,
       3.35933011e-05, 3.35933011e-05, 3.35933011e-05, 3.35933011e-05,
       3.35933011e-05, 3.35933011e-05, 3.35933011e-05, 3.35933011e-05,
       3.35933011e-05])
Vj (mol CO2 m-2 s-1) matrix: 
array([4.01303237e-05, 4.01303237e-05, 4.01303237e-05, 4.01303237e-05,
       4.01303237e-05, 4.01303237e-05, 4.01303237e-05, 4.01303237e-05,
       4.01303237e-05, 4.01303237e-05, 4.01303237e-05, 4.01303237e-05,
       4.01303237e-05, 4.01303237e-05, 4.01303237e-05, 4.01303237e-05,
       4.01303237e-05, 4.01303237e-05, 4.01303237e-05, 4.01303237e-05,
       4.01303237e-05])
gco2 (mol CO2 m-2 s-1) matrix: 
array([0.03937096, 0.03937096, 0.03937096, 0.03937096, 0.03937096,
       0.03937096, 0.03937096, 0.03937096, 0.03937096, 0.03937096,
       0.03937096, 0.03937096, 0.03937096, 0.03937096, 0.03937096,
       0.03937096, 0.03937096, 0.03937096, 0.03937096, 0.03937096,
       0.03937096])
ci (mol mol-1) matrix: 
array([9.94922812e-05, 9.94922812e-05, 9.94922812e-05, 9.94922812e-05,
       9.94922812e-05, 9.94922812e-05, 9.94922812e-05, 9.94922812e-05,
       9.94922812e-05, 9.94922812e-05, 9.94922812e-05, 9.94922812e-05,
       9.94922812e-05, 9.94922812e-05, 9.94922812e-05, 9.94922812e-05,
       9.94922812e-05, 9.94922812e-05, 9.94922812e-05, 9.94922812e-05,
       9.94922812e-05])
ci/cs (-) matrix: 
[0.2842636606187055, 0.2842636606187055, 0.2842636606187055, 0.2842636606187055, 0.2842636606187055, 0.2842636606187055, 0.2842636606187055, 0.2842636606187055, 0.2842636606187055, 0.2842636606187055, 0.2842636606187055, 0.2842636606187055, 0.2842636606187055, 0.2842636606187055, 0.2842636606187055, 0.2842636606187055, 0.2842636606187055, 0.2842636606187055, 0.2842636606187055, 0.2842636606187055, 0.2842636606187055]
p_l (cm) matrix: 
array([-817864.72825768, -819439.77108069, -823544.3990203 ,
       -825053.99065334, -828846.41795592, -830294.91036983,
       -833786.08947959, -835177.65828072, -838377.67208115,
       -839716.32856436, -842634.41948275, -843924.02221012,
       -846568.61889607, -847812.88483476, -850191.62648964,
       -851394.14174098, -853513.90016877, -854678.13031966,
       -856545.02976251, -857674.32988891, -859293.76470497,
       -860391.38905642, -861768.0392908 , -862837.15068389,
       -863974.99557768, -865018.67452561, -865921.00400213,
       -866942.2576067 , -867611.68176789, -868613.45239955,
       -869051.90906013, -870037.08285123, -870245.84313226,
       -871217.25830794, -871196.93030591, -872157.3853767 ,
       -871907.91591884, -872860.17775866, -872380.85224946,
       -873327.66408224, -872617.10444073, -873561.19375883])
fw (-) matrixarray([0.09308, 0.09308, 0.09308, 0.09308, 0.09308, 0.09308, 0.09308,
       0.09308, 0.09308, 0.09308, 0.09308, 0.09308, 0.09308, 0.09308,
       0.09308, 0.09308, 0.09308, 0.09308, 0.09308, 0.09308, 0.09308])

p_g (cm) matrix: 
array([-818655.29562974, -824302.11278332, -829573.46307749,
       -834484.56230475, -839049.58639423, -843281.71232975,
       -847193.15618456, -850795.20838241, -854098.26628695,
       -857111.86421326, -859844.70094829, -862304.66485964,
       -864498.85666505, -866433.60992839, -868114.50934137,
       -869546.40684353, -870733.43562727, -871679.02206822,
       -872385.89561536, -872856.09666952, -873090.98247299])

Jw (cm3 cm-2 d-1) matrix: 
array([0.01216027, 0.0116492 , 0.011174  , 0.01073289, 0.01032427,
       0.00994665, 0.00959867, 0.00927908, 0.00898675, 0.00872065,
       0.00847983, 0.00826347, 0.00807081, 0.00790118, 0.007754  ,
       0.00762876, 0.00752504, 0.00744248, 0.0073808 , 0.00733979,
       0.0073193 ])
************************************************************************************************************************
Loop n°3
An (mol CO2 m-2 s-1) matrix: 
array([1.2308232e-05, 1.2308232e-05, 1.2308232e-05, 1.2308232e-05,
       1.2308232e-05, 1.2308232e-05, 1.2308232e-05, 1.2308232e-05,
       1.2308232e-05, 1.2308232e-05, 1.2308232e-05, 1.2308232e-05,
       1.2308232e-05, 1.2308232e-05, 1.2308232e-05, 1.2308232e-05,
       1.2308232e-05, 1.2308232e-05, 1.2308232e-05, 1.2308232e-05,
       1.2308232e-05])
Rd (mol CO2 m-2 s-1) matrix: 
3.188155647758479e-07
Vc (mol CO2 m-2 s-1) matrix: 
array([1.26270475e-05, 1.26270475e-05, 1.26270475e-05, 1.26270475e-05,
       1.26270475e-05, 1.26270475e-05, 1.26270475e-05, 1.26270475e-05,
       1.26270475e-05, 1.26270475e-05, 1.26270475e-05, 1.26270475e-05,
       1.26270475e-05, 1.26270475e-05, 1.26270475e-05, 1.26270475e-05,
       1.26270475e-05, 1.26270475e-05, 1.26270475e-05, 1.26270475e-05,
       1.26270475e-05])
Vj (mol CO2 m-2 s-1) matrix: 
array([5.81530772e-05, 5.81530772e-05, 5.81530772e-05, 5.81530772e-05,
       5.81530772e-05, 5.81530772e-05, 5.81530772e-05, 5.81530772e-05,
       5.81530772e-05, 5.81530772e-05, 5.81530772e-05, 5.81530772e-05,
       5.81530772e-05, 5.81530772e-05, 5.81530772e-05, 5.81530772e-05,
       5.81530772e-05, 5.81530772e-05, 5.81530772e-05, 5.81530772e-05,
       5.81530772e-05])
gco2 (mol CO2 m-2 s-1) matrix: 
array([0.05040582, 0.05040582, 0.05040582, 0.05040582, 0.05040582,
       0.05040582, 0.05040582, 0.05040582, 0.05040582, 0.05040582,
       0.05040582, 0.05040582, 0.05040582, 0.05040582, 0.05040582,
       0.05040582, 0.05040582, 0.05040582, 0.05040582, 0.05040582,
       0.05040582])
ci (mol mol-1) matrix: 
array([9.94922812e-05, 9.94922812e-05, 9.94922812e-05, 9.94922812e-05,
       9.94922812e-05, 9.94922812e-05, 9.94922812e-05, 9.94922812e-05,
       9.94922812e-05, 9.94922812e-05, 9.94922812e-05, 9.94922812e-05,
       9.94922812e-05, 9.94922812e-05, 9.94922812e-05, 9.94922812e-05,
       9.94922812e-05, 9.94922812e-05, 9.94922812e-05, 9.94922812e-05,
       9.94922812e-05])
ci/cs (-) matrix: 
[0.2842636606187055, 0.2842636606187055, 0.2842636606187055, 0.2842636606187055, 0.2842636606187055, 0.2842636606187055, 0.2842636606187055, 0.2842636606187055, 0.2842636606187055, 0.2842636606187055, 0.2842636606187055, 0.2842636606187055, 0.2842636606187055, 0.2842636606187055, 0.2842636606187055, 0.2842636606187055, 0.2842636606187055, 0.2842636606187055, 0.2842636606187055, 0.2842636606187055, 0.2842636606187055]
p_l (cm) matrix: 
array([-817864.72825768, -819439.77108069, -823544.3990203 ,
       -825053.99065334, -828846.41795592, -830294.91036983,
       -833786.08947959, -835177.65828072, -838377.67208115,
       -839716.32856436, -842634.41948275, -843924.02221012,
       -846568.61889607, -847812.88483476, -850191.62648964,
       -851394.14174098, -853513.90016877, -854678.13031966,
       -856545.02976251, -857674.32988891, -859293.76470497,
       -860391.38905642, -861768.0392908 , -862837.15068389,
       -863974.99557768, -865018.67452561, -865921.00400213,
       -866942.2576067 , -867611.68176789, -868613.45239955,
       -869051.90906013, -870037.08285123, -870245.84313226,
       -871217.25830794, -871196.93030591, -872157.3853767 ,
       -871907.91591884, -872860.17775866, -872380.85224946,
       -873327.66408224, -872617.10444073, -873561.19375883])
fw (-) matrixarray([0.09308, 0.09308, 0.09308, 0.09308, 0.09308, 0.09308, 0.09308,
       0.09308, 0.09308, 0.09308, 0.09308, 0.09308, 0.09308, 0.09308,
       0.09308, 0.09308, 0.09308, 0.09308, 0.09308, 0.09308, 0.09308])

p_g (cm) matrix: 
array([-818656.14934884, -824302.93062276, -829574.24755479,
       -834485.315814  , -839050.31121604, -843282.41064048,
       -847193.83006498, -850795.85982592, -854098.89720721,
       -857112.47645146, -859845.29628007, -862305.24500161,
       -864499.42328105, -866434.16463549, -868115.05371561,
       -869546.94242547, -870733.96392737, -871679.54457208,
       -872386.41378881, -872856.61196369, -873091.49632919])

Jw (cm3 cm-2 d-1) matrix: 
array([0.01556854, 0.01491423, 0.01430584, 0.0137411 , 0.01321795,
       0.01273449, 0.01228898, 0.01187981, 0.01150555, 0.01116486,
       0.01085655, 0.01057955, 0.01033289, 0.01011571, 0.00992728,
       0.00976695, 0.00963415, 0.00952845, 0.00944948, 0.00939698,
       0.00937075])
************************************************************************************************************************
Loop n°4
An (mol CO2 m-2 s-1) matrix: 
array([1.2308232e-05, 1.2308232e-05, 1.2308232e-05, 1.2308232e-05,
       1.2308232e-05, 1.2308232e-05, 1.2308232e-05, 1.2308232e-05,
       1.2308232e-05, 1.2308232e-05, 1.2308232e-05, 1.2308232e-05,
       1.2308232e-05, 1.2308232e-05, 1.2308232e-05, 1.2308232e-05,
       1.2308232e-05, 1.2308232e-05, 1.2308232e-05, 1.2308232e-05,
       1.2308232e-05])
Rd (mol CO2 m-2 s-1) matrix: 
3.188155647758479e-07
Vc (mol CO2 m-2 s-1) matrix: 
array([1.26270475e-05, 1.26270475e-05, 1.26270475e-05, 1.26270475e-05,
       1.26270475e-05, 1.26270475e-05, 1.26270475e-05, 1.26270475e-05,
       1.26270475e-05, 1.26270475e-05, 1.26270475e-05, 1.26270475e-05,
       1.26270475e-05, 1.26270475e-05, 1.26270475e-05, 1.26270475e-05,
       1.26270475e-05, 1.26270475e-05, 1.26270475e-05, 1.26270475e-05,
       1.26270475e-05])
Vj (mol CO2 m-2 s-1) matrix: 
array([5.81530772e-05, 5.81530772e-05, 5.81530772e-05, 5.81530772e-05,
       5.81530772e-05, 5.81530772e-05, 5.81530772e-05, 5.81530772e-05,
       5.81530772e-05, 5.81530772e-05, 5.81530772e-05, 5.81530772e-05,
       5.81530772e-05, 5.81530772e-05, 5.81530772e-05, 5.81530772e-05,
       5.81530772e-05, 5.81530772e-05, 5.81530772e-05, 5.81530772e-05,
       5.81530772e-05])
gco2 (mol CO2 m-2 s-1) matrix: 
array([0.05040582, 0.05040582, 0.05040582, 0.05040582, 0.05040582,
       0.05040582, 0.05040582, 0.05040582, 0.05040582, 0.05040582,
       0.05040582, 0.05040582, 0.05040582, 0.05040582, 0.05040582,
       0.05040582, 0.05040582, 0.05040582, 0.05040582, 0.05040582,
       0.05040582])
ci (mol mol-1) matrix: 
array([9.94922812e-05, 9.94922812e-05, 9.94922812e-05, 9.94922812e-05,
       9.94922812e-05, 9.94922812e-05, 9.94922812e-05, 9.94922812e-05,
       9.94922812e-05, 9.94922812e-05, 9.94922812e-05, 9.94922812e-05,
       9.94922812e-05, 9.94922812e-05, 9.94922812e-05, 9.94922812e-05,
       9.94922812e-05, 9.94922812e-05, 9.94922812e-05, 9.94922812e-05,
       9.94922812e-05])
ci/cs (-) matrix: 
[0.2842636606187055, 0.2842636606187055, 0.2842636606187055, 0.2842636606187055, 0.2842636606187055, 0.2842636606187055, 0.2842636606187055, 0.2842636606187055, 0.2842636606187055, 0.2842636606187055, 0.2842636606187055, 0.2842636606187055, 0.2842636606187055, 0.2842636606187055, 0.2842636606187055, 0.2842636606187055, 0.2842636606187055, 0.2842636606187055, 0.2842636606187055, 0.2842636606187055, 0.2842636606187055]
p_l (cm) matrix: 
array([-817864.72825768, -819439.77108069, -823544.3990203 ,
       -825053.99065334, -828846.41795592, -830294.91036983,
       -833786.08947959, -835177.65828072, -838377.67208115,
       -839716.32856436, -842634.41948275, -843924.02221012,
       -846568.61889607, -847812.88483476, -850191.62648964,
       -851394.14174098, -853513.90016877, -854678.13031966,
       -856545.02976251, -857674.32988891, -859293.76470497,
       -860391.38905642, -861768.0392908 , -862837.15068389,
       -863974.99557768, -865018.67452561, -865921.00400213,
       -866942.2576067 , -867611.68176789, -868613.45239955,
       -869051.90906013, -870037.08285123, -870245.84313226,
       -871217.25830794, -871196.93030591, -872157.3853767 ,
       -871907.91591884, -872860.17775866, -872380.85224946,
       -873327.66408224, -872617.10444073, -873561.19375883])
fw (-) matrixarray([0.09308, 0.09308, 0.09308, 0.09308, 0.09308, 0.09308, 0.09308,
       0.09308, 0.09308, 0.09308, 0.09308, 0.09308, 0.09308, 0.09308,
       0.09308, 0.09308, 0.09308, 0.09308, 0.09308, 0.09308, 0.09308])

p_g (cm) matrix: 
array([-818656.14934884, -824302.93062276, -829574.24755479,
       -834485.315814  , -839050.31121604, -843282.41064048,
       -847193.83006498, -850795.85982592, -854098.89720721,
       -857112.47645146, -859845.29628007, -862305.24500161,
       -864499.42328105, -866434.16463549, -868115.05371561,
       -869546.94242547, -870733.96392737, -871679.54457208,
       -872386.41378881, -872856.61196369, -873091.49632919])

Jw (cm3 cm-2 d-1) matrix: 
array([0.01556854, 0.01491423, 0.01430584, 0.0137411 , 0.01321795,
       0.01273449, 0.01228898, 0.01187981, 0.01150555, 0.01116486,
       0.01085655, 0.01057955, 0.01033289, 0.01011571, 0.00992728,
       0.00976695, 0.00963415, 0.00952845, 0.00944948, 0.00939698,
       0.00937075])
leuning computation module stopped after 4 trials. Sum of absolute difference between leaf matric potential calculated at the last two trials: 0