0.2864280430725566,0.286425446718898,0.2864137271701171,0.28641058074150266,0.286410258668778,0.28641323308301153,0.2863958630153251,0.28639912917362037,0.286398864224939,0.2863962576317375,0.28638405617200546,0.28638131698960306,0.28638328737990615,0.28638514158975314,0.2863693039313545,0.2863720138596659,0.2863739160881631,0.2863709322644982,0.28636759824437585,0.2863647976832895,0.28637062130124996,0.28637093373141387
0.2864373378829612,0.2864347442007874,0.2864229873024449,0.28641984409385046,0.28641955866933266,0.28642253002765733,0.2864052126452383,0.2864084754356166,0.2864081628415823,0.2864055589224043,0.2863933699545524,0.28639063358194033,0.2863925888977024,0.2863944412081922,0.28637647472774796,0.28637918251950595,0.28638320486220764,0.2863801850391706,0.2863765147843388,0.2863736720674244,0.2863799141581281,0.28638023077600266
0.2864364443807303,0.28643385044174263,0.2864220923817016,0.2864189488619096,0.2864186368095555,0.28642160847080383,0.2864042893254324,0.2864075524484165,0.28640721318584783,0.2864046089935688,0.2863924187499039,0.2863896820903249,0.2863916109249821,0.2863934634351773,0.2863753721032828,0.28637808022357636,0.28638218434779233,0.28637910227751817,0.28637432016663206,0.2863713649975973,0.2863788910641447,0.2863792166684748
0.2864356778028385,0.2864330836435195,0.2864213245868099,0.28641818080002757,0.2864178557623269,0.28642082768022636,0.2864035070411978,0.28640677044598145,0.28640641817595364,0.2864038137550472,0.2863916224433328,0.28638888554351843,0.28639080154396745,0.2863926542194403,0.28637468420376117,0.2863773925290178,0.2863813549102911,0.2863782468144006,0.2863732057055162,0.2863701934454837,0.2863780566829631,0.2863783880119993
0.2864347395253621,0.2864321450963619,0.28642038481975274,0.2864172407061808,0.2864169032583796,0.2864198754892689,0.2864025530287048,0.28640581677714677,0.2864054520744719,0.2864028473757378,0.2863906547661316,0.2863879175743834,0.28638982135863605,0.2863916742342641,0.2863737022798772,0.28637641089770244,0.28638035682342344,0.28637722997081555,0.2863711987727297,0.28636812652890226,0.2863770508458642,0.2863773884259688
0.2864317523947568,0.2864291571072026,0.2864173929469298,0.2864142477929927,0.28641389858476507,0.28641687180297026,0.28639954359644015,0.28640280842894145,0.28640243193041576,0.28639982636316946,0.2863876296962512,0.2863848915918949,0.2863867843047505,0.28638863780054236,0.2863706598392436,0.2863733693635662,0.2863773018733537,0.2863741615416122,0.2863672196517524,0.28636408693730986,0.28637398444529083,0.2863743291443613
0.2864337956864207,0.2864312009861429,0.2864194394824104,0.2864162950401141,0.2864159346360713,0.28641890718524526,0.2864015828723314,0.2864048469702462,0.2864044592748281,0.28640185429058956,0.28638966034723146,0.2863869228554836,0.2863888038512812,0.2863906569346848,0.286372682967783,0.2863753918893148,0.28637931028885905,0.286376162654377,0.28636835562158597,0.2863651651190737,0.2863759795608294,0.2863763325661917
0.28643647947554196,0.2864338855466417,0.28642217692006505,0.28641903342966984,0.2864186131770172,0.28642158484603125,0.28640423078713856,0.28640749393120996,0.2864071306520605,0.28640452643604625,0.28639245190712026,0.2863897152575443,0.28639146927569803,0.2863933218148185,0.2863752302008355,0.28637793836340936,0.28638196676355526,0.2863788152361624,0.2863693750192198,0.28636613295474767,0.2863777419276909,0.28637810567703026
0.28643753696996893,0.2864349433450179,0.28642323608757053,0.28642009296548837,0.28641966402578806,0.28642263534949236,0.28640528330427983,0.28640854606920485,0.2864081740887549,0.28640557017281165,0.2863934970323436,0.28639076069806946,0.2863925057593501,0.2863943580868171,0.28637626853695625,0.28637897639015036,0.2863829949143229,0.286379841041299,0.28636963904772195,0.28636635889478473,0.2863784807840006,0.2863788569679207
0.2864366802324089,0.2864340863612105,0.28642232860781575,0.28641918517016823,0.28641879890604194,0.2864217705140254,0.2864044516786437,0.28640771474314386,0.2864073011727761,0.28640469700579974,0.2863925068803399,0.28638977024734874,0.28639162462087275,0.2863934771282712,0.2863755087405631,0.2863782168201447,0.28638210582834966,0.28637895040401795,0.2863684026965079,0.2863651015950957,0.2863772384791465,0.28637762972219033
0.2864394520747463,0.2864368590002475,0.2864251542222907,0.28642201176722304,0.28642157073517727,0.2864245414323305,0.28640719304086915,0.2864104551178471,0.28641007102399896,0.2864074676535789,0.2863953970373074,0.28639266127624813,0.2863943937660447,0.2863962457079708,0.2863781599180476,0.286380867207687,0.28638487225648107,0.28638171727483563,0.2863715092753385,0.2863682001783725,0.2863796104252272,0.28638001835591276
0.2864462246226612,0.2864436334948223,0.2864319374855431,0.28642879738935595,0.2864283517293409,0.28643132019818,0.28641398480121066,0.2864172444315212,0.28641685568554753,0.2864142542663216,0.28640219267844674,0.28639945896762403,0.28640118523547503,0.28640303579051196,0.2863849635260595,0.2863876687884472,0.2863916658850547,0.2863885130600208,0.28637831167266825,0.2863750014272781,0.2863859888715459,0.2863864141816347
0.28644619233012864,0.28644360119300727,0.28643185580723224,0.2864287156826413,0.2864283145930401,0.2864312830740833,0.28641398243687094,0.28641724206803365,0.2864168137160827,0.28641421228478636,0.28640203493928684,0.2863993011808735,0.28640113839873566,0.2864029889633371,0.2863850393936233,0.2863877446334045,0.2863916141792203,0.28638846125241374,0.28637792065128254,0.28637460888919897,0.28638549298594185,0.28638593694192893
0.2864567272023565,0.2864541390934678,0.2864424074059887,0.2864392709509021,0.28643886452424633,0.2864418295382826,0.28642454907841475,0.2864278049028516,0.28642737127705237,0.28642477288214757,0.2864126097214689,0.28640987915361354,0.28641170848231634,0.28641355688828746,0.28639562822720466,0.2863983303116992,0.28640218961896163,0.2863990403124866,0.286388511845914,0.2863852033892963,0.28639554223295727,0.2863960084310801
0.28646301800456453,0.28646043170404617,0.28644870819681134,0.2864455739330443,0.28644516129844966,0.2864481242430858,0.28643085582678196,0.28643410937904457,0.2864336695789889,0.28643107299558745,0.2864189182975658,0.2864161896331893,0.2864180112218958,0.28641985834065253,0.2864019421476351,0.2864046423505987,0.2864084925137128,0.2864053453627579,0.28639482417757073,0.28639151782331573,0.2864016166931844,0.28640210853731024
0.28646436639232964,0.28646178047943127,0.28645010796084025,0.2864469741839007,0.2864465053516683,0.28644946785457825,0.2864321672482624,0.2864354203280401,0.28643500833063584,0.28643241213229165,0.28642037470216775,0.2864176464772405,0.28641934527376983,0.2864211921200663,0.2864031560248014,0.28640585586602474,0.2864098209411446,0.28640667423521515,0.2863964926903877,0.28639318688142235,0.28640192007764836,0.28640244030688033
0.28646590464165117,0.2864633191709554,0.2864515994174688,0.2864484661592508,0.28644803984751244,0.2864510018461035,0.28643373893563095,0.286436991449149,0.2864365379729721,0.286433942214594,0.2864217913707757,0.28641906357331154,0.2864208707533689,0.2864227172881057,0.28640480675196717,0.28640750610126353,0.28641134120577627,0.28640819501442893,0.28639767713881975,0.2863943717357929,0.2864027891125798,0.2864033368798467
0.08,0.08,0.08,0.08,0.08,0.08,0.08,0.08,0.08,0.08,0.08,0.08,0.08,0.08,0.08,0.08,0.08,0.08,0.08,0.08,0.08,0.08
0.08,0.08,0.08,0.08,0.08,0.08,0.08,0.08,0.08,0.08,0.08,0.08,0.08,0.08,0.08,0.08,0.08,0.08,0.08,0.08,0.08,0.08
0.08,0.08,0.08,0.08,0.08,0.08,0.08,0.08,0.08,0.08,0.08,0.08,0.08,0.08,0.08,0.08,0.08,0.08,0.08,0.08,0.08,0.08
0.08,0.08,0.08,0.08,0.08,0.08,0.08,0.08,0.08,0.08,0.08,0.08,0.08,0.08,0.08,0.08,0.08,0.08,0.08,0.08,0.08,0.08
0.08,0.08,0.08,0.08,0.08,0.08,0.08,0.08,0.08,0.08,0.08,0.08,0.08,0.08,0.08,0.08,0.08,0.08,0.08,0.08,0.08,0.08
0.08,0.08,0.08,0.08,0.08,0.08,0.08,0.08,0.08,0.08,0.08,0.08,0.08,0.08,0.08,0.08,0.08,0.08,0.08,0.08,0.08,0.08
0.08,0.08,0.08,0.08,0.08,0.08,0.08,0.08,0.08,0.08,0.08,0.08,0.08,0.08,0.08,0.08,0.08,0.08,0.08,0.08,0.08,0.08
0.08,0.08,0.08,0.08,0.08,0.08,0.08,0.08,0.08,0.08,0.08,0.08,0.08,0.08,0.08,0.08,0.08,0.08,0.08,0.08,0.08,0.08
0.28647473748752034,0.28647215455609276,0.2864604462891543,0.2864573161079332,0.28645688305146644,0.2864598421436085,0.2864425614274662,0.2864458107622516,0.28644538529935104,0.2864427920857768,0.28643065313037025,0.28642792800691774,0.2864297262958637,0.2864315710219146,0.2864136780049163,0.28641637471044157,0.28642019896243587,0.2864170558417569,0.286406548242029,0.28640324606238754,0.28641094627906405,0.286411522237596
0.2864741755592876,0.2864715924663135,0.2864598834686036,0.28645675309162555,0.2864563139058621,0.2864592731850669,0.2864419913780515,0.28644524091823015,0.28644480931630556,0.2864422159370541,0.28643007620766103,0.28642735091011967,0.28642914318904533,0.2864309880341948,0.2864130938635919,0.28641579074320495,0.28641960910853914,0.2864164657828177,0.28640595749921494,0.286402655104173,0.2864097469878447,0.2864103478781952
0.2864519401312418,0.28644935064629407,0.28643761273416324,0.28643447461161653,0.2864339777180694,0.2864369443380757,0.2864196197226605,0.28642287732297067,0.28642241228992243,0.2864198124687724,0.28640764264523033,0.2864049105787148,0.28640670109243416,0.286408550521035,0.28639061195468923,0.28639331553396963,0.2863971370783763,0.28639398594126775,0.2863834516055694,0.28638014100386555,0.286386676551682,0.28638730468003626,0.28644598218070805,0.28642967010779224,0.2864164484957762
0.28644721370298215,0.28644462285944444,0.2864328788017019,0.28642973903286517,0.28642922788722985,0.28643219606814657,0.2864148623502073,0.2864181216643823,0.28641764610586545,0.2864150449139605,0.28640286868680104,0.2864001351799333,0.28640192039318857,0.2864037707980954,0.28638582277519525,0.286388527781549,0.2863923450739466,0.2863891922695428,0.28637865238044036,0.28637534002721227,0.28638182628018205,0.2863824801731945,0.2864409729185478,0.2864248957505223,0.2864115834583697
0.28644210165667505,0.28643950934374657,0.2864277586391906,0.28642461708979816,0.28642409147501485,0.28642706134383406,0.286409717782829,0.2864129789503039,0.2864124927464954,0.2864098900725273,0.2863977069217744,0.2863949718575948,0.2863967518310622,0.28639860329145295,0.28638064504509103,0.2863833515942533,0.2863871647810736,0.2863840101756944,0.28637346428220595,0.28637015003704225,0.2863753416561319,0.28637602151063035,0.28643622146394626,0.2864196903855555,0.2864065918738491
0.2864110939901139,0.28640849276537933,0.28639670174845705,0.2863935494000604,0.2863929488108987,0.2863959289125764,0.28637852567859656,0.28638179808164677,0.28638126927104784,0.28637865761842624,0.2863664325234063,0.2863636880247062,0.2863654682583519,0.2863673261065498,0.28634930598794905,0.2863520218742126,0.28635584221235244,0.2863526767175322,0.2863420945238585,0.2863387688396617,0.2863435133358246,0.2863442201080627,0.28640488641934886,0.2863884800582191,0.2863752217193314,0.28640432298340107,0.2863885929150145,0.2863746118978826
0.28640197062846234,0.28639936678192174,0.2863875639054235,0.28638440838001955,0.28638377259847925,0.2863867557149211,0.28636936990306294,0.286372645603686,0.28637205925889997,0.286369444958152,0.28635720749237376,0.28635446021109673,0.2863562336078253,0.28635809334142714,0.2863400549609332,0.28634277360310345,0.28634658913246436,0.2863434204224178,0.28633282750543204,0.28632949844358446,0.286334173059038,0.2863349158446075,0.2863961394825242,0.28637920088683494,0.2863661823369049,0.2863954728484632,0.28637931399865835,0.2863654566834308
0.2863895792940472,0.2863869718867998,0.28637520254817517,0.2863720427252969,0.2863713203627953,0.28637430757005083,0.2863568629001809,0.2863601431050794,0.2863595681469494,0.28635695025489927,0.28634481244620696,0.28634206142640833,0.28634371219307436,0.2863455744829626,0.2863273877765992,0.286330110192115,0.286334045841627,0.28633087277336355,0.28632060625170686,0.28631727273573104,0.2863215381281232,0.286322317119962,0.28638347661116453,0.2863666820889743,0.28635360183259423,0.2863827071179674,0.28636679728780795,0.28635275204226507
0.28637367783147505,0.2863710658552484,0.28635927593633786,0.28635611057696947,0.28635534386174805,0.2863583363171732,0.2863408610429895,0.2863441470103193,0.28634354136403467,0.2863409188645326,0.2863287597371981,0.2863260038760792,0.28632764230881436,0.2863295078791459,0.286311289181229,0.2863140163918473,0.28631794365817387,0.28631476499561237,0.28630448041730666,0.2863011410246369,0.2863052816537056,0.2863061243355911,0.28636762987853015,0.2863506131155391,0.28633761528006807,0.28636674785995403,0.28635073176123527,0.28633663885384175
0.2863542557254089,0.2863516381691926,0.28633982311624334,0.2863366509952889,0.28633583909386606,0.2863388379558047,0.2863213253227075,0.28632461832431555,0.2863239813846403,0.28632135326253383,0.2863091681196566,0.28630640635053967,0.28630803287032947,0.2863099024432355,0.2862916447115916,0.28629437777286726,0.286298297949123,0.2862951124618707,0.2862848058557916,0.28628145929392906,0.2862854743512126,0.28628638200044565,0.286348261300161,0.28633101211718437,0.286318093991049,0.2863472646408227,0.28633113522654036,0.2863169889365044
0.2863421378895844,0.28633951685222414,0.28632768611921255,0.2863245097799624,0.28632365277201527,0.2863266556362872,0.28630911966411465,0.28631241706023747,0.286311748954442,0.28630911731639624,0.2862967988603909,0.28629403336158116,0.2862957635036269,0.28629763558065674,0.28627947764377365,0.2862822143283947,0.286285999880244,0.28628281012118656,0.28627214700345066,0.28626879582928016,0.28627302283567907,0.2862739955397656,0.2863362027028982,0.2863187317669227,0.28630590538508227,0.28633509066180324,0.28631885998258993,0.28630467153210126
0.2863251904741857,0.28632256456868216,0.2863107119083089,0.2863075296700604,0.2863066265774774,0.28630963503315476,0.28629210175550784,0.2862954052782179,0.2862946698662898,0.28629203331966396,0.28627980919731344,0.28627703857606646,0.28627863894608696,0.2862805145178624,0.28626219828473354,0.2862649401146922,0.286268841361404,0.28626564564275125,0.2862553060136124,0.2862519487038854,0.28625570256449573,0.28625674137737145,0.28631931202264166,0.2863016080516437,0.2862888684724709,0.28631808280532584,0.28630174199008834,0.2862875013549996
0.28630703839507365,0.2863044072759245,0.2862925311321403,0.28628934257623195,0.28628839245073096,0.2862914068938797,0.2862738387716734,0.28627714886852784,0.28627638077260104,0.2862737389701811,0.2862614905300072,0.2862587143861969,0.2862603021001138,0.28626218141364673,0.28624382869083415,0.2862465759902023,0.28625046908721485,0.28624726698806463,0.28623690676536306,0.2862335427530641,0.2862371647932022,0.28623827061899215,0.286301218142879,0.28628327307721146,0.2862706218185172,0.2862998675600513,0.2862834133003793,0.2862691183090937
0.2862911469385471,0.2862885112555049,0.28627661455509534,0.2862734204688701,0.28627242300659456,0.2862754426930429,0.2862578440572018,0.2862611599111108,0.2862603589112981,0.28625771250509013,0.2862454427639882,0.28624266178271573,0.2862442363648361,0.2862461189563599,0.28622773426668363,0.28623048635756093,0.28623437026853954,0.2862311625790048,0.28622078431304987,0.2862174144281781,0.28622090271541256,0.2862220755945125,0.2862853876034993,0.28626720277204043,0.28625464472683154,0.28628391351616,0.28626734963764683,0.28625300240942664
0.28627249727159115,0.28626985623306467,0.2862579354107353,0.28625473483498043,0.2862536890289517,0.28625671486576193,0.2862390804377821,0.2862424030446817,0.28624156826570335,0.2862389164606648,0.286226621740304,0.286223835086175,0.2862253966361792,0.28622728307129547,0.28620886089922437,0.28621161860835986,0.2862154941156228,0.2862122798719358,0.28620188045230666,0.28619850368244754,0.28620185539358556,0.28620309730537813,0.2862667982173398,0.28624836533215187,0.2862358978540539,0.2862651979674581,0.2862485192017239,0.28623411380822206
0.08,0.08,0.08,0.08,0.08,0.08,0.08,0.08,0.08,0.08,0.08,0.08,0.08,0.08,0.08,0.08,0.08,0.08,0.08,0.08,0.08,0.08,0.08,0.08,0.08,0.08,0.08,0.08
0.08,0.08,0.08,0.08,0.08,0.08,0.08,0.08,0.08,0.08,0.08,0.08,0.08,0.08,0.08,0.08,0.08,0.08,0.08,0.08,0.08,0.08,0.08,0.08,0.08,0.08,0.08,0.08
0.08,0.08,0.08,0.08,0.08,0.08,0.08,0.08,0.08,0.08,0.08,0.08,0.08,0.08,0.08,0.08,0.08,0.08,0.08,0.08,0.08,0.08,0.08,0.08,0.08,0.08,0.08,0.08
0.08,0.08,0.08,0.08,0.08,0.08,0.08,0.08,0.08,0.08,0.08,0.08,0.08,0.08,0.08,0.08,0.08,0.08,0.08,0.08,0.08,0.08,0.08,0.08,0.08,0.08,0.08,0.08
0.08,0.08,0.08,0.08,0.08,0.08,0.08,0.08,0.08,0.08,0.08,0.08,0.08,0.08,0.08,0.08,0.08,0.08,0.08,0.08,0.08,0.08,0.08,0.08,0.08,0.08,0.08,0.08
0.08,0.08,0.08,0.08,0.08,0.08,0.08,0.08,0.08,0.08,0.08,0.08,0.08,0.08,0.08,0.08,0.08,0.08,0.08,0.08,0.08,0.08,0.08,0.08,0.08,0.08,0.08,0.08
0.08,0.08,0.08,0.08,0.08,0.08,0.08,0.08,0.08,0.08,0.08,0.08,0.08,0.08,0.08,0.08,0.08,0.08,0.08,0.08,0.08,0.08,0.08,0.08,0.08,0.08,0.08,0.08
0.08,0.08,0.08,0.08,0.08,0.08,0.08,0.08,0.08,0.08,0.08,0.08,0.08,0.08,0.08,0.08,0.08,0.08,0.08,0.08,0.08,0.08,0.08,0.08,0.08,0.08,0.08,0.08
0.28625584207025156,0.2862531962494719,0.2862412035115514,0.28623799712338627,0.2862369507971289,0.2862399821285258,0.2862222801565643,0.28622560880922165,0.2862247740625854,0.28622211743282805,0.2862098003896723,0.28620700866594156,0.28620855587953914,0.2862104457500662,0.28619199007632,0.28619475280706563,0.28619861811197683,0.2861953980088503,0.2861849796795266,0.28618159675445765,0.28618480229133164,0.2861861169038933,0.28625020923515004,0.2862315187154412,0.2862191516285988,0.2862484746525198,0.28623168014341493,0.28621721797189414
0.28624722430409566,0.2862445760090575,0.2862326225026105,0.2862294131337526,0.28622826978826293,0.2862313039691236,0.2862136209831152,0.28621695275163367,0.2862160498650113,0.2862133907291135,0.28620094382268174,0.28619814942996835,0.2861998003265473,0.2862016919830191,0.2861833444072766,0.286186109711218,0.2861898370613429,0.28618661390982214,0.28617583943051444,0.2861724531770744,0.28617586555837105,0.28617724722789134,0.2862416554710667,0.2862227413595653,0.28621047609590994,0.2862397999730412,0.28622290991412214,0.28620840443554485
0.2862319229087816,0.28622927022084727,0.28621724642199414,0.28621403171248977,0.28621288864505867,0.2862159278742871,0.2861982155095913,0.2862015528211254,0.28620061479655223,0.28619795122704195,0.2861854836104134,0.286182684559001,0.2861843212435138,0.28618621605716205,0.2861678379027427,0.28617060782153014,0.2861743243507433,0.28617109581427586,0.286160303376771,0.2861569114663733,0.2861601782181291,0.2861616318766695,0.28622641868355786,0.2862072533939557,0.2861950885139069,0.28622443244303536,0.2862074297698152,0.2861928684013075
0.28621299255152644,0.2862103344293993,0.2861982860512981,0.28619506475686346,0.2861938704203764,0.286196915891097,0.2861791672045817,0.28618251136915773,0.28618153759797493,0.28617886854923197,0.2861663753383174,0.2861635705295033,0.28616519357967,0.28616709229427645,0.28614867635750124,0.2861514519783202,0.28615515906646144,0.28615192387780386,0.2861411092561737,0.2861377103575636,0.28614083143367236,0.28614235812662503,0.2862075524814532,0.28618812302975155,0.2861760569402117,0.28620543123627196,0.2861883072767067,0.2861736857836004
0.286191718657458,0.2861890544291184,0.2861769784324204,0.28617374973873283,0.2861725035118726,0.2861755559940562,0.2861577665051931,0.2861611183682219,0.28616010850068396,0.286157433297944,0.2861449113410677,0.2861421000658339,0.2861437099679815,0.28614561306350295,0.2861271546960473,0.2861299367204487,0.2861336353713238,0.28613039271277496,0.2861195531803498,0.2861161464345255,0.28611912258834904,0.2861207226156347,0.2861863417603313,0.28616664073485587,0.2861546723499077,0.2861840833148612,0.28616683284624306,0.28615214784767395
0.2861701767943589,0.2861675063836705,0.28615540242426973,0.28615216623907314,0.28615086802282746,0.2861539276037107,0.2861360968051032,0.2861394564623652,0.2861384106219406,0.28613572918880537,0.28612317812937077,0.28612036030744314,0.2861219574352271,0.2861238649659387,0.28610536364241057,0.28610815214972324,0.28611184279540886,0.28610859257461585,0.28609772782368426,0.2860943131336311,0.28609714676008313,0.286098819056641,0.28616486356781506,0.28614488782140585,0.2861330190082517,0.28616246613212637,0.2861450879898087,0.2861303395136728
0.2861506668606224,0.28614799085140885,0.2861359125206583,0.28613266956909683,0.28613126917511866,0.2861343351856909,0.2861164309955941,0.28611979772546353,0.2861187528147174,0.2861160657376654,0.28610348831538396,0.28610066456301814,0.28610224937170553,0.2861041609202638,0.2860856206829826,0.286088415063175,0.28609209770911664,0.2860888406374171,0.2860779530403712,0.2860745311533602,0.2860772283625081,0.2860789694921845,0.2861454190401069,0.2861251710715319,0.2861134067576088,0.28614288150145933,0.28612537939988303,0.2861105721050763
0.2861222548967657,0.2861195707356702,0.2861074556899568,0.28610420286034904,0.2861027253672975,0.28610580074075903,0.2860878780407428,0.28609125503793564,0.2860901137637625,0.28608741846537383,0.2860749225177239,0.28607209016275476,0.2860735201799741,0.28607543758466536,0.28605671340733,0.2860595163852534,0.28606329761583094,0.286060030552857,0.28604946066680287,0.28604602841157306,0.28604822778923117,0.2860500336205158,0.2861170680120936,0.2860965018542687,0.2860848088036064,0.2861143863477996,0.2860967186450895,0.28608181324887844,0.28603534632909366
0.2861114425241086,0.28610875526111496,0.28609662624499643,0.2860933696566642,0.28609184312564684,0.28609492206826814,0.2860769785985008,0.28608035951455657,0.28607918566879004,0.28607648723366724,0.2860639767740395,0.28606114112313785,0.28606255912256784,0.28606447876129154,0.2860457327989212,0.28604853904236316,0.2860523109394036,0.2860490400653982,0.2860384578802014,0.28603502162158306,0.2860371141005855,0.28603897153998786,0.28610632644693845,0.28608550368405206,0.2860739316370175,0.2861035047707392,0.2860857286210409,0.28607077985303253,0.28602428190179413
0.28608697598873106,0.28608428170740524,0.2860721210821966,0.2860688559894042,0.28606725273085326,0.286070339737796,0.28605234934016716,0.28605573911067594,0.2860545055844595,0.2860518000660571,0.2860392568361698,0.28603641374249456,0.28603779629485787,0.2860397209800948,0.2860209258071846,0.2860237394271902,0.28602748193235,0.28602420244662957,0.28601359246953606,0.28601014716453826,0.2860121356350381,0.28601403427898636,0.28608192434597196,0.2860607865698792,0.28604929429586695,0.2860789558596235,0.28606101997414823,0.28604598153081595,0.2859992576364029,0.28599955306758335
0.28606729244689505,0.2860645925199932,0.28605240646854674,0.2860491345347339,0.28604747749243264,0.28605057098374,0.2860325428525811,0.28603593974278047,0.2860346694862554,0.28603195827556266,0.28601926812705103,0.2860164190158908,0.2860179082340603,0.2860198369718307,0.28600113025569934,0.28600394976130294,0.2860075552517631,0.2860042688555647,0.2859932834709327,0.2859898307782242,0.2859921148426333,0.2859940407201524,0.2860623079936093,0.28604088665028093,0.2860295024421611,0.2860591930421104,0.28604112830482636,0.28602603189555725,0.2859792014733069,0.28597954966937383
0.28604577242299284,0.2860430663245286,0.28603080095485334,0.28602752152478494,0.28602586279565845,0.2860289633736308,0.2860108576235811,0.2860142623078561,0.2860129923519673,0.28601027492142916,0.2859976765817202,0.2859948209713464,0.28599617626418367,0.285998109429673,0.28597923156328736,0.28598205757899453,0.28598578302904154,0.28598248908326823,0.28597183244119845,0.285968371946308,0.2859702652970673,0.2859722087151353,0.28604085392687056,0.28601914542309415,0.2860078662645579,0.2860375914709922,0.2860193951339514,0.28600424168099176,0.2859571800510567,0.28595759082119115
0.2860297084522856,0.28602699774746837,0.2860147551374849,0.2860114701407719,0.2860097167203483,0.28601282259143773,0.2859947224210151,0.2859981329039372,0.285996792259538,0.2859940701812069,0.2859813292721781,0.28597846874169436,0.2859799310658629,0.28598186754081417,0.2859630858908293,0.28596591670582877,0.28596950361290646,0.28596620402283585,0.2859551746422881,0.2859517080892928,0.28595392967184174,0.28595588322804355,0.28602485784910897,0.28600287721428574,0.2859917062683644,0.28602145041401583,0.28600313439425795,0.2859879383612672,0.28594075100565514,0.2859412311327828
0.286013898804553,0.286011183566736,0.2859989285599364,0.28599563807315337,0.2859938277780006,0.2859969388574206,0.2859787718754751,0.28598218809014103,0.2859808515686127,0.28597812491734353,0.28596548391989585,0.2859626186208297,0.2859639458911547,0.2859658856222868,0.28594694373303936,0.2859497793458298,0.2859534846661676,0.2859501795226365,0.285939486744231,0.28593601448640804,0.2859378617499074,0.28593982194044487,0.2860091141803001,0.28598686864710887,0.2859757997325265,0.28600556448975284,0.2859871325645459,0.2859719037753941,0.2859244804417719,0.2859250332881445
0.28600402006091624,0.2860013019908436,0.2859890261887227,0.2859857322671737,0.28598388561912336,0.28598699995729504,0.28596885051649784,0.28597227029608013,0.2859708684061545,0.28596813889121414,0.28595536324777704,0.2859524949031765,0.28595392875756415,0.28595587052903076,0.28593703758328326,0.2859398761401657,0.2859434402561788,0.2859401316307112,0.28592907212146024,0.28592559607670187,0.28592778144624853,0.2859297453132286,0.2859993008101119,0.2859768162262908,0.2859658450760217,0.28599561648460176,0.28597708564435537,0.2859618471317352,0.2859142947396738,0.28591492222631776
0.28597808977562955,0.2859753642720773,0.2859630630326755,0.2859597601064205,0.28595782866458,0.2859609515425609,0.28594271576621116,0.2859461449354653,0.28594471768310814,0.285941980667629,0.28592929172308473,0.2859264155338227,0.2859277134561051,0.285929660566652,0.2859106467200204,0.28591349311938513,0.2859171779636003,0.2859138602351755,0.2859031268447078,0.2858996413668134,0.2859014562526368,0.28590342632397686,0.28597342172692064,0.28595064665364595,0.28593967169884354,0.28596960679410277,0.28595092061656485,0.2859355940331374,0.28588772259058587,0.28588843617892923,0.28593317975528365
0.08,0.08,0.08,0.08,0.08,0.08,0.08,0.08,0.08,0.08,0.08,0.08,0.08,0.08,0.08,0.08,0.08,0.08,0.08,0.08,0.08,0.08,0.08,0.08,0.08,0.08,0.08,0.08,0.08,0.08,0.08
0.08,0.08,0.08,0.08,0.08,0.08,0.08,0.08,0.08,0.08,0.08,0.08,0.08,0.08,0.08,0.08,0.08,0.08,0.08,0.08,0.08,0.08,0.08,0.08,0.08,0.08,0.08,0.08,0.08,0.08,0.08
0.08,0.08,0.08,0.08,0.08,0.08,0.08,0.08,0.08,0.08,0.08,0.08,0.08,0.08,0.08,0.08,0.08,0.08,0.08,0.08,0.08,0.08,0.08,0.08,0.08,0.08,0.08,0.08,0.08,0.08,0.08
0.08,0.08,0.08,0.08,0.08,0.08,0.08,0.08,0.08,0.08,0.08,0.08,0.08,0.08,0.08,0.08,0.08,0.08,0.08,0.08,0.08,0.08,0.08,0.08,0.08,0.08,0.08,0.08,0.08,0.08,0.08
0.08,0.08,0.08,0.08,0.08,0.08,0.08,0.08,0.08,0.08,0.08,0.08,0.08,0.08,0.08,0.08,0.08,0.08,0.08,0.08,0.08,0.08,0.08,0.08,0.08,0.08,0.08,0.08,0.08,0.08,0.08
0.08,0.08,0.08,0.08,0.08,0.08,0.08,0.08,0.08,0.08,0.08,0.08,0.08,0.08,0.08,0.08,0.08,0.08,0.08,0.08,0.08,0.08,0.08,0.08,0.08,0.08,0.08,0.08,0.08,0.08,0.08
0.08,0.08,0.08,0.08,0.08,0.08,0.08,0.08,0.08,0.08,0.08,0.08,0.08,0.08,0.08,0.08,0.08,0.08,0.08,0.08,0.08,0.08,0.08,0.08,0.08,0.08,0.08,0.08,0.08,0.08,0.08
0.08,0.08,0.08,0.08,0.08,0.08,0.08,0.08,0.08,0.08,0.08,0.08,0.08,0.08,0.08,0.08,0.08,0.08,0.08,0.08,0.08,0.08,0.08,0.08,0.08,0.08,0.08,0.08,0.08,0.08,0.08
0.28596837202095776,0.28596564373189204,0.28595332994782297,0.28595002364623306,0.28594805031312914,0.2859511763954921,0.28593292193533315,0.2859363546229347,0.28593489796927024,0.2859321581376039,0.2859194561648921,0.2859165770165219,0.28591785681345433,0.28591980593121863,0.2859007725121472,0.28590362184548335,0.2859072909673813,0.2859039698120021,0.2858932253640197,0.28588973628619585,0.28589153273452084,0.2858935052189678,0.2859637563297443,0.2859407793267985,0.28592985850748476,0.28595982881397414,0.28594105600079955,0.28592573193027904,0.2858776100370346,0.2858784151383004,0.28592337269117385
0.28593686256054063,0.2859341252406494,0.28592177078627373,0.28591845354161877,0.28591641338356355,0.2859195498321369,0.28590123493003605,0.28590467899952315,0.2859031930998924,0.2859004441767269,0.2858877001455446,0.2858848114442872,0.28588607706398944,0.28588803265262186,0.28586893613629,0.28587179492816017,0.28587545766234357,0.28587212547553104,0.28586134542937597,0.28585784476335574,0.2858596281495822,0.2858616073479017,0.2859322448101451,0.28590903514567345,0.2858981406655554,0.2859282284731846,0.2859093137647676,0.2858939784675655,0.2858454906693571,0.2858463855728504,0.2858916590256054,0.28592869629641676,0.28589567334841065
0.28591549914284403,0.285912755701006,0.2859003736767778,0.28589704901388396,0.285894939993856,0.2858980834773363,0.2858797275573498,0.28588317935101565,0.28588163423101826,0.28587887912673027,0.2858661065011943,0.285863211305131,0.28586445995203374,0.28586641994156575,0.28584728051251995,0.285850145737225,0.2858537967886616,0.285850457096729,0.2858396528320563,0.2858361442821323,0.2858379114879359,0.2858398952278555,0.2859108957412661,0.28588750471524604,0.2858765394872502,0.28590681697528914,0.28588778436339246,0.2858723562494941,0.285823560681155,0.2858245510959415,0.28587003344815437,0.28590734026803427,0.2858741132593453,0.2858693798899858
0.2859035047558686,0.2859007578772311,0.2858883603756784,0.28588503154826106,0.28588287679691593,0.28588602423203485,0.28586764527165215,0.2858711014041322,0.2858695179322534,0.2858667593544586,0.28585397066032275,0.2858510718144774,0.2858523016304865,0.28585426409501247,0.2858351005326765,0.2858379693751013,0.28584160456135554,0.2858382606454475,0.2858274427504103,0.28582392976332804,0.2858256785751465,0.2858276648654503,0.2858989083969078,0.2858754069282718,0.28586440327156204,0.28589479280068597,0.2858756870664237,0.28586020897427755,0.2858111225749841,0.2858122102931651,0.2858579417936772,0.2858953700524684,0.28586197988034,0.28585716394266064
0.2858744892768483,0.2858717340852963,0.28585929914759806,0.2858559602470545,0.28585372792650837,0.2858568849089979,0.28583845028212873,0.2858419168974122,0.28584029056322413,0.2858375236075331,0.28582469615721756,0.28582178850831547,0.28582300142577716,0.2858249698540345,0.2858057481406081,0.2858086257002667,0.2858122511615528,0.2858088970774592,0.28579804637099854,0.2857945227025497,0.28579625587726004,0.2857982482287814,0.2858701992022367,0.28584616947702024,0.2858352824852049,0.2858660540825285,0.2858464505148707,0.285831072625685,0.2857814644544249,0.2857826533530384,0.2858294574819898,0.2858672513333731,0.2858325994734317,0.2858285377852123,0.28586670586861557,0.28583270772637753
0.2858565114614402,0.2858537511199701,0.2858412848255428,0.2858379396817895,0.28583565698726515,0.2858388198878551,0.2858203878673337,0.2858238609672352,0.2858221553756704,0.28581938322233436,0.2858064084337757,0.28580349528639365,0.28580481259305673,0.2858067847229307,0.2857876577692405,0.2857905407007248,0.2857940208497098,0.2857906604514189,0.2857794283134731,0.2857758978809898,0.2857779740656348,0.2857799701809984,0.28585186154859393,0.2858280868661496,0.2858169818226537,0.2858476996842355,0.28582836844919324,0.285812762636393,0.2857630075918737,0.28576429878497633,0.28581049048101415,0.28584815844820893,0.28581436741578553,0.2858094239247023,0.2858475091297445,0.285814468136754
0.2858341730451496,0.28583140630538717,0.2858189193625997,0.28581556646858874,0.28581321536909954,0.28581638561827677,0.28579787364004094,0.28580135482184577,0.2857996426558548,0.2857968640510235,0.2857838591314724,0.28578093920511943,0.2857822380013427,0.2857842147248277,0.2857650432851337,0.28576793293104436,0.28577139949676555,0.28576803126435385,0.2857567730056124,0.28575323434334454,0.28575529354345564,0.28575729432184155,0.2858298431404608,0.2858056098945036,0.2857944389879476,0.2858256673709476,0.28580589213998187,0.2857902093464484,0.2857400914530907,0.28574148762568313,0.28578812889558863,0.2858270117456496,0.28579185616195363,0.28578691060258543,0.2858262535721204,0.2857919518294352
0.2858202723300634,0.2858175016092593,0.2858049967413428,0.285801639023335,0.2857992289390392,0.28580240376757066,0.28578386509214954,0.2857873513019767,0.2857855961073692,0.2857828134776896,0.2857697897631851,0.2857668656076872,0.2857681444446791,0.285770124035656,0.2857509248289025,0.28575381866618915,0.2857572683363417,0.28575389521068895,0.2857426206393842,0.28573907683674443,0.28574111700238175,0.2857431206948915,0.28581592106521414,0.2857915961006332,0.28578050540096184,0.2858117370500338,0.28579187875767603,0.28577626939533446,0.2857256894492537,0.2857271906212199,0.28577485443246103,0.2858131641835056,0.28577773711254034,0.28577348078836123,0.2858122831438446,0.28577782937337487
0.28579856136016996,0.2857957844221093,0.28578325155658063,0.28577988630486056,0.28577741307298754,0.2857805950436788,0.2857620147265159,0.2857655087782652,0.28576370868578604,0.28576091978514656,0.28574786678329706,0.2857449360385328,0.28574619576125737,0.2857481798175229,0.2857289373679647,0.28573183773210475,0.2857352730755808,0.2857318923342733,0.28572059237106684,0.2857170405681477,0.28571906310521167,0.28572107132741675,0.2857938400180835,0.28576972244203835,0.28575844797203076,0.2857896453982744,0.28577000573903427,0.2857542022176663,0.28570339460557675,0.2857050031706797,0.2857522586004409,0.28579054963610806,0.28575570215288293,0.2857507252105401,0.2857895414555928,0.2857557920260419
0.28578254585700263,0.2857797643331769,0.2857671578578695,0.28576378703104166,0.28576130386742066,0.2857644911114135,0.2857458800488983,0.2857493798906053,0.2857475350673895,0.2857447415333712,0.2857316668923713,0.2857287312790457,0.28572997073097606,0.2857319580877259,0.2857126836757577,0.2857155888641699,0.2857190074691362,0.28571562109665033,0.28570430235830363,0.28570074463980777,0.28570274798793166,0.2857047595610314,0.2857781449523666,0.28575360608417233,0.2857423858808713,0.28577394304422243,0.28575388985202993,0.2857381330622486,0.28568684353247537,0.28568856028133766,0.2857368596499644,0.2857755429284406,0.2857394131640744,0.2857351637236738,0.28577440501006,0.28573950165505635
0.28576351631220603,0.28576072934015995,0.2857481512900546,0.28574477387973857,0.28574217208627767,0.28574536559235214,0.28572675549070986,0.28573026219458453,0.2857283330544071,0.28572553402001793,0.2857125581805821,0.2857096168251047,0.2857107106243227,0.28571270189853926,0.28569325742612817,0.28569616837985445,0.28569970213807816,0.28569630908275834,0.28568533262826523,0.2856817680217958,0.2856833868310933,0.28568540238364004,0.2857587440843435,0.2857344182976617,0.2857230139319873,0.2857545335508298,0.2857347026250779,0.2857187526402511,0.2856671792709405,0.2856690106270149,0.28571682323054015,0.2857554045856475,0.28572014109020727,0.28571496088549436,0.2857541325078645,0.2857202290233478
0.2857402161839501,0.2857374225418358,0.2857247612657792,0.2857213757546483,0.2857187591520473,0.28572196032051805,0.28570326807372054,0.28570678320415926,0.2857048429698079,0.28570203720758813,0.28568903024705666,0.28568608182234595,0.28568715425188823,0.28568915031681735,0.28566965913308934,0.28567257708941707,0.2856760952295382,0.2856726940033651,0.2856616911844638,0.28565811799478596,0.28565971643940774,0.2856617368549891,0.2857357613230867,0.28571099194516175,0.2856996312571907,0.2857315407410852,0.2857112769551612,0.2856953597598612,0.28564324256213286,0.28564519164641144,0.2856942325129324,0.2857333226593295,0.2856965242477833,0.2856921996519203,0.2857319126893727,0.28569661229663584
0.28572137395271063,0.2857185749173505,0.2857058892525397,0.28570249720616225,0.2856998125941224,0.2857030199624948,0.28568429156856995,0.28568781350634254,0.2856858247375568,0.28568301352898084,0.2856699813753309,0.285667027227891,0.28566807747412537,0.2856700774182532,0.28565054841105697,0.2856534720376205,0.2856569726462764,0.28565356480220633,0.2856425406299609,0.2856389604884067,0.28564053754518665,0.2856425619031301,0.2857165454589307,0.2856919887332289,0.2856804416476045,0.2857123165160133,0.28569227429683386,0.28567616177916155,0.2856238014298079,0.28562586849306304,0.28567450688869295,0.28571357842635525,0.2856773469414979,0.2856722997671175,0.2857120273889897,0.2856774355797109
0.285697867068238,0.2856950613053011,0.2856823452180553,0.2856789450195644,0.28567619080485523,0.2856794059020381,0.2856606324473173,0.2856641628711233,0.2856621247663262,0.28565930677151546,0.2856462432271814,0.28564328194914695,0.2856443111638321,0.2856463159401476,0.28562673981782116,0.28562967050760324,0.28563315588559995,0.2856297398001301,0.285618689036424,0.28561510023756154,0.2856166572603133,0.2856186865310264,0.2856933564081947,0.28566835259485535,0.2856568485217277,0.2856891174150115,0.28566863884681654,0.28565255836642894,0.28559965606400833,0.28560183893313623,0.2856515823926038,0.28569108949313643,0.2856535963536389,0.28564919595965377,0.28568939304650903,0.28565368605003133
0.28567480876023926,0.2856719963990153,0.2856592504742898,0.285655842280355,0.2856530211325655,0.2856562438095829,0.28563742616293963,0.28564096490920277,0.28563888091119166,0.28563605626167404,0.2856229619353666,0.28561999366494223,0.2856210060258744,0.28562301553995234,0.2856033932234836,0.28560633083845927,0.2856098050535995,0.28560638088908363,0.28559530405807554,0.2855917067724563,0.285593247891657,0.2855952819960703,0.2856699196728342,0.28564512154235144,0.28563342897200716,0.2856656705338572,0.28564540847095266,0.285629128604496,0.285576022001904,0.28557830059834227,0.2856276254413275,0.2856671260722125,0.28563017540426744,0.2856250521395779,0.2856652781026661,0.2856302665319295
0.2856518474213985,0.2856490284905293,0.2856363065295878,0.2856328903934968,0.2856299555848725,0.285633185806629,0.28561432417298044,0.285617871203164,0.2856157495230435,0.28561291825192603,0.28559979329709034,0.28559681806906645,0.2855978232791323,0.2855998375054435,0.2855801692440543,0.2855831137469044,0.28558658647820373,0.2855831542704839,0.2855720515337301,0.28556844580005136,0.2855699807304628,0.2855720196507237,0.2856472762206857,0.28562204016480586,0.285610403035542,0.285643017281095,0.2856223277659604,0.28560609262324105,0.28555262231441336,0.2855549513826929,0.2856052789374113,0.285645194348535,0.2856070480477396,0.2856025066683885,0.28564318647115,0.28560714096705225
0.08,0.08,0.08,0.08,0.08,0.08,0.08,0.08,0.08,0.08,0.08,0.08,0.08,0.08,0.08,0.08,0.08,0.08,0.08,0.08,0.08,0.08,0.08,0.08,0.08,0.08,0.08,0.08,0.08,0.08,0.08,0.08,0.08,0.08,0.08,0.08
0.08,0.08,0.08,0.08,0.08,0.08,0.08,0.08,0.08,0.08,0.08,0.08,0.08,0.08,0.08,0.08,0.08,0.08,0.08,0.08,0.08,0.08,0.08,0.08,0.08,0.08,0.08,0.08,0.08,0.08,0.08,0.08,0.08,0.08,0.08,0.08
0.08,0.08,0.08,0.08,0.08,0.08,0.08,0.08,0.08,0.08,0.08,0.08,0.08,0.08,0.08,0.08,0.08,0.08,0.08,0.08,0.08,0.08,0.08,0.08,0.08,0.08,0.08,0.08,0.08,0.08,0.08,0.08,0.08,0.08,0.08,0.08
0.08,0.08,0.08,0.08,0.08,0.08,0.08,0.08,0.08,0.08,0.08,0.08,0.08,0.08,0.08,0.08,0.08,0.08,0.08,0.08,0.08,0.08,0.08,0.08,0.08,0.08,0.08,0.08,0.08,0.08,0.08,0.08,0.08,0.08,0.08,0.08
0.08,0.08,0.08,0.08,0.08,0.08,0.08,0.08,0.08,0.08,0.08,0.08,0.08,0.08,0.08,0.08,0.08,0.08,0.08,0.08,0.08,0.08,0.08,0.08,0.08,0.08,0.08,0.08,0.08,0.08,0.08,0.08,0.08,0.08,0.08,0.08
0.08,0.08,0.08,0.08,0.08,0.08,0.08,0.08,0.08,0.08,0.08,0.08,0.08,0.08,0.08,0.08,0.08,0.08,0.08,0.08,0.08,0.08,0.08,0.08,0.08,0.08,0.08,0.08,0.08,0.08,0.08,0.08,0.08,0.08,0.08,0.08
0.08,0.08,0.08,0.08,0.08,0.08,0.08,0.08,0.08,0.08,0.08,0.08,0.08,0.08,0.08,0.08,0.08,0.08,0.08,0.08,0.08,0.08,0.08,0.08,0.08,0.08,0.08,0.08,0.08,0.08,0.08,0.08,0.08,0.08,0.08,0.08
0.08,0.08,0.08,0.08,0.08,0.08,0.08,0.08,0.08,0.08,0.08,0.08,0.08,0.08,0.08,0.08,0.08,0.08,0.08,0.08,0.08,0.08,0.08,0.08,0.08,0.08,0.08,0.08,0.08,0.08,0.08,0.08,0.08,0.08,0.08,0.08
0.28563647547318194,0.28563365214462455,0.2856209103814141,0.28561748891647765,0.28561449820102,0.2856177334783105,0.2855988423702815,0.2856023949513028,0.2856002413144787,0.28559740560448327,0.28558413399692495,0.28558115406691514,0.2855822840437784,0.2855843014283056,0.2855647362295758,0.28556768530909704,0.2855710266333329,0.2855675890311835,0.28555609959181366,0.285552488058522,0.2855543917433303,0.28555643388827934,0.2856315249035023,0.2856065241208104,0.28559471885273235,0.28562725914271264,0.28560681217445955,0.28559040159289256,0.2855370270485519,0.2855393741414422,0.28558907170119874,0.2856289293519242,0.2855913352084694,0.28558608249076106,0.285626747769106,0.28559142890527534
0.2856228699120935,0.2856200426915194,0.28560722957386625,0.285603803374197,0.28560081524753755,0.2856040549996266,0.28558517581665716,0.2855887332972554,0.2855865128760441,0.2855836732369299,0.28557050957595814,0.28556752555532533,0.2855685302967617,0.2855705504763779,0.2855508241698994,0.2855537773746935,0.2855572568046268,0.2855538144360374,0.2855426789827535,0.28553906257688766,0.28554059831449236,0.285542643297187,0.2856178918714469,0.28559280869221876,0.28558095736195976,0.28561362021375175,0.2855930971454379,0.28557663409337847,0.28552315365308273,0.28552550674887794,0.28557526327620764,0.28561518277158865,0.2855773811502018,0.2855720603118664,0.285612839414712,0.285577475854526
0.2856044200953123,0.28560158759747023,0.2855888045464832,0.2855853719707802,0.28558227398590547,0.28558551980105,0.28556656725649066,0.2855701314077812,0.285567917493432,0.28556507253277513,0.2855517577252365,0.28554876807505125,0.2855499012878286,0.2855519252529399,0.28553229633000476,0.2855352550282385,0.2855386066683971,0.28553515784617756,0.2855236310331972,0.2855200077139406,0.2855219168772035,0.2855239656979805,0.2855994106298707,0.2855742293833395,0.285562324058865,0.2855951309803924,0.2855745183777139,0.2855579926585682,0.2855044886297039,0.28550684681857424,0.2855568469899538,0.2855970146843797,0.28555871373034214,0.28555341099461634,0.2855944967042305,0.28555880956815255
0.2855836818947887,0.2855808434658118,0.285567979665567,0.28556453988419084,0.2855614389155226,0.28556469154301206,0.28554573744687206,0.2855493090642449,0.28554702505877494,0.2855441741199132,0.2855309581927705,0.28552796229902244,0.2855289712166852,0.28553099943437943,0.2855111947569215,0.28551415971096433,0.28551765300256743,0.28551419693462377,0.2855030172976529,0.2854993865014476,0.2855009282009902,0.2855029813258327,0.2855786394692901,0.2855533540182828,0.28554139232559733,0.2855743508435841,0.2855536436202424,0.2855370517955449,0.2854834125373592,0.2854857758410878,0.2855358689202798,0.2855761353263715,0.2855375739408527,0.28553219829592336,0.2855734390287889,0.28553767092021753
0.2855665130007487,0.2855636696620108,0.2855507836608939,0.2855473379301513,0.2855441810767921,0.28554743934636045,0.2855284141922795,0.28553199201817026,0.2855297159012165,0.28552686001003674,0.2855134941584424,0.2855104930229686,0.2855116309003965,0.285513662640907,0.2854939584243495,0.2854969284877255,0.28550029315959413,0.2854968310876697,0.2854852601104266,0.2854816228725171,0.2854835393698305,0.28548559606242746,0.28556179112615737,0.2855360578677598,0.2855241896568328,0.2855574952167831,0.28553634797333366,0.28551984160493815,0.28546604391830793,0.28546841135042506,0.28551949071543364,0.28556022883480875,0.28552009730570127,0.2855155948212757,0.2855573492744883,0.28552019517706567
0.2855444751617996,0.2855416255216676,0.2855287110272605,0.2855252576608535,0.2855220479670111,0.28552531347167975,0.2855062461372129,0.2855098319070314,0.2855075313767348,0.2855046691390895,0.28549127365074245,0.2854882658466997,0.28548940645447496,0.2854914427095206,0.2854716947765343,0.2854746714387091,0.28547804369811547,0.28547457393165193,0.28546297731365716,0.2854593319928356,0.2854612527714322,0.285463314034758,0.28553936400024094,0.2855139037465895,0.2855018300443415,0.28553505838627136,0.28551419449786924,0.2854974721912776,0.285443718503096,0.28544609120325914,0.2854965725720368,0.28553729411008766,0.2854977749899493,0.28549250547593896,0.28553421181360494,0.28549787316275754
0.2855288030489523,0.2855259489281122,0.28551301417325525,0.2855095553773873,0.2855063045121127,0.28550957516258807,0.2854904778284129,0.28549406924817383,0.28549175698344637,0.2854888902336283,0.285475473674491,0.28547246112927127,0.2854736036809364,0.2854756431456972,0.28545586413165785,0.2854588454854026,0.2854622231422308,0.28545874790693293,0.2854471330576142,0.285443481991793,0.2854454058158445,0.285447470327724,0.2855240107336838,0.28549809562408646,0.2854861817781574,0.2855196984685735,0.2854983868367013,0.28548181704165987,0.2854278439609632,0.285430220400114,0.28548155866233066,0.2855226890292321,0.28548172725157417,0.285477416623897,0.28551939537634735,0.28548182437632885
0.2854961841336444,0.2854933206882832,0.2854803982900293,0.28547692821411,0.2854735317496176,0.2854768131104547,0.28545769183777575,0.2854612950033971,0.28545888455734475,0.28545600840591856,0.28544267586306654,0.28543965347746203,0.2854406217203843,0.28544266788317263,0.2854226882449507,0.2854256794292742,0.2854291536129586,0.2854256669453286,0.285414388613918,0.2854107256744504,0.28541223056805537,0.2854143018797214,0.28549099301811887,0.2854652911838123,0.28545314496499025,0.2854866664692549,0.28546558335263966,0.28544876580784206,0.2853945599621387,0.2853969442396348,0.2854477658469695,0.2854889549298892,0.28544880641889314,0.28544359030171995,0.28548543507368723,0.2854489004652297,0.28540322783301386
0.2854824052524366,0.28547953786875196,0.28546654314402076,0.2854630682770232,0.285459690131512,0.28546297601525983,0.2854437898729693,0.2854473980183991,0.2854450146740262,0.285442134556323,0.2854286555731105,0.2854256289815573,0.2854267190232687,0.28542876800904576,0.28540889679975545,0.2854118920701495,0.28541522739845326,0.2854117359133565,0.2854000669245586,0.28539639878888723,0.2853982732328792,0.2854003474050226,0.285477535808723,0.28545139075087544,0.285439410732245,0.2854732033932846,0.2854516833286108,0.2854350255773552,0.28538062934233616,0.28538301690156687,0.28543477589543137,0.2854764565752415,0.28543461470167236,0.28543059028515433,0.28547272946202323,0.28543470427369816,0.28538921711626003
0.2854696918259125,0.2854668208087223,0.28545386431783715,0.28545038506687476,0.2854469084688212,0.28545019852879755,0.28543102664360653,0.285434639360579,0.28543218469218096,0.2854293009058644,0.28541580479152817,0.2854127743451744,0.28541383602301806,0.28541588762452347,0.2853959910864619,0.28539899018020326,0.2854022999274137,0.2853988039751788,0.28538712009486933,0.28538344726648407,0.285385294167042,0.28538737099886446,0.2854644457730924,0.2854386124782571,0.2854264292967695,0.2854601076768644,0.2854389054291005,0.28542203849357967,0.2853676276911079,0.28537001831154296,0.2854210382179882,0.2854625859926134,0.2854218711950144,0.28541684597424144,0.28545874394004667,0.2854219586426533,0.2853761856925119,0.2853760021863486
0.28546950572172763,0.28546663465135036,0.28545367792099074,0.2854501986055802,0.2854467057279241,0.2854499958541406,0.28543082358356003,0.2854344363732612,0.2854319689678277,0.2854290851198289,0.2854155887174599,0.28541255820629396,0.285413607229121,0.2854156588770783,0.2853957618892123,0.2853987610508516,0.28540205817981557,0.2853985621440465,0.2853868779852738,0.28538320506913645,0.28538503929827136,0.28538711618232016,0.28546460949455393,0.2854383821376895,0.28542635767491487,0.2854602713961875,0.28543867509894383,0.2854219668405633,0.28536737237884907,0.2853697630593946,0.2854216050278191,0.2854634084527954,0.28542158486475055,0.2854174127491666,0.2854595207132469,0.2854216714795162,0.2853758960281201,0.28537561322394955
0.2854656143591972,0.28546274217672163,0.2854497804391043,0.2854462997761268,0.285442790706436,0.28544608211176603,0.2854269023992024,0.2854305165933253,0.285428034291103,0.28542514931807755,0.28541164766225224,0.2854086159689632,0.285409651412723,0.2854117038638167,0.2853917990989893,0.2853947994345547,0.2853980838337123,0.28539458642466353,0.28538289768798714,0.28537922332922366,0.28538104421858623,0.28538312192126647,0.2854603584471375,0.2854344629190512,0.28542227650264623,0.2854560184710372,0.2854347559964041,0.2854178838926537,0.28536337034754733,0.2853657619703111,0.28541688335450777,0.2854585320048288,0.28541765311294187,0.28541268904460415,0.2854546294714544,0.28541773953559,0.2853718577862938,0.2853714701905811
0.2854580856506767,0.2854552113166723,0.2854422398917509,0.28543875662169366,0.2854351925540529,0.2854384864417618,0.28541929228654656,0.2854229092062341,0.28542037275754095,0.28541748559395874,0.2854039737090715,0.28540093971405245,0.2854019601780324,0.2854040141905994,0.28538409430569134,0.2853870969236233,0.28539036800598094,0.285386867930927,0.28537517030700443,0.285371493147613,0.2853732995514434,0.285375378841029,0.2854531818136011,0.2854268582685586,0.2854147184335045,0.28544883871579263,0.28542715156834636,0.2854103225352513,0.2853556122048319,0.2853580056540711,0.2854099603780266,0.28545198868424104,0.28541003435289053,0.28540576316798716,0.28544808048081416,0.2854101207862017,0.28536406016184446,0.2853635586144994,0.2854060193988809
0.2854524451099963,0.28544956916412006,0.28543653572484423,0.28543305048269757,0.2854295172383859,0.28543281298019424,0.28541360803772203,0.28541722699314465,0.2854146671379145,0.28541177834306747,0.2853983873222413,0.2853953516517042,0.2853962276059006,0.28539828278224716,0.2853782152654833,0.28538121962487434,0.2853846122737892,0.28538111021007045,0.28536978222877335,0.28536610311666155,0.2853675174787322,0.28536959795303396,0.2854471818754096,0.28542120210950467,0.28540885964285473,0.2854428361780634,0.28542149557433033,0.2854044611957411,0.2853497688381442,0.28535216366301375,0.28540345938147077,0.2854453552725793,0.28540431855077925,0.2853992594627773,0.2854414437953457,0.28540440502080794,0.28535822343773776,0.28535760626330625,0.2854004877344373
0.2854481467558552,0.2854452695816937,0.28543223058868367,0.2854287438581755,0.28542515842971683,0.2854284555954859,0.2854092423683436,0.28541286288722395,0.285410251152182,0.2854073610948212,0.2853939642347146,0.28539092723760556,0.2853917859287203,0.2853938420067521,0.28537376569898415,0.28537677137636314,0.28538014782935733,0.2853766442231732,0.2853653112657432,0.2853616305333343,0.2853630277859114,0.28536510918009944,0.2854432380082406,0.2854168158165538,0.28540455249266367,0.28543889060553745,0.2854171094090906,0.28540015217178577,0.2853452713112761,0.2853476671949093,0.28539978968527047,0.28544204421141384,0.28539988873357897,0.28539558823919176,0.2854381312972319,0.2853999752388514,0.2853536760034297,0.28535293897473524,0.2853957730298195,0.28539548722934044
0.2854443479077156,0.2854414696480324,0.2854284257468063,0.28542493770092875,0.2854213146169098,0.2854246130383666,0.28540539250557984,0.28540901440316085,0.2854063652871195,0.2854034741188311,0.2853900721205594,0.2853870339561569,0.28538787487824635,0.28538993175022354,0.2853698477018718,0.28537285453975586,0.2853762141605614,0.2853727091953293,0.2853613718534946,0.28535768969346054,0.28535906930536103,0.285361151510576,0.2854390804502413,0.2854129927450233,0.28540050146339985,0.28543473125337493,0.28541328644866976,0.285396099380223,0.2853413059237729,0.285343702740875,0.28539509676367336,0.28543725249938046,0.28539609540408023,0.2853908933692567,0.28543333770182844,0.2853961819410444,0.28534965789632755,0.2853488005808255,0.28539203016325343,0.28539160835754235
0.08,0.08,0.08,0.08,0.08,0.08,0.08,0.08,0.08,0.08,0.08,0.08,0.08,0.08,0.08,0.08,0.08,0.08,0.08,0.08,0.08,0.08,0.08,0.08,0.08,0.08,0.08,0.08,0.08,0.08,0.08,0.08,0.08,0.08,0.08,0.08,0.08,0.08,0.08,0.08,0.08,0.08
0.08,0.08,0.08,0.08,0.08,0.08,0.08,0.08,0.08,0.08,0.08,0.08,0.08,0.08,0.08,0.08,0.08,0.08,0.08,0.08,0.08,0.08,0.08,0.08,0.08,0.08,0.08,0.08,0.08,0.08,0.08,0.08,0.08,0.08,0.08,0.08,0.08,0.08,0.08,0.08,0.08,0.08
0.08,0.08,0.08,0.08,0.08,0.08,0.08,0.08,0.08,0.08,0.08,0.08,0.08,0.08,0.08,0.08,0.08,0.08,0.08,0.08,0.08,0.08,0.08,0.08,0.08,0.08,0.08,0.08,0.08,0.08,0.08,0.08,0.08,0.08,0.08,0.08,0.08,0.08,0.08,0.08,0.08,0.08
0.08,0.08,0.08,0.08,0.08,0.08,0.08,0.08,0.08,0.08,0.08,0.08,0.08,0.08,0.08,0.08,0.08,0.08,0.08,0.08,0.08,0.08,0.08,0.08,0.08,0.08,0.08,0.08,0.08,0.08,0.08,0.08,0.08,0.08,0.08,0.08,0.08,0.08,0.08,0.08,0.08,0.08
0.08,0.08,0.08,0.08,0.08,0.08,0.08,0.08,0.08,0.08,0.08,0.08,0.08,0.08,0.08,0.08,0.08,0.08,0.08,0.08,0.08,0.08,0.08,0.08,0.08,0.08,0.08,0.08,0.08,0.08,0.08,0.08,0.08,0.08,0.08,0.08,0.08,0.08,0.08,0.08,0.08,0.08
0.08,0.08,0.08,0.08,0.08,0.08,0.08,0.08,0.08,0.08,0.08,0.08,0.08,0.08,0.08,0.08,0.08,0.08,0.08,0.08,0.08,0.08,0.08,0.08,0.08,0.08,0.08,0.08,0.08,0.08,0.08,0.08,0.08,0.08,0.08,0.08,0.08,0.08,0.08,0.08,0.08,0.08
0.08,0.08,0.08,0.08,0.08,0.08,0.08,0.08,0.08,0.08,0.08,0.08,0.08,0.08,0.08,0.08,0.08,0.08,0.08,0.08,0.08,0.08,0.08,0.08,0.08,0.08,0.08,0.08,0.08,0.08,0.08,0.08,0.08,0.08,0.08,0.08,0.08,0.08,0.08,0.08,0.08,0.08
0.08,0.08,0.08,0.08,0.08,0.08,0.08,0.08,0.08,0.08,0.08,0.08,0.08,0.08,0.08,0.08,0.08,0.08,0.08,0.08,0.08,0.08,0.08,0.08,0.08,0.08,0.08,0.08,0.08,0.08,0.08,0.08,0.08,0.08,0.08,0.08,0.08,0.08,0.08,0.08,0.08,0.08
0.28540984721809975,0.285406959100956,0.285393925617931,0.2853904256463912,0.28538665382965583,0.2853899635727294,0.2853706771706951,0.2853743114990022,0.2853716147569381,0.2853687136549837,0.2853552657127569,0.28535221711067543,0.28535304179009263,0.2853551057323948,0.2853349527522007,0.285337969924728,0.2853413217968467,0.2853378047779901,0.28532642855054935,0.2853227337286716,0.2853240986130637,0.28532618798238885,0.2854048749962507,0.2853782363891781,0.285365856320095,0.28540051103952374,0.2853785311028617,0.28536143916661205,0.2853062742202639,0.28530867928306564,0.28536107540668565,0.2854036767809054,0.28536133115831985,0.2853568578891192,0.2853997489392339,0.285361417992266,0.2853145937899987,0.28531360651941423,0.2853569535443274,0.28535639018775233,0.28539592114044304,0.2853739093174625
0.2854057321729417,0.2854028428801906,0.28538980410409776,0.28538630270803705,0.2853824876306717,0.2853857987344377,0.2853665044159312,0.28537014023822865,0.2853674063408028,0.2853645040359841,0.28535105053046494,0.2853480006644892,0.2853488074754506,0.28535087227712275,0.285330710918583,0.285333729347245,0.28533706436614337,0.2853335458767218,0.28532216490520684,0.28531846853856174,0.285319815696499,0.28532190594311874,0.28540039372744197,0.2853740849720281,0.28536148243460996,0.2853960278372984,0.28537437980633656,0.2853570633788152,0.28530198383248084,0.2853043899050237,0.28535605701101635,0.28539855887655496,0.28535720619765015,0.2853518374102332,0.2853946290465553,0.2853572930668321,0.28531024876987765,0.28530914421417264,0.28535288748079923,0.28535220082990714,0.2853911007904676,0.2853697616419594
0.2853706811682489,0.2853677818631127,0.28535469800750896,0.2853511844791228,0.28534728079840016,0.28535060339947793,0.2853312421903139,0.2853348906362337,0.28533210918110213,0.285329196788707,0.2853155670973311,0.28531250659313695,0.28531342661999254,0.2853154986014986,0.2852954047219203,0.28529843360458285,0.2853016234575126,0.2852980927278407,0.285286292917822,0.28528258355589375,0.2852842953851806,0.2852863929067747,0.28536564461310876,0.28533878733312723,0.28532629127596154,0.2853612637324118,0.28533908319293366,0.28532185691645756,0.28526645321990135,0.28526886765357096,0.2853214918554095,0.2853644418662289,0.2853218164762069,0.2853172579092777,0.28536049878986586,0.28532190364778826,0.2852746322671252,0.2852734000161641,0.2853172617917049,0.2853164428291763,0.2853565772787284,0.285334374228079,0.28535624402088433,0.28533491534720057
0.2853459852342062,0.2853430788758797,0.2853299632645901,0.2853264411896349,0.28532246742487644,0.28532579812768616,0.2853063897835667,0.28531004712488345,0.2853072190115268,0.28530429950704034,0.285290636606396,0.28528756862917987,0.28528847089559944,0.2852905479404622,0.2852704050328121,0.28527344131644206,0.28527661883116606,0.28527307946717895,0.28526125087576965,0.2852575324435442,0.2852592281889402,0.2852613308436656,0.28534091465923417,0.2853139323593711,0.28530136687913477,0.28533652311207053,0.28531422894115743,0.2852969216825996,0.2852413424360062,0.2852437627777266,0.2852965558027818,0.28533970905673706,0.2852969201627091,0.28529231150862555,0.2853357563786543,0.285297007547014,0.285249475469502,0.2852481121172535,0.28529226426185156,0.28529130944420994,0.28533177718046643,0.2853094673765088,0.2853312858929629,0.2853101904340967
0.2853241915688787,0.2853212789871116,0.2853081353562171,0.2853046057401303,0.285300561300552,0.285303899154867,0.28528444920439683,0.28528811439779295,0.2852852390889367,0.2852823133048026,0.28526862108220596,0.2852655465066615,0.2852664300146744,0.2852685115308678,0.28524832532798877,0.285251368147234,0.2852545316880232,0.2852509846982198,0.285239130687416,0.2852354042443189,0.2852370827028451,0.28523918989177355,0.28531908805061024,0.2852919866972422,0.2852793538041831,0.28531468709054425,0.28529228391641087,0.2852748990377823,0.28521915844831824,0.285221584008742,0.2852745324353111,0.28531787992827146,0.28527493800516324,0.2852702790029035,0.2853139187770836,0.2852750255772667,0.28522724057394144,0.2852257405575374,0.2852701783433368,0.28526908560544295,0.2853098805941772,0.2852874690507574,0.2853092354926531,0.28528837238362953
0.2853008763715176,0.28529795713271,0.28528472794923004,0.2852811902474101,0.28527712992087106,0.28528047542359924,0.28526098097614716,0.28526465456720485,0.2852617313172117,0.2852587988178324,0.2852450752396187,0.2852419936080454,0.28524285835328456,0.2852449446507024,0.2852245737248215,0.2852276235736088,0.2852309118547537,0.2852273567110639,0.2852158574954172,0.2852121226250226,0.2852134017844143,0.2852155138212604,0.28529537737942834,0.28526853884884595,0.28525566511874395,0.28529096619532474,0.285268836748934,0.2852512000554274,0.2851953843538669,0.28519781550629736,0.2852501835224519,0.28529352380204476,0.2852514005118864,0.285245919989539,0.28528955319923854,0.28525148828502683,0.28520346780867856,0.2852018293520124,0.28524677323198555,0.28524554230778676,0.2852857810090445,0.2852639908356862,0.28528498736402247,0.2852650709134297
0.2852820329643858,0.28527910834601256,0.285265910523841,0.28526236632264235,0.285258180131634,0.285261531819128,0.2852419620633316,0.2852456424590898,0.28524271188819733,0.2852397739564018,0.285226025012738,0.28522293767306783,0.2852237834792112,0.2852258736452456,0.2852054650039516,0.2852085205074511,0.2852117942419086,0.28520823249939736,0.2851963293136654,0.2851925873729525,0.28519423096972496,0.28519634693068796,0.2852768639066359,0.28524952727849406,0.28523676060273984,0.2852724447405268,0.2852498257306034,0.2852322873231133,0.28517623222940974,0.28517866788611923,0.28523203375756706,0.28527586588839404,0.28523240799276306,0.28522776269665334,0.2852718884341301,0.2852324959280999,0.28518420958150115,0.2851824355696561,0.28522743705412923,0.28522606850250554,0.2852675131981401,0.28524490100719657,0.28526656950893764,0.2852461600470288
0.28526781826689906,0.28526488959079954,0.28525167350013536,0.2852481243820728,0.2852438708199823,0.2852472271772382,0.2852276301991959,0.2852313157221863,0.28522834061046115,0.28522539857428236,0.2852116304662601,0.28520853881392183,0.28520936581771617,0.2852114589075372,0.28519116064022576,0.285194220376297,0.28519733978627687,0.28519377305502314,0.2851822364600175,0.2851784894173959,0.2851797317981113,0.28518185072664537,0.285262256680873,0.2852352089926571,0.28522221325467206,0.2852578312175396,0.2852355078604728,0.28521773365308256,0.2851616556789948,0.28516409476353693,0.2852168487430231,0.28526061530906877,0.2852180997257163,0.2852125713844254,0.2852566319379965,0.2852181877832347,0.2851696287870638,0.2851677239766382,0.285213181462317,0.2852116780908237,0.28525252119100747,0.2852305542425429,0.2852514318855299,0.28523198739313316
0.2852329653869905,0.28523002676324083,0.28521676588724443,0.2852132047153328,0.2852088303058396,0.2852121980966916,0.2851925344673196,0.28519623254398574,0.28519316171593834,0.28519020963427816,0.28517639462195654,0.28517329241436506,0.285174056833707,0.2851761570828498,0.2851557894946206,0.2851588596952475,0.2851619706261261,0.2851583916895341,0.2851468157230297,0.28514305585924604,0.2851442831633987,0.2851464093461912,0.2852277271785903,0.28520009345332786,0.28518714066201123,0.28522328683164405,0.28520039334051067,0.28518264582087904,0.285126145268822,0.2851285927027757,0.28518239117974087,0.2852265085128134,0.28518289200191355,0.28517809953265894,0.2852225119111743,0.285182980360033,0.2851340800881728,0.28513204542791154,0.28517766062070915,0.285176018889217,0.28521822247581785,0.28519535209966457,0.2852169870549551,0.28519696123188676,0.2851691559899099
0.28519736033555754,0.28519441155160064,0.2851811049340292,0.28517753145071584,0.28517303675616906,0.2851764162238735,0.28515672417857874,0.2851604350618183,0.28515722978916463,0.28515426744915956,0.28514053629144914,0.2851374233444024,0.28513799490050035,0.2851401024600839,0.28511952425044235,0.28512260517786114,0.28512580920149994,0.2851222177888261,0.2851106015781928,0.28510682860885006,0.28510804079014523,0.2851101743880479,0.2851917158485655,0.2851642728068185,0.28515101891113565,0.2851872599825323,0.28516457373361787,0.2851465083779085,0.28508983975108115,0.28509229571957456,0.2851454818035015,0.2851898438017871,0.28514704588591894,0.2851411748544917,0.28518583298031647,0.2851471345500254,0.2850977360129575,0.2850955698696806,0.28514181159910607,0.2851400283962262,0.2851818014334024,0.285159491227941,0.28518041739131755,0.2851612777807871,0.285132885482118,0.28511759511587964
0.28516160737573387,0.2851586483915262,0.28514529585282367,0.28514171000959615,0.28513709408329363,0.28514048527400004,0.28512072502930325,0.28512444878391097,0.2851211482734744,0.2851181756346233,0.2851043968490716,0.28510127308069466,0.28510178315756096,0.285103898056378,0.28508324829839216,0.2850863399534563,0.2850895303581004,0.2850859264315301,0.28507426985553075,0.2850704837409164,0.2850716807220981,0.28507382175758555,0.2851562873747134,0.2851282532935943,0.28511504357353457,0.2851518162440171,0.28512855526555947,0.28511051741516813,0.28505341634792064,0.28505588087681394,0.28511014542634827,0.2851550604716625,0.2851109324796484,0.28510582383069316,0.28515103616288917,0.28511102145195844,0.2850612735462612,0.28505897427463683,0.28510538189611656,0.28510345546276544,0.2851466011010521,0.28512338099452905,0.2851450663846041,0.28512534954126867,0.2850967359587416,0.2850805553389812,0.28509741861073795
0.28512082971437824,0.2851178590990285,0.28510445419826147,0.2851008542612835,0.28509610404203367,0.2850995085989274,0.28507967059638156,0.28508340902649454,0.28508000118729004,0.28507701680641095,0.28506305098753026,0.2850599148417043,0.2850604861038276,0.2850626093706176,0.28504201891634906,0.28504512276109367,0.2850481327522808,0.2850445145494669,0.2850324231751566,0.2850286219234122,0.28503019328196805,0.2850323428018977,0.28511509732614254,0.2850872309169797,0.28507370203864646,0.28511060845240177,0.28508753407900345,0.2850691579285739,0.2850119095928501,0.28501438387459543,0.28506812394304004,0.28511321163934394,0.28506987627469976,0.2850637849338249,0.2851091711073035,0.2850699655973156,0.2850196787932295,0.28501724418809166,0.2850643082954038,0.28506223647426887,0.2851049910123304,0.2850823124923134,0.2851033001942608,0.2850844676039509,0.2850551953246977,0.2850397505854118,0.2850560717974082,0.28503965748009813
0.2850873045461696,0.2850843243704431,0.28507087643065976,0.2850672649091371,0.2850623971877641,0.28506581273347514,0.28504591080415626,0.2850496612995146,0.285046162408881,0.28504316837367877,0.28502915747972335,0.28502601118968435,0.285026525443633,0.28502865559029017,0.28500785718734706,0.2850109711299183,0.2850140948871964,0.28501046494883,0.28499872447041835,0.2849949110316396,0.2849960784749766,0.2849982349700296,0.285081899862062,0.28505344822263873,0.2850399711973496,0.28507739669133014,0.28505375236448,0.28503541244362973,0.2849776824565389,0.28498016477882987,0.28503503800052055,0.2850806643885593,0.2850360031772564,0.285030685283668,0.2850766112419272,0.2850360927888246,0.28498546528306823,0.284982896799215,0.2850301194041062,0.2850279004161297,0.28507202334703236,0.28504843719712564,0.28507017660812634,0.28505078033807035,0.285021296376329,0.28500491929122923,0.28502236508259915,0.2850047240873007
0.28505726481736826,0.2850542760768282,0.28504078958040563,0.2850371676806942,0.2850321837353508,0.2850356091291179,0.28501560971834866,0.2850193710407987,0.28501582233404094,0.28501281964436254,0.2849989018905514,0.28499574654684595,0.28499607012890227,0.2849982064441204,0.2849774896530588,0.2849806125702112,0.28498356709297984,0.284979926631285,0.28496776106975125,0.28496393643530854,0.2849654805162164,0.2849676432661317,0.28505145063906,0.28502321119278806,0.28500944143272616,0.28504693435739314,0.2850235162114433,0.2850048694275853,0.28494708449568384,0.2849495740045771,0.2850039669029188,0.2850497762132779,0.2850057504645915,0.28499960131564595,0.28504571109733556,0.28500584033417986,0.28495477518473394,0.28495207544175716,0.28499986696021723,0.2849975001316116,0.28504115970731864,0.28501815675586395,0.28503915717816025,0.2850206884543886,0.2849905948548582,0.28497499261972586,0.28499185777179376,0.28497470135435987
0.2850195331853087,0.2850165336890384,0.28500298990142386,0.28499935496568807,0.284994260683367,0.28499769843562356,0.28497766732306395,0.2849814422002221,0.2849777616589278,0.2849747481146898,0.28496064613695526,0.28495747934795385,0.2849578807321396,0.2849600247808339,0.2849390908554589,0.2849422251183655,0.2849452973474043,0.28494164369633307,0.28492982673413525,0.28492598838631283,0.28492712886157295,0.2849292994497585,0.28501404626297105,0.2849852079842978,0.28497148688875745,0.28500951387884743,0.28498551410474715,0.28496689841283657,0.2849086128374422,0.2849111113803899,0.28496652173447823,0.2850128029777741,0.2849675599318275,0.2849621406396523,0.2850087235374265,0.2849676501270697,0.28491632911911985,0.2849135017778734,0.28496144632915255,0.28495892864800726,0.2850039801693,0.28498005592724485,0.285001817536654,0.28498278092359663,0.28495245948826425,0.2849359154655013,0.2849539191484869,0.28493553110125613
0.28498731259827303,0.28498430391915697,0.28497072766624637,0.2849670816065136,0.284961863694675,0.28496531200235925,0.28494517902574396,0.28494896550673054,0.2849452377338415,0.28494221491602584,0.2849280696427416,0.2849248931096127,0.28492524044088896,0.2849273910979534,0.28490639275257285,0.2849095366747951,0.2849125856314905,0.2849089207089596,0.284896673623949,0.28489282329371324,0.28489434724709845,0.2848965245337352,0.28498141202955846,0.28495278516026235,0.2849387710930172,0.284976865599438,0.28495309222052123,0.2849341684227152,0.28487582780285153,0.2848783340428655,0.2849332600579577,0.2849797266364395,0.2849352077797624,0.2849288651910327,0.2849756343841189,0.2849352982508161,0.28488346787265195,0.2848805279789298,0.2849290076224113,0.28492634046150156,0.2849709243825804,0.28494758603896975,0.2849686012508823,0.28495050454934656,0.2849195653662947,0.2849038030220185,0.2849212232812276,0.2849033282758434
0.08,0.08,0.08,0.08,0.08,0.08,0.08,0.08,0.08,0.08,0.08,0.08,0.08,0.08,0.08,0.08,0.08,0.08,0.08,0.08,0.08,0.08,0.08,0.08,0.08,0.08,0.08,0.08,0.08,0.08,0.08,0.08,0.08,0.08,0.08,0.08,0.08,0.08,0.08,0.08,0.08,0.08,0.08,0.08,0.08,0.08,0.08,0.08,0.08
0.08,0.08,0.08,0.08,0.08,0.08,0.08,0.08,0.08,0.08,0.08,0.08,0.08,0.08,0.08,0.08,0.08,0.08,0.08,0.08,0.08,0.08,0.08,0.08,0.08,0.08,0.08,0.08,0.08,0.08,0.08,0.08,0.08,0.08,0.08,0.08,0.08,0.08,0.08,0.08,0.08,0.08,0.08,0.08,0.08,0.08,0.08,0.08,0.08
0.08,0.08,0.08,0.08,0.08,0.08,0.08,0.08,0.08,0.08,0.08,0.08,0.08,0.08,0.08,0.08,0.08,0.08,0.08,0.08,0.08,0.08,0.08,0.08,0.08,0.08,0.08,0.08,0.08,0.08,0.08,0.08,0.08,0.08,0.08,0.08,0.08,0.08,0.08,0.08,0.08,0.08,0.08,0.08,0.08,0.08,0.08,0.08,0.08
0.08,0.08,0.08,0.08,0.08,0.08,0.08,0.08,0.08,0.08,0.08,0.08,0.08,0.08,0.08,0.08,0.08,0.08,0.08,0.08,0.08,0.08,0.08,0.08,0.08,0.08,0.08,0.08,0.08,0.08,0.08,0.08,0.08,0.08,0.08,0.08,0.08,0.08,0.08,0.08,0.08,0.08,0.08,0.08,0.08,0.08,0.08,0.08,0.08
0.08,0.08,0.08,0.08,0.08,0.08,0.08,0.08,0.08,0.08,0.08,0.08,0.08,0.08,0.08,0.08,0.08,0.08,0.08,0.08,0.08,0.08,0.08,0.08,0.08,0.08,0.08,0.08,0.08,0.08,0.08,0.08,0.08,0.08,0.08,0.08,0.08,0.08,0.08,0.08,0.08,0.08,0.08,0.08,0.08,0.08,0.08,0.08,0.08
0.08,0.08,0.08,0.08,0.08,0.08,0.08,0.08,0.08,0.08,0.08,0.08,0.08,0.08,0.08,0.08,0.08,0.08,0.08,0.08,0.08,0.08,0.08,0.08,0.08,0.08,0.08,0.08,0.08,0.08,0.08,0.08,0.08,0.08,0.08,0.08,0.08,0.08,0.08,0.08,0.08,0.08,0.08,0.08,0.08,0.08,0.08,0.08,0.08
0.08,0.08,0.08,0.08,0.08,0.08,0.08,0.08,0.08,0.08,0.08,0.08,0.08,0.08,0.08,0.08,0.08,0.08,0.08,0.08,0.08,0.08,0.08,0.08,0.08,0.08,0.08,0.08,0.08,0.08,0.08,0.08,0.08,0.08,0.08,0.08,0.08,0.08,0.08,0.08,0.08,0.08,0.08,0.08,0.08,0.08,0.08,0.08,0.08
0.08,0.08,0.08,0.08,0.08,0.08,0.08,0.08,0.08,0.08,0.08,0.08,0.08,0.08,0.08,0.08,0.08,0.08,0.08,0.08,0.08,0.08,0.08,0.08,0.08,0.08,0.08,0.08,0.08,0.08,0.08,0.08,0.08,0.08,0.08,0.08,0.08,0.08,0.08,0.08,0.08,0.08,0.08,0.08,0.08,0.08,0.08,0.08,0.08
0.2849464114229638,0.2849433910895788,0.28492976237450995,0.2849261021930526,0.28492073135577,0.2849241930620568,0.2849039819859289,0.28490778317801296,0.2849039320226207,0.2849008974298589,0.2848866971837492,0.2848835082782126,0.2848837693726544,0.28488592842411903,0.28486484824896097,0.2848680044410905,0.2848710016720797,0.28486732242415896,0.28485502759656695,0.2848511622177105,0.28485264890353945,0.2848548347087585,0.284940837610973,0.28491156827455855,0.28489757033467933,0.2849362737208207,0.28491187652929323,0.28489294979218904,0.284834057133913,0.284836573178436,0.28489268890788305,0.28493958590399854,0.2848938877646611,0.2848882772456422,0.28493547810629943,0.2848939785879121,0.2848416588665315,0.28483862311374075,0.2848873336708648,0.2848845101563285,0.2849305690317479,0.2849062648238641,0.28492807497917416,0.2849093895985335,0.2848781379362241,0.28486139375967484,0.28488000815857667,0.2848608220536894,0.28482626074670275
0.2849130540069267,0.28491002417087447,0.2848963526798654,0.28489268098383336,0.28488720312496063,0.28489067575043087,0.28487044177352777,0.2848742549398577,0.2848702821719442,0.2848672379888226,0.2848531283613678,0.2848499294193399,0.28485000555677686,0.2848521714410398,0.28483102465954463,0.2848341908390142,0.28483716897477046,0.2848334780743382,0.2848211444128501,0.2848172667932023,0.2848187484947127,0.2848209412238945,0.28490706522815307,0.2848780146486768,0.284863729457772,0.28490248680852664,0.2848783238755682,0.28485909423928096,0.2848000979391614,0.284802621952841,0.2848580401612351,0.2849051425540999,0.28486031347629914,0.28485361415894805,0.28490102142079715,0.2848604045856542,0.2848076993541472,0.28480460201971297,0.2848537785101046,0.28485081845903654,0.28489637579688776,0.2848726655249887,0.284893730688727,0.28487597483199883,0.2848441185325861,0.28482816119176807,0.2848461806601339,0.28482750207700724,0.28479225541302305
0.2848864336512562,0.2848833962331068,0.2848696906119914,0.28486600972858467,0.2848604269682465,0.2848639083123766,0.2848436236183375,0.284847446357338,0.2848433945402852,0.28484034269545006,0.28482619764007044,0.28482299064768035,0.28482301510501545,0.2848251864503578,0.28480398643454735,0.2848071605963438,0.28481011819896085,0.28480641798350936,0.2847940532786612,0.28479016587372963,0.28479164357652687,0.2847938418407244,0.284880784471469,0.2848511678297743,0.28483696057609253,0.28487619474742276,0.28485147783436515,0.28483231375066,0.28477294602797915,0.28477547641219825,0.28483193269205975,0.28487952586100707,0.284833387142978,0.2848274958866561,0.28487539481133717,0.2848334784817444,0.28478055012546477,0.2847774132926339,0.28482655990114836,0.2848234703010701,0.2848703372246049,0.28484572468516495,0.2848675384193052,0.2848492229937368,0.2848171785654996,0.28480029146628444,0.2848194486733083,0.28479953996889473,0.28476506181067035
0.28484146024299795,0.28483841001810906,0.284824646749553,0.2848209503479823,0.28481519961034807,0.284818695677924,0.2847983253373545,0.284802164241982,0.2847979715504852,0.2847949067650219,0.2847807018728276,0.2847774812833919,0.28477742310562454,0.2847796036737718,0.2847583137555051,0.2847615013980374,0.2847644127881956,0.28476069683736116,0.2847486789439966,0.2847447751534573,0.28474582133337356,0.2847480289527611,0.28483538919016593,0.28480590554023505,0.28479131560797505,0.28483077994394057,0.2848062168557027,0.2847866489952384,0.28472698999462676,0.28472953115896565,0.2847855879991587,0.28483345378851815,0.28478808503764375,0.2847811320207403,0.28482930490790137,0.28478817676229995,0.2847346374181865,0.2847314696001135,0.28478117787927787,0.2847779748585264,0.28482451207960297,0.28480041118804295,0.2848215645798365,0.2848040967483444,0.28477131327164124,0.2847551712747419,0.28477379867564173,0.28475432613136087,0.28471900351180957,0.2847665871258978,0.28471859849277925
0.284803646054909,0.28480058506461803,0.28478671505852465,0.2847830055922563,0.2847771969374504,0.28478070537345684,0.28476022192063144,0.28476407441986773,0.2847598308873132,0.2847567552386053,0.28474236332515185,0.2847391312805729,0.28473914563758945,0.2847413339469468,0.28472011376462314,0.2847233126794325,0.28472604946535496,0.2847223203101747,0.28470985916300995,0.2847059413573727,0.2847073732227163,0.28470958868979673,0.2847978885285067,0.2847678254942428,0.2847532918496547,0.2847932631591625,0.2847681379123027,0.2847486087575603,0.2846885296221622,0.28469107980605524,0.2847483447836386,0.2847968454052942,0.28474981506819586,0.2847438734013735,0.28479268235989014,0.28474990711876036,0.2846961282600162,0.2846929402913719,0.28474270955986586,0.2847394237456205,0.2847872317854127,0.28476223867503064,0.28478415805992924,0.2847660941089638,0.2847330776455843,0.28471596852293496,0.2847357797024878,0.28471502842687413,0.2846804189553224,0.28472803087293996,0.2846798770548578,0.2847726593829244
0.2847634241850602,0.2847603517465855,0.2847464884899078,0.2847427651717573,0.2847367580918103,0.2847402796860482,0.2847197608592206,0.28472362779084603,0.28471925223563305,0.284716165032008,0.28470185648211566,0.28469861233738036,0.2846984246130991,0.2847006211559081,0.2846793212633069,0.28468253221256806,0.2846852388910959,0.28468149569256807,0.2846689877470521,0.2846650551891289,0.2846664733473288,0.2846686971605571,0.28475724863051016,0.28472733331048905,0.28471252387244605,0.2847526057924316,0.2847276469007081,0.2847078231158182,0.2846475588896674,0.2846501186795537,0.28470675459906625,0.2847552993627683,0.2847093828439561,0.28470226601909343,0.28475112024581245,0.28470947523876117,0.2846551657051296,0.2846519614207217,0.2847022583889493,0.2846989170194881,0.28474618270776425,0.28472168331501474,0.2847430123763577,0.28472568258869996,0.2846920810043173,0.28467574679525837,0.28469500178525425,0.28467471030157426,0.28463935142976576,0.2846875728985996,0.2846386693104446,0.2847313087832854,0.2847233724143859
0.28472683290141343,0.28472375005050227,0.2847098399263929,0.284706103991331,0.28469995467527437,0.284703488242066,0.2846828997731943,0.2846867798500691,0.28468228200453516,0.2846791842759427,0.2846648270616277,0.28466157185807,0.2846613174916696,0.2846635215354852,0.28464214902442947,0.28464537093755243,0.28464804572297625,0.28464428972887135,0.2846317391439161,0.28462779314447834,0.28462919665076325,0.284631428069007,0.28472100678913476,0.28469045743218385,0.28467564394303757,0.2847163483763687,0.28469077208963195,0.28467092721025244,0.2846102176288976,0.2846127861717626,0.28467054091640187,0.28471972983289967,0.2846724103856999,0.284666037365407,0.28471553695949714,0.2846725030952164,0.2846178302284391,0.2846146129384696,0.2846649163138254,0.2846615402936793,0.2847102136829682,0.2846847315366129,0.28470698086212287,0.2846888366343535,0.28465501303410606,0.28463770563469115,0.2846581561089626,0.2846365692191266,0.28460191303728416,0.2846500118793336,0.2846010879118625,0.2846953973576088,0.28468639798953776,0.2846495570726547
0.2846861099594766,0.28468301552309894,0.28466905325251435,0.28466530327917233,0.28465903317339153,0.28466258004930556,0.2846419141647333,0.28464580885432983,0.28464120743884597,0.28463809801955986,0.2846236867517429,0.2846204192645187,0.28462009722934206,0.28462230960366386,0.28460085644455557,0.28460409053396896,0.2846067336735479,0.28460296347018244,0.2845903655357967,0.28458640460980744,0.2845877935426989,0.2845900334058213,0.2846798341421565,0.284649514485277,0.2846343685328794,0.28467515803981475,0.2846498303273835,0.28462963392401924,0.28456874282737027,0.28457132108984706,0.2846285579542053,0.28467787114684445,0.284631435364542,0.28462403705117983,0.28467366208842176,0.2846315284227591,0.2845763638939228,0.2845731334636494,0.2846239578559472,0.284620557618854,0.284668613972984,0.2846437708771024,0.2846653411837391,0.2846479471794037,0.2846135113416407,0.2845969832074554,0.28461687970859584,0.28459574554249567,0.28456033526338537,0.2846090825013777,0.28455936417455485,0.2846535810190785,0.28464548199942363,0.28460848857335214,0.28465310225993445
0.2846422471185232,0.2846391402065481,0.2846250626300694,0.28462129751952436,0.2846149308427392,0.2846184920586504,0.2845977009781067,0.2846016114271499,0.28459694609006936,0.28459382407627787,0.28457921572416406,0.28457593496218697,0.28457568319353327,0.2845779045415165,0.2845563645090226,0.2845596117147834,0.2845622230706451,0.2845584375618084,0.28454619534945697,0.28454221849205935,0.28454318571324977,0.28454543467256993,0.28463630964104825,0.28460532991902504,0.2845900593814899,0.28463161484340516,0.2846056470392592,0.28458530558757544,0.28452400239384606,0.2845265911385306,0.2845843684823893,0.2846352513594212,0.28458708796680215,0.28457982932006526,0.28463102582585237,0.28458718140232225,0.2845316889727165,0.2845284449705736,0.28457958483003604,0.2845761653104074,0.2846253564001963,0.2845995138858232,0.2846220570141141,0.2846037366158123,0.2845691449245128,0.28455160840041194,0.28457273947858475,0.28455026806535344,0.28451551931003044,0.2845646768123806,0.28451439784982663,0.2846104942289825,0.2846014167910766,0.28456393998643303,0.28460986860061105,0.2846019493099888
0.2846042523496335,0.2846011346337193,0.28458706758418173,0.2845832894027213,0.28457673121426397,0.2845803048478366,0.2845594833238054,0.28456340739187835,0.2845585946683706,0.284555461744432,0.28454094180255324,0.2845376496185097,0.2845371905244719,0.28453941964780266,0.2845176564408268,0.28452091505499466,0.2845236403298782,0.2845198415572319,0.28450714842449654,0.28450315748706934,0.28450451550332995,0.28450677234611466,0.2845978838826576,0.2845670497914337,0.28455166144355365,0.28459317258384703,0.28456736801872495,0.2845468910281467,0.2844853206407942,0.28448791844593957,0.28454580717864864,0.28459590636596627,0.2845487983939211,0.28454125208655706,0.28459166562688754,0.28454889215512474,0.2844929574487515,0.2844897018624907,0.28454112696387396,0.2845376928261004,0.2845865287839605,0.28456116411262006,0.2845832111282034,0.2845654160622872,0.28453053389851785,0.28451288997210883,0.2845343465806925,0.2845114467938351,0.28447669772179324,0.2845260650473654,0.2844754238972879,0.2845713126106996,0.28456276412526493,0.28452516741440087,0.2845705197244754,0.28456345464807886
0.28456902040091014,0.28456589266886895,0.2845517209885409,0.284547930649943,0.2845412996811683,0.2845448848300341,0.28452395426117766,0.28452789098739634,0.2845230160995873,0.28451987305655757,0.2845053063301134,0.2845020035137465,0.28450147671941656,0.2845037130551749,0.2844818795483128,0.2844851487046347,0.2844878392723789,0.2844840281949382,0.28447129406145266,0.28446729019810957,0.2844686312889692,0.2844708954456225,0.28456260739445455,0.28453156416490777,0.2845160376910404,0.2845578809502079,0.284531883418213,0.2845112518584327,0.28444937433727424,0.28445198056027376,0.2845103086686741,0.2845608565725231,0.284513160458055,0.28450573891531356,0.284556602290898,0.2845132545223207,0.28445701436154824,0.28445374812272206,0.28450544589929216,0.28450199946173704,0.28455119086454134,0.2845256352115301,0.2845478596092392,0.2845299078702586,0.2844947084119422,0.2844769550127915,0.28449872837106155,0.28447540881790884,0.28444064443969913,0.284490355116299,0.2844392156826101,0.28453601715266114,0.28452744481041237,0.28448929373647625,0.28453505256578987,0.28452831248932425
0.28453194248779534,0.2845288042171162,0.28451464465569215,0.28451084156779444,0.2845040179357424,0.28450761519858675,0.28448665623497177,0.2844906062466793,0.28448558509445887,0.2844824314078035,0.2844676752109498,0.28446436116929585,0.2844639084544454,0.28446615237547646,0.2844443938198818,0.28444767401946636,0.2844501808785293,0.2844463568607774,0.2844339904701031,0.2844299731613281,0.2844308859903832,0.2844331578385313,0.2845254833987961,0.28449422624439397,0.28447855958781104,0.28452074101936725,0.28449454657703394,0.28447375753902904,0.2844115077986819,0.28441412288725315,0.2844726667313294,0.28452372678960536,0.2844758543329947,0.28446808143484575,0.284519458164867,0.2844759487144392,0.28441920771112544,0.2844159303251347,0.28446790811976336,0.2844644494630297,0.2845140034213902,0.28448825323247295,0.2845106596394358,0.28449254350767156,0.2844570363812434,0.28443916008839143,0.28446124657078586,0.284437509766491,0.28440270024779923,0.28445265964825117,0.28440111289266395,0.2844987344774931,0.2844897872149626,0.28445142905325654,0.28449759401136177,0.28449083798707325
0.2844893983417727,0.28448624798167366,0.2844719740290424,0.28446815627165895,0.2844612302011229,0.28446484136367894,0.28444380155383714,0.28444776682664247,0.28444261339945165,0.2844394474966005,0.28442463427802644,0.2844213074004506,0.2844207637130686,0.2844230163431935,0.2844011734793056,0.2844044664084879,0.2844069386340538,0.2844030997608507,0.28439032454634616,0.2843862915027663,0.2843875466079044,0.28438982728532947,0.28448288919461334,0.28445137699627343,0.2844355366430254,0.28447812853632204,0.2844516985672681,0.2844307159833951,0.28436814941016003,0.2843707746476216,0.2844296210833476,0.2844808913193576,0.28443283994328206,0.28442501801673625,0.28447660615137943,0.28443293469034964,0.28437580053768313,0.2843725103859862,0.2844248195863324,0.2844213472795086,0.2844713394511392,0.2844453567637061,0.28446798221117897,0.284449665044208,0.28441377080622815,0.2843957755800897,0.284418144039168,0.2843940194878085,0.28435918966174867,0.2844094654996216,0.2843574390372603,0.2844558309324694,0.2844470978243905,0.28440806048617595,0.2844545082088753,0.2844483368125134,0.28441327789471965
0.28445809098065455,0.2844549317261674,0.28444067772487397,0.28443684921070117,0.2844297345681306,0.2844333559598529,0.2844122141628111,0.28441619068178087,0.2844109804740379,0.2844078055804402,0.2843930916008576,0.2843897553185409,0.2843890086539948,0.2843912676926819,0.2843692129040213,0.28437251524436535,0.2843750999290795,0.2843712501204617,0.2843588005668268,0.28435475616629424,0.28435563004210157,0.2843579172202339,0.2844515375715626,0.2844198289613493,0.2844038588738508,0.2844467634620274,0.28442015144388677,0.2843990245141314,0.2843361213370659,0.2843387540696387,0.2843980721141518,0.2844497694410435,0.284401333989088,0.2843934560263899,0.2844454722563273,0.2844014290038966,0.28434382770076666,0.28434052815329636,0.2843930864228929,0.28438960413331105,0.2844399290893873,0.28441376690919407,0.2844365621112446,0.28441808803569235,0.28438194483781554,0.28436380730408567,0.28438643731088564,0.2843619472098697,0.28432708349699853,0.2843777026246079,0.2843251686707694,0.2844244624374277,0.28441522497098715,0.28437611985959627,0.28442295397130235,0.2844166573379505,0.28438165820229994
0.28443153828436596,0.2844283714875943,0.28441408354219055,0.28441024588897074,0.2844030082694031,0.28440663833979235,0.2843854459633789,0.2843894320110547,0.284384128187929,0.2843809456636818,0.28436619640674465,0.28436285210678225,0.2843620476877123,0.28436431216649627,0.28434220435515284,0.2843455146470714,0.28434806152178255,0.284344202428114,0.28433172293549047,0.2843276687815787,0.284328521601049,0.2843308142996021,0.28442494267731755,0.2843930537835665,0.2843769640559503,0.2844201571593679,0.2843933770396061,0.2843721180667284,0.28430896589816307,0.2843116049844404,0.28437116346054825,0.28442317040508636,0.2843745145365594,0.28436653626877106,0.28441886295176205,0.2843746097792428,0.2843166675495231,0.28431336002558416,0.2843661401194949,0.2843626493960635,0.2844132797331121,0.28438695186948976,0.28440990459436294,0.28439128364555805,0.2843549332124078,0.28433729468232555,0.2843595030339007,0.28433533286576174,0.2842998177935188,0.2843506685897414,0.28429773505170275,0.28439772512405825,0.28438836711294047,0.28434890407934016,0.284396026861582,0.28438999727217845,0.28435464833703933
0.2843882379878536,0.28438505889422167,0.2843706550794311,0.28436680250522506,0.28435946135789353,0.28436310556602507,0.28434187355420637,0.28434587510913145,0.2843403970823918,0.28433720213364827,0.2843223954377334,0.2843190380831643,0.2843181450898753,0.2843204184253031,0.28429822429230844,0.28430154752962167,0.28430406204252545,0.2843001878425554,0.28428765964160824,0.28428358961945954,0.28428442250515207,0.28428672418222045,0.2843819839721438,0.2843494689422906,0.28433333906381575,0.2843771800300368,0.2843497934571775,0.2843284742148411,0.2842647903649676,0.2842674397850219,0.2843280768760341,0.2843809018897421,0.2843308024574657,0.2843234319080564,0.2843765781219468,0.28433089807147627,0.28427249867975285,0.2842691781939493,0.284322055601376,0.2843185511404392,0.28437059345518684,0.2843433434583012,0.2843672053714976,0.28434769222477396,0.28431077023778456,0.28429251778736625,0.2843153957074999,0.28429045589172375,0.2842555165543416,0.28430628906478356,0.2842532612509798,0.2843550587306685,0.2843450006199144,0.2843043366046897,0.28435316408373273,0.2843468354858935,0.2843096102968728,0.28431015730936127
0.08,0.08,0.08,0.08,0.08,0.08,0.08,0.08,0.08,0.08,0.08,0.08,0.08,0.08,0.08,0.08,0.08,0.08,0.08,0.08,0.08,0.08,0.08,0.08,0.08,0.08,0.08,0.08,0.08,0.08,0.08,0.08,0.08,0.08,0.08,0.08,0.08,0.08,0.08,0.08,0.08,0.08,0.08,0.08,0.08,0.08,0.08,0.08,0.08,0.08,0.08,0.08,0.08,0.08,0.08,0.08,0.08,0.08
0.08,0.08,0.08,0.08,0.08,0.08,0.08,0.08,0.08,0.08,0.08,0.08,0.08,0.08,0.08,0.08,0.08,0.08,0.08,0.08,0.08,0.08,0.08,0.08,0.08,0.08,0.08,0.08,0.08,0.08,0.08,0.08,0.08,0.08,0.08,0.08,0.08,0.08,0.08,0.08,0.08,0.08,0.08,0.08,0.08,0.08,0.08,0.08,0.08,0.08,0.08,0.08,0.08,0.08,0.08,0.08,0.08,0.08
0.08,0.08,0.08,0.08,0.08,0.08,0.08,0.08,0.08,0.08,0.08,0.08,0.08,0.08,0.08,0.08,0.08,0.08,0.08,0.08,0.08,0.08,0.08,0.08,0.08,0.08,0.08,0.08,0.08,0.08,0.08,0.08,0.08,0.08,0.08,0.08,0.08,0.08,0.08,0.08,0.08,0.08,0.08,0.08,0.08,0.08,0.08,0.08,0.08,0.08,0.08,0.08,0.08,0.08,0.08,0.08,0.08,0.08
0.08,0.08,0.08,0.08,0.08,0.08,0.08,0.08,0.08,0.08,0.08,0.08,0.08,0.08,0.08,0.08,0.08,0.08,0.08,0.08,0.08,0.08,0.08,0.08,0.08,0.08,0.08,0.08,0.08,0.08,0.08,0.08,0.08,0.08,0.08,0.08,0.08,0.08,0.08,0.08,0.08,0.08,0.08,0.08,0.08,0.08,0.08,0.08,0.08,0.08,0.08,0.08,0.08,0.08,0.08,0.08,0.08,0.08
0.08,0.08,0.08,0.08,0.08,0.08,0.08,0.08,0.08,0.08,0.08,0.08,0.08,0.08,0.08,0.08,0.08,0.08,0.08,0.08,0.08,0.08,0.08,0.08,0.08,0.08,0.08,0.08,0.08,0.08,0.08,0.08,0.08,0.08,0.08,0.08,0.08,0.08,0.08,0.08,0.08,0.08,0.08,0.08,0.08,0.08,0.08,0.08,0.08,0.08,0.08,0.08,0.08,0.08,0.08,0.08,0.08,0.08
0.08,0.08,0.08,0.08,0.08,0.08,0.08,0.08,0.08,0.08,0.08,0.08,0.08,0.08,0.08,0.08,0.08,0.08,0.08,0.08,0.08,0.08,0.08,0.08,0.08,0.08,0.08,0.08,0.08,0.08,0.08,0.08,0.08,0.08,0.08,0.08,0.08,0.08,0.08,0.08,0.08,0.08,0.08,0.08,0.08,0.08,0.08,0.08,0.08,0.08,0.08,0.08,0.08,0.08,0.08,0.08,0.08,0.08
0.08,0.08,0.08,0.08,0.08,0.08,0.08,0.08,0.08,0.08,0.08,0.08,0.08,0.08,0.08,0.08,0.08,0.08,0.08,0.08,0.08,0.08,0.08,0.08,0.08,0.08,0.08,0.08,0.08,0.08,0.08,0.08,0.08,0.08,0.08,0.08,0.08,0.08,0.08,0.08,0.08,0.08,0.08,0.08,0.08,0.08,0.08,0.08,0.08,0.08,0.08,0.08,0.08,0.08,0.08,0.08,0.08,0.08
0.08,0.08,0.08,0.08,0.08,0.08,0.08,0.08,0.08,0.08,0.08,0.08,0.08,0.08,0.08,0.08,0.08,0.08,0.08,0.08,0.08,0.08,0.08,0.08,0.08,0.08,0.08,0.08,0.08,0.08,0.08,0.08,0.08,0.08,0.08,0.08,0.08,0.08,0.08,0.08,0.08,0.08,0.08,0.08,0.08,0.08,0.08,0.08,0.08,0.08,0.08,0.08,0.08,0.08,0.08,0.08,0.08,0.08
