1,3,4,5,6,7,8,9,10,11,12,13,14,15,16,17,18,19,20,21,22,23,24,25,26,27,28,29,30,31,32,33,34,35,36,37,38,39,40,41,42,43,44,45,46,47,2,49,50,51,52,53,54,55,56,57,58,59,60,61,62,63,64,65,66,67,68,69,70,71,72,74,75,76,77,78,80,81,82
1,3,4,5,6,7,8,9,10,11,12,13,14,15,16,17,18,19,20,21,22,23,24,25,26,27,28,29,30,31,32,33,34,35,36,37,38,39,40,41,42,43,44,45,46,47,2,49,50,51,52,53,54,55,56,57,58,59,60,61,62,63,64,65,66,67,68,69,70,71,72,73,74,75,76,77,78,80,81,82
1,3,4,5,6,7,8,9,10,11,12,13,14,15,16,17,18,19,20,21,22,23,24,25,26,27,28,29,30,31,32,33,34,35,36,37,38,39,40,41,42,43,44,45,46,47,2,49,50,51,52,53,54,55,56,57,58,59,60,61,62,63,64,65,66,67,68,69,70,71,72,73,74,75,76,77,78,80,81,82
1,3,4,5,6,7,8,9,10,11,12,13,14,15,16,17,18,19,20,21,22,23,24,25,26,27,28,29,30,31,32,33,34,35,36,37,38,39,40,41,42,43,44,45,46,47,2,49,50,51,52,53,54,55,56,57,58,59,60,61,62,63,64,65,66,67,68,69,70,71,72,73,74,75,76,77,78,80,81,82
1,3,4,5,6,7,8,9,10,11,12,13,14,15,16,17,18,19,20,21,22,23,24,25,26,27,28,29,30,31,32,33,34,35,36,37,38,39,40,41,42,43,44,45,46,47,2,49,50,51,52,53,54,55,56,57,58,59,60,61,62,63,64,65,66,67,68,69,70,71,72,73,74,75,76,77,78,80,81,82
1,3,4,5,6,7,8,9,10,11,12,13,14,15,16,17,18,19,20,21,22,23,24,25,26,27,28,29,30,31,32,33,34,35,36,37,38,39,40,41,42,43,44,45,46,47,2,49,50,51,52,53,54,55,56,57,58,59,60,61,62,63,64,65,66,67,68,69,70,71,72,73,74,75,76,77,78,80,81,82
1,3,4,5,6,7,8,9,10,11,12,13,14,15,16,17,18,19,20,21,22,23,24,25,26,27,28,29,30,31,32,33,34,35,36,37,38,39,40,41,42,43,44,45,46,47,2,49,50,51,52,53,54,55,56,57,58,59,60,61,62,63,64,65,66,67,68,69,70,71,72,73,74,75,76,77,78,80,81,82
1,3,4,5,6,7,8,9,10,11,12,13,14,15,16,17,18,19,20,21,22,23,24,25,26,27,28,29,30,31,32,33,34,35,36,37,38,39,40,41,42,43,44,45,46,47,48,2,49,50,51,52,53,54,55,56,57,58,59,60,61,62,63,64,65,66,67,68,69,70,71,72,73,74,75,76,77,78,80,81,82
1,3,4,5,6,7,8,9,10,11,12,13,14,15,16,17,18,19,20,21,22,23,24,25,26,27,28,29,30,31,32,33,34,35,36,37,38,39,40,41,42,43,44,45,46,47,48,2,49,50,51,52,53,54,55,56,57,58,59,60,61,62,63,64,65,66,67,68,69,70,71,72,73,74,75,76,77,78,80,81,82
1,3,4,5,6,7,8,9,10,11,12,13,14,15,16,17,18,19,20,21,22,23,24,25,26,27,28,29,30,31,32,33,34,35,36,37,38,39,40,41,42,43,44,45,46,47,48,2,49,50,51,52,53,54,55,56,57,58,59,60,61,62,63,64,65,66,67,68,69,70,71,72,73,74,75,76,77,78,80,81,82
1,3,4,5,6,7,8,9,10,11,12,13,14,15,16,17,18,19,20,21,22,23,24,25,26,27,28,29,30,31,32,33,34,35,36,37,38,39,40,41,42,43,44,45,46,47,48,2,49,50,51,52,53,54,55,56,57,58,59,60,61,62,63,64,65,66,67,68,69,70,71,72,73,74,75,76,77,78,80,81,82
1,3,4,5,6,7,8,9,10,11,12,13,14,15,16,17,18,19,20,21,22,23,24,25,26,27,28,29,30,31,32,33,34,35,36,37,38,39,40,41,42,43,44,45,46,47,48,2,49,50,51,52,53,54,55,56,57,58,59,60,61,62,63,64,65,66,67,68,69,70,71,72,73,74,75,76,77,78,80,81,82
1,3,4,5,6,7,8,9,10,11,12,13,14,15,16,17,18,19,20,21,22,23,24,25,26,27,28,29,30,31,32,33,34,35,36,37,38,39,40,41,42,43,44,45,46,47,48,2,49,50,51,52,53,54,55,56,57,58,59,60,61,62,63,64,65,66,67,68,69,70,71,72,73,74,75,76,77,78,80,81,82
1,3,4,5,6,7,8,9,10,11,12,13,14,15,16,17,18,19,20,21,22,23,24,25,26,27,28,29,30,31,32,33,34,35,36,37,38,39,40,41,42,43,44,45,46,47,48,2,49,50,51,52,53,54,55,56,57,58,59,60,61,62,63,64,65,66,67,68,69,70,71,72,73,74,75,76,77,78,80,81,82
1,3,4,5,6,7,8,9,10,11,12,13,14,15,16,17,18,19,20,21,22,23,24,25,26,27,28,29,30,31,32,33,34,35,36,37,38,39,40,41,42,43,44,45,46,47,48,2,49,50,51,52,53,54,55,56,57,58,59,60,61,62,63,64,65,66,67,68,69,70,71,72,73,74,75,76,77,78,80,81,82
1,3,4,5,6,7,8,9,10,11,12,13,14,15,16,17,18,19,20,21,22,23,24,25,26,27,28,29,30,31,32,33,34,35,36,37,38,39,40,41,42,43,44,45,46,47,48,2,49,50,51,52,53,54,55,56,57,58,59,60,61,62,63,64,65,66,67,68,69,70,71,72,73,74,75,76,77,78,80,81,82
1,3,4,5,6,7,8,9,10,11,12,13,14,15,16,17,18,19,20,21,22,23,24,25,26,27,28,29,30,31,32,33,34,35,36,37,38,39,40,41,42,43,44,45,46,47,48,2,49,50,51,52,53,54,55,56,57,58,59,60,61,62,63,64,65,66,67,68,69,70,71,72,73,74,75,76,77,78,80,81,82
1,3,4,5,6,7,8,9,10,11,12,13,14,15,16,17,18,19,20,21,22,23,24,25,26,27,28,29,30,31,32,33,34,35,36,37,38,39,40,41,42,43,44,45,46,47,48,2,49,50,51,52,53,54,55,56,57,58,59,60,61,62,63,64,65,66,67,68,69,70,71,72,73,74,75,76,77,78,80,81,82
1,3,4,5,6,7,8,9,10,11,12,13,14,15,16,17,18,19,20,21,22,23,24,25,26,27,28,29,30,31,32,33,34,35,36,37,38,39,40,41,42,43,44,45,46,47,48,2,49,50,51,52,53,54,55,56,57,58,59,60,61,62,63,64,65,66,67,68,69,70,71,72,73,74,75,76,77,78,80,81,82
1,3,4,5,6,7,8,9,10,11,12,13,14,15,16,17,18,19,20,21,22,23,24,25,26,27,28,29,30,31,32,33,34,35,36,37,38,39,40,41,42,43,44,45,46,47,48,2,49,87,50,51,52,53,54,55,89,56,57,58,59,60,61,91,62,63,64,65,66,67,68,69,70,71,72,73,74,75,76,77,78,80,81,82
1,3,4,5,6,7,8,9,10,11,12,13,14,15,16,17,18,19,20,21,22,23,24,25,26,27,28,29,30,31,32,33,34,35,36,37,38,39,40,41,42,43,44,45,46,47,48,2,49,87,50,51,52,53,54,55,89,56,57,58,59,60,61,91,62,63,64,65,66,67,68,69,70,71,72,73,74,75,76,77,78,80,81,82
1,3,4,5,6,7,8,9,10,11,12,13,14,15,16,17,18,19,20,21,22,23,24,25,26,27,28,29,30,31,32,33,34,35,36,37,38,39,40,41,42,43,44,45,46,47,48,2,49,87,50,51,52,53,54,55,89,56,57,58,59,60,61,91,62,63,64,65,66,67,68,69,70,71,72,73,74,75,76,77,78,80,81,82
1,3,4,5,6,7,8,9,10,11,12,13,14,15,16,17,18,19,20,21,22,23,24,25,26,27,28,29,30,31,32,33,34,35,36,37,38,39,40,41,42,43,44,45,46,47,48,2,49,87,50,51,52,53,54,55,89,56,57,58,59,60,61,91,62,63,64,65,66,67,68,69,70,71,72,73,74,75,76,77,78,80,81,82
1,3,4,5,6,7,8,9,10,11,12,13,14,15,16,17,18,19,20,21,22,23,24,25,26,27,28,29,30,31,32,33,34,35,36,37,38,39,40,41,42,43,44,45,46,47,48,2,49,87,50,51,52,53,54,55,89,56,57,58,59,60,61,91,62,63,64,65,66,67,68,69,70,71,72,73,74,75,76,77,78,80,81,82
1,3,4,5,6,7,8,9,10,11,12,13,14,15,16,17,18,19,20,21,22,23,24,25,26,27,28,29,30,31,32,33,34,35,36,37,38,39,40,41,42,43,44,45,46,47,48,2,49,87,50,51,52,53,54,55,89,56,57,58,59,60,61,91,62,63,64,65,66,67,68,69,70,71,72,73,74,75,76,77,78,80,81,82
1,3,4,5,6,7,8,9,10,11,12,13,14,15,16,17,18,19,20,21,22,23,24,25,26,27,28,29,30,31,32,33,34,35,36,37,38,39,40,41,42,43,44,45,46,47,48,2,49,87,50,51,52,53,54,55,89,56,57,58,59,60,61,91,62,63,64,65,66,67,68,69,70,71,72,73,74,75,76,77,78,80,81,82
1,3,4,5,6,7,8,9,10,11,12,13,14,15,16,17,18,19,20,21,22,23,24,25,26,27,28,29,30,31,32,33,34,35,36,37,38,39,40,41,42,43,44,45,46,47,48,2,49,87,50,51,52,53,54,55,89,56,57,58,59,60,61,91,62,63,64,65,66,67,68,69,70,71,72,73,74,75,76,77,78,80,81,82
1,3,4,5,6,7,8,9,10,11,12,13,14,15,16,17,18,19,20,21,22,23,24,25,26,27,28,29,30,31,32,33,34,35,36,37,38,39,40,41,42,43,44,45,46,47,48,2,49,87,93,50,51,52,53,54,55,89,97,56,57,58,59,60,61,91,101,62,63,64,65,66,67,68,69,70,71,72,73,74,75,76,77,78,80,81,82
1,3,4,5,6,7,8,9,10,11,12,13,14,15,16,17,18,19,20,21,22,23,24,25,26,27,28,29,30,31,32,33,34,35,36,37,38,39,40,41,42,43,44,45,46,47,48,2,49,87,93,50,51,52,53,54,55,89,97,56,57,58,59,60,61,91,101,62,63,64,65,66,67,68,69,70,71,72,73,74,75,76,77,78,80,81,82
1,3,4,5,6,7,8,9,10,11,12,13,14,15,16,17,18,19,20,21,22,23,24,25,26,27,28,29,30,31,32,33,34,35,36,37,38,39,40,41,42,43,44,45,46,47,48,2,49,87,93,50,51,52,53,54,55,89,97,56,57,58,59,60,61,91,101,62,63,64,65,66,67,68,69,70,71,72,73,74,75,76,77,78,80,81,82
1,3,4,5,6,7,8,9,10,11,12,13,14,15,16,17,18,19,20,21,22,23,24,25,26,27,28,29,30,31,32,33,34,35,36,37,38,39,40,41,42,43,44,45,46,47,48,2,49,87,93,94,50,51,52,53,54,55,89,97,98,56,57,58,59,60,61,91,101,102,62,63,64,65,66,67,68,69,70,71,72,73,74,75,76,77,78,80,81,82
1,3,4,5,6,7,8,9,10,11,12,13,14,15,16,17,18,19,20,21,22,23,24,25,26,27,28,29,30,31,32,33,34,35,36,37,38,39,40,41,42,43,44,45,46,47,48,2,49,87,93,94,50,51,52,53,54,55,89,97,98,56,57,58,59,60,61,91,101,102,62,63,64,65,66,67,68,69,70,71,72,73,74,75,76,77,78,80,81,82
1,3,4,5,6,7,8,9,10,11,12,13,14,15,16,17,18,19,20,21,22,23,24,25,26,27,28,29,30,31,32,33,34,35,36,37,38,39,40,41,42,43,44,45,46,47,48,2,49,87,93,94,50,51,52,53,54,55,89,97,98,56,57,58,59,60,61,91,101,102,62,63,64,65,66,67,68,69,70,71,72,73,74,75,76,77,78,79,80,81,82
1,3,4,5,6,7,8,9,10,11,12,13,14,15,16,17,18,19,20,21,22,23,24,25,26,27,28,29,30,31,32,33,34,35,36,37,38,39,40,41,42,43,44,45,46,47,48,2,49,87,93,94,50,51,52,53,54,55,89,97,98,56,57,58,59,60,61,91,101,102,62,63,64,65,66,67,68,69,70,71,72,73,74,75,76,77,78,79,80,81,82
1,3,4,5,6,7,8,9,10,11,12,13,14,15,16,17,18,19,20,21,22,23,24,25,26,27,28,29,30,31,32,33,34,35,36,37,38,39,40,41,42,43,44,45,46,47,48,2,49,87,93,94,50,51,52,53,54,55,89,97,98,56,57,58,59,60,61,91,101,102,62,63,64,65,66,67,68,69,70,71,72,73,74,75,76,77,78,79,80,81,82
1,3,4,5,6,7,8,9,10,11,12,13,14,15,16,17,18,19,20,21,22,23,24,25,26,27,28,29,30,31,32,33,34,35,36,37,38,39,40,41,42,43,44,45,46,47,48,2,49,87,93,94,50,51,52,53,54,55,89,97,98,56,57,58,59,60,61,91,101,102,62,63,64,65,66,67,68,69,70,71,72,73,74,75,76,77,78,79,80,81,82
1,3,4,5,6,7,8,9,10,11,12,13,14,15,16,17,18,19,20,21,22,23,24,25,26,27,28,29,30,31,32,33,34,35,36,37,38,39,40,41,42,43,44,45,46,47,48,2,49,87,93,94,50,51,52,53,54,55,89,97,98,56,57,58,59,60,61,91,101,102,62,63,64,65,66,67,68,69,70,71,72,73,74,75,76,77,78,79,80,81,82
1,3,4,5,6,7,8,9,10,11,12,13,14,15,16,17,18,19,20,21,22,23,24,25,26,27,28,29,30,31,32,33,34,35,36,37,38,39,40,41,42,43,44,45,46,47,48,2,49,87,93,94,50,51,52,53,54,55,89,97,98,56,57,58,59,60,61,91,101,102,62,63,64,65,66,67,68,69,70,71,72,73,74,75,76,77,78,79,80,81,82
1,3,4,5,6,7,8,9,10,11,12,13,14,15,16,17,18,19,20,21,22,23,24,25,26,27,28,29,30,31,32,33,34,35,36,37,38,39,40,41,42,43,44,45,46,47,48,85,2,49,87,93,94,50,51,52,53,54,55,89,97,98,56,57,58,59,60,61,91,101,102,62,63,64,65,66,67,68,69,70,71,72,73,74,75,76,77,78,79,80,81,82
1,3,4,5,6,7,8,9,10,11,12,13,14,15,16,17,18,19,20,21,22,23,24,25,26,27,28,29,30,31,32,33,34,35,36,37,38,39,40,41,42,43,44,45,46,47,48,85,2,49,87,93,94,50,51,52,53,54,55,89,97,98,56,57,58,59,60,61,91,101,102,62,63,64,65,66,67,68,69,70,71,72,73,74,75,76,77,78,79,80,81,82
1,3,4,5,6,7,8,9,10,11,12,13,14,15,16,17,18,19,20,21,22,23,24,25,26,27,28,29,30,31,32,33,34,35,36,37,38,39,40,41,42,43,44,45,46,47,48,85,2,49,87,93,94,50,51,52,53,54,55,89,97,98,56,57,58,59,60,61,91,101,102,62,63,64,65,66,67,68,69,70,71,72,73,74,75,76,77,78,79,80,81,82
1,3,4,5,6,7,8,9,10,11,12,13,14,15,16,17,18,19,20,21,22,23,24,25,26,27,28,29,30,31,32,33,34,35,36,37,38,39,40,41,42,43,44,45,46,47,48,85,2,49,87,93,94,50,51,52,53,54,55,89,97,98,56,57,58,59,60,61,91,101,102,62,63,64,65,66,67,68,69,70,71,72,73,74,75,76,77,78,79,80,81,82
1,3,4,5,6,7,8,9,10,11,12,13,14,15,16,17,18,19,20,21,22,23,24,25,26,27,28,29,30,31,32,33,34,35,36,37,38,39,40,41,42,43,44,45,46,47,48,85,2,49,87,93,94,50,51,52,53,54,55,89,97,98,56,57,58,59,60,61,91,101,102,62,63,64,65,66,67,68,69,70,71,72,73,74,75,76,77,78,79,80,81,82
1,3,4,5,6,7,8,9,10,11,12,13,14,15,16,17,18,19,20,21,22,23,24,25,26,27,28,29,30,31,32,33,34,35,36,37,38,39,40,41,42,43,44,45,46,47,48,85,2,49,87,93,94,50,51,52,53,54,55,89,97,98,56,57,58,59,60,61,91,101,102,62,63,64,65,66,67,68,69,70,71,72,73,74,75,76,77,78,79,80,81,82
1,3,4,5,6,7,8,9,10,11,12,13,14,15,16,17,18,19,20,21,22,23,24,25,26,27,28,29,30,31,32,33,34,35,36,37,38,39,40,41,42,43,44,45,46,47,48,85,2,49,87,93,94,50,51,52,53,54,55,89,97,98,56,57,58,59,60,61,91,101,102,62,63,64,65,66,67,68,69,70,71,72,73,74,75,76,77,78,79,80,81,82
1,3,4,5,6,7,8,9,10,11,12,13,14,15,16,17,18,19,20,21,22,23,24,25,26,27,28,29,30,31,32,33,34,35,36,37,38,39,40,41,42,43,44,45,46,47,48,85,2,49,87,93,94,50,51,52,53,54,55,89,97,98,56,57,58,59,60,61,91,101,102,62,63,64,65,66,67,68,69,70,71,72,73,74,75,76,77,78,79,80,81,82
1,3,4,5,6,7,8,9,10,11,12,13,14,15,16,17,18,19,20,21,22,23,24,25,26,27,28,29,30,31,32,33,34,35,36,37,38,39,40,41,42,43,44,45,46,47,48,85,2,49,87,93,94,50,51,52,53,54,55,89,97,98,56,57,58,59,60,61,91,101,102,62,63,64,65,66,67,68,69,70,71,72,73,74,75,76,77,78,79,80,81,82
1,3,4,5,6,7,8,9,10,11,12,13,14,15,16,17,18,19,20,21,22,23,24,25,26,27,28,29,30,31,32,33,34,35,36,37,38,39,40,41,42,43,44,45,46,47,48,85,2,49,87,93,94,50,51,52,53,54,55,89,97,98,56,57,58,59,60,61,91,101,102,62,63,64,65,66,67,68,69,70,71,72,73,74,75,76,77,78,79,80,81,82
1,3,4,5,6,7,8,9,10,11,12,13,14,15,16,17,18,19,20,21,22,23,24,25,26,27,28,29,30,31,32,33,34,35,36,37,38,39,40,41,42,43,44,45,46,47,48,85,2,49,87,93,94,50,51,52,53,54,55,89,97,98,56,57,58,59,60,61,91,101,102,62,63,64,65,66,67,68,69,70,71,72,73,74,75,76,77,78,79,80,81,82
1,3,4,5,6,7,8,9,10,11,12,13,14,15,16,17,18,19,20,21,22,23,24,25,26,27,28,29,30,31,32,33,34,35,36,37,38,39,40,41,42,43,44,45,46,47,48,85,2,49,87,93,94,50,51,52,53,54,55,89,97,98,56,57,58,59,60,61,91,101,102,62,63,64,65,66,67,68,69,70,71,72,73,74,75,76,77,78,79,80,81,82
1,3,4,5,6,7,8,9,10,11,12,13,14,15,16,17,18,19,20,21,22,23,24,25,26,27,28,29,30,31,32,33,34,35,36,37,38,39,40,41,42,43,44,45,46,47,48,85,2,49,87,93,94,50,51,52,53,54,55,89,97,98,56,57,58,59,60,61,91,101,102,62,63,64,65,66,67,68,69,70,71,72,73,74,75,76,77,78,79,80,81,82
1,3,4,5,6,7,8,9,10,11,12,13,14,15,16,17,18,19,20,21,22,23,24,25,26,27,28,29,30,31,32,33,34,35,36,37,38,39,40,41,42,43,44,45,46,47,48,85,2,49,87,93,94,50,51,52,53,54,55,89,97,98,56,57,58,59,60,61,91,101,102,62,63,64,65,66,67,68,69,70,71,72,73,74,75,76,77,78,79,80,81,82
1,3,4,5,6,7,8,9,10,11,12,13,14,15,16,17,18,19,20,21,22,23,24,25,26,27,28,29,30,31,32,33,34,35,36,37,38,39,40,41,42,43,44,45,46,47,48,85,2,49,87,93,94,50,51,52,53,54,55,89,97,98,56,57,58,59,60,61,91,101,102,62,63,64,65,66,67,68,69,70,71,72,73,74,75,76,77,78,79,80,81,82
1,3,4,5,6,7,8,9,10,11,12,13,14,15,16,17,18,19,20,21,22,23,24,25,26,27,28,29,30,31,32,33,34,35,36,37,38,39,40,41,42,43,44,45,46,47,48,85,2,49,87,93,94,50,51,52,53,54,55,89,97,98,56,57,58,59,60,61,91,101,102,62,63,64,65,66,67,68,69,70,71,72,73,74,75,76,77,78,79,80,81,82
1,3,4,5,6,7,8,9,10,11,12,13,14,15,16,17,18,19,20,21,22,23,24,25,26,27,28,29,30,31,32,33,34,35,36,37,38,39,40,41,42,43,44,45,46,47,48,85,2,49,87,93,94,50,51,52,53,54,55,89,97,98,56,57,58,59,60,61,91,101,102,62,63,64,65,66,67,68,69,70,71,72,73,74,75,76,77,78,79,80,81,82
1,3,4,5,6,7,8,9,10,11,12,13,14,15,16,17,18,19,20,21,22,23,24,25,26,27,28,29,30,31,32,33,34,35,36,37,38,39,40,41,42,43,44,45,46,47,48,85,2,49,87,93,94,50,51,52,53,54,55,89,97,98,56,57,58,59,60,61,91,101,102,62,63,64,65,66,67,68,69,70,71,72,73,74,75,76,77,78,79,80,81,82,83
1,3,4,5,6,7,8,9,10,11,12,13,14,15,16,17,18,19,20,21,22,23,24,25,26,27,28,29,30,31,32,33,34,35,36,37,38,39,40,41,42,43,44,45,46,47,48,85,86,2,49,87,93,94,50,51,52,53,54,55,89,97,98,56,57,58,59,60,61,91,101,102,62,63,64,65,66,67,68,69,70,71,72,73,74,75,76,77,78,79,80,81,82,83
1,3,4,5,6,7,8,9,10,11,12,13,14,15,16,17,18,19,20,21,22,23,24,25,26,27,28,29,30,31,32,33,34,35,36,37,38,39,40,41,42,43,44,45,46,47,48,85,86,2,49,87,93,94,50,51,52,53,54,55,89,97,98,56,57,58,59,60,61,91,101,102,62,63,64,65,66,67,68,69,70,71,72,73,74,75,76,77,78,79,80,81,82,83,84
1,3,4,5,6,7,8,9,10,11,12,13,14,15,16,17,18,19,20,21,22,23,24,25,26,27,28,29,30,31,32,33,34,35,36,37,38,39,40,41,42,43,44,45,46,47,48,85,86,2,49,87,93,94,50,51,52,53,54,55,89,97,98,56,57,58,59,60,61,91,101,102,62,63,64,65,66,67,68,69,70,71,72,73,74,75,76,77,78,79,80,81,82,83,84
1,3,4,5,6,7,8,9,10,11,12,13,14,15,16,17,18,19,20,21,22,23,24,25,26,27,28,29,30,31,32,33,34,35,36,37,38,39,40,41,42,43,44,45,46,47,48,85,86,2,49,87,93,94,50,51,52,53,54,55,89,97,98,56,57,58,59,60,61,91,101,102,62,63,64,65,66,67,68,69,70,71,72,73,74,75,76,77,78,79,80,81,82,83,84
1,3,4,5,6,7,8,9,10,11,12,13,14,15,16,17,18,19,20,21,22,23,24,25,26,27,28,29,30,31,32,33,34,35,36,37,38,39,40,41,42,43,44,45,46,47,48,85,86,2,49,87,93,94,50,51,52,53,54,55,89,97,98,56,57,58,59,60,61,91,101,102,62,63,64,65,66,67,68,69,70,71,72,73,74,75,76,77,78,79,80,81,82,83,84
1,3,4,5,6,7,8,9,10,11,12,13,14,15,16,17,18,19,20,21,22,23,24,25,26,27,28,29,30,31,32,33,34,35,36,37,38,39,40,41,42,43,44,45,46,47,48,85,86,2,49,87,93,94,50,51,52,53,54,55,89,97,98,56,57,58,59,60,61,91,101,102,62,63,64,65,66,67,68,69,70,71,72,73,74,75,76,77,78,79,80,81,82,83,84
1,3,4,5,6,7,8,9,10,11,12,13,14,15,16,17,18,19,20,21,22,23,24,25,26,27,28,29,30,31,32,33,34,35,36,37,38,39,40,41,42,43,44,45,46,47,48,85,86,2,49,87,93,94,50,51,52,53,54,55,89,97,98,56,57,58,59,60,61,91,101,102,62,63,64,65,66,67,68,69,70,71,72,73,74,75,76,77,78,79,80,81,82,83,84
1,3,4,5,6,7,8,9,10,11,12,13,14,15,16,17,18,19,20,21,22,23,24,25,26,27,28,29,30,31,32,33,34,35,36,37,38,39,40,41,42,43,44,45,46,47,48,85,86,2,49,87,93,94,50,51,52,53,54,55,89,97,98,56,57,58,59,60,61,91,101,102,103,62,63,64,65,66,67,68,69,70,71,72,73,74,75,76,77,78,79,80,81,82,83,84
1,3,4,5,6,7,8,9,10,11,12,13,14,15,16,17,18,19,20,21,22,23,24,25,26,27,28,29,30,31,32,33,34,35,36,37,38,39,40,41,42,43,44,45,46,47,48,85,86,2,49,87,93,94,50,51,52,53,54,55,89,97,98,56,57,58,59,60,61,91,101,102,103,62,63,64,65,66,67,68,69,70,71,72,73,74,75,76,77,78,79,80,81,82,83,84
1,3,4,5,6,7,8,9,10,11,12,13,14,15,16,17,18,19,20,21,22,23,24,25,26,27,28,29,30,31,32,33,34,35,36,37,38,39,40,41,42,43,44,45,46,47,48,85,86,2,49,87,93,94,50,51,52,53,54,55,89,97,98,56,57,58,59,60,61,91,101,102,103,62,63,64,65,66,67,68,69,70,71,72,73,74,75,76,77,78,79,80,81,82,83,84
1,3,4,5,6,7,8,9,10,11,12,13,14,15,16,17,18,19,20,21,22,23,24,25,26,27,28,29,30,31,32,33,34,35,36,37,38,39,40,41,42,43,44,45,46,47,48,85,86,2,49,87,93,94,50,51,52,53,54,55,89,97,98,56,57,58,59,60,61,91,101,102,103,62,63,64,65,66,67,68,69,70,71,72,73,74,75,76,77,78,79,80,81,82,83,84
1,3,4,5,6,7,8,9,10,11,12,13,14,15,16,17,18,19,20,21,22,23,24,25,26,27,28,29,30,31,32,33,34,35,36,37,38,39,40,41,42,43,44,45,46,47,48,85,86,2,49,87,93,94,50,51,52,53,54,55,89,97,98,56,57,58,59,60,61,91,101,102,103,62,63,64,65,66,67,68,69,70,71,72,73,74,75,76,77,78,79,80,81,82,83,84
1,3,4,5,6,7,8,9,10,11,12,13,14,15,16,17,18,19,20,21,22,23,24,25,26,27,28,29,30,31,32,33,34,35,36,37,38,39,40,41,42,43,44,45,46,47,48,85,86,2,49,87,93,94,50,51,52,53,54,55,89,97,98,56,57,58,59,60,61,91,101,102,103,62,63,64,65,66,67,68,69,70,71,72,73,74,75,76,77,78,79,80,81,82,83,84
1,3,4,5,6,7,8,9,10,11,12,13,14,15,16,17,18,19,20,21,22,23,24,25,26,27,28,29,30,31,32,33,34,35,36,37,38,39,40,41,42,43,44,45,46,47,48,85,86,2,49,87,93,94,50,51,52,53,54,55,89,97,98,56,57,58,59,60,61,91,101,102,103,62,63,64,65,66,67,68,69,70,71,72,73,74,75,76,77,78,79,80,81,82,83,84
1,3,4,5,6,7,8,9,10,11,12,13,14,15,16,17,18,19,20,21,22,23,24,25,26,27,28,29,30,31,32,33,34,35,36,37,38,39,40,41,42,43,44,45,46,47,48,85,86,2,49,87,93,94,50,51,52,53,54,55,89,97,98,56,57,58,59,60,61,91,101,102,103,62,63,64,65,66,67,68,69,70,71,72,73,74,75,76,77,78,79,80,81,82,83,84
1,3,4,5,6,7,8,9,10,11,12,13,14,15,16,17,18,19,20,21,22,23,24,25,26,27,28,29,30,31,32,33,34,35,36,37,38,39,40,41,42,43,44,45,46,47,48,85,86,2,49,87,93,94,50,51,52,53,54,55,89,97,98,56,57,58,59,60,61,91,101,102,103,62,63,64,65,66,67,68,69,70,71,72,73,74,75,76,77,78,79,80,81,82,83,84
1,3,4,5,6,7,8,9,10,11,12,13,14,15,16,17,18,19,20,21,22,23,24,25,26,27,28,29,30,31,32,33,34,35,36,37,38,39,40,41,42,43,44,45,46,47,48,85,86,2,49,87,93,94,50,51,52,53,54,55,89,97,98,56,57,58,59,60,61,91,101,102,103,62,63,64,65,66,67,68,69,70,71,72,73,74,75,76,77,78,79,80,81,82,83,84
1,3,4,5,6,7,8,9,10,11,12,13,14,15,16,17,18,19,20,21,22,23,24,25,26,27,28,29,30,31,32,33,34,35,36,37,38,39,40,41,42,43,44,45,46,47,48,85,86,2,49,87,93,94,95,50,51,52,53,54,55,89,97,98,99,56,57,58,59,60,61,91,101,102,103,62,63,64,65,66,67,68,69,70,71,72,73,74,75,76,77,78,79,80,81,82,83,84
1,3,4,5,6,7,8,9,10,11,12,13,14,15,16,17,18,19,20,21,22,23,24,25,26,27,28,29,30,31,32,33,34,35,36,37,38,39,40,41,42,43,44,45,46,47,48,85,86,107,2,49,87,93,94,95,50,51,52,53,54,55,89,97,98,99,56,57,58,59,60,61,91,101,102,103,104,62,63,64,65,66,67,68,69,70,71,72,73,74,75,76,77,78,79,80,81,82,83,84
1,3,4,5,6,7,8,9,10,11,12,13,14,15,16,17,18,19,20,21,22,23,24,25,26,27,28,29,30,31,32,33,34,35,36,37,38,39,40,41,42,43,44,45,46,47,48,85,86,107,2,49,87,93,94,95,50,51,52,53,54,55,89,97,98,99,56,57,58,59,60,61,91,101,102,103,104,62,63,64,65,66,67,68,69,70,71,72,73,74,75,76,77,78,79,80,81,82,83,84
1,3,4,5,6,7,8,9,10,11,12,13,14,15,16,17,18,19,20,21,22,23,24,25,26,27,28,29,30,31,32,33,34,35,36,37,38,39,40,41,42,43,44,45,46,47,48,85,86,107,2,49,87,93,94,95,96,50,51,52,53,54,55,89,97,98,99,100,56,57,58,59,60,61,91,101,102,103,104,62,63,64,65,66,67,68,69,70,71,72,73,74,75,76,77,78,79,80,81,82,83,84
1,3,4,5,6,7,8,9,10,11,12,13,14,15,16,17,18,19,20,21,22,23,24,25,26,27,28,29,30,31,32,33,34,35,36,37,38,39,40,41,42,43,44,45,46,47,48,85,86,107,2,49,87,93,94,95,96,50,51,52,53,54,55,89,97,98,99,100,56,57,58,59,60,61,91,101,102,103,104,62,63,64,65,66,67,68,69,70,71,72,73,74,75,76,77,78,79,80,81,82,83,84
1,3,4,5,6,7,8,9,10,11,12,13,14,15,16,17,18,19,20,21,22,23,24,25,26,27,28,29,30,31,32,33,34,35,36,37,38,39,40,41,42,43,44,45,46,47,48,85,86,107,2,49,87,93,94,95,96,50,51,52,53,54,55,89,97,98,99,100,56,57,58,59,60,61,91,101,102,103,104,62,63,64,65,66,67,68,69,70,71,72,73,74,75,76,77,78,79,80,81,82,83,84
1,3,4,5,6,7,8,9,10,11,12,13,14,15,16,17,18,19,20,21,22,23,24,25,26,27,28,29,30,31,32,33,34,35,36,37,38,39,40,41,42,43,44,45,46,47,48,85,86,107,2,49,87,93,94,95,96,50,51,52,53,54,55,89,97,98,99,100,56,57,58,59,60,61,91,101,102,103,104,62,63,64,65,66,67,68,69,70,71,72,73,74,75,76,77,78,79,80,81,82,83,84
1,3,4,5,6,7,8,9,10,11,12,13,14,15,16,17,18,19,20,21,22,23,24,25,26,27,28,29,30,31,32,33,34,35,36,37,38,39,40,41,42,43,44,45,46,47,48,85,86,107,2,49,87,93,94,95,96,50,51,52,53,54,55,89,97,98,99,100,56,57,58,59,60,61,91,101,102,103,104,62,63,64,65,66,67,68,69,70,71,72,73,74,75,76,77,78,79,80,81,82,83,84
1,3,4,5,6,7,8,9,10,11,12,13,14,15,16,17,18,19,20,21,22,23,24,25,26,27,28,29,30,31,32,33,34,35,36,37,38,39,40,41,42,43,44,45,46,47,48,85,86,107,2,49,87,93,94,95,96,50,51,52,53,54,55,89,97,98,99,100,56,57,58,59,60,61,91,101,102,103,104,62,63,64,65,66,67,68,69,70,71,72,73,74,75,76,77,78,79,80,81,82,83,84
1,3,4,5,6,7,8,9,10,11,12,13,14,15,16,17,18,19,20,21,22,23,24,25,26,27,28,29,30,31,32,33,34,35,36,37,38,39,40,41,42,43,44,45,46,47,48,85,86,107,2,49,87,93,94,95,96,50,51,52,53,54,55,89,97,98,99,100,56,57,58,59,60,61,91,101,102,103,104,62,63,64,65,66,67,68,69,70,71,72,73,74,75,76,77,78,79,80,81,82,83,84
1,3,4,5,6,7,8,9,10,11,12,13,14,15,16,17,18,19,20,21,22,23,24,25,26,27,28,29,30,31,32,33,34,35,36,37,38,39,40,41,42,43,44,45,46,47,48,85,86,107,2,49,87,93,94,95,96,50,51,52,53,54,55,89,97,98,99,100,56,57,58,59,60,61,91,101,102,103,104,62,63,64,65,66,67,68,69,70,71,72,73,74,75,76,77,78,79,80,81,82,83,84
1,3,4,5,6,7,8,9,10,11,12,13,14,15,16,17,18,19,20,21,22,23,24,25,26,27,28,29,30,31,32,33,34,35,36,37,38,39,40,41,42,43,44,45,46,47,48,85,86,107,2,49,87,93,94,95,96,50,51,52,53,54,55,89,97,98,99,100,56,57,58,59,60,61,91,101,102,103,104,62,63,64,65,66,67,68,69,70,71,72,73,74,75,76,77,78,79,80,81,82,83,84
1,3,4,5,6,7,8,9,10,11,12,13,14,15,16,17,18,19,20,21,22,23,24,25,26,27,28,29,30,31,32,33,34,35,36,37,38,39,40,41,42,43,44,45,46,47,48,85,86,107,108,2,49,87,93,94,95,96,50,51,52,53,54,55,89,97,98,99,100,56,57,58,59,60,61,91,101,102,103,104,62,63,64,65,66,67,68,69,70,71,72,73,74,75,76,77,78,79,80,81,82,83,84
1,3,4,5,6,7,8,9,10,11,12,13,14,15,16,17,18,19,20,21,22,23,24,25,26,27,28,29,30,31,32,33,34,35,36,37,38,39,40,41,42,43,44,45,46,47,48,85,86,107,108,2,49,87,93,94,95,96,50,51,52,53,54,55,89,97,98,99,100,56,57,58,59,60,61,91,101,102,103,104,62,63,64,65,66,67,68,69,70,71,72,73,74,75,76,77,78,79,80,81,82,83,84
1,3,4,5,6,7,8,9,10,11,12,13,14,15,16,17,18,19,20,21,22,23,24,25,26,27,28,29,30,31,32,33,34,35,36,37,38,39,40,41,42,43,44,45,46,47,48,85,86,107,108,2,49,87,93,94,95,96,50,51,52,53,54,55,89,97,98,99,100,56,57,58,59,60,61,91,101,102,103,104,62,63,64,65,66,67,68,69,70,71,72,73,74,75,76,77,78,79,80,81,82,83,84
1,3,4,5,6,7,8,9,10,11,12,13,14,15,16,17,18,19,20,21,22,23,24,25,26,27,28,29,30,31,32,33,34,35,36,37,38,39,40,41,42,43,44,45,46,47,48,85,86,107,108,2,49,87,93,94,95,96,50,51,52,53,54,55,89,97,98,99,100,56,57,58,59,60,61,91,101,102,103,104,62,63,64,65,66,67,68,69,70,71,72,73,74,75,76,77,78,79,80,81,82,83,84
1,3,4,5,6,7,8,9,10,11,12,13,14,15,16,17,18,19,20,21,22,23,24,25,26,27,28,29,30,31,32,33,34,35,36,37,38,39,40,41,42,43,44,45,46,47,48,85,86,107,108,2,49,87,93,94,95,96,50,51,52,53,54,55,89,97,98,99,100,56,57,58,59,60,61,91,101,102,103,104,62,63,64,65,66,67,68,69,70,71,72,73,74,75,76,77,78,79,80,81,82,83,84
1,3,4,5,6,7,8,9,10,11,12,13,14,15,16,17,18,19,20,21,22,23,24,25,26,27,28,29,30,31,32,33,34,35,36,37,38,39,40,41,42,43,44,45,46,47,48,85,86,107,108,2,49,87,93,94,95,96,50,51,52,53,54,55,89,97,98,99,100,56,57,58,59,60,61,91,101,102,103,104,62,63,64,65,66,67,68,69,70,71,72,73,74,75,76,77,78,79,80,81,82,83,84
1,3,4,5,6,7,8,9,10,11,12,13,14,15,16,17,18,19,20,21,22,23,24,25,26,27,28,29,30,31,32,33,34,35,36,37,38,39,40,41,42,43,44,45,46,47,48,85,86,107,108,2,49,87,93,94,95,96,50,51,52,53,54,55,89,97,98,99,100,56,57,58,59,60,61,91,101,102,103,104,62,63,64,65,66,67,68,69,70,71,72,73,74,75,76,77,78,79,80,81,82,83,84
1,3,4,5,6,7,8,9,10,11,12,13,14,15,16,17,18,19,20,21,22,23,24,25,26,27,28,29,30,31,32,33,34,35,36,37,38,39,40,41,42,43,44,45,46,47,48,85,86,107,108,2,49,87,93,94,95,96,50,51,52,53,54,55,89,97,98,99,100,56,57,58,59,60,61,91,101,102,103,104,62,63,64,65,66,67,68,69,70,71,72,73,74,75,76,77,78,79,80,81,82,83,84
1,3,4,5,6,7,8,9,10,11,12,13,14,15,16,17,18,19,20,21,22,23,24,25,26,27,28,29,30,31,32,33,34,35,36,37,38,39,40,41,42,43,44,45,46,47,48,85,86,107,108,2,49,87,93,94,95,96,50,51,52,53,54,55,89,97,98,99,100,56,57,58,59,60,61,91,101,102,103,104,62,63,64,65,66,67,68,69,70,71,72,73,74,75,76,77,78,79,80,81,82,83,84
1,3,4,5,6,7,8,9,10,11,12,13,14,15,16,17,18,19,20,21,22,23,24,25,26,27,28,29,30,31,32,33,34,35,36,37,38,39,40,41,42,43,44,45,46,47,48,85,86,107,108,2,49,87,93,94,95,96,50,51,52,53,54,55,89,97,98,99,100,56,57,58,59,60,61,91,101,102,103,104,62,63,64,65,66,67,68,69,70,71,72,73,74,75,76,77,78,79,80,81,82,83,84
1,3,4,5,6,7,8,9,10,11,12,13,14,15,16,17,18,19,20,21,22,23,24,25,26,27,28,29,30,31,32,33,34,35,36,37,38,39,40,41,42,43,44,45,46,47,48,85,86,107,108,2,49,87,93,94,95,96,50,51,52,53,54,55,89,97,98,99,100,56,57,58,59,60,61,91,101,102,103,104,62,63,64,65,66,67,68,69,70,71,72,73,74,75,76,77,78,79,80,81,82,83,84
1,3,4,5,6,7,8,9,10,11,12,13,14,15,16,17,18,19,20,21,22,23,24,25,26,27,28,29,30,31,32,33,34,35,36,37,38,39,40,41,42,43,44,45,46,47,48,85,86,107,108,2,49,87,93,94,95,96,50,51,52,53,54,55,89,97,98,99,100,56,57,58,59,60,61,91,101,102,103,104,62,63,64,65,66,67,68,69,70,71,72,73,74,75,76,77,78,79,80,81,82,83,84
1,3,4,5,6,7,8,9,10,11,12,13,14,15,16,17,18,19,20,21,22,23,24,25,26,27,28,29,30,31,32,33,34,35,36,37,38,39,40,41,42,43,44,45,46,47,48,85,86,107,108,2,49,87,93,94,95,96,50,51,52,53,54,55,89,97,98,99,100,56,57,58,59,60,61,91,101,102,103,104,62,63,64,65,66,67,68,69,70,71,72,73,74,75,76,77,78,79,80,81,82,83,84
1,3,4,5,6,7,8,9,10,11,12,13,14,15,16,17,18,19,20,21,22,23,24,25,26,27,28,29,30,31,32,33,34,35,36,37,38,39,40,41,42,43,44,45,46,47,48,85,86,107,108,2,49,87,93,94,95,96,50,51,52,53,54,55,89,97,98,99,100,56,57,58,59,60,61,91,101,102,103,104,62,63,64,65,66,67,68,69,70,71,72,73,74,75,76,77,78,79,80,81,82,83,84
1,3,4,5,6,7,8,9,10,11,12,13,14,15,16,17,18,19,20,21,22,23,24,25,26,27,28,29,30,31,32,33,34,35,36,37,38,39,40,41,42,43,44,45,46,47,48,85,86,107,108,2,49,87,93,94,95,96,50,51,52,53,54,55,89,97,98,99,100,56,57,58,59,60,61,91,101,102,103,104,62,63,64,65,66,67,68,69,70,71,72,73,74,75,76,77,78,79,80,81,82,83,84,105
1,3,4,5,6,7,8,9,10,11,12,13,14,15,16,17,18,19,20,21,22,23,24,25,26,27,28,29,30,31,32,33,34,35,36,37,38,39,40,41,42,43,44,45,46,47,48,85,86,107,108,2,49,87,93,94,95,96,50,51,52,53,54,55,89,97,98,99,100,56,57,58,59,60,61,91,101,102,103,104,62,63,64,65,66,67,68,69,70,71,72,73,74,75,76,77,78,79,80,81,82,83,84,105,106
1,3,4,5,6,7,8,9,10,11,12,13,14,15,16,17,18,19,20,21,22,23,24,25,26,27,28,29,30,31,32,33,34,35,36,37,38,39,40,41,42,43,44,45,46,47,48,85,86,107,108,2,49,87,93,94,95,96,50,51,52,53,54,55,89,97,98,99,100,56,57,58,59,60,61,91,101,102,103,104,62,63,64,65,66,67,68,69,70,71,72,73,74,75,76,77,78,79,80,81,82,83,84,105,106
1,3,4,5,6,7,8,9,10,11,12,13,14,15,16,17,18,19,20,21,22,23,24,25,26,27,28,29,30,31,32,33,34,35,36,37,38,39,40,41,42,43,44,45,46,47,48,85,86,107,108,2,49,87,93,94,95,96,50,51,52,53,54,55,89,97,98,99,100,56,57,58,59,60,61,91,101,102,103,104,62,63,64,65,66,67,68,69,70,71,72,73,74,75,76,77,78,79,80,81,82,83,84,105,106
1,3,4,5,6,7,8,9,10,11,12,13,14,15,16,17,18,19,20,21,22,23,24,25,26,27,28,29,30,31,32,33,34,35,36,37,38,39,40,41,42,43,44,45,46,47,48,85,86,107,108,2,49,87,93,94,95,96,50,51,52,53,54,55,89,97,98,99,100,56,57,58,59,60,61,91,101,102,103,104,62,63,64,65,66,67,68,69,70,71,72,73,74,75,76,77,78,79,80,81,82,83,84,105,106,114
1,3,4,5,6,7,8,9,10,11,12,13,14,15,16,17,18,19,20,21,22,23,24,25,26,27,28,29,30,31,32,33,34,35,36,37,38,39,40,41,42,43,44,45,46,47,48,85,86,107,108,109,2,49,87,93,94,95,96,50,51,52,53,54,55,89,97,98,99,100,56,57,58,59,60,61,91,101,102,103,104,62,63,64,65,66,67,68,69,70,71,72,73,74,75,76,77,78,79,80,81,82,83,84,105,106,114
1,3,4,5,6,7,8,9,10,11,12,13,14,15,16,17,18,19,20,21,22,23,24,25,26,27,28,29,30,31,32,33,34,35,36,37,38,39,40,41,42,43,44,45,46,47,48,85,86,107,108,109,2,49,87,93,94,95,96,50,51,52,53,54,55,89,97,98,99,100,56,57,58,59,60,61,91,101,102,103,104,92,62,63,64,65,66,67,68,69,70,71,72,73,74,75,76,77,78,79,80,81,82,83,84,105,106,114,115
1,3,4,5,6,7,8,9,10,11,12,13,14,15,16,17,18,19,20,21,22,23,24,25,26,27,28,29,30,31,32,33,34,35,36,37,38,39,40,41,42,43,44,45,46,47,48,85,86,107,108,109,2,49,87,93,94,95,96,50,51,52,53,54,55,89,97,98,99,100,56,57,58,59,60,61,91,101,102,103,104,92,62,63,64,65,66,67,68,69,70,71,72,73,74,75,76,77,78,79,80,81,82,83,84,105,106,114,115
1,3,4,5,6,7,8,9,10,11,12,13,14,15,16,17,18,19,20,21,22,23,24,25,26,27,28,29,30,31,32,33,34,35,36,37,38,39,40,41,42,43,44,45,46,47,48,85,86,107,108,109,2,49,87,93,94,95,96,50,51,52,53,54,55,89,97,98,99,100,56,57,58,59,60,61,91,101,102,103,104,92,62,63,64,65,66,67,68,69,70,71,72,73,74,75,76,77,78,79,80,81,82,83,84,105,106,114,115
1,3,4,5,6,7,8,9,10,11,12,13,14,15,16,17,18,19,20,21,22,23,24,25,26,27,28,29,30,31,32,33,34,35,36,37,38,39,40,41,42,43,44,45,46,47,48,85,86,107,108,109,2,49,87,93,94,95,96,50,51,52,53,54,55,89,97,98,99,100,56,57,58,59,60,61,91,101,102,103,104,92,119,62,63,64,65,66,67,68,69,70,71,72,73,74,75,76,77,78,79,80,81,82,83,84,105,106,114,115
1,3,4,5,6,7,8,9,10,11,12,13,14,15,16,17,18,19,20,21,22,23,24,25,26,27,28,29,30,31,32,33,34,35,36,37,38,39,40,41,42,43,44,45,46,47,48,85,86,107,108,109,2,49,87,93,94,95,96,88,50,51,52,53,54,55,89,97,98,99,100,90,56,57,58,59,60,61,91,101,102,103,104,92,119,62,63,64,65,66,67,68,69,70,71,72,73,74,75,76,77,78,79,80,81,82,83,84,105,106,114,115
1,3,4,5,6,7,8,9,10,11,12,13,14,15,16,17,18,19,20,21,22,23,24,25,26,27,28,29,30,31,32,33,34,35,36,37,38,39,40,41,42,43,44,45,46,47,48,85,86,107,108,109,2,49,87,93,94,95,96,88,50,51,52,53,54,55,89,97,98,99,100,90,56,57,58,59,60,61,91,101,102,103,104,92,119,120,62,63,64,65,66,67,68,69,70,71,72,73,74,75,76,77,78,79,80,81,82,83,84,105,106,114,115
1,3,4,5,6,7,8,9,10,11,12,13,14,15,16,17,18,19,20,21,22,23,24,25,26,27,28,29,30,31,32,33,34,35,36,37,38,39,40,41,42,43,44,45,46,47,48,85,86,107,108,109,2,49,87,93,94,95,96,88,50,51,52,53,54,55,89,97,98,99,100,90,56,57,58,59,60,61,91,101,102,103,104,92,119,120,62,63,64,65,66,67,68,69,70,71,72,73,74,75,76,77,78,79,80,81,82,83,84,105,106,114,115
1,3,4,5,6,7,8,9,10,11,12,13,14,15,16,17,18,19,20,21,22,23,24,25,26,27,28,29,30,31,32,33,34,35,36,37,38,39,40,41,42,43,44,45,46,47,48,85,86,107,108,109,2,49,87,93,94,95,96,88,126,50,51,52,53,54,55,89,97,98,99,100,90,130,56,57,58,59,60,61,91,101,102,103,104,92,119,120,62,63,64,65,66,67,68,69,70,71,72,73,74,75,76,77,78,79,80,81,82,83,84,105,106,114,115
1,3,4,5,6,7,8,9,10,11,12,13,14,15,16,17,18,19,20,21,22,23,24,25,26,27,28,29,30,31,32,33,34,35,36,37,38,39,40,41,42,43,44,45,46,47,48,85,86,107,108,109,2,49,87,93,94,95,96,88,126,50,51,52,53,54,55,89,97,98,99,100,90,130,56,57,58,59,60,61,91,101,102,103,104,92,119,120,62,63,64,65,66,67,68,69,70,71,72,73,74,75,76,77,78,79,80,81,82,83,84,105,106,114,115
1,3,4,5,6,7,8,9,10,11,12,13,14,15,16,17,18,19,20,21,22,23,24,25,26,27,28,29,30,31,32,33,34,35,36,37,38,39,40,41,42,43,44,45,46,47,48,85,86,107,108,109,2,49,87,93,94,95,96,88,126,50,51,52,53,54,55,89,97,98,99,100,90,130,56,57,58,59,60,61,91,101,102,103,104,92,119,120,62,63,64,65,66,67,68,69,70,71,72,73,74,75,76,77,78,79,80,81,82,83,84,105,106,114,115
1,3,4,5,6,7,8,9,10,11,12,13,14,15,16,17,18,19,20,21,22,23,24,25,26,27,28,29,30,31,32,33,34,35,36,37,38,39,40,41,42,43,44,45,46,47,48,85,86,107,108,109,2,49,87,93,94,95,96,88,126,50,51,52,53,54,55,89,97,98,99,100,90,130,56,57,58,59,60,61,91,101,102,103,104,92,119,120,62,63,64,65,66,67,68,69,70,71,72,73,74,75,76,77,78,79,80,81,82,83,84,105,106,114,115
1,3,4,5,6,7,8,9,10,11,12,13,14,15,16,17,18,19,20,21,22,23,24,25,26,27,28,29,30,31,32,33,34,35,36,37,38,39,40,41,42,43,44,45,46,47,48,85,86,107,108,109,2,49,87,93,94,95,96,88,126,50,51,52,53,54,55,89,97,98,99,100,90,130,56,57,58,59,60,61,91,101,102,103,104,92,119,120,62,63,64,65,66,67,68,69,70,71,72,73,74,75,76,77,78,79,80,81,82,83,84,105,106,114,115
1,3,4,5,6,7,8,9,10,11,12,13,14,15,16,17,18,19,20,21,22,23,24,25,26,27,28,29,30,31,32,33,34,35,36,37,38,39,40,41,42,43,44,45,46,47,48,85,86,107,108,109,2,49,87,93,94,95,96,88,126,50,51,52,53,54,55,89,97,98,99,100,90,130,56,57,58,59,60,61,91,101,102,103,104,92,119,120,62,63,64,65,66,67,68,69,70,71,72,73,74,75,76,77,78,79,80,81,82,83,84,105,106,114,115
1,3,4,5,6,7,8,9,10,11,12,13,14,15,16,17,18,19,20,21,22,23,24,25,26,27,28,29,30,31,32,33,34,35,36,37,38,39,40,41,42,43,44,45,46,47,48,85,86,107,108,109,2,49,87,93,94,95,96,88,126,50,51,52,53,54,55,89,97,98,99,100,90,130,56,57,58,59,60,61,91,101,102,103,104,92,119,120,62,63,64,65,66,67,68,69,70,71,72,73,74,75,76,77,78,79,80,81,82,83,84,105,106,114,115
1,3,4,5,6,7,8,9,10,11,12,13,14,15,16,17,18,19,20,21,22,23,24,25,26,27,28,29,30,31,32,33,34,35,36,37,38,39,40,41,42,43,44,45,46,47,48,85,86,107,108,109,2,49,87,93,94,95,96,88,126,50,51,52,53,54,55,89,97,98,99,100,90,130,56,57,58,59,60,61,91,101,102,103,104,92,119,120,62,63,64,65,66,67,68,69,70,71,72,73,74,75,76,77,78,79,80,81,82,83,84,105,106,114,115
1,3,4,5,6,7,8,9,10,11,12,13,14,15,16,17,18,19,20,21,22,23,24,25,26,27,28,29,30,31,32,33,34,35,36,37,38,39,40,41,42,43,44,45,46,47,48,85,86,107,108,109,2,49,87,93,94,95,96,88,126,50,51,52,53,54,55,89,97,98,99,100,90,130,56,57,58,59,60,61,91,101,102,103,104,92,119,120,62,63,64,65,66,67,68,69,70,71,72,73,74,75,76,77,78,79,80,81,82,83,84,105,106,114,115
1,3,4,5,6,7,8,9,10,11,12,13,14,15,16,17,18,19,20,21,22,23,24,25,26,27,28,29,30,31,32,33,34,35,36,37,38,39,40,41,42,43,44,45,46,47,48,85,86,107,108,109,110,2,49,87,93,94,95,96,88,126,50,51,52,53,54,55,89,97,98,99,100,90,130,56,57,58,59,60,61,91,101,102,103,104,92,119,120,62,63,64,65,66,67,68,69,70,71,72,73,74,75,76,77,78,79,80,81,82,83,84,105,106,114,115
1,3,4,5,6,7,8,9,10,11,12,13,14,15,16,17,18,19,20,21,22,23,24,25,26,27,28,29,30,31,32,33,34,35,36,37,38,39,40,41,42,43,44,45,46,47,48,85,86,107,108,109,110,2,49,87,93,94,95,96,88,126,127,50,51,52,53,54,55,89,97,98,99,100,90,130,131,56,57,58,59,60,61,91,101,102,103,104,92,119,120,62,63,64,65,66,67,68,69,70,71,72,73,74,75,76,77,78,79,80,81,82,83,84,105,106,114,115
1,3,4,5,6,7,8,9,10,11,12,13,14,15,16,17,18,19,20,21,22,23,24,25,26,27,28,29,30,31,32,33,34,35,36,37,38,39,40,41,42,43,44,45,46,47,48,85,86,107,108,109,110,2,49,87,93,94,95,96,88,126,127,50,51,52,53,54,55,89,97,98,99,100,90,130,131,56,57,58,59,60,61,91,101,102,103,104,92,119,120,62,63,64,65,66,67,68,69,70,71,72,73,74,75,76,77,78,79,80,81,82,83,84,105,106,114,115
1,3,4,5,6,7,8,9,10,11,12,13,14,15,16,17,18,19,20,21,22,23,24,25,26,27,28,29,30,31,32,33,34,35,36,37,38,39,40,41,42,43,44,45,46,47,48,85,86,107,108,109,110,2,49,87,93,94,95,96,88,126,127,50,51,52,53,54,55,89,97,98,99,100,90,130,131,56,57,58,59,60,61,91,101,102,103,104,92,119,120,62,63,64,65,66,67,68,69,70,71,72,73,74,75,76,77,78,79,80,81,82,83,84,105,106,114,115
1,3,4,5,6,7,8,9,10,11,12,13,14,15,16,17,18,19,20,21,22,23,24,25,26,27,28,29,30,31,32,33,34,35,36,37,38,39,40,41,42,43,44,45,46,47,48,85,86,107,108,109,110,2,49,87,93,94,95,96,88,126,127,50,51,52,53,54,55,89,97,98,99,100,90,130,131,56,57,58,59,60,61,91,101,102,103,104,92,119,120,62,63,64,65,66,67,134,68,69,70,71,72,73,74,75,76,77,78,79,80,81,82,83,84,105,106,114,115
1,3,4,5,6,7,8,9,10,11,12,13,14,15,16,17,18,19,20,21,22,23,24,25,26,27,28,29,30,31,32,33,34,35,36,37,38,39,40,41,42,43,44,45,46,47,48,85,86,107,108,109,110,2,49,87,93,94,95,96,88,126,127,50,51,52,53,54,55,89,97,98,99,100,90,130,131,56,57,58,59,60,61,91,101,102,103,104,92,119,120,62,63,64,65,66,67,134,68,69,70,71,72,73,136,74,75,76,77,78,79,80,81,82,83,84,105,106,114,115
1,3,4,5,6,7,8,9,10,11,12,13,14,15,16,17,18,19,20,21,22,23,24,25,26,27,28,29,30,31,32,33,34,35,36,37,38,39,40,41,42,43,44,45,46,47,48,85,86,107,108,109,110,2,49,87,93,94,95,96,88,126,127,50,51,52,53,54,55,89,97,98,99,100,90,130,131,56,57,58,59,60,61,91,101,102,103,104,92,119,120,62,63,64,65,66,67,134,68,69,70,71,72,73,136,74,75,76,77,78,79,80,81,82,83,84,105,106,114,115
1,3,4,5,6,7,8,9,10,11,12,13,14,15,16,17,18,19,20,21,22,23,24,25,26,27,28,29,30,31,32,33,34,35,36,37,38,39,40,41,42,43,44,45,46,47,48,85,86,107,108,109,110,2,49,87,93,94,95,96,88,126,127,50,51,52,53,54,55,89,97,98,99,100,90,130,131,56,57,58,59,60,61,91,101,102,103,104,92,119,120,62,63,64,65,66,67,134,138,68,69,70,71,72,73,136,74,75,76,77,78,79,80,81,82,83,84,105,106,114,115
1,3,4,5,6,7,8,9,10,11,12,13,14,15,16,17,18,19,20,21,22,23,24,25,26,27,28,29,30,31,32,33,34,35,36,37,38,39,40,41,42,43,44,45,46,47,48,85,86,107,108,109,110,2,49,87,93,94,95,96,88,126,127,50,51,52,53,54,55,89,97,98,99,100,90,130,131,56,57,58,59,60,61,91,101,102,103,104,92,119,120,62,63,64,65,66,67,134,138,68,69,70,71,72,73,136,142,74,75,76,77,78,79,80,81,82,83,84,105,106,114,115
1,3,4,5,6,7,8,9,10,11,12,13,14,15,16,17,18,19,20,21,22,23,24,25,26,27,28,29,30,31,32,33,34,35,36,37,38,39,40,41,42,43,44,45,46,47,48,85,86,107,108,109,110,2,49,87,93,94,95,96,88,126,127,50,51,52,53,54,55,89,97,98,99,100,90,130,131,56,57,58,59,60,61,91,101,102,103,104,92,119,120,62,63,64,65,66,67,134,138,139,68,69,70,71,72,73,136,142,74,75,76,77,78,79,80,81,82,83,84,105,106,114,115
1,3,4,5,6,7,8,9,10,11,12,13,14,15,16,17,18,19,20,21,22,23,24,25,26,27,28,29,30,31,32,33,34,35,36,37,38,39,40,41,42,43,44,45,46,47,48,85,86,107,108,109,110,2,49,87,93,94,95,96,88,126,127,50,51,52,53,54,55,89,97,98,99,100,90,130,131,56,57,58,59,60,61,91,101,102,103,104,92,119,120,62,63,64,65,66,67,134,138,139,68,69,70,71,72,73,136,142,143,74,75,76,77,78,79,80,81,82,83,84,105,106,114,115
1,3,4,5,6,7,8,9,10,11,12,13,14,15,16,17,18,19,20,21,22,23,24,25,26,27,28,29,30,31,32,33,34,35,36,37,38,39,40,41,42,43,44,45,46,47,48,85,86,107,108,109,110,111,2,49,87,93,94,95,96,88,126,127,50,51,52,53,54,55,89,97,98,99,100,90,130,131,56,57,58,59,60,61,91,101,102,103,104,92,119,120,62,63,64,65,66,67,134,138,139,68,69,70,71,72,73,136,142,143,74,75,76,77,78,79,80,81,82,83,84,105,106,114,115
1,3,4,5,6,7,8,9,10,11,12,13,14,15,16,17,18,19,20,21,22,23,24,25,26,27,28,29,30,31,32,33,34,35,36,37,38,39,40,41,42,43,44,45,46,47,48,85,86,107,108,109,110,111,2,49,87,93,94,95,96,88,126,127,50,51,52,53,54,55,89,97,98,99,100,90,130,131,56,57,58,59,60,61,91,101,102,103,104,92,119,120,62,63,64,65,66,67,134,138,139,68,69,70,71,72,73,136,142,143,74,75,76,77,78,79,80,81,82,83,84,105,106,114,115
1,3,4,5,6,7,8,9,10,11,12,13,14,15,16,17,18,19,20,21,22,23,24,25,26,27,28,29,30,31,32,33,34,35,36,37,38,39,40,41,42,43,44,45,46,47,48,85,86,107,108,109,110,111,2,49,87,93,94,95,96,88,126,127,50,51,52,53,54,55,89,97,98,99,100,90,130,131,56,57,58,59,60,61,91,101,102,103,104,92,119,120,62,63,64,65,66,67,134,138,139,68,69,70,71,72,73,136,142,143,74,75,76,77,78,79,80,81,82,83,84,105,106,114,115
1,3,4,5,6,7,8,9,10,11,12,13,14,15,16,17,18,19,20,21,22,23,24,25,26,27,28,29,30,31,32,33,34,35,36,37,38,39,40,41,42,43,44,45,46,47,48,85,86,107,108,109,110,111,2,49,87,93,94,95,96,88,126,127,50,51,52,53,54,55,89,97,98,99,100,90,130,131,56,57,58,59,60,61,91,101,102,103,104,92,119,120,62,63,64,65,66,67,134,138,139,68,69,70,71,72,73,136,142,143,74,75,76,77,78,79,80,81,82,83,84,105,106,114,115
1,3,4,5,6,7,8,9,10,11,12,13,14,15,16,17,18,19,20,21,22,23,24,25,26,27,28,29,30,31,32,33,34,35,36,37,38,39,40,41,42,43,44,45,46,47,48,85,86,107,108,109,110,111,2,49,87,93,94,95,96,88,126,127,50,51,52,53,54,55,89,97,98,99,100,90,130,131,56,57,58,59,60,61,91,101,102,103,104,92,119,120,62,63,64,65,66,67,134,138,139,68,69,70,71,72,73,136,142,143,74,75,76,77,78,79,80,81,82,83,84,105,106,114,115,116
1,3,4,5,6,7,8,9,10,11,12,13,14,15,16,17,18,19,20,21,22,23,24,25,26,27,28,29,30,31,32,33,34,35,36,37,38,39,40,41,42,43,44,45,46,47,48,85,86,107,108,109,110,111,2,49,87,93,94,95,96,88,126,127,50,51,52,53,54,55,89,97,98,99,100,90,130,131,56,57,58,59,60,61,91,101,102,103,104,92,119,120,62,63,64,65,66,67,134,138,139,68,69,70,71,72,73,136,142,143,74,75,76,77,78,79,80,81,82,83,84,105,106,114,115,116
1,3,4,5,6,7,8,9,10,11,12,13,14,15,16,17,18,19,20,21,22,23,24,25,26,27,28,29,30,31,32,33,34,35,36,37,38,39,40,41,42,43,44,45,46,47,48,85,86,107,108,109,110,111,2,49,87,93,94,95,96,88,126,127,50,51,52,53,54,55,89,97,98,99,100,90,130,131,56,57,58,59,60,61,91,101,102,103,104,92,119,120,62,63,64,65,66,67,134,138,139,68,69,70,71,72,73,136,142,143,74,75,76,77,78,79,80,81,82,83,84,105,106,114,115,116
1,3,4,5,6,7,8,9,10,11,12,13,14,15,16,17,18,19,20,21,22,23,24,25,26,27,28,29,30,31,32,33,34,35,36,37,38,39,40,41,42,43,44,45,46,47,48,85,86,107,108,109,110,111,2,49,87,93,94,95,96,88,126,127,50,51,52,53,54,55,89,97,98,99,100,90,130,131,56,57,58,59,60,61,91,101,102,103,104,92,119,120,62,63,64,65,66,67,134,138,139,68,69,70,71,72,73,136,142,143,74,75,76,77,78,79,80,81,82,83,84,105,106,114,115,116
1,3,4,5,6,7,8,9,10,11,12,13,14,15,16,17,18,19,20,21,22,23,24,25,26,27,28,29,30,31,32,33,34,35,36,37,38,39,40,41,42,43,44,45,46,47,48,85,86,107,108,109,110,111,2,49,87,93,94,95,96,88,126,127,50,51,52,53,54,55,89,97,98,99,100,90,130,131,56,57,58,59,60,61,91,101,102,103,104,92,119,120,62,63,64,65,66,67,134,138,139,68,69,70,71,72,73,136,142,143,74,75,76,77,78,79,80,81,82,83,84,105,106,114,115,116
1,3,4,5,6,7,8,9,10,11,12,13,14,15,16,17,18,19,20,21,22,23,24,25,26,27,28,29,30,31,32,33,34,35,36,37,38,39,40,41,42,43,44,45,46,47,48,85,86,107,108,109,110,111,2,49,87,93,94,95,96,88,126,127,50,51,52,53,54,55,89,97,98,99,100,90,130,131,56,57,58,59,60,61,91,101,102,103,104,92,119,120,62,63,64,65,66,67,134,138,139,68,69,70,71,72,73,136,142,143,74,75,76,77,78,79,80,81,82,83,84,105,106,114,115,116
1,3,4,5,6,7,8,9,10,11,12,13,14,15,16,17,18,19,20,21,22,23,24,25,26,27,28,29,30,31,32,33,34,35,36,37,38,39,40,41,42,43,44,45,46,47,48,85,86,107,108,109,110,111,2,49,87,93,94,95,96,88,126,127,50,51,52,53,54,55,89,97,98,99,100,90,130,131,56,57,58,59,60,61,91,101,102,103,104,92,119,120,62,63,64,65,66,67,134,138,139,68,69,70,71,72,73,136,142,143,74,75,76,77,78,79,80,81,82,83,84,105,106,114,115,116
1,3,4,5,6,7,8,9,10,11,12,13,14,15,16,17,18,19,20,21,22,23,24,25,26,27,28,29,30,31,32,33,34,35,36,37,38,39,40,41,42,43,44,45,46,47,48,85,86,107,108,109,110,111,2,49,87,93,94,95,96,88,126,127,50,51,52,53,54,55,89,97,98,99,100,90,130,131,56,57,58,59,60,61,91,101,102,103,104,92,119,120,62,63,64,65,66,67,134,138,139,68,69,70,71,72,73,136,142,143,74,75,76,77,78,79,80,81,82,83,84,105,106,114,115,116
1,3,4,5,6,7,8,9,10,11,12,13,14,15,16,17,18,19,20,21,22,23,24,25,26,27,28,29,30,31,32,33,34,35,36,37,38,39,40,41,42,43,44,45,46,47,48,85,86,107,108,109,110,111,2,49,87,93,94,95,96,88,126,127,50,51,52,53,54,55,89,97,98,99,100,90,130,131,56,57,58,59,60,61,91,101,102,103,104,92,119,120,62,63,64,65,66,67,134,138,139,68,69,70,71,72,73,136,142,143,74,75,76,77,78,79,80,81,82,83,84,105,106,114,115,116
1,3,4,5,6,7,8,9,10,11,12,13,14,15,16,17,18,19,20,21,22,23,24,25,26,27,28,29,30,31,32,33,34,35,36,37,38,39,40,41,42,43,44,45,46,47,48,85,86,107,108,109,110,111,2,49,87,93,94,95,96,88,126,127,50,51,52,53,54,55,89,97,98,99,100,90,130,131,56,57,58,59,60,61,91,101,102,103,104,92,119,120,62,63,64,65,66,67,134,138,139,68,69,70,71,72,73,136,142,143,74,75,76,77,78,79,80,81,82,83,84,105,106,114,115,116
1,3,4,5,6,7,8,9,10,11,12,13,14,15,16,17,18,19,20,21,22,23,24,25,26,27,28,29,30,31,32,33,34,35,36,37,38,39,40,41,42,43,44,45,46,47,48,85,86,107,108,109,110,111,2,49,87,93,94,95,96,88,126,127,50,51,52,53,54,55,89,97,98,99,100,90,130,131,56,57,58,59,60,61,91,101,102,103,104,92,119,120,62,63,64,65,66,67,134,138,139,68,69,70,71,72,73,136,142,143,74,75,76,77,78,79,80,81,82,83,84,105,106,114,115,116
1,3,4,5,6,7,8,9,10,11,12,13,14,15,16,17,18,19,20,21,22,23,24,25,26,27,28,29,30,31,32,33,34,35,36,37,38,39,40,41,42,43,44,45,46,47,48,85,86,107,108,109,110,111,2,49,87,93,94,95,96,88,126,127,50,51,52,53,54,55,89,97,98,99,100,90,130,131,56,57,58,59,60,61,91,101,102,103,104,92,119,120,121,62,63,64,65,66,67,134,138,139,68,69,70,71,72,73,136,142,143,74,75,76,77,78,79,80,81,82,83,84,105,106,114,115,116,117
1,3,4,5,6,7,8,9,10,11,12,13,14,15,16,17,18,19,20,21,22,23,24,25,26,27,28,29,30,31,32,33,34,35,36,37,38,39,40,41,42,43,44,45,46,47,48,85,86,107,108,109,110,111,2,49,87,93,94,95,96,88,126,127,128,50,51,52,53,54,55,89,97,98,99,100,90,130,131,56,57,58,59,60,61,91,101,102,103,104,92,119,120,121,62,63,64,65,66,67,134,138,139,68,69,70,71,72,73,136,142,143,74,75,76,77,78,79,80,81,82,83,84,105,106,114,115,116,117
1,3,4,5,6,7,8,9,10,11,12,13,14,15,16,17,18,19,20,21,22,23,24,25,26,27,28,29,30,31,32,33,34,35,36,37,38,39,40,41,42,43,44,45,46,47,48,85,86,107,108,109,110,111,2,49,87,93,94,95,96,88,126,127,128,50,51,52,53,54,55,89,97,98,99,100,90,130,131,132,56,57,58,59,60,61,91,101,102,103,104,92,119,120,121,62,63,64,65,66,67,134,138,139,68,69,70,71,72,73,136,142,143,74,75,76,77,78,79,80,81,82,83,84,105,106,114,115,116,117
1,3,4,5,6,7,8,9,10,11,12,13,14,15,16,17,18,19,20,21,22,23,24,25,26,27,28,29,30,31,32,33,34,35,36,37,38,39,40,41,42,43,44,45,46,47,48,85,86,107,108,109,110,111,2,49,87,93,94,95,96,88,126,127,128,50,51,52,53,54,55,89,97,98,99,100,90,130,131,132,56,57,58,59,60,61,91,101,102,103,104,92,119,120,121,122,62,63,64,65,66,67,134,138,139,68,69,70,71,72,73,136,142,143,74,75,76,77,78,79,80,81,82,83,84,105,106,114,115,116,117
1,3,4,5,6,7,8,9,10,11,12,13,14,15,16,17,18,19,20,21,22,23,24,25,26,27,28,29,30,31,32,33,34,35,36,37,38,39,40,41,42,43,44,45,46,47,48,85,86,107,108,109,110,111,125,2,49,87,93,94,95,96,88,126,127,128,129,50,51,52,53,54,55,89,97,98,99,100,90,130,131,132,56,57,58,59,60,61,91,101,102,103,104,92,119,120,121,122,62,63,64,65,66,67,134,138,139,68,69,70,71,72,73,136,142,143,74,75,76,77,78,79,80,81,82,83,84,105,106,114,115,116,117
1,3,4,5,6,7,8,9,10,11,12,13,14,15,16,17,18,19,20,21,22,23,24,25,26,27,28,29,30,31,32,33,34,35,36,37,38,39,40,41,42,43,44,45,46,47,48,85,86,107,108,109,110,111,125,2,49,87,93,94,95,96,88,126,127,128,129,50,51,52,53,54,55,89,97,98,99,100,90,130,131,132,133,56,57,58,59,60,61,91,101,102,103,104,92,119,120,121,122,62,63,64,65,66,67,134,138,139,68,69,70,71,72,73,136,142,143,74,75,76,77,78,79,80,81,82,83,84,105,106,114,115,116,117
1,3,4,5,6,7,8,9,10,11,12,13,14,15,16,17,18,19,20,21,22,23,24,25,26,27,28,29,30,31,32,33,34,35,36,37,38,39,40,41,42,43,44,45,46,47,48,85,86,107,108,109,110,111,125,2,49,87,93,94,95,96,88,126,127,128,129,50,51,52,53,54,55,89,97,98,99,100,90,130,131,132,133,56,57,58,59,60,61,91,101,102,103,104,92,119,120,121,122,62,63,64,65,66,67,134,138,139,68,69,70,71,72,73,136,142,143,74,75,76,77,78,79,80,81,82,83,84,105,106,114,115,116,117
1,3,4,5,6,7,8,9,10,11,12,13,14,15,16,17,18,19,20,21,22,23,24,25,26,27,28,29,30,31,32,33,34,35,36,37,38,39,40,41,42,43,44,45,46,47,48,85,86,107,108,109,110,111,125,2,49,87,93,94,95,96,88,126,127,128,129,50,51,52,53,54,55,89,97,98,99,100,90,130,131,132,133,56,57,58,59,60,61,91,101,102,103,104,92,119,120,121,122,62,63,64,65,66,67,134,138,139,68,69,70,71,72,73,136,142,143,74,75,76,77,78,79,80,81,82,83,84,105,106,114,115,116,117
1,3,4,5,6,7,8,9,10,11,12,13,14,15,16,17,18,19,20,21,22,23,24,25,26,27,28,29,30,31,32,33,34,35,36,37,38,39,40,41,42,43,44,45,46,47,48,85,86,107,108,109,110,111,125,2,49,87,93,94,95,96,88,126,127,128,129,50,51,52,53,54,55,89,97,98,99,100,90,130,131,132,133,56,57,58,59,60,61,91,101,102,103,104,92,119,120,121,122,62,63,64,65,66,67,134,138,139,68,69,70,71,72,73,136,142,143,74,75,76,77,78,79,80,81,82,83,84,105,106,114,115,116,117
1,3,4,5,6,7,8,9,10,11,12,13,14,15,16,17,18,19,20,21,22,23,24,25,26,27,28,29,30,31,32,33,34,35,36,37,38,39,40,41,42,43,44,45,46,47,48,85,86,107,108,109,110,111,125,2,49,87,93,94,95,96,88,126,127,128,129,50,51,52,53,54,55,89,97,98,99,100,90,130,131,132,133,56,57,58,59,60,61,91,101,102,103,104,92,119,120,121,122,62,63,64,65,66,67,134,138,139,140,68,69,70,71,72,73,136,142,143,74,75,76,77,78,79,80,81,82,83,84,105,106,114,115,116,117
1,3,4,5,6,7,8,9,10,11,12,13,14,15,16,17,18,19,20,21,22,23,24,25,26,27,28,29,30,31,32,33,34,35,36,37,38,39,40,41,42,43,44,45,46,47,48,85,86,107,108,109,110,111,125,2,49,87,93,94,95,96,88,126,127,128,129,50,51,52,53,54,55,89,97,98,99,100,90,130,131,132,133,56,57,58,59,60,61,91,101,102,103,104,92,119,120,121,122,62,63,64,65,66,67,134,138,139,140,68,69,70,71,72,73,136,142,143,74,75,76,77,78,79,80,81,82,83,84,105,106,114,115,116,117
1,3,4,5,6,7,8,9,10,11,12,13,14,15,16,17,18,19,20,21,22,23,24,25,26,27,28,29,30,31,32,33,34,35,36,37,38,39,40,41,42,43,44,45,46,47,48,85,86,107,108,109,110,111,125,2,49,87,93,94,95,96,88,126,127,128,129,50,51,52,53,54,55,89,97,98,99,100,90,130,131,132,133,56,57,58,59,60,61,91,101,102,103,104,92,119,120,121,122,62,63,64,65,66,67,134,138,139,140,68,69,70,71,72,73,136,142,143,74,75,76,77,78,79,80,81,82,83,84,105,106,114,115,116,117
1,3,4,5,6,7,8,9,10,11,12,13,14,15,16,17,18,19,20,21,22,23,24,25,26,27,28,29,30,31,32,33,34,35,36,37,38,39,40,41,42,43,44,45,46,47,48,85,86,107,108,109,110,111,125,2,49,87,93,94,95,96,88,126,127,128,129,50,51,52,53,54,55,89,97,98,99,100,90,130,131,132,133,56,57,58,59,60,61,91,101,102,103,104,92,119,120,121,122,62,63,64,65,66,67,134,138,139,140,141,68,69,70,71,72,73,136,142,143,74,75,76,77,78,79,80,81,82,83,84,105,106,114,115,116,117
1,3,4,5,6,7,8,9,10,11,12,13,14,15,16,17,18,19,20,21,22,23,24,25,26,27,28,29,30,31,32,33,34,35,36,37,38,39,40,41,42,43,44,45,46,47,48,85,86,107,108,109,110,111,125,2,49,87,93,94,95,96,88,126,127,128,129,50,51,52,53,54,55,89,97,98,99,100,90,130,131,132,133,56,57,58,59,60,61,91,101,102,103,104,92,119,120,121,122,62,63,64,65,66,67,134,138,139,140,141,68,69,70,71,72,73,136,142,143,74,75,76,77,78,79,80,81,82,83,84,105,106,114,115,116,117
1,3,4,5,6,7,8,9,10,11,12,13,14,15,16,17,18,19,20,21,22,23,24,25,26,27,28,29,30,31,32,33,34,35,36,37,38,39,40,41,42,43,44,45,46,47,48,85,86,107,108,109,110,111,125,2,49,87,93,94,95,96,88,126,127,128,129,50,51,52,53,54,55,89,97,98,99,100,90,130,131,132,133,56,57,58,59,60,61,91,101,102,103,104,92,119,120,121,122,62,63,64,65,66,67,134,138,139,140,141,68,69,70,71,72,73,136,142,143,74,75,76,77,78,79,80,81,82,83,84,105,106,114,115,116,117
1,3,4,5,6,7,8,9,10,11,12,13,14,15,16,17,18,19,20,21,22,23,24,25,26,27,28,29,30,31,32,33,34,35,36,37,38,39,40,41,42,43,44,45,46,47,48,85,86,107,108,109,110,111,125,2,49,87,93,94,95,96,88,126,127,128,129,50,51,52,53,54,55,89,97,98,99,100,90,130,131,132,133,56,57,58,59,60,61,91,101,102,103,104,92,119,120,121,122,62,63,64,65,66,67,134,138,139,140,141,68,69,70,71,72,73,136,142,143,74,75,76,77,78,79,80,81,82,83,84,105,106,114,115,116,117
1,3,4,5,6,7,8,9,10,11,12,13,14,15,16,17,18,19,20,21,22,23,24,25,26,27,28,29,30,31,32,33,34,35,36,37,38,39,40,41,42,43,44,45,46,47,48,85,86,107,108,109,110,111,125,2,49,87,93,94,95,96,88,126,127,128,129,50,51,52,53,54,55,89,97,98,99,100,90,130,131,132,133,56,57,58,59,60,61,91,101,102,103,104,92,119,120,121,122,62,63,64,65,66,67,134,138,139,140,141,68,69,70,71,72,73,136,142,143,74,75,76,77,78,79,80,81,82,83,84,105,106,114,115,116,117
1,3,4,5,6,7,8,9,10,11,12,13,14,15,16,17,18,19,20,21,22,23,24,25,26,27,28,29,30,31,32,33,34,35,36,37,38,39,40,41,42,43,44,45,46,47,48,85,86,107,108,109,110,111,125,2,49,87,93,94,95,96,88,126,127,128,129,50,51,52,53,54,55,89,97,98,99,100,90,130,131,132,133,56,57,58,59,60,61,91,101,102,103,104,92,119,120,121,122,62,63,64,65,66,67,134,138,139,140,141,68,69,70,71,72,73,136,142,143,74,75,76,77,78,79,80,81,82,83,84,105,106,114,115,116,117
1,3,4,5,6,7,8,9,10,11,12,13,14,15,16,17,18,19,20,21,22,23,24,25,26,27,28,29,30,31,32,33,34,35,36,37,38,39,40,41,42,43,44,45,46,47,48,85,86,107,108,109,110,111,125,2,49,87,93,94,95,96,88,126,127,128,129,50,51,52,53,54,55,89,97,98,99,100,90,130,131,132,133,56,57,58,59,60,61,91,101,102,103,104,92,119,120,121,122,62,63,64,65,66,67,134,138,139,140,141,68,69,70,71,72,73,136,142,143,74,75,76,77,78,79,80,81,82,83,84,105,106,114,115,116,117
1,3,4,5,6,7,8,9,10,11,12,13,14,15,16,17,18,19,20,21,22,23,24,25,26,27,28,29,30,31,32,33,34,35,36,37,38,39,40,41,42,43,44,45,46,47,48,85,86,107,108,109,110,111,125,2,49,87,93,94,95,96,88,126,127,128,129,50,51,52,53,54,55,89,97,98,99,100,90,130,131,132,133,56,57,58,59,60,61,91,101,102,103,104,92,119,120,121,122,62,63,64,65,66,67,134,138,139,140,141,68,69,70,71,72,73,136,142,143,74,75,76,77,78,79,80,81,82,83,84,105,106,114,115,116,117
1,3,4,5,6,7,8,9,10,11,12,13,14,15,16,17,18,19,20,21,22,23,24,25,26,27,28,29,30,31,32,33,34,35,36,37,38,39,40,41,42,43,44,45,46,47,48,85,86,107,108,109,110,111,125,2,49,87,93,94,95,96,88,126,127,128,129,50,51,52,53,54,55,89,97,98,99,100,90,130,131,132,133,56,57,58,59,60,61,91,101,102,103,104,92,119,120,121,122,62,63,64,65,66,67,134,138,139,140,141,68,69,70,71,72,73,136,142,143,74,75,76,77,78,79,80,81,82,83,84,105,106,114,115,116,117
