0,1,1,1,1,1,1,1,1,1,1,1,1,1,1,1,1,1,1,1,1,1,1,1,1,1,1,1,1,1,1,1,1,1,1,1,1,1,1,1,1,1,1,1,1,1,0,2,2,50,50,50,50,2,2,56,56,56,56,2,2,62,62,62,62,2,2,68,68,68,68,2,74,74,74,74,2,80,80
0,1,1,1,1,1,1,1,1,1,1,1,1,1,1,1,1,1,1,1,1,1,1,1,1,1,1,1,1,1,1,1,1,1,1,1,1,1,1,1,1,1,1,1,1,1,0,2,2,50,50,50,50,2,2,56,56,56,56,2,2,62,62,62,62,2,2,68,68,68,68,2,2,74,74,74,74,2,80,80
0,1,1,1,1,1,1,1,1,1,1,1,1,1,1,1,1,1,1,1,1,1,1,1,1,1,1,1,1,1,1,1,1,1,1,1,1,1,1,1,1,1,1,1,1,1,0,2,2,50,50,50,50,2,2,56,56,56,56,2,2,62,62,62,62,2,2,68,68,68,68,2,2,74,74,74,74,2,80,80
0,1,1,1,1,1,1,1,1,1,1,1,1,1,1,1,1,1,1,1,1,1,1,1,1,1,1,1,1,1,1,1,1,1,1,1,1,1,1,1,1,1,1,1,1,1,0,2,2,50,50,50,50,2,2,56,56,56,56,2,2,62,62,62,62,2,2,68,68,68,68,2,2,74,74,74,74,2,80,80
0,1,1,1,1,1,1,1,1,1,1,1,1,1,1,1,1,1,1,1,1,1,1,1,1,1,1,1,1,1,1,1,1,1,1,1,1,1,1,1,1,1,1,1,1,1,0,2,2,50,50,50,50,2,2,56,56,56,56,2,2,62,62,62,62,2,2,68,68,68,68,2,2,74,74,74,74,2,80,80
0,1,1,1,1,1,1,1,1,1,1,1,1,1,1,1,1,1,1,1,1,1,1,1,1,1,1,1,1,1,1,1,1,1,1,1,1,1,1,1,1,1,1,1,1,1,0,2,2,50,50,50,50,2,2,56,56,56,56,2,2,62,62,62,62,2,2,68,68,68,68,2,2,74,74,74,74,2,80,80
0,1,1,1,1,1,1,1,1,1,1,1,1,1,1,1,1,1,1,1,1,1,1,1,1,1,1,1,1,1,1,1,1,1,1,1,1,1,1,1,1,1,1,1,1,1,0,2,2,50,50,50,50,2,2,56,56,56,56,2,2,62,62,62,62,2,2,68,68,68,68,2,2,74,74,74,74,2,80,80
0,1,1,1,1,1,1,1,1,1,1,1,1,1,1,1,1,1,1,1,1,1,1,1,1,1,1,1,1,1,1,1,1,1,1,1,1,1,1,1,1,1,1,1,1,1,1,0,2,2,50,50,50,50,2,2,56,56,56,56,2,2,62,62,62,62,2,2,68,68,68,68,2,2,74,74,74,74,2,80,80
0,1,1,1,1,1,1,1,1,1,1,1,1,1,1,1,1,1,1,1,1,1,1,1,1,1,1,1,1,1,1,1,1,1,1,1,1,1,1,1,1,1,1,1,1,1,1,0,2,2,50,50,50,50,2,2,56,56,56,56,2,2,62,62,62,62,2,2,68,68,68,68,2,2,74,74,74,74,2,80,80
0,1,1,1,1,1,1,1,1,1,1,1,1,1,1,1,1,1,1,1,1,1,1,1,1,1,1,1,1,1,1,1,1,1,1,1,1,1,1,1,1,1,1,1,1,1,1,0,2,2,50,50,50,50,2,2,56,56,56,56,2,2,62,62,62,62,2,2,68,68,68,68,2,2,74,74,74,74,2,80,80
0,1,1,1,1,1,1,1,1,1,1,1,1,1,1,1,1,1,1,1,1,1,1,1,1,1,1,1,1,1,1,1,1,1,1,1,1,1,1,1,1,1,1,1,1,1,1,0,2,2,50,50,50,50,2,2,56,56,56,56,2,2,62,62,62,62,2,2,68,68,68,68,2,2,74,74,74,74,2,80,80
0,1,1,1,1,1,1,1,1,1,1,1,1,1,1,1,1,1,1,1,1,1,1,1,1,1,1,1,1,1,1,1,1,1,1,1,1,1,1,1,1,1,1,1,1,1,1,0,2,2,50,50,50,50,2,2,56,56,56,56,2,2,62,62,62,62,2,2,68,68,68,68,2,2,74,74,74,74,2,80,80
0,1,1,1,1,1,1,1,1,1,1,1,1,1,1,1,1,1,1,1,1,1,1,1,1,1,1,1,1,1,1,1,1,1,1,1,1,1,1,1,1,1,1,1,1,1,1,0,2,2,50,50,50,50,2,2,56,56,56,56,2,2,62,62,62,62,2,2,68,68,68,68,2,2,74,74,74,74,2,80,80
0,1,1,1,1,1,1,1,1,1,1,1,1,1,1,1,1,1,1,1,1,1,1,1,1,1,1,1,1,1,1,1,1,1,1,1,1,1,1,1,1,1,1,1,1,1,1,0,2,2,50,50,50,50,2,2,56,56,56,56,2,2,62,62,62,62,2,2,68,68,68,68,2,2,74,74,74,74,2,80,80
0,1,1,1,1,1,1,1,1,1,1,1,1,1,1,1,1,1,1,1,1,1,1,1,1,1,1,1,1,1,1,1,1,1,1,1,1,1,1,1,1,1,1,1,1,1,1,0,2,2,50,50,50,50,2,2,56,56,56,56,2,2,62,62,62,62,2,2,68,68,68,68,2,2,74,74,74,74,2,80,80
0,1,1,1,1,1,1,1,1,1,1,1,1,1,1,1,1,1,1,1,1,1,1,1,1,1,1,1,1,1,1,1,1,1,1,1,1,1,1,1,1,1,1,1,1,1,1,0,2,2,50,50,50,50,2,2,56,56,56,56,2,2,62,62,62,62,2,2,68,68,68,68,2,2,74,74,74,74,2,80,80
0,1,1,1,1,1,1,1,1,1,1,1,1,1,1,1,1,1,1,1,1,1,1,1,1,1,1,1,1,1,1,1,1,1,1,1,1,1,1,1,1,1,1,1,1,1,1,0,2,2,50,50,50,50,2,2,56,56,56,56,2,2,62,62,62,62,2,2,68,68,68,68,2,2,74,74,74,74,2,80,80
0,1,1,1,1,1,1,1,1,1,1,1,1,1,1,1,1,1,1,1,1,1,1,1,1,1,1,1,1,1,1,1,1,1,1,1,1,1,1,1,1,1,1,1,1,1,1,0,2,2,50,50,50,50,2,2,56,56,56,56,2,2,62,62,62,62,2,2,68,68,68,68,2,2,74,74,74,74,2,80,80
0,1,1,1,1,1,1,1,1,1,1,1,1,1,1,1,1,1,1,1,1,1,1,1,1,1,1,1,1,1,1,1,1,1,1,1,1,1,1,1,1,1,1,1,1,1,1,0,2,2,50,50,50,50,2,2,56,56,56,56,2,2,62,62,62,62,2,2,68,68,68,68,2,2,74,74,74,74,2,80,80
0,1,1,1,1,1,1,1,1,1,1,1,1,1,1,1,1,1,1,1,1,1,1,1,1,1,1,1,1,1,1,1,1,1,1,1,1,1,1,1,1,1,1,1,1,1,1,0,2,49,2,50,50,50,50,2,55,2,56,56,56,56,2,61,2,62,62,62,62,2,2,68,68,68,68,2,2,74,74,74,74,2,80,80
0,1,1,1,1,1,1,1,1,1,1,1,1,1,1,1,1,1,1,1,1,1,1,1,1,1,1,1,1,1,1,1,1,1,1,1,1,1,1,1,1,1,1,1,1,1,1,0,2,49,2,50,50,50,50,2,55,2,56,56,56,56,2,61,2,62,62,62,62,2,2,68,68,68,68,2,2,74,74,74,74,2,80,80
0,1,1,1,1,1,1,1,1,1,1,1,1,1,1,1,1,1,1,1,1,1,1,1,1,1,1,1,1,1,1,1,1,1,1,1,1,1,1,1,1,1,1,1,1,1,1,0,2,49,2,50,50,50,50,2,55,2,56,56,56,56,2,61,2,62,62,62,62,2,2,68,68,68,68,2,2,74,74,74,74,2,80,80
0,1,1,1,1,1,1,1,1,1,1,1,1,1,1,1,1,1,1,1,1,1,1,1,1,1,1,1,1,1,1,1,1,1,1,1,1,1,1,1,1,1,1,1,1,1,1,0,2,49,2,50,50,50,50,2,55,2,56,56,56,56,2,61,2,62,62,62,62,2,2,68,68,68,68,2,2,74,74,74,74,2,80,80
0,1,1,1,1,1,1,1,1,1,1,1,1,1,1,1,1,1,1,1,1,1,1,1,1,1,1,1,1,1,1,1,1,1,1,1,1,1,1,1,1,1,1,1,1,1,1,0,2,49,2,50,50,50,50,2,55,2,56,56,56,56,2,61,2,62,62,62,62,2,2,68,68,68,68,2,2,74,74,74,74,2,80,80
0,1,1,1,1,1,1,1,1,1,1,1,1,1,1,1,1,1,1,1,1,1,1,1,1,1,1,1,1,1,1,1,1,1,1,1,1,1,1,1,1,1,1,1,1,1,1,0,2,49,2,50,50,50,50,2,55,2,56,56,56,56,2,61,2,62,62,62,62,2,2,68,68,68,68,2,2,74,74,74,74,2,80,80
0,1,1,1,1,1,1,1,1,1,1,1,1,1,1,1,1,1,1,1,1,1,1,1,1,1,1,1,1,1,1,1,1,1,1,1,1,1,1,1,1,1,1,1,1,1,1,0,2,49,2,50,50,50,50,2,55,2,56,56,56,56,2,61,2,62,62,62,62,2,2,68,68,68,68,2,2,74,74,74,74,2,80,80
0,1,1,1,1,1,1,1,1,1,1,1,1,1,1,1,1,1,1,1,1,1,1,1,1,1,1,1,1,1,1,1,1,1,1,1,1,1,1,1,1,1,1,1,1,1,1,0,2,49,2,50,50,50,50,2,55,2,56,56,56,56,2,61,2,62,62,62,62,2,2,68,68,68,68,2,2,74,74,74,74,2,80,80
0,1,1,1,1,1,1,1,1,1,1,1,1,1,1,1,1,1,1,1,1,1,1,1,1,1,1,1,1,1,1,1,1,1,1,1,1,1,1,1,1,1,1,1,1,1,1,0,2,49,87,2,50,50,50,50,2,55,89,2,56,56,56,56,2,61,91,2,62,62,62,62,2,2,68,68,68,68,2,2,74,74,74,74,2,80,80
0,1,1,1,1,1,1,1,1,1,1,1,1,1,1,1,1,1,1,1,1,1,1,1,1,1,1,1,1,1,1,1,1,1,1,1,1,1,1,1,1,1,1,1,1,1,1,0,2,49,87,2,50,50,50,50,2,55,89,2,56,56,56,56,2,61,91,2,62,62,62,62,2,2,68,68,68,68,2,2,74,74,74,74,2,80,80
0,1,1,1,1,1,1,1,1,1,1,1,1,1,1,1,1,1,1,1,1,1,1,1,1,1,1,1,1,1,1,1,1,1,1,1,1,1,1,1,1,1,1,1,1,1,1,0,2,49,87,2,50,50,50,50,2,55,89,2,56,56,56,56,2,61,91,2,62,62,62,62,2,2,68,68,68,68,2,2,74,74,74,74,2,80,80
0,1,1,1,1,1,1,1,1,1,1,1,1,1,1,1,1,1,1,1,1,1,1,1,1,1,1,1,1,1,1,1,1,1,1,1,1,1,1,1,1,1,1,1,1,1,1,0,2,49,87,87,2,50,50,50,50,2,55,89,89,2,56,56,56,56,2,61,91,91,2,62,62,62,62,2,2,68,68,68,68,2,2,74,74,74,74,2,80,80
0,1,1,1,1,1,1,1,1,1,1,1,1,1,1,1,1,1,1,1,1,1,1,1,1,1,1,1,1,1,1,1,1,1,1,1,1,1,1,1,1,1,1,1,1,1,1,0,2,49,87,87,2,50,50,50,50,2,55,89,89,2,56,56,56,56,2,61,91,91,2,62,62,62,62,2,2,68,68,68,68,2,2,74,74,74,74,2,80,80
0,1,1,1,1,1,1,1,1,1,1,1,1,1,1,1,1,1,1,1,1,1,1,1,1,1,1,1,1,1,1,1,1,1,1,1,1,1,1,1,1,1,1,1,1,1,1,0,2,49,87,87,2,50,50,50,50,2,55,89,89,2,56,56,56,56,2,61,91,91,2,62,62,62,62,2,2,68,68,68,68,2,2,74,74,74,74,2,2,80,80
0,1,1,1,1,1,1,1,1,1,1,1,1,1,1,1,1,1,1,1,1,1,1,1,1,1,1,1,1,1,1,1,1,1,1,1,1,1,1,1,1,1,1,1,1,1,1,0,2,49,87,87,2,50,50,50,50,2,55,89,89,2,56,56,56,56,2,61,91,91,2,62,62,62,62,2,2,68,68,68,68,2,2,74,74,74,74,2,2,80,80
0,1,1,1,1,1,1,1,1,1,1,1,1,1,1,1,1,1,1,1,1,1,1,1,1,1,1,1,1,1,1,1,1,1,1,1,1,1,1,1,1,1,1,1,1,1,1,0,2,49,87,87,2,50,50,50,50,2,55,89,89,2,56,56,56,56,2,61,91,91,2,62,62,62,62,2,2,68,68,68,68,2,2,74,74,74,74,2,2,80,80
0,1,1,1,1,1,1,1,1,1,1,1,1,1,1,1,1,1,1,1,1,1,1,1,1,1,1,1,1,1,1,1,1,1,1,1,1,1,1,1,1,1,1,1,1,1,1,0,2,49,87,87,2,50,50,50,50,2,55,89,89,2,56,56,56,56,2,61,91,91,2,62,62,62,62,2,2,68,68,68,68,2,2,74,74,74,74,2,2,80,80
0,1,1,1,1,1,1,1,1,1,1,1,1,1,1,1,1,1,1,1,1,1,1,1,1,1,1,1,1,1,1,1,1,1,1,1,1,1,1,1,1,1,1,1,1,1,1,0,2,49,87,87,2,50,50,50,50,2,55,89,89,2,56,56,56,56,2,61,91,91,2,62,62,62,62,2,2,68,68,68,68,2,2,74,74,74,74,2,2,80,80
0,1,1,1,1,1,1,1,1,1,1,1,1,1,1,1,1,1,1,1,1,1,1,1,1,1,1,1,1,1,1,1,1,1,1,1,1,1,1,1,1,1,1,1,1,1,1,0,2,49,87,87,2,50,50,50,50,2,55,89,89,2,56,56,56,56,2,61,91,91,2,62,62,62,62,2,2,68,68,68,68,2,2,74,74,74,74,2,2,80,80
0,1,1,1,1,1,1,1,1,1,1,1,1,1,1,1,1,1,1,1,1,1,1,1,1,1,1,1,1,1,1,1,1,1,1,1,1,1,1,1,1,1,1,1,1,1,1,1,0,2,49,87,87,2,50,50,50,50,2,55,89,89,2,56,56,56,56,2,61,91,91,2,62,62,62,62,2,2,68,68,68,68,2,2,74,74,74,74,2,2,80,80
0,1,1,1,1,1,1,1,1,1,1,1,1,1,1,1,1,1,1,1,1,1,1,1,1,1,1,1,1,1,1,1,1,1,1,1,1,1,1,1,1,1,1,1,1,1,1,1,0,2,49,87,87,2,50,50,50,50,2,55,89,89,2,56,56,56,56,2,61,91,91,2,62,62,62,62,2,2,68,68,68,68,2,2,74,74,74,74,2,2,80,80
0,1,1,1,1,1,1,1,1,1,1,1,1,1,1,1,1,1,1,1,1,1,1,1,1,1,1,1,1,1,1,1,1,1,1,1,1,1,1,1,1,1,1,1,1,1,1,1,0,2,49,87,87,2,50,50,50,50,2,55,89,89,2,56,56,56,56,2,61,91,91,2,62,62,62,62,2,2,68,68,68,68,2,2,74,74,74,74,2,2,80,80
0,1,1,1,1,1,1,1,1,1,1,1,1,1,1,1,1,1,1,1,1,1,1,1,1,1,1,1,1,1,1,1,1,1,1,1,1,1,1,1,1,1,1,1,1,1,1,1,0,2,49,87,87,2,50,50,50,50,2,55,89,89,2,56,56,56,56,2,61,91,91,2,62,62,62,62,2,2,68,68,68,68,2,2,74,74,74,74,2,2,80,80
0,1,1,1,1,1,1,1,1,1,1,1,1,1,1,1,1,1,1,1,1,1,1,1,1,1,1,1,1,1,1,1,1,1,1,1,1,1,1,1,1,1,1,1,1,1,1,1,0,2,49,87,87,2,50,50,50,50,2,55,89,89,2,56,56,56,56,2,61,91,91,2,62,62,62,62,2,2,68,68,68,68,2,2,74,74,74,74,2,2,80,80
0,1,1,1,1,1,1,1,1,1,1,1,1,1,1,1,1,1,1,1,1,1,1,1,1,1,1,1,1,1,1,1,1,1,1,1,1,1,1,1,1,1,1,1,1,1,1,1,0,2,49,87,87,2,50,50,50,50,2,55,89,89,2,56,56,56,56,2,61,91,91,2,62,62,62,62,2,2,68,68,68,68,2,2,74,74,74,74,2,2,80,80
0,1,1,1,1,1,1,1,1,1,1,1,1,1,1,1,1,1,1,1,1,1,1,1,1,1,1,1,1,1,1,1,1,1,1,1,1,1,1,1,1,1,1,1,1,1,1,1,0,2,49,87,87,2,50,50,50,50,2,55,89,89,2,56,56,56,56,2,61,91,91,2,62,62,62,62,2,2,68,68,68,68,2,2,74,74,74,74,2,2,80,80
0,1,1,1,1,1,1,1,1,1,1,1,1,1,1,1,1,1,1,1,1,1,1,1,1,1,1,1,1,1,1,1,1,1,1,1,1,1,1,1,1,1,1,1,1,1,1,1,0,2,49,87,87,2,50,50,50,50,2,55,89,89,2,56,56,56,56,2,61,91,91,2,62,62,62,62,2,2,68,68,68,68,2,2,74,74,74,74,2,2,80,80
0,1,1,1,1,1,1,1,1,1,1,1,1,1,1,1,1,1,1,1,1,1,1,1,1,1,1,1,1,1,1,1,1,1,1,1,1,1,1,1,1,1,1,1,1,1,1,1,0,2,49,87,87,2,50,50,50,50,2,55,89,89,2,56,56,56,56,2,61,91,91,2,62,62,62,62,2,2,68,68,68,68,2,2,74,74,74,74,2,2,80,80
0,1,1,1,1,1,1,1,1,1,1,1,1,1,1,1,1,1,1,1,1,1,1,1,1,1,1,1,1,1,1,1,1,1,1,1,1,1,1,1,1,1,1,1,1,1,1,1,0,2,49,87,87,2,50,50,50,50,2,55,89,89,2,56,56,56,56,2,61,91,91,2,62,62,62,62,2,2,68,68,68,68,2,2,74,74,74,74,2,2,80,80
0,1,1,1,1,1,1,1,1,1,1,1,1,1,1,1,1,1,1,1,1,1,1,1,1,1,1,1,1,1,1,1,1,1,1,1,1,1,1,1,1,1,1,1,1,1,1,1,0,2,49,87,87,2,50,50,50,50,2,55,89,89,2,56,56,56,56,2,61,91,91,2,62,62,62,62,2,2,68,68,68,68,2,2,74,74,74,74,2,2,80,80
0,1,1,1,1,1,1,1,1,1,1,1,1,1,1,1,1,1,1,1,1,1,1,1,1,1,1,1,1,1,1,1,1,1,1,1,1,1,1,1,1,1,1,1,1,1,1,1,0,2,49,87,87,2,50,50,50,50,2,55,89,89,2,56,56,56,56,2,61,91,91,2,62,62,62,62,2,2,68,68,68,68,2,2,74,74,74,74,2,2,80,80
0,1,1,1,1,1,1,1,1,1,1,1,1,1,1,1,1,1,1,1,1,1,1,1,1,1,1,1,1,1,1,1,1,1,1,1,1,1,1,1,1,1,1,1,1,1,1,1,0,2,49,87,87,2,50,50,50,50,2,55,89,89,2,56,56,56,56,2,61,91,91,2,62,62,62,62,2,2,68,68,68,68,2,2,74,74,74,74,2,2,80,80
0,1,1,1,1,1,1,1,1,1,1,1,1,1,1,1,1,1,1,1,1,1,1,1,1,1,1,1,1,1,1,1,1,1,1,1,1,1,1,1,1,1,1,1,1,1,1,1,0,2,49,87,87,2,50,50,50,50,2,55,89,89,2,56,56,56,56,2,61,91,91,2,62,62,62,62,2,2,68,68,68,68,2,2,74,74,74,74,2,2,80,80
0,1,1,1,1,1,1,1,1,1,1,1,1,1,1,1,1,1,1,1,1,1,1,1,1,1,1,1,1,1,1,1,1,1,1,1,1,1,1,1,1,1,1,1,1,1,1,1,0,2,49,87,87,2,50,50,50,50,2,55,89,89,2,56,56,56,56,2,61,91,91,2,62,62,62,62,2,2,68,68,68,68,2,2,74,74,74,74,2,2,80,80
0,1,1,1,1,1,1,1,1,1,1,1,1,1,1,1,1,1,1,1,1,1,1,1,1,1,1,1,1,1,1,1,1,1,1,1,1,1,1,1,1,1,1,1,1,1,1,1,0,2,49,87,87,2,50,50,50,50,2,55,89,89,2,56,56,56,56,2,61,91,91,2,62,62,62,62,2,2,68,68,68,68,2,2,74,74,74,74,2,2,80,80
0,1,1,1,1,1,1,1,1,1,1,1,1,1,1,1,1,1,1,1,1,1,1,1,1,1,1,1,1,1,1,1,1,1,1,1,1,1,1,1,1,1,1,1,1,1,1,1,0,2,49,87,87,2,50,50,50,50,2,55,89,89,2,56,56,56,56,2,61,91,91,2,62,62,62,62,2,2,68,68,68,68,2,2,74,74,74,74,2,2,80,80
0,1,1,1,1,1,1,1,1,1,1,1,1,1,1,1,1,1,1,1,1,1,1,1,1,1,1,1,1,1,1,1,1,1,1,1,1,1,1,1,1,1,1,1,1,1,1,1,0,2,49,87,87,2,50,50,50,50,2,55,89,89,2,56,56,56,56,2,61,91,91,2,62,62,62,62,2,2,68,68,68,68,2,2,74,74,74,74,2,2,80,80,80
0,1,1,1,1,1,1,1,1,1,1,1,1,1,1,1,1,1,1,1,1,1,1,1,1,1,1,1,1,1,1,1,1,1,1,1,1,1,1,1,1,1,1,1,1,1,1,1,1,0,2,49,87,87,2,50,50,50,50,2,55,89,89,2,56,56,56,56,2,61,91,91,2,62,62,62,62,2,2,68,68,68,68,2,2,74,74,74,74,2,2,80,80,80
0,1,1,1,1,1,1,1,1,1,1,1,1,1,1,1,1,1,1,1,1,1,1,1,1,1,1,1,1,1,1,1,1,1,1,1,1,1,1,1,1,1,1,1,1,1,1,1,1,0,2,49,87,87,2,50,50,50,50,2,55,89,89,2,56,56,56,56,2,61,91,91,2,62,62,62,62,2,2,68,68,68,68,2,2,74,74,74,74,2,2,80,80,80,80
0,1,1,1,1,1,1,1,1,1,1,1,1,1,1,1,1,1,1,1,1,1,1,1,1,1,1,1,1,1,1,1,1,1,1,1,1,1,1,1,1,1,1,1,1,1,1,1,1,0,2,49,87,87,2,50,50,50,50,2,55,89,89,2,56,56,56,56,2,61,91,91,2,62,62,62,62,2,2,68,68,68,68,2,2,74,74,74,74,2,2,80,80,80,80
0,1,1,1,1,1,1,1,1,1,1,1,1,1,1,1,1,1,1,1,1,1,1,1,1,1,1,1,1,1,1,1,1,1,1,1,1,1,1,1,1,1,1,1,1,1,1,1,1,0,2,49,87,87,2,50,50,50,50,2,55,89,89,2,56,56,56,56,2,61,91,91,2,62,62,62,62,2,2,68,68,68,68,2,2,74,74,74,74,2,2,80,80,80,80
0,1,1,1,1,1,1,1,1,1,1,1,1,1,1,1,1,1,1,1,1,1,1,1,1,1,1,1,1,1,1,1,1,1,1,1,1,1,1,1,1,1,1,1,1,1,1,1,1,0,2,49,87,87,2,50,50,50,50,2,55,89,89,2,56,56,56,56,2,61,91,91,2,62,62,62,62,2,2,68,68,68,68,2,2,74,74,74,74,2,2,80,80,80,80
0,1,1,1,1,1,1,1,1,1,1,1,1,1,1,1,1,1,1,1,1,1,1,1,1,1,1,1,1,1,1,1,1,1,1,1,1,1,1,1,1,1,1,1,1,1,1,1,1,0,2,49,87,87,2,50,50,50,50,2,55,89,89,2,56,56,56,56,2,61,91,91,2,62,62,62,62,2,2,68,68,68,68,2,2,74,74,74,74,2,2,80,80,80,80
0,1,1,1,1,1,1,1,1,1,1,1,1,1,1,1,1,1,1,1,1,1,1,1,1,1,1,1,1,1,1,1,1,1,1,1,1,1,1,1,1,1,1,1,1,1,1,1,1,0,2,49,87,87,2,50,50,50,50,2,55,89,89,2,56,56,56,56,2,61,91,91,2,62,62,62,62,2,2,68,68,68,68,2,2,74,74,74,74,2,2,80,80,80,80
0,1,1,1,1,1,1,1,1,1,1,1,1,1,1,1,1,1,1,1,1,1,1,1,1,1,1,1,1,1,1,1,1,1,1,1,1,1,1,1,1,1,1,1,1,1,1,1,1,0,2,49,87,87,2,50,50,50,50,2,55,89,89,2,56,56,56,56,2,61,91,91,91,2,62,62,62,62,2,2,68,68,68,68,2,2,74,74,74,74,2,2,80,80,80,80
0,1,1,1,1,1,1,1,1,1,1,1,1,1,1,1,1,1,1,1,1,1,1,1,1,1,1,1,1,1,1,1,1,1,1,1,1,1,1,1,1,1,1,1,1,1,1,1,1,0,2,49,87,87,2,50,50,50,50,2,55,89,89,2,56,56,56,56,2,61,91,91,91,2,62,62,62,62,2,2,68,68,68,68,2,2,74,74,74,74,2,2,80,80,80,80
0,1,1,1,1,1,1,1,1,1,1,1,1,1,1,1,1,1,1,1,1,1,1,1,1,1,1,1,1,1,1,1,1,1,1,1,1,1,1,1,1,1,1,1,1,1,1,1,1,0,2,49,87,87,2,50,50,50,50,2,55,89,89,2,56,56,56,56,2,61,91,91,91,2,62,62,62,62,2,2,68,68,68,68,2,2,74,74,74,74,2,2,80,80,80,80
0,1,1,1,1,1,1,1,1,1,1,1,1,1,1,1,1,1,1,1,1,1,1,1,1,1,1,1,1,1,1,1,1,1,1,1,1,1,1,1,1,1,1,1,1,1,1,1,1,0,2,49,87,87,2,50,50,50,50,2,55,89,89,2,56,56,56,56,2,61,91,91,91,2,62,62,62,62,2,2,68,68,68,68,2,2,74,74,74,74,2,2,80,80,80,80
0,1,1,1,1,1,1,1,1,1,1,1,1,1,1,1,1,1,1,1,1,1,1,1,1,1,1,1,1,1,1,1,1,1,1,1,1,1,1,1,1,1,1,1,1,1,1,1,1,0,2,49,87,87,2,50,50,50,50,2,55,89,89,2,56,56,56,56,2,61,91,91,91,2,62,62,62,62,2,2,68,68,68,68,2,2,74,74,74,74,2,2,80,80,80,80
0,1,1,1,1,1,1,1,1,1,1,1,1,1,1,1,1,1,1,1,1,1,1,1,1,1,1,1,1,1,1,1,1,1,1,1,1,1,1,1,1,1,1,1,1,1,1,1,1,0,2,49,87,87,2,50,50,50,50,2,55,89,89,2,56,56,56,56,2,61,91,91,91,2,62,62,62,62,2,2,68,68,68,68,2,2,74,74,74,74,2,2,80,80,80,80
0,1,1,1,1,1,1,1,1,1,1,1,1,1,1,1,1,1,1,1,1,1,1,1,1,1,1,1,1,1,1,1,1,1,1,1,1,1,1,1,1,1,1,1,1,1,1,1,1,0,2,49,87,87,2,50,50,50,50,2,55,89,89,2,56,56,56,56,2,61,91,91,91,2,62,62,62,62,2,2,68,68,68,68,2,2,74,74,74,74,2,2,80,80,80,80
0,1,1,1,1,1,1,1,1,1,1,1,1,1,1,1,1,1,1,1,1,1,1,1,1,1,1,1,1,1,1,1,1,1,1,1,1,1,1,1,1,1,1,1,1,1,1,1,1,0,2,49,87,87,2,50,50,50,50,2,55,89,89,2,56,56,56,56,2,61,91,91,91,2,62,62,62,62,2,2,68,68,68,68,2,2,74,74,74,74,2,2,80,80,80,80
0,1,1,1,1,1,1,1,1,1,1,1,1,1,1,1,1,1,1,1,1,1,1,1,1,1,1,1,1,1,1,1,1,1,1,1,1,1,1,1,1,1,1,1,1,1,1,1,1,0,2,49,87,87,2,50,50,50,50,2,55,89,89,2,56,56,56,56,2,61,91,91,91,2,62,62,62,62,2,2,68,68,68,68,2,2,74,74,74,74,2,2,80,80,80,80
0,1,1,1,1,1,1,1,1,1,1,1,1,1,1,1,1,1,1,1,1,1,1,1,1,1,1,1,1,1,1,1,1,1,1,1,1,1,1,1,1,1,1,1,1,1,1,1,1,0,2,49,87,87,2,50,50,50,50,2,55,89,89,2,56,56,56,56,2,61,91,91,91,2,62,62,62,62,2,2,68,68,68,68,2,2,74,74,74,74,2,2,80,80,80,80
0,1,1,1,1,1,1,1,1,1,1,1,1,1,1,1,1,1,1,1,1,1,1,1,1,1,1,1,1,1,1,1,1,1,1,1,1,1,1,1,1,1,1,1,1,1,1,1,1,0,2,49,87,87,87,2,50,50,50,50,2,55,89,89,89,2,56,56,56,56,2,61,91,91,91,2,62,62,62,62,2,2,68,68,68,68,2,2,74,74,74,74,2,2,80,80,80,80
0,1,1,1,1,1,1,1,1,1,1,1,1,1,1,1,1,1,1,1,1,1,1,1,1,1,1,1,1,1,1,1,1,1,1,1,1,1,1,1,1,1,1,1,1,1,1,1,1,1,0,2,49,87,87,87,2,50,50,50,50,2,55,89,89,89,2,56,56,56,56,2,61,91,91,91,91,2,62,62,62,62,2,2,68,68,68,68,2,2,74,74,74,74,2,2,80,80,80,80
0,1,1,1,1,1,1,1,1,1,1,1,1,1,1,1,1,1,1,1,1,1,1,1,1,1,1,1,1,1,1,1,1,1,1,1,1,1,1,1,1,1,1,1,1,1,1,1,1,1,0,2,49,87,87,87,2,50,50,50,50,2,55,89,89,89,2,56,56,56,56,2,61,91,91,91,91,2,62,62,62,62,2,2,68,68,68,68,2,2,74,74,74,74,2,2,80,80,80,80
0,1,1,1,1,1,1,1,1,1,1,1,1,1,1,1,1,1,1,1,1,1,1,1,1,1,1,1,1,1,1,1,1,1,1,1,1,1,1,1,1,1,1,1,1,1,1,1,1,1,0,2,49,87,87,87,87,2,50,50,50,50,2,55,89,89,89,89,2,56,56,56,56,2,61,91,91,91,91,2,62,62,62,62,2,2,68,68,68,68,2,2,74,74,74,74,2,2,80,80,80,80
0,1,1,1,1,1,1,1,1,1,1,1,1,1,1,1,1,1,1,1,1,1,1,1,1,1,1,1,1,1,1,1,1,1,1,1,1,1,1,1,1,1,1,1,1,1,1,1,1,1,0,2,49,87,87,87,87,2,50,50,50,50,2,55,89,89,89,89,2,56,56,56,56,2,61,91,91,91,91,2,62,62,62,62,2,2,68,68,68,68,2,2,74,74,74,74,2,2,80,80,80,80
0,1,1,1,1,1,1,1,1,1,1,1,1,1,1,1,1,1,1,1,1,1,1,1,1,1,1,1,1,1,1,1,1,1,1,1,1,1,1,1,1,1,1,1,1,1,1,1,1,1,0,2,49,87,87,87,87,2,50,50,50,50,2,55,89,89,89,89,2,56,56,56,56,2,61,91,91,91,91,2,62,62,62,62,2,2,68,68,68,68,2,2,74,74,74,74,2,2,80,80,80,80
0,1,1,1,1,1,1,1,1,1,1,1,1,1,1,1,1,1,1,1,1,1,1,1,1,1,1,1,1,1,1,1,1,1,1,1,1,1,1,1,1,1,1,1,1,1,1,1,1,1,0,2,49,87,87,87,87,2,50,50,50,50,2,55,89,89,89,89,2,56,56,56,56,2,61,91,91,91,91,2,62,62,62,62,2,2,68,68,68,68,2,2,74,74,74,74,2,2,80,80,80,80
0,1,1,1,1,1,1,1,1,1,1,1,1,1,1,1,1,1,1,1,1,1,1,1,1,1,1,1,1,1,1,1,1,1,1,1,1,1,1,1,1,1,1,1,1,1,1,1,1,1,0,2,49,87,87,87,87,2,50,50,50,50,2,55,89,89,89,89,2,56,56,56,56,2,61,91,91,91,91,2,62,62,62,62,2,2,68,68,68,68,2,2,74,74,74,74,2,2,80,80,80,80
0,1,1,1,1,1,1,1,1,1,1,1,1,1,1,1,1,1,1,1,1,1,1,1,1,1,1,1,1,1,1,1,1,1,1,1,1,1,1,1,1,1,1,1,1,1,1,1,1,1,0,2,49,87,87,87,87,2,50,50,50,50,2,55,89,89,89,89,2,56,56,56,56,2,61,91,91,91,91,2,62,62,62,62,2,2,68,68,68,68,2,2,74,74,74,74,2,2,80,80,80,80
0,1,1,1,1,1,1,1,1,1,1,1,1,1,1,1,1,1,1,1,1,1,1,1,1,1,1,1,1,1,1,1,1,1,1,1,1,1,1,1,1,1,1,1,1,1,1,1,1,1,0,2,49,87,87,87,87,2,50,50,50,50,2,55,89,89,89,89,2,56,56,56,56,2,61,91,91,91,91,2,62,62,62,62,2,2,68,68,68,68,2,2,74,74,74,74,2,2,80,80,80,80
0,1,1,1,1,1,1,1,1,1,1,1,1,1,1,1,1,1,1,1,1,1,1,1,1,1,1,1,1,1,1,1,1,1,1,1,1,1,1,1,1,1,1,1,1,1,1,1,1,1,0,2,49,87,87,87,87,2,50,50,50,50,2,55,89,89,89,89,2,56,56,56,56,2,61,91,91,91,91,2,62,62,62,62,2,2,68,68,68,68,2,2,74,74,74,74,2,2,80,80,80,80
0,1,1,1,1,1,1,1,1,1,1,1,1,1,1,1,1,1,1,1,1,1,1,1,1,1,1,1,1,1,1,1,1,1,1,1,1,1,1,1,1,1,1,1,1,1,1,1,1,1,0,2,49,87,87,87,87,2,50,50,50,50,2,55,89,89,89,89,2,56,56,56,56,2,61,91,91,91,91,2,62,62,62,62,2,2,68,68,68,68,2,2,74,74,74,74,2,2,80,80,80,80
0,1,1,1,1,1,1,1,1,1,1,1,1,1,1,1,1,1,1,1,1,1,1,1,1,1,1,1,1,1,1,1,1,1,1,1,1,1,1,1,1,1,1,1,1,1,1,1,1,1,1,0,2,49,87,87,87,87,2,50,50,50,50,2,55,89,89,89,89,2,56,56,56,56,2,61,91,91,91,91,2,62,62,62,62,2,2,68,68,68,68,2,2,74,74,74,74,2,2,80,80,80,80
0,1,1,1,1,1,1,1,1,1,1,1,1,1,1,1,1,1,1,1,1,1,1,1,1,1,1,1,1,1,1,1,1,1,1,1,1,1,1,1,1,1,1,1,1,1,1,1,1,1,1,0,2,49,87,87,87,87,2,50,50,50,50,2,55,89,89,89,89,2,56,56,56,56,2,61,91,91,91,91,2,62,62,62,62,2,2,68,68,68,68,2,2,74,74,74,74,2,2,80,80,80,80
0,1,1,1,1,1,1,1,1,1,1,1,1,1,1,1,1,1,1,1,1,1,1,1,1,1,1,1,1,1,1,1,1,1,1,1,1,1,1,1,1,1,1,1,1,1,1,1,1,1,1,0,2,49,87,87,87,87,2,50,50,50,50,2,55,89,89,89,89,2,56,56,56,56,2,61,91,91,91,91,2,62,62,62,62,2,2,68,68,68,68,2,2,74,74,74,74,2,2,80,80,80,80
0,1,1,1,1,1,1,1,1,1,1,1,1,1,1,1,1,1,1,1,1,1,1,1,1,1,1,1,1,1,1,1,1,1,1,1,1,1,1,1,1,1,1,1,1,1,1,1,1,1,1,0,2,49,87,87,87,87,2,50,50,50,50,2,55,89,89,89,89,2,56,56,56,56,2,61,91,91,91,91,2,62,62,62,62,2,2,68,68,68,68,2,2,74,74,74,74,2,2,80,80,80,80
0,1,1,1,1,1,1,1,1,1,1,1,1,1,1,1,1,1,1,1,1,1,1,1,1,1,1,1,1,1,1,1,1,1,1,1,1,1,1,1,1,1,1,1,1,1,1,1,1,1,1,0,2,49,87,87,87,87,2,50,50,50,50,2,55,89,89,89,89,2,56,56,56,56,2,61,91,91,91,91,2,62,62,62,62,2,2,68,68,68,68,2,2,74,74,74,74,2,2,80,80,80,80
0,1,1,1,1,1,1,1,1,1,1,1,1,1,1,1,1,1,1,1,1,1,1,1,1,1,1,1,1,1,1,1,1,1,1,1,1,1,1,1,1,1,1,1,1,1,1,1,1,1,1,0,2,49,87,87,87,87,2,50,50,50,50,2,55,89,89,89,89,2,56,56,56,56,2,61,91,91,91,91,2,62,62,62,62,2,2,68,68,68,68,2,2,74,74,74,74,2,2,80,80,80,80
0,1,1,1,1,1,1,1,1,1,1,1,1,1,1,1,1,1,1,1,1,1,1,1,1,1,1,1,1,1,1,1,1,1,1,1,1,1,1,1,1,1,1,1,1,1,1,1,1,1,1,0,2,49,87,87,87,87,2,50,50,50,50,2,55,89,89,89,89,2,56,56,56,56,2,61,91,91,91,91,2,62,62,62,62,2,2,68,68,68,68,2,2,74,74,74,74,2,2,80,80,80,80
0,1,1,1,1,1,1,1,1,1,1,1,1,1,1,1,1,1,1,1,1,1,1,1,1,1,1,1,1,1,1,1,1,1,1,1,1,1,1,1,1,1,1,1,1,1,1,1,1,1,1,0,2,49,87,87,87,87,2,50,50,50,50,2,55,89,89,89,89,2,56,56,56,56,2,61,91,91,91,91,2,62,62,62,62,2,2,68,68,68,68,2,2,74,74,74,74,2,2,80,80,80,80
0,1,1,1,1,1,1,1,1,1,1,1,1,1,1,1,1,1,1,1,1,1,1,1,1,1,1,1,1,1,1,1,1,1,1,1,1,1,1,1,1,1,1,1,1,1,1,1,1,1,1,0,2,49,87,87,87,87,2,50,50,50,50,2,55,89,89,89,89,2,56,56,56,56,2,61,91,91,91,91,2,62,62,62,62,2,2,68,68,68,68,2,2,74,74,74,74,2,2,80,80,80,80
0,1,1,1,1,1,1,1,1,1,1,1,1,1,1,1,1,1,1,1,1,1,1,1,1,1,1,1,1,1,1,1,1,1,1,1,1,1,1,1,1,1,1,1,1,1,1,1,1,1,1,0,2,49,87,87,87,87,2,50,50,50,50,2,55,89,89,89,89,2,56,56,56,56,2,61,91,91,91,91,2,62,62,62,62,2,2,68,68,68,68,2,2,74,74,74,74,2,2,80,80,80,80
0,1,1,1,1,1,1,1,1,1,1,1,1,1,1,1,1,1,1,1,1,1,1,1,1,1,1,1,1,1,1,1,1,1,1,1,1,1,1,1,1,1,1,1,1,1,1,1,1,1,1,0,2,49,87,87,87,87,2,50,50,50,50,2,55,89,89,89,89,2,56,56,56,56,2,61,91,91,91,91,2,62,62,62,62,2,2,68,68,68,68,2,2,74,74,74,74,2,2,80,80,80,80
0,1,1,1,1,1,1,1,1,1,1,1,1,1,1,1,1,1,1,1,1,1,1,1,1,1,1,1,1,1,1,1,1,1,1,1,1,1,1,1,1,1,1,1,1,1,1,1,1,1,1,0,2,49,87,87,87,87,2,50,50,50,50,2,55,89,89,89,89,2,56,56,56,56,2,61,91,91,91,91,2,62,62,62,62,2,2,68,68,68,68,2,2,74,74,74,74,2,2,80,80,80,80
0,1,1,1,1,1,1,1,1,1,1,1,1,1,1,1,1,1,1,1,1,1,1,1,1,1,1,1,1,1,1,1,1,1,1,1,1,1,1,1,1,1,1,1,1,1,1,1,1,1,1,0,2,49,87,87,87,87,2,50,50,50,50,2,55,89,89,89,89,2,56,56,56,56,2,61,91,91,91,91,2,62,62,62,62,2,2,68,68,68,68,2,2,74,74,74,74,2,2,80,80,80,80
0,1,1,1,1,1,1,1,1,1,1,1,1,1,1,1,1,1,1,1,1,1,1,1,1,1,1,1,1,1,1,1,1,1,1,1,1,1,1,1,1,1,1,1,1,1,1,1,1,1,1,0,2,49,87,87,87,87,2,50,50,50,50,2,55,89,89,89,89,2,56,56,56,56,2,61,91,91,91,91,2,62,62,62,62,2,2,68,68,68,68,2,2,74,74,74,74,2,2,80,80,80,80
0,1,1,1,1,1,1,1,1,1,1,1,1,1,1,1,1,1,1,1,1,1,1,1,1,1,1,1,1,1,1,1,1,1,1,1,1,1,1,1,1,1,1,1,1,1,1,1,1,1,1,0,2,49,87,87,87,87,2,50,50,50,50,2,55,89,89,89,89,2,56,56,56,56,2,61,91,91,91,91,2,62,62,62,62,2,2,68,68,68,68,2,2,74,74,74,74,2,2,80,80,80,80,2
0,1,1,1,1,1,1,1,1,1,1,1,1,1,1,1,1,1,1,1,1,1,1,1,1,1,1,1,1,1,1,1,1,1,1,1,1,1,1,1,1,1,1,1,1,1,1,1,1,1,1,0,2,49,87,87,87,87,2,50,50,50,50,2,55,89,89,89,89,2,56,56,56,56,2,61,91,91,91,91,2,62,62,62,62,2,2,68,68,68,68,2,2,74,74,74,74,2,2,80,80,80,80,2,2
0,1,1,1,1,1,1,1,1,1,1,1,1,1,1,1,1,1,1,1,1,1,1,1,1,1,1,1,1,1,1,1,1,1,1,1,1,1,1,1,1,1,1,1,1,1,1,1,1,1,1,0,2,49,87,87,87,87,2,50,50,50,50,2,55,89,89,89,89,2,56,56,56,56,2,61,91,91,91,91,2,62,62,62,62,2,2,68,68,68,68,2,2,74,74,74,74,2,2,80,80,80,80,2,2
0,1,1,1,1,1,1,1,1,1,1,1,1,1,1,1,1,1,1,1,1,1,1,1,1,1,1,1,1,1,1,1,1,1,1,1,1,1,1,1,1,1,1,1,1,1,1,1,1,1,1,0,2,49,87,87,87,87,2,50,50,50,50,2,55,89,89,89,89,2,56,56,56,56,2,61,91,91,91,91,2,62,62,62,62,2,2,68,68,68,68,2,2,74,74,74,74,2,2,80,80,80,80,2,2
0,1,1,1,1,1,1,1,1,1,1,1,1,1,1,1,1,1,1,1,1,1,1,1,1,1,1,1,1,1,1,1,1,1,1,1,1,1,1,1,1,1,1,1,1,1,1,1,1,1,1,0,2,49,87,87,87,87,2,50,50,50,50,2,55,89,89,89,89,2,56,56,56,56,2,61,91,91,91,91,2,62,62,62,62,2,2,68,68,68,68,2,2,74,74,74,74,2,2,80,80,80,80,2,2,106
0,1,1,1,1,1,1,1,1,1,1,1,1,1,1,1,1,1,1,1,1,1,1,1,1,1,1,1,1,1,1,1,1,1,1,1,1,1,1,1,1,1,1,1,1,1,1,1,1,1,1,1,0,2,49,87,87,87,87,2,50,50,50,50,2,55,89,89,89,89,2,56,56,56,56,2,61,91,91,91,91,2,62,62,62,62,2,2,68,68,68,68,2,2,74,74,74,74,2,2,80,80,80,80,2,2,106
0,1,1,1,1,1,1,1,1,1,1,1,1,1,1,1,1,1,1,1,1,1,1,1,1,1,1,1,1,1,1,1,1,1,1,1,1,1,1,1,1,1,1,1,1,1,1,1,1,1,1,1,0,2,49,87,87,87,87,2,50,50,50,50,2,55,89,89,89,89,2,56,56,56,56,2,61,91,91,91,91,61,2,62,62,62,62,2,2,68,68,68,68,2,2,74,74,74,74,2,2,80,80,80,80,2,2,106,106
0,1,1,1,1,1,1,1,1,1,1,1,1,1,1,1,1,1,1,1,1,1,1,1,1,1,1,1,1,1,1,1,1,1,1,1,1,1,1,1,1,1,1,1,1,1,1,1,1,1,1,1,0,2,49,87,87,87,87,2,50,50,50,50,2,55,89,89,89,89,2,56,56,56,56,2,61,91,91,91,91,61,2,62,62,62,62,2,2,68,68,68,68,2,2,74,74,74,74,2,2,80,80,80,80,2,2,106,106
0,1,1,1,1,1,1,1,1,1,1,1,1,1,1,1,1,1,1,1,1,1,1,1,1,1,1,1,1,1,1,1,1,1,1,1,1,1,1,1,1,1,1,1,1,1,1,1,1,1,1,1,0,2,49,87,87,87,87,2,50,50,50,50,2,55,89,89,89,89,2,56,56,56,56,2,61,91,91,91,91,61,2,62,62,62,62,2,2,68,68,68,68,2,2,74,74,74,74,2,2,80,80,80,80,2,2,106,106
0,1,1,1,1,1,1,1,1,1,1,1,1,1,1,1,1,1,1,1,1,1,1,1,1,1,1,1,1,1,1,1,1,1,1,1,1,1,1,1,1,1,1,1,1,1,1,1,1,1,1,1,0,2,49,87,87,87,87,2,50,50,50,50,2,55,89,89,89,89,2,56,56,56,56,2,61,91,91,91,91,61,92,2,62,62,62,62,2,2,68,68,68,68,2,2,74,74,74,74,2,2,80,80,80,80,2,2,106,106
0,1,1,1,1,1,1,1,1,1,1,1,1,1,1,1,1,1,1,1,1,1,1,1,1,1,1,1,1,1,1,1,1,1,1,1,1,1,1,1,1,1,1,1,1,1,1,1,1,1,1,1,0,2,49,87,87,87,87,49,2,50,50,50,50,2,55,89,89,89,89,55,2,56,56,56,56,2,61,91,91,91,91,61,92,2,62,62,62,62,2,2,68,68,68,68,2,2,74,74,74,74,2,2,80,80,80,80,2,2,106,106
0,1,1,1,1,1,1,1,1,1,1,1,1,1,1,1,1,1,1,1,1,1,1,1,1,1,1,1,1,1,1,1,1,1,1,1,1,1,1,1,1,1,1,1,1,1,1,1,1,1,1,1,0,2,49,87,87,87,87,49,2,50,50,50,50,2,55,89,89,89,89,55,2,56,56,56,56,2,61,91,91,91,91,61,92,92,2,62,62,62,62,2,2,68,68,68,68,2,2,74,74,74,74,2,2,80,80,80,80,2,2,106,106
0,1,1,1,1,1,1,1,1,1,1,1,1,1,1,1,1,1,1,1,1,1,1,1,1,1,1,1,1,1,1,1,1,1,1,1,1,1,1,1,1,1,1,1,1,1,1,1,1,1,1,1,0,2,49,87,87,87,87,49,2,50,50,50,50,2,55,89,89,89,89,55,2,56,56,56,56,2,61,91,91,91,91,61,92,92,2,62,62,62,62,2,2,68,68,68,68,2,2,74,74,74,74,2,2,80,80,80,80,2,2,106,106
0,1,1,1,1,1,1,1,1,1,1,1,1,1,1,1,1,1,1,1,1,1,1,1,1,1,1,1,1,1,1,1,1,1,1,1,1,1,1,1,1,1,1,1,1,1,1,1,1,1,1,1,0,2,49,87,87,87,87,49,88,2,50,50,50,50,2,55,89,89,89,89,55,90,2,56,56,56,56,2,61,91,91,91,91,61,92,92,2,62,62,62,62,2,2,68,68,68,68,2,2,74,74,74,74,2,2,80,80,80,80,2,2,106,106
0,1,1,1,1,1,1,1,1,1,1,1,1,1,1,1,1,1,1,1,1,1,1,1,1,1,1,1,1,1,1,1,1,1,1,1,1,1,1,1,1,1,1,1,1,1,1,1,1,1,1,1,0,2,49,87,87,87,87,49,88,2,50,50,50,50,2,55,89,89,89,89,55,90,2,56,56,56,56,2,61,91,91,91,91,61,92,92,2,62,62,62,62,2,2,68,68,68,68,2,2,74,74,74,74,2,2,80,80,80,80,2,2,106,106
0,1,1,1,1,1,1,1,1,1,1,1,1,1,1,1,1,1,1,1,1,1,1,1,1,1,1,1,1,1,1,1,1,1,1,1,1,1,1,1,1,1,1,1,1,1,1,1,1,1,1,1,0,2,49,87,87,87,87,49,88,2,50,50,50,50,2,55,89,89,89,89,55,90,2,56,56,56,56,2,61,91,91,91,91,61,92,92,2,62,62,62,62,2,2,68,68,68,68,2,2,74,74,74,74,2,2,80,80,80,80,2,2,106,106
0,1,1,1,1,1,1,1,1,1,1,1,1,1,1,1,1,1,1,1,1,1,1,1,1,1,1,1,1,1,1,1,1,1,1,1,1,1,1,1,1,1,1,1,1,1,1,1,1,1,1,1,0,2,49,87,87,87,87,49,88,2,50,50,50,50,2,55,89,89,89,89,55,90,2,56,56,56,56,2,61,91,91,91,91,61,92,92,2,62,62,62,62,2,2,68,68,68,68,2,2,74,74,74,74,2,2,80,80,80,80,2,2,106,106
0,1,1,1,1,1,1,1,1,1,1,1,1,1,1,1,1,1,1,1,1,1,1,1,1,1,1,1,1,1,1,1,1,1,1,1,1,1,1,1,1,1,1,1,1,1,1,1,1,1,1,1,0,2,49,87,87,87,87,49,88,2,50,50,50,50,2,55,89,89,89,89,55,90,2,56,56,56,56,2,61,91,91,91,91,61,92,92,2,62,62,62,62,2,2,68,68,68,68,2,2,74,74,74,74,2,2,80,80,80,80,2,2,106,106
0,1,1,1,1,1,1,1,1,1,1,1,1,1,1,1,1,1,1,1,1,1,1,1,1,1,1,1,1,1,1,1,1,1,1,1,1,1,1,1,1,1,1,1,1,1,1,1,1,1,1,1,0,2,49,87,87,87,87,49,88,2,50,50,50,50,2,55,89,89,89,89,55,90,2,56,56,56,56,2,61,91,91,91,91,61,92,92,2,62,62,62,62,2,2,68,68,68,68,2,2,74,74,74,74,2,2,80,80,80,80,2,2,106,106
0,1,1,1,1,1,1,1,1,1,1,1,1,1,1,1,1,1,1,1,1,1,1,1,1,1,1,1,1,1,1,1,1,1,1,1,1,1,1,1,1,1,1,1,1,1,1,1,1,1,1,1,0,2,49,87,87,87,87,49,88,2,50,50,50,50,2,55,89,89,89,89,55,90,2,56,56,56,56,2,61,91,91,91,91,61,92,92,2,62,62,62,62,2,2,68,68,68,68,2,2,74,74,74,74,2,2,80,80,80,80,2,2,106,106
0,1,1,1,1,1,1,1,1,1,1,1,1,1,1,1,1,1,1,1,1,1,1,1,1,1,1,1,1,1,1,1,1,1,1,1,1,1,1,1,1,1,1,1,1,1,1,1,1,1,1,1,0,2,49,87,87,87,87,49,88,2,50,50,50,50,2,55,89,89,89,89,55,90,2,56,56,56,56,2,61,91,91,91,91,61,92,92,2,62,62,62,62,2,2,68,68,68,68,2,2,74,74,74,74,2,2,80,80,80,80,2,2,106,106
0,1,1,1,1,1,1,1,1,1,1,1,1,1,1,1,1,1,1,1,1,1,1,1,1,1,1,1,1,1,1,1,1,1,1,1,1,1,1,1,1,1,1,1,1,1,1,1,1,1,1,1,0,2,49,87,87,87,87,49,88,2,50,50,50,50,2,55,89,89,89,89,55,90,2,56,56,56,56,2,61,91,91,91,91,61,92,92,2,62,62,62,62,2,2,68,68,68,68,2,2,74,74,74,74,2,2,80,80,80,80,2,2,106,106
0,1,1,1,1,1,1,1,1,1,1,1,1,1,1,1,1,1,1,1,1,1,1,1,1,1,1,1,1,1,1,1,1,1,1,1,1,1,1,1,1,1,1,1,1,1,1,1,1,1,1,1,1,0,2,49,87,87,87,87,49,88,2,50,50,50,50,2,55,89,89,89,89,55,90,2,56,56,56,56,2,61,91,91,91,91,61,92,92,2,62,62,62,62,2,2,68,68,68,68,2,2,74,74,74,74,2,2,80,80,80,80,2,2,106,106
0,1,1,1,1,1,1,1,1,1,1,1,1,1,1,1,1,1,1,1,1,1,1,1,1,1,1,1,1,1,1,1,1,1,1,1,1,1,1,1,1,1,1,1,1,1,1,1,1,1,1,1,1,0,2,49,87,87,87,87,49,88,88,2,50,50,50,50,2,55,89,89,89,89,55,90,90,2,56,56,56,56,2,61,91,91,91,91,61,92,92,2,62,62,62,62,2,2,68,68,68,68,2,2,74,74,74,74,2,2,80,80,80,80,2,2,106,106
0,1,1,1,1,1,1,1,1,1,1,1,1,1,1,1,1,1,1,1,1,1,1,1,1,1,1,1,1,1,1,1,1,1,1,1,1,1,1,1,1,1,1,1,1,1,1,1,1,1,1,1,1,0,2,49,87,87,87,87,49,88,88,2,50,50,50,50,2,55,89,89,89,89,55,90,90,2,56,56,56,56,2,61,91,91,91,91,61,92,92,2,62,62,62,62,2,2,68,68,68,68,2,2,74,74,74,74,2,2,80,80,80,80,2,2,106,106
0,1,1,1,1,1,1,1,1,1,1,1,1,1,1,1,1,1,1,1,1,1,1,1,1,1,1,1,1,1,1,1,1,1,1,1,1,1,1,1,1,1,1,1,1,1,1,1,1,1,1,1,1,0,2,49,87,87,87,87,49,88,88,2,50,50,50,50,2,55,89,89,89,89,55,90,90,2,56,56,56,56,2,61,91,91,91,91,61,92,92,2,62,62,62,62,2,2,68,68,68,68,2,2,74,74,74,74,2,2,80,80,80,80,2,2,106,106
0,1,1,1,1,1,1,1,1,1,1,1,1,1,1,1,1,1,1,1,1,1,1,1,1,1,1,1,1,1,1,1,1,1,1,1,1,1,1,1,1,1,1,1,1,1,1,1,1,1,1,1,1,0,2,49,87,87,87,87,49,88,88,2,50,50,50,50,2,55,89,89,89,89,55,90,90,2,56,56,56,56,2,61,91,91,91,91,61,92,92,2,62,62,62,62,2,67,2,68,68,68,68,2,2,74,74,74,74,2,2,80,80,80,80,2,2,106,106
0,1,1,1,1,1,1,1,1,1,1,1,1,1,1,1,1,1,1,1,1,1,1,1,1,1,1,1,1,1,1,1,1,1,1,1,1,1,1,1,1,1,1,1,1,1,1,1,1,1,1,1,1,0,2,49,87,87,87,87,49,88,88,2,50,50,50,50,2,55,89,89,89,89,55,90,90,2,56,56,56,56,2,61,91,91,91,91,61,92,92,2,62,62,62,62,2,67,2,68,68,68,68,2,73,2,74,74,74,74,2,2,80,80,80,80,2,2,106,106
0,1,1,1,1,1,1,1,1,1,1,1,1,1,1,1,1,1,1,1,1,1,1,1,1,1,1,1,1,1,1,1,1,1,1,1,1,1,1,1,1,1,1,1,1,1,1,1,1,1,1,1,1,0,2,49,87,87,87,87,49,88,88,2,50,50,50,50,2,55,89,89,89,89,55,90,90,2,56,56,56,56,2,61,91,91,91,91,61,92,92,2,62,62,62,62,2,67,2,68,68,68,68,2,73,2,74,74,74,74,2,2,80,80,80,80,2,2,106,106
0,1,1,1,1,1,1,1,1,1,1,1,1,1,1,1,1,1,1,1,1,1,1,1,1,1,1,1,1,1,1,1,1,1,1,1,1,1,1,1,1,1,1,1,1,1,1,1,1,1,1,1,1,0,2,49,87,87,87,87,49,88,88,2,50,50,50,50,2,55,89,89,89,89,55,90,90,2,56,56,56,56,2,61,91,91,91,91,61,92,92,2,62,62,62,62,2,67,134,2,68,68,68,68,2,73,2,74,74,74,74,2,2,80,80,80,80,2,2,106,106
0,1,1,1,1,1,1,1,1,1,1,1,1,1,1,1,1,1,1,1,1,1,1,1,1,1,1,1,1,1,1,1,1,1,1,1,1,1,1,1,1,1,1,1,1,1,1,1,1,1,1,1,1,0,2,49,87,87,87,87,49,88,88,2,50,50,50,50,2,55,89,89,89,89,55,90,90,2,56,56,56,56,2,61,91,91,91,91,61,92,92,2,62,62,62,62,2,67,134,2,68,68,68,68,2,73,136,2,74,74,74,74,2,2,80,80,80,80,2,2,106,106
0,1,1,1,1,1,1,1,1,1,1,1,1,1,1,1,1,1,1,1,1,1,1,1,1,1,1,1,1,1,1,1,1,1,1,1,1,1,1,1,1,1,1,1,1,1,1,1,1,1,1,1,1,0,2,49,87,87,87,87,49,88,88,2,50,50,50,50,2,55,89,89,89,89,55,90,90,2,56,56,56,56,2,61,91,91,91,91,61,92,92,2,62,62,62,62,2,67,134,134,2,68,68,68,68,2,73,136,2,74,74,74,74,2,2,80,80,80,80,2,2,106,106
0,1,1,1,1,1,1,1,1,1,1,1,1,1,1,1,1,1,1,1,1,1,1,1,1,1,1,1,1,1,1,1,1,1,1,1,1,1,1,1,1,1,1,1,1,1,1,1,1,1,1,1,1,0,2,49,87,87,87,87,49,88,88,2,50,50,50,50,2,55,89,89,89,89,55,90,90,2,56,56,56,56,2,61,91,91,91,91,61,92,92,2,62,62,62,62,2,67,134,134,2,68,68,68,68,2,73,136,136,2,74,74,74,74,2,2,80,80,80,80,2,2,106,106
0,1,1,1,1,1,1,1,1,1,1,1,1,1,1,1,1,1,1,1,1,1,1,1,1,1,1,1,1,1,1,1,1,1,1,1,1,1,1,1,1,1,1,1,1,1,1,1,1,1,1,1,1,1,0,2,49,87,87,87,87,49,88,88,2,50,50,50,50,2,55,89,89,89,89,55,90,90,2,56,56,56,56,2,61,91,91,91,91,61,92,92,2,62,62,62,62,2,67,134,134,2,68,68,68,68,2,73,136,136,2,74,74,74,74,2,2,80,80,80,80,2,2,106,106
0,1,1,1,1,1,1,1,1,1,1,1,1,1,1,1,1,1,1,1,1,1,1,1,1,1,1,1,1,1,1,1,1,1,1,1,1,1,1,1,1,1,1,1,1,1,1,1,1,1,1,1,1,1,0,2,49,87,87,87,87,49,88,88,2,50,50,50,50,2,55,89,89,89,89,55,90,90,2,56,56,56,56,2,61,91,91,91,91,61,92,92,2,62,62,62,62,2,67,134,134,2,68,68,68,68,2,73,136,136,2,74,74,74,74,2,2,80,80,80,80,2,2,106,106
0,1,1,1,1,1,1,1,1,1,1,1,1,1,1,1,1,1,1,1,1,1,1,1,1,1,1,1,1,1,1,1,1,1,1,1,1,1,1,1,1,1,1,1,1,1,1,1,1,1,1,1,1,1,0,2,49,87,87,87,87,49,88,88,2,50,50,50,50,2,55,89,89,89,89,55,90,90,2,56,56,56,56,2,61,91,91,91,91,61,92,92,2,62,62,62,62,2,67,134,134,2,68,68,68,68,2,73,136,136,2,74,74,74,74,2,2,80,80,80,80,2,2,106,106
0,1,1,1,1,1,1,1,1,1,1,1,1,1,1,1,1,1,1,1,1,1,1,1,1,1,1,1,1,1,1,1,1,1,1,1,1,1,1,1,1,1,1,1,1,1,1,1,1,1,1,1,1,1,0,2,49,87,87,87,87,49,88,88,2,50,50,50,50,2,55,89,89,89,89,55,90,90,2,56,56,56,56,2,61,91,91,91,91,61,92,92,2,62,62,62,62,2,67,134,134,2,68,68,68,68,2,73,136,136,2,74,74,74,74,2,2,80,80,80,80,2,2,106,106
0,1,1,1,1,1,1,1,1,1,1,1,1,1,1,1,1,1,1,1,1,1,1,1,1,1,1,1,1,1,1,1,1,1,1,1,1,1,1,1,1,1,1,1,1,1,1,1,1,1,1,1,1,1,0,2,49,87,87,87,87,49,88,88,2,50,50,50,50,2,55,89,89,89,89,55,90,90,2,56,56,56,56,2,61,91,91,91,91,61,92,92,2,62,62,62,62,2,67,134,134,2,68,68,68,68,2,73,136,136,2,74,74,74,74,2,2,80,80,80,80,2,2,106,106,106
0,1,1,1,1,1,1,1,1,1,1,1,1,1,1,1,1,1,1,1,1,1,1,1,1,1,1,1,1,1,1,1,1,1,1,1,1,1,1,1,1,1,1,1,1,1,1,1,1,1,1,1,1,1,0,2,49,87,87,87,87,49,88,88,2,50,50,50,50,2,55,89,89,89,89,55,90,90,2,56,56,56,56,2,61,91,91,91,91,61,92,92,2,62,62,62,62,2,67,134,134,2,68,68,68,68,2,73,136,136,2,74,74,74,74,2,2,80,80,80,80,2,2,106,106,106
0,1,1,1,1,1,1,1,1,1,1,1,1,1,1,1,1,1,1,1,1,1,1,1,1,1,1,1,1,1,1,1,1,1,1,1,1,1,1,1,1,1,1,1,1,1,1,1,1,1,1,1,1,1,0,2,49,87,87,87,87,49,88,88,2,50,50,50,50,2,55,89,89,89,89,55,90,90,2,56,56,56,56,2,61,91,91,91,91,61,92,92,2,62,62,62,62,2,67,134,134,2,68,68,68,68,2,73,136,136,2,74,74,74,74,2,2,80,80,80,80,2,2,106,106,106
0,1,1,1,1,1,1,1,1,1,1,1,1,1,1,1,1,1,1,1,1,1,1,1,1,1,1,1,1,1,1,1,1,1,1,1,1,1,1,1,1,1,1,1,1,1,1,1,1,1,1,1,1,1,0,2,49,87,87,87,87,49,88,88,2,50,50,50,50,2,55,89,89,89,89,55,90,90,2,56,56,56,56,2,61,91,91,91,91,61,92,92,2,62,62,62,62,2,67,134,134,2,68,68,68,68,2,73,136,136,2,74,74,74,74,2,2,80,80,80,80,2,2,106,106,106
0,1,1,1,1,1,1,1,1,1,1,1,1,1,1,1,1,1,1,1,1,1,1,1,1,1,1,1,1,1,1,1,1,1,1,1,1,1,1,1,1,1,1,1,1,1,1,1,1,1,1,1,1,1,0,2,49,87,87,87,87,49,88,88,2,50,50,50,50,2,55,89,89,89,89,55,90,90,2,56,56,56,56,2,61,91,91,91,91,61,92,92,2,62,62,62,62,2,67,134,134,2,68,68,68,68,2,73,136,136,2,74,74,74,74,2,2,80,80,80,80,2,2,106,106,106
0,1,1,1,1,1,1,1,1,1,1,1,1,1,1,1,1,1,1,1,1,1,1,1,1,1,1,1,1,1,1,1,1,1,1,1,1,1,1,1,1,1,1,1,1,1,1,1,1,1,1,1,1,1,0,2,49,87,87,87,87,49,88,88,2,50,50,50,50,2,55,89,89,89,89,55,90,90,2,56,56,56,56,2,61,91,91,91,91,61,92,92,2,62,62,62,62,2,67,134,134,2,68,68,68,68,2,73,136,136,2,74,74,74,74,2,2,80,80,80,80,2,2,106,106,106
0,1,1,1,1,1,1,1,1,1,1,1,1,1,1,1,1,1,1,1,1,1,1,1,1,1,1,1,1,1,1,1,1,1,1,1,1,1,1,1,1,1,1,1,1,1,1,1,1,1,1,1,1,1,0,2,49,87,87,87,87,49,88,88,2,50,50,50,50,2,55,89,89,89,89,55,90,90,2,56,56,56,56,2,61,91,91,91,91,61,92,92,2,62,62,62,62,2,67,134,134,2,68,68,68,68,2,73,136,136,2,74,74,74,74,2,2,80,80,80,80,2,2,106,106,106
0,1,1,1,1,1,1,1,1,1,1,1,1,1,1,1,1,1,1,1,1,1,1,1,1,1,1,1,1,1,1,1,1,1,1,1,1,1,1,1,1,1,1,1,1,1,1,1,1,1,1,1,1,1,0,2,49,87,87,87,87,49,88,88,2,50,50,50,50,2,55,89,89,89,89,55,90,90,2,56,56,56,56,2,61,91,91,91,91,61,92,92,2,62,62,62,62,2,67,134,134,2,68,68,68,68,2,73,136,136,2,74,74,74,74,2,2,80,80,80,80,2,2,106,106,106
0,1,1,1,1,1,1,1,1,1,1,1,1,1,1,1,1,1,1,1,1,1,1,1,1,1,1,1,1,1,1,1,1,1,1,1,1,1,1,1,1,1,1,1,1,1,1,1,1,1,1,1,1,1,0,2,49,87,87,87,87,49,88,88,2,50,50,50,50,2,55,89,89,89,89,55,90,90,2,56,56,56,56,2,61,91,91,91,91,61,92,92,2,62,62,62,62,2,67,134,134,2,68,68,68,68,2,73,136,136,2,74,74,74,74,2,2,80,80,80,80,2,2,106,106,106
0,1,1,1,1,1,1,1,1,1,1,1,1,1,1,1,1,1,1,1,1,1,1,1,1,1,1,1,1,1,1,1,1,1,1,1,1,1,1,1,1,1,1,1,1,1,1,1,1,1,1,1,1,1,0,2,49,87,87,87,87,49,88,88,2,50,50,50,50,2,55,89,89,89,89,55,90,90,2,56,56,56,56,2,61,91,91,91,91,61,92,92,2,62,62,62,62,2,67,134,134,2,68,68,68,68,2,73,136,136,2,74,74,74,74,2,2,80,80,80,80,2,2,106,106,106
0,1,1,1,1,1,1,1,1,1,1,1,1,1,1,1,1,1,1,1,1,1,1,1,1,1,1,1,1,1,1,1,1,1,1,1,1,1,1,1,1,1,1,1,1,1,1,1,1,1,1,1,1,1,0,2,49,87,87,87,87,49,88,88,2,50,50,50,50,2,55,89,89,89,89,55,90,90,2,56,56,56,56,2,61,91,91,91,91,61,92,92,2,62,62,62,62,2,67,134,134,2,68,68,68,68,2,73,136,136,2,74,74,74,74,2,2,80,80,80,80,2,2,106,106,106
0,1,1,1,1,1,1,1,1,1,1,1,1,1,1,1,1,1,1,1,1,1,1,1,1,1,1,1,1,1,1,1,1,1,1,1,1,1,1,1,1,1,1,1,1,1,1,1,1,1,1,1,1,1,0,2,49,87,87,87,87,49,88,88,2,50,50,50,50,2,55,89,89,89,89,55,90,90,2,56,56,56,56,2,61,91,91,91,91,61,92,92,92,2,62,62,62,62,2,67,134,134,2,68,68,68,68,2,73,136,136,2,74,74,74,74,2,2,80,80,80,80,2,2,106,106,106,106
0,1,1,1,1,1,1,1,1,1,1,1,1,1,1,1,1,1,1,1,1,1,1,1,1,1,1,1,1,1,1,1,1,1,1,1,1,1,1,1,1,1,1,1,1,1,1,1,1,1,1,1,1,1,0,2,49,87,87,87,87,49,88,88,88,2,50,50,50,50,2,55,89,89,89,89,55,90,90,2,56,56,56,56,2,61,91,91,91,91,61,92,92,92,2,62,62,62,62,2,67,134,134,2,68,68,68,68,2,73,136,136,2,74,74,74,74,2,2,80,80,80,80,2,2,106,106,106,106
0,1,1,1,1,1,1,1,1,1,1,1,1,1,1,1,1,1,1,1,1,1,1,1,1,1,1,1,1,1,1,1,1,1,1,1,1,1,1,1,1,1,1,1,1,1,1,1,1,1,1,1,1,1,0,2,49,87,87,87,87,49,88,88,88,2,50,50,50,50,2,55,89,89,89,89,55,90,90,90,2,56,56,56,56,2,61,91,91,91,91,61,92,92,92,2,62,62,62,62,2,67,134,134,2,68,68,68,68,2,73,136,136,2,74,74,74,74,2,2,80,80,80,80,2,2,106,106,106,106
0,1,1,1,1,1,1,1,1,1,1,1,1,1,1,1,1,1,1,1,1,1,1,1,1,1,1,1,1,1,1,1,1,1,1,1,1,1,1,1,1,1,1,1,1,1,1,1,1,1,1,1,1,1,0,2,49,87,87,87,87,49,88,88,88,2,50,50,50,50,2,55,89,89,89,89,55,90,90,90,2,56,56,56,56,2,61,91,91,91,91,61,92,92,92,92,2,62,62,62,62,2,67,134,134,2,68,68,68,68,2,73,136,136,2,74,74,74,74,2,2,80,80,80,80,2,2,106,106,106,106
0,1,1,1,1,1,1,1,1,1,1,1,1,1,1,1,1,1,1,1,1,1,1,1,1,1,1,1,1,1,1,1,1,1,1,1,1,1,1,1,1,1,1,1,1,1,1,1,1,1,1,1,1,1,1,0,2,49,87,87,87,87,49,88,88,88,88,2,50,50,50,50,2,55,89,89,89,89,55,90,90,90,2,56,56,56,56,2,61,91,91,91,91,61,92,92,92,92,2,62,62,62,62,2,67,134,134,2,68,68,68,68,2,73,136,136,2,74,74,74,74,2,2,80,80,80,80,2,2,106,106,106,106
0,1,1,1,1,1,1,1,1,1,1,1,1,1,1,1,1,1,1,1,1,1,1,1,1,1,1,1,1,1,1,1,1,1,1,1,1,1,1,1,1,1,1,1,1,1,1,1,1,1,1,1,1,1,1,0,2,49,87,87,87,87,49,88,88,88,88,2,50,50,50,50,2,55,89,89,89,89,55,90,90,90,90,2,56,56,56,56,2,61,91,91,91,91,61,92,92,92,92,2,62,62,62,62,2,67,134,134,2,68,68,68,68,2,73,136,136,2,74,74,74,74,2,2,80,80,80,80,2,2,106,106,106,106
0,1,1,1,1,1,1,1,1,1,1,1,1,1,1,1,1,1,1,1,1,1,1,1,1,1,1,1,1,1,1,1,1,1,1,1,1,1,1,1,1,1,1,1,1,1,1,1,1,1,1,1,1,1,1,0,2,49,87,87,87,87,49,88,88,88,88,2,50,50,50,50,2,55,89,89,89,89,55,90,90,90,90,2,56,56,56,56,2,61,91,91,91,91,61,92,92,92,92,2,62,62,62,62,2,67,134,134,2,68,68,68,68,2,73,136,136,2,74,74,74,74,2,2,80,80,80,80,2,2,106,106,106,106
0,1,1,1,1,1,1,1,1,1,1,1,1,1,1,1,1,1,1,1,1,1,1,1,1,1,1,1,1,1,1,1,1,1,1,1,1,1,1,1,1,1,1,1,1,1,1,1,1,1,1,1,1,1,1,0,2,49,87,87,87,87,49,88,88,88,88,2,50,50,50,50,2,55,89,89,89,89,55,90,90,90,90,2,56,56,56,56,2,61,91,91,91,91,61,92,92,92,92,2,62,62,62,62,2,67,134,134,2,68,68,68,68,2,73,136,136,2,74,74,74,74,2,2,80,80,80,80,2,2,106,106,106,106
0,1,1,1,1,1,1,1,1,1,1,1,1,1,1,1,1,1,1,1,1,1,1,1,1,1,1,1,1,1,1,1,1,1,1,1,1,1,1,1,1,1,1,1,1,1,1,1,1,1,1,1,1,1,1,0,2,49,87,87,87,87,49,88,88,88,88,2,50,50,50,50,2,55,89,89,89,89,55,90,90,90,90,2,56,56,56,56,2,61,91,91,91,91,61,92,92,92,92,2,62,62,62,62,2,67,134,134,2,68,68,68,68,2,73,136,136,2,74,74,74,74,2,2,80,80,80,80,2,2,106,106,106,106
0,1,1,1,1,1,1,1,1,1,1,1,1,1,1,1,1,1,1,1,1,1,1,1,1,1,1,1,1,1,1,1,1,1,1,1,1,1,1,1,1,1,1,1,1,1,1,1,1,1,1,1,1,1,1,0,2,49,87,87,87,87,49,88,88,88,88,2,50,50,50,50,2,55,89,89,89,89,55,90,90,90,90,2,56,56,56,56,2,61,91,91,91,91,61,92,92,92,92,2,62,62,62,62,2,67,134,134,134,2,68,68,68,68,2,73,136,136,2,74,74,74,74,2,2,80,80,80,80,2,2,106,106,106,106
0,1,1,1,1,1,1,1,1,1,1,1,1,1,1,1,1,1,1,1,1,1,1,1,1,1,1,1,1,1,1,1,1,1,1,1,1,1,1,1,1,1,1,1,1,1,1,1,1,1,1,1,1,1,1,0,2,49,87,87,87,87,49,88,88,88,88,2,50,50,50,50,2,55,89,89,89,89,55,90,90,90,90,2,56,56,56,56,2,61,91,91,91,91,61,92,92,92,92,2,62,62,62,62,2,67,134,134,134,2,68,68,68,68,2,73,136,136,2,74,74,74,74,2,2,80,80,80,80,2,2,106,106,106,106
0,1,1,1,1,1,1,1,1,1,1,1,1,1,1,1,1,1,1,1,1,1,1,1,1,1,1,1,1,1,1,1,1,1,1,1,1,1,1,1,1,1,1,1,1,1,1,1,1,1,1,1,1,1,1,0,2,49,87,87,87,87,49,88,88,88,88,2,50,50,50,50,2,55,89,89,89,89,55,90,90,90,90,2,56,56,56,56,2,61,91,91,91,91,61,92,92,92,92,2,62,62,62,62,2,67,134,134,134,2,68,68,68,68,2,73,136,136,2,74,74,74,74,2,2,80,80,80,80,2,2,106,106,106,106
0,1,1,1,1,1,1,1,1,1,1,1,1,1,1,1,1,1,1,1,1,1,1,1,1,1,1,1,1,1,1,1,1,1,1,1,1,1,1,1,1,1,1,1,1,1,1,1,1,1,1,1,1,1,1,0,2,49,87,87,87,87,49,88,88,88,88,2,50,50,50,50,2,55,89,89,89,89,55,90,90,90,90,2,56,56,56,56,2,61,91,91,91,91,61,92,92,92,92,2,62,62,62,62,2,67,134,134,134,134,2,68,68,68,68,2,73,136,136,2,74,74,74,74,2,2,80,80,80,80,2,2,106,106,106,106
0,1,1,1,1,1,1,1,1,1,1,1,1,1,1,1,1,1,1,1,1,1,1,1,1,1,1,1,1,1,1,1,1,1,1,1,1,1,1,1,1,1,1,1,1,1,1,1,1,1,1,1,1,1,1,0,2,49,87,87,87,87,49,88,88,88,88,2,50,50,50,50,2,55,89,89,89,89,55,90,90,90,90,2,56,56,56,56,2,61,91,91,91,91,61,92,92,92,92,2,62,62,62,62,2,67,134,134,134,134,2,68,68,68,68,2,73,136,136,2,74,74,74,74,2,2,80,80,80,80,2,2,106,106,106,106
0,1,1,1,1,1,1,1,1,1,1,1,1,1,1,1,1,1,1,1,1,1,1,1,1,1,1,1,1,1,1,1,1,1,1,1,1,1,1,1,1,1,1,1,1,1,1,1,1,1,1,1,1,1,1,0,2,49,87,87,87,87,49,88,88,88,88,2,50,50,50,50,2,55,89,89,89,89,55,90,90,90,90,2,56,56,56,56,2,61,91,91,91,91,61,92,92,92,92,2,62,62,62,62,2,67,134,134,134,134,2,68,68,68,68,2,73,136,136,2,74,74,74,74,2,2,80,80,80,80,2,2,106,106,106,106
0,1,1,1,1,1,1,1,1,1,1,1,1,1,1,1,1,1,1,1,1,1,1,1,1,1,1,1,1,1,1,1,1,1,1,1,1,1,1,1,1,1,1,1,1,1,1,1,1,1,1,1,1,1,1,0,2,49,87,87,87,87,49,88,88,88,88,2,50,50,50,50,2,55,89,89,89,89,55,90,90,90,90,2,56,56,56,56,2,61,91,91,91,91,61,92,92,92,92,2,62,62,62,62,2,67,134,134,134,134,2,68,68,68,68,2,73,136,136,2,74,74,74,74,2,2,80,80,80,80,2,2,106,106,106,106
0,1,1,1,1,1,1,1,1,1,1,1,1,1,1,1,1,1,1,1,1,1,1,1,1,1,1,1,1,1,1,1,1,1,1,1,1,1,1,1,1,1,1,1,1,1,1,1,1,1,1,1,1,1,1,0,2,49,87,87,87,87,49,88,88,88,88,2,50,50,50,50,2,55,89,89,89,89,55,90,90,90,90,2,56,56,56,56,2,61,91,91,91,91,61,92,92,92,92,2,62,62,62,62,2,67,134,134,134,134,2,68,68,68,68,2,73,136,136,2,74,74,74,74,2,2,80,80,80,80,2,2,106,106,106,106
0,1,1,1,1,1,1,1,1,1,1,1,1,1,1,1,1,1,1,1,1,1,1,1,1,1,1,1,1,1,1,1,1,1,1,1,1,1,1,1,1,1,1,1,1,1,1,1,1,1,1,1,1,1,1,0,2,49,87,87,87,87,49,88,88,88,88,2,50,50,50,50,2,55,89,89,89,89,55,90,90,90,90,2,56,56,56,56,2,61,91,91,91,91,61,92,92,92,92,2,62,62,62,62,2,67,134,134,134,134,2,68,68,68,68,2,73,136,136,2,74,74,74,74,2,2,80,80,80,80,2,2,106,106,106,106
0,1,1,1,1,1,1,1,1,1,1,1,1,1,1,1,1,1,1,1,1,1,1,1,1,1,1,1,1,1,1,1,1,1,1,1,1,1,1,1,1,1,1,1,1,1,1,1,1,1,1,1,1,1,1,0,2,49,87,87,87,87,49,88,88,88,88,2,50,50,50,50,2,55,89,89,89,89,55,90,90,90,90,2,56,56,56,56,2,61,91,91,91,91,61,92,92,92,92,2,62,62,62,62,2,67,134,134,134,134,2,68,68,68,68,2,73,136,136,2,74,74,74,74,2,2,80,80,80,80,2,2,106,106,106,106
0,1,1,1,1,1,1,1,1,1,1,1,1,1,1,1,1,1,1,1,1,1,1,1,1,1,1,1,1,1,1,1,1,1,1,1,1,1,1,1,1,1,1,1,1,1,1,1,1,1,1,1,1,1,1,0,2,49,87,87,87,87,49,88,88,88,88,2,50,50,50,50,2,55,89,89,89,89,55,90,90,90,90,2,56,56,56,56,2,61,91,91,91,91,61,92,92,92,92,2,62,62,62,62,2,67,134,134,134,134,2,68,68,68,68,2,73,136,136,2,74,74,74,74,2,2,80,80,80,80,2,2,106,106,106,106
0,1,1,1,1,1,1,1,1,1,1,1,1,1,1,1,1,1,1,1,1,1,1,1,1,1,1,1,1,1,1,1,1,1,1,1,1,1,1,1,1,1,1,1,1,1,1,1,1,1,1,1,1,1,1,0,2,49,87,87,87,87,49,88,88,88,88,2,50,50,50,50,2,55,89,89,89,89,55,90,90,90,90,2,56,56,56,56,2,61,91,91,91,91,61,92,92,92,92,2,62,62,62,62,2,67,134,134,134,134,2,68,68,68,68,2,73,136,136,2,74,74,74,74,2,2,80,80,80,80,2,2,106,106,106,106
