1.0379611381360219,19.152617764011897,44.175696527215045
1.0421356645121687,19.257561661630362,44.467507764559215
1.0463854391326368,19.362505559248834,44.75931900190339
1.0506316637357453,19.467449456867293,45.00277110259749
1.0548743413233208,19.572393354485754,45.22204363496656
1.0591134748946223,19.677337252104223,45.441316167335614
1.0633490674463444,19.78228114972268,45.66058869970469
1.0675811219726228,19.887225047341147,45.879861232073765
1.071809641465028,19.99216894495961,46.099133764442826
1.076034628912576,20.097112842578078,46.26953942920711
1.080256087301726,20.20205674019654,46.415511660168974
1.0844740196163833,20.307000637815005,46.561483891130855
1.0886884288379035,20.411944535433474,46.70745612209274
1.0928993179450928,20.51688843305194,46.85342835305461
1.0971066899142086,20.621832330670408,46.99940058401649
1.1013105477189666,20.72677622828886,47.145372814978366
1.1055108943305383,20.826484138151343,47.29134504594023
1.1097077327175544,20.92619204801383,47.43731727690212
1.1139010658461104,21.025899957876305,47.583289507863995
1.118119995566806,21.12211720923481,47.72926173882587
1.122383010547313,21.216589131341305,47.87523396978776
1.1266424630338072,21.3110610534478,48.021206200749624
1.1308983560392607,21.405532975554305,48.16717843171151
1.1351506925740704,21.500004897660794,48.31315066267338
1.1393994756460593,21.594476819767305,48.459122893635254
1.1436447082604773,21.68894874187379,48.60509512459714
1.1478863934200065,21.783420663980294,48.751067355559016
1.1521245341247595,21.87789258608679,48.89703958652089
1.1563591333722851,21.97236450819329,49.04301181748277
1.1605901941575687,22.066836430299794,49.18898404844464
1.1648177194730358,22.161308352406287,49.33495627940652
1.169041712308553,22.255780274512787,49.4809285103684
1.1732621756514299,22.350252196619287,49.62690074133028
1.1774791124864232,22.444724118725787,49.772872972292156
1.1816925257957354,22.53919604083229,49.91884520325404
1.1859024185590232,22.633667962938777,50.06481743421591
1.1901309091975136,22.730890523946425,50.23516483325552
1.1944051749297153,22.83361436275634,50.45426256845069
1.1986758808573776,22.936338201566276,50.67336030364585
1.2029430299824908,23.03906204037621,50.89245803884102
1.2072066253044833,23.141785879186124,51.111555774036184
1.2114666698202259,23.244509717996067,51.33065350923134
1.2157231665240336,23.34723355680599,51.57412816385357
1.219976118407666,23.44995739561591,51.86635665733002
1.2242255284603327,23.55268123442585,52.158585150806466
1.2284713996686918,23.655405073235766,52.45081364428291
1.232713735016856,23.758128912045702,52.74304213775936
1.236952537486392,23.860852750855614,53.0352706312358
1.241187810056322,23.963576589665557,53.32749912471224
1.2454195557031296,24.066300428475483,53.61972761818868
1.2496477774007575,24.169024267285405,53.839086367367486
1.2538724781206148,24.27174810609534,54.058445116546274
1.258093660831573,24.374471944905252,54.27780386572506
1.262311328499975,24.477195783715192,54.49716261490385
1.2665254840896307,24.579919622525125,54.71652136408264
1.2707927314399021,24.682643461335044,54.93588011326143
1.2750849606543724,24.78536730014498,55.08213637577601
1.2793736160231128,24.888091138954902,55.22839263829057
1.2836587005584863,24.990814977764828,55.37464890080514
1.2879402172702887,25.093538816574753,55.52090516331971
1.2922181691657504,25.196262655384686,55.66716142583427
1.2964925592495389,25.298986494194608,55.81341768834885
1.3007633905237588,25.401710333004537,55.95967395086342
1.305030665987958,25.50443417181447,56.10593021337799
1.3092943886391266,25.607158010624392,56.25218647589255
1.3135545614717008,25.709881849434325,56.39844273840711
1.3178111874775629,25.80736970048827,56.54469900092169
1.3220642696460472,25.90485755154221,56.69095526343625
1.3263138109639399,26.002345402596163,56.83721152595082
1.3305598144154795,26.099833253650104,56.9834677884654
1.3348022829823627,26.19732110470405,57.12972405097996
1.339041219643745,26.294808955757993,57.275980313494536
1.3432798286630865,26.39229680681194,57.4222365760091
1.3476080559728918,26.489784657865883,57.56849283852367
1.3519326737704218,26.58727250891982,57.71474910103824
1.3562536851024014,26.684760359973772,57.861005363552806
1.3605710930129564,26.782248211027714,58.00726162606738
1.3648849005436101,26.87973606208167,58.153517888581945
1.369195110733295,26.977223913135607,58.2997741510965
1.3735017266183476,27.074711764189544,58.446030413611076
1.377804751232513,27.1721996152435,58.59228667612564
1.3821041876069484,27.269687466297437,58.738542938640215
1.3864000387702253,27.36717531735139,58.884799201154784
1.3906923077483284,27.470370504310832,59.07983614708438
1.3949809975646599,27.57641935922305,59.29926343472149
1.3992661112400435,27.682468214135245,59.51869072235859
1.4035476517927241,27.788517069047444,59.73811800999571
1.407825622238373,27.894565923959647,59.95754529763281
1.412100025590083,28.000614778871853,60.17697258526992
1.416370864858383,28.106663633784066,60.44500056938312
1.4206480464495606,28.212712488696262,60.73732890173434
1.4250012079747618,28.318761343608458,61.029657234085555
1.4293507271914114,28.42481019852067,61.321985566436794
1.433696607184864,28.530859053432874,61.614313898788005
1.4380388510378366,28.636907908345076,61.90664223113924
1.4423774618304013,28.742956763257283,62.19897056349047
1.446712442639993,28.849005618169492,62.46692372776396
1.4510437965414125,28.9550544730817,62.6861265558819
1.4553715266068215,29.061103327993884,62.90532938399984
1.459695635905757,29.167152182906097,63.12453221211777
1.4640161275051191,29.2732010378183,63.343735040235714
1.468333004469187,29.37924989273051,63.56293786835366
1.47264626985961,29.48529874764271,63.75776377704452
1.476955926735419,29.59134760255491,63.90383584688117
1.4812619781530214,29.697396457467118,64.04990791671784
1.485564427166208,29.803445312379324,64.1959799865545
1.4898632768261535,29.909494167291523,64.34205205639114
1.4941585301814193,30.015543022203726,64.48812412622782
1.498450190277954,30.121591877115925,64.63419619606448
1.5027382601591006,30.227640732028142,64.78026826590113
1.5071192795617452,30.33368958694034,64.92634033573778
1.5115088219435304,30.43973844185254,65.07241240557445
1.515894688463494,30.544041967512758,65.2184844754111
1.520276882237215,30.644854834668966,65.36455654524775
1.5246554063776032,30.74566770182519,65.51062861508441
1.5290302639948994,30.846480568981416,65.65670068492108
1.5334014581966802,30.94729343613763,65.80277275475773
1.5377689920878592,31.048106303293853,65.94884482459439
1.5421328687706892,31.14891917045007,66.09491689443105
1.5464930913447634,31.24973203760629,66.2409889642677
1.5508496629070234,31.35054490476252,66.38706103410436
1.5552025865517527,31.45135777191874,66.53313310394103
1.559551865370582,31.552170639074966,66.67920517377769
1.5638975024524997,31.652983506231184,66.82527724361434
1.5682395008838408,31.7537963733874,66.971349313451
1.5725778637482977,31.854609240543628,67.11742138328765
1.5769125941269213,31.95542210769984,67.26349345312431
1.5812436950981232,32.056234974856075,67.40956552296097
1.585571169737676,32.15704784201228,67.55563759279764
1.5898950211187157,32.257860709168504,67.70170966263427
1.594299250656035,32.36719725050298,67.92047706818623
1.5987091520582575,32.476533791837475,68.1392444737383
1.603115361255137,32.58587033317197,68.35801187929037
1.6075178813747608,32.695206874506454,68.57677928484247
1.6119167155425411,32.80454341584096,68.79554669039453
1.616311866881207,32.91387995717545,69.01431409594659
1.6207033385108194,33.02321649850994,69.30566976930854
1.6250911335487634,33.132553039844424,69.59702544267061
1.629475255109759,33.241889581178924,69.88838111603268
1.6338557063058532,33.35122612251342,70.17973678939477
1.6382324902464316,33.4605626638479,70.4710924627568
1.6426056100382165,33.56989920518239,70.76244813611886
1.6469750687852691,33.679235746516895,71.05380380948094
1.6513408695889928,33.78857228785138,71.29637879942798
1.6557030155481354,33.89790882918588,71.51456344766751
1.6600615097587919,34.007245370520366,71.73274809590701
1.664416355314406,34.116581911854865,71.95093274414656
1.668767555305769,34.22591845318935,72.16911739238607
1.6731151128210315,34.33525499452386,72.3873020406256
1.677459030945694,34.44459153585836,72.55688599238904
1.6818554935847139,34.55392807719284,72.70216959591447
1.686295055068255,34.663264618527336,72.84745319943987
1.69073089397463,34.77260115986182,72.99273680296528
1.6951630134617963,34.881937701196335,73.13802040649068
1.699591416685006,34.991274242530814,73.2833040100161
1.7040161067968032,35.1006107838653,73.42858761354151
1.7084370869470327,35.20994732519981,73.57387121706692
1.7128543602828368,35.319283866534306,73.71915482059232
1.7172679299486606,35.4286204078688,73.86443842411772
1.721677799086251,35.53446629069931,74.00972202764314
1.7260839708346654,35.63856684427781,74.15500563116854
1.7304864483302682,35.74266739785633,74.30028923469396
1.7348852347067343,35.84676795143483,74.44557283821936
1.7392803330950508,35.950868505013354,74.59085644174479
1.743671746623527,36.05496905859186,74.7361400452702
1.7480594784177816,36.15906961217037,74.8814236487956
1.7524435316007603,36.26317016574889,75.02670725232102
1.7568239092927311,36.36727071932739,75.17199085584642
