0.28643203759341695,0.28642945785553886,0.2864177040292581,0.2864145329336728,0.28641463669495704,0.28641810990478284,0.28640248154927866,0.2864061085057148,0.2864023956450034,0.286400522316677,0.2863866804724623,0.28638445988877886,0.2863873712878813,0.2863907254444208,0.28637687160334946,0.2863805376495092,0.2863769334160706,0.2863752043180075,0.28636978044788985,0.2863679131532444,0.2863746302639015,0.2863750250106804
0.2864388298123811,0.28643625201509715,0.28642445219570495,0.2864212834661284,0.2864214272258052,0.28642489782882086,0.28640932880959563,0.28641295302496206,0.2864091805908771,0.2864073086653963,0.2863934771681886,0.28639125824723427,0.28639415271296625,0.2863975043633807,0.2863821530187267,0.28638581693421555,0.2863836859144767,0.2863819360610537,0.28637611826056697,0.28637422276998337,0.2863813820251081,0.286381792252043
0.28643451065409375,0.28643193162278063,0.2864201261663195,0.28641695591996086,0.28641708762852297,0.2864205598974743,0.28640498341667553,0.28640860937158613,0.28640482297432296,0.28640295014786143,0.2863891120052616,0.2863868920164155,0.2863897756862388,0.2863931289542265,0.2863774761273931,0.28638114192967384,0.2863792749676496,0.2863775075600521,0.2863713191569192,0.2863693953421643,0.28637696793331724,0.2863773904258908
0.286435495613814,0.2864329168639114,0.2864211126929383,0.28641794279247,0.28641806268121645,0.28642153457585684,0.28640595977156186,0.286409585335623,0.28640578752862156,0.28640391490158945,0.286390078229925,0.2863878584774535,0.28639073000626225,0.2863940829215752,0.28637843173841016,0.28638209715517404,0.28638020433665234,0.28637842287249704,0.28637186291327127,0.28636991170419623,0.28637789143069087,0.2863783269941472
0.2864313748975589,0.28642879497034734,0.2864169854214057,0.28641381407387123,0.28641392264274373,0.2864173961266802,0.2864018142040795,0.2864054414276592,0.28640163047684974,0.28639975699032183,0.2863859139792573,0.28638369320806456,0.2863865546147994,0.28638990907313916,0.28637425069858313,0.2863779178020644,0.28637600090675497,0.2863742068631578,0.28636733422788124,0.28636535442442607,0.2863728315690873,0.2863732816934823
0.28642738559775127,0.2864248045308038,0.28641304466158213,0.28640987193240625,0.2864099144619817,0.28641338948455974,0.28639775298504966,0.28640138183434355,0.28639760564975936,0.28639573133109425,0.2863819982526949,0.28637977652360175,0.28638251185685576,0.2863858678091718,0.286370202471839,0.28637387120841845,0.28637193221914753,0.2863701273936479,0.2863627740085263,0.2863607644768891,0.2863685230714718,0.28636898784300013
0.28643167855236024,0.28642909871190336,0.2864173444192217,0.28641417319755397,0.28641420472135987,0.28641767809701235,0.28640204899651367,0.2864056761261045,0.2864018907464241,0.2864000173137079,0.2863862907149531,0.28638407003592214,0.28638679308935755,0.2863901474595696,0.28637448949573907,0.2863781565028858,0.28637619972304984,0.28637438801661147,0.28636702811308734,0.28636499071928995,0.2863725255742115,0.2863730058759844
0.28643427043174713,0.2864316913318011,0.28641994040604024,0.2864167700945512,0.2864167909960223,0.2864202633788468,0.2864046387387486,0.28640826483163884,0.28640446991571605,0.2864025970162573,0.28638887431763915,0.2863866542706459,0.286389365922743,0.2863927193421603,0.28637706580957584,0.2863807317773882,0.28637875917701683,0.2863769422307861,0.2863682353381803,0.2863661696682522,0.2863747966732493,0.28637529362954695
0.2864335215447103,0.28643094223080284,0.28641919033221225,0.28641601975773906,0.28641603049941644,0.2864195031741844,0.28640387722249516,0.28640750362023,0.28640369820704004,0.2864018251480252,0.28638810128244613,0.286385881046341,0.2863885827313221,0.2863919364401709,0.28637628155867284,0.28637994784286885,0.28637796068379234,0.2863761394002333,0.28636670757514043,0.2863646142571553,0.2863736822309447,0.28637419727554797
0.28643044863067935,0.2864278684388325,0.2864161125484705,0.2864129408949015,0.28641294176591897,0.286416415626393,0.2864007843477721,0.2864044119836093,0.2864005953719219,0.28639872167138336,0.2863849931138295,0.2863827721173646,0.28638546480021015,0.28638881966128793,0.28637315940974517,0.2863768269534678,0.2863748261778287,0.2863730012816194,0.2863628825923195,0.28636076256481324,0.2863701953346082,0.28637073040212196
0.2864298850439476,0.28642730469108424,0.28641549319776155,0.28641232132704525,0.28641236751361654,0.286415841594533,0.2864002569981199,0.28640388484505674,0.286400010747969,0.286398136926558,0.2863842914454922,0.2863820702773781,0.2863848695936017,0.2863882246746351,0.28637273807912533,0.28637640579281803,0.2863742185753184,0.28637239147791305,0.2863616720276414,0.2863595282494819,0.28636919857564846,0.2863697555226797
0.28642718112958976,0.28642460000422654,0.2864128398694045,0.28640966706842946,0.2864096493253898,0.2864131244497462,0.28639748749298677,0.28640111644855615,0.28639727979630786,0.2863954054102732,0.2863816718391457,0.2863794500302034,0.2863821250024328,0.28638548109770645,0.28636981509411025,0.2863734839869599,0.2863714602589001,0.28636963119977327,0.2863575112162546,0.2863553462905669,0.28636601607941015,0.28636659682237614
0.2864298009288002,0.2864272205519051,0.28641546382017496,0.28641229193915935,0.28641226567714534,0.2864157397971543,0.2864001073525423,0.2864037352593829,0.2863998911898012,0.2863980173436714,0.28638428772129454,0.2863820665522692,0.2863847322234126,0.28638808735521043,0.28637242584195705,0.28637609368161,0.2863740610699183,0.2863722316002664,0.286358924358972,0.28635674371078873,0.2863682268486461,0.2863688330618078
0.2864276689782872,0.28642508799230026,0.28641327360686364,0.28641010095795616,0.2864101216688442,0.2864135966118817,0.28639800815411803,0.2864016369012683,0.2863977363125735,0.2863958620209228,0.2863820130715046,0.28637979134603625,0.2863825657831453,0.2863859217155334,0.2863704311965504,0.2863740998408608,0.28637188350844334,0.2863700530016587,0.286356130704445,0.286353937558268,0.28636600360409736,0.28636663773484095
0.28642575955007926,0.28642317801857997,0.2864113611412434,0.2864081878218314,0.28640820112836873,0.2864116768086426,0.2863960850488766,0.2863997145658376,0.28639580572364265,0.286393931032847,0.2863800791394562,0.2863778569409002,0.28638062452313223,0.286383981172889,0.28636848734791187,0.2863721567763793,0.2863699321375978,0.2863681008670214,0.2863541681448114,0.2863519664210978,0.28636299796935705,0.2863636616724909
0.2864266764088627,0.28642409513930406,0.2864122794585098,0.2864091064610556,0.2864091129480085,0.28641258827826427,0.28639699808619257,0.2864006272376697,0.28639671196487976,0.28639483746144684,0.2863809869499876,0.2863787649735041,0.2863815254468793,0.28638488176371146,0.2863693894730156,0.286373058537563,0.28637082703508465,0.28636899569741436,0.28635505939344,0.28635285249483666,0.2863633603346752,0.2863640531927693
0.286427628596254,0.2864250475987299,0.286413233160592,0.2864100604975043,0.28641006051861206,0.2864135354851236,0.2863979469222231,0.2864015756938846,0.2863976543603345,0.2863957800517401,0.2863819309773513,0.28637970923180045,0.2863824629404042,0.2863858189107967,0.28637032821666913,0.28637399690252247,0.28637175899699613,0.28636992769571995,0.2863559898103654,0.28635377986142274,0.2863637455625535,0.2863644681280757
0.08,0.08,0.08,0.08,0.08,0.08,0.08,0.08,0.08,0.08,0.08,0.08,0.08,0.08,0.08,0.08,0.08,0.08,0.08,0.08,0.08,0.08
0.08,0.08,0.08,0.08,0.08,0.08,0.08,0.08,0.08,0.08,0.08,0.08,0.08,0.08,0.08,0.08,0.08,0.08,0.08,0.08,0.08,0.08
0.08,0.08,0.08,0.08,0.08,0.08,0.08,0.08,0.08,0.08,0.08,0.08,0.08,0.08,0.08,0.08,0.08,0.08,0.08,0.08,0.08,0.08
0.08,0.08,0.08,0.08,0.08,0.08,0.08,0.08,0.08,0.08,0.08,0.08,0.08,0.08,0.08,0.08,0.08,0.08,0.08,0.08,0.08,0.08
0.08,0.08,0.08,0.08,0.08,0.08,0.08,0.08,0.08,0.08,0.08,0.08,0.08,0.08,0.08,0.08,0.08,0.08,0.08,0.08,0.08,0.08
0.08,0.08,0.08,0.08,0.08,0.08,0.08,0.08,0.08,0.08,0.08,0.08,0.08,0.08,0.08,0.08,0.08,0.08,0.08,0.08,0.08,0.08
0.08,0.08,0.08,0.08,0.08,0.08,0.08,0.08,0.08,0.08,0.08,0.08,0.08,0.08,0.08,0.08,0.08,0.08,0.08,0.08,0.08,0.08
0.08,0.08,0.08,0.08,0.08,0.08,0.08,0.08,0.08,0.08,0.08,0.08,0.08,0.08,0.08,0.08,0.08,0.08,0.08,0.08,0.08,0.08
0.28643152581912595,0.2864289459350329,0.28641713658305623,0.2864139652885198,0.28641395890929766,0.28641743237931194,0.2864018505190663,0.2864054777281091,0.28640155168851344,0.286399678185696,0.28638583505448284,0.28638361426398284,0.2863863603979755,0.2863897149280878,0.28637423087150177,0.2863778979829814,0.286375654559698,0.2863738239488504,0.286359890246138,0.28635767929753464,0.2863670700113508,0.28636782301603136
0.28643030131827507,0.2864277210843411,0.28641591013428785,0.286412738409751,0.28641272612499663,0.28641620006825086,0.286400568417732,0.2864041961400067,0.28640031129970206,0.2863984375404309,0.28638459251768816,0.28638237142322553,0.2863851120010846,0.28638846699253767,0.2863729808098594,0.28637664842563176,0.28637439869726045,0.28637256778058273,0.2863586311872592,0.2863564188696915,0.286365261830628,0.2863660444597302
0.2864291818839496,0.28642660133019443,0.2864148437943264,0.2864116716959278,0.2864115986003884,0.2864150729764721,0.28639948705803625,0.2864031152131823,0.2863991763042312,0.286397302310298,0.28638357160692,0.2863813502627121,0.286383969164117,0.2863873245778983,0.2863716617504415,0.28637532989833725,0.28637324852745827,0.28637141734451177,0.2863576865030269,0.2863554733486952,0.2863637659450463,0.28636457873352417
0.2864187517502063,0.28641616821667454,0.2864043421940661,0.28640116641389596,0.28640114235939096,0.2864046207492368,0.28638896912191164,0.28639260148727097,0.28638869986154253,0.2863868237016663,0.286372960972788,0.28637073703299726,0.2863734692453028,0.2863768285391317,0.2863613225289593,0.28636499484766736,0.2863627302439169,0.2863608969203649,0.286346941608296,0.28634472548620543,0.28635318533081716,0.2863540295771094,0.2864124528178147
0.2863968122473634,0.2863942224465483,0.28638236779520854,0.28637918431173515,0.2863791025475967,0.28638258939690064,0.28636689976473045,0.2863705409633658,0.2863665957002803,0.286364714970934,0.2863508185392464,0.2863485891834736,0.28635132176963046,0.2863546892468589,0.28633914552371126,0.2863428267877081,0.28634055027972755,0.28633871247134124,0.2863247230392662,0.2863225013065638,0.2863296073580598,0.2863304866209401,0.2863907896807471,0.28637435597260863,0.2863611265069265
0.28639436509783717,0.28639177459801457,0.28637991675364977,0.28637673241100514,0.28637663690550713,0.2863801247011214,0.2863644308175881,0.28636807300435,0.28636411624600594,0.28636223500413255,0.2863483347922446,0.2863461048289978,0.2863488316937438,0.2863522000909786,0.28633665212802595,0.28634033439768247,0.28633805076167035,0.2863362124268197,0.28632221908762934,0.28631999661925533,0.2863267013388826,0.2863276142031577,0.2863881102034794,0.286371869828501,0.28635863042112186
0.28639102364387975,0.2863884321896149,0.28637656998541977,0.28637338446964267,0.28637327428619624,0.28637676337235746,0.28636106369096076,0.28636470722529767,0.28636073761310055,0.2863588556728436,0.2863449503099529,0.2863427195189442,0.28634543994977757,0.28634880960013565,0.28633325586222824,0.28633693950167594,0.28633464753188814,0.2863328084950781,0.2863188099127812,0.2863165865478803,0.28632322779793534,0.2863241794915985,0.2863850589722011,0.2863684327125499,0.2863553591275318
0.2863590549195094,0.28635645433474666,0.2863445504233579,0.2863413536850242,0.2863411742087743,0.2863446756134119,0.2863289205908053,0.28633257698795633,0.28632855259102113,0.28632666399862255,0.2863128265265877,0.28631058787970626,0.286313194342843,0.28631657590550685,0.2863007912108843,0.2863044879426821,0.2863023571214428,0.28630051157323333,0.2862866732489867,0.2862844420410545,0.28629083685196005,0.2862918269094855,0.2863528068326282,0.2863362723615268,0.28632310787102394,0.2863521606552539,0.2863366205321319,0.28632252330203023
0.2863455488436636,0.2863429444019828,0.2863310228727581,0.2863278213937782,0.28632761190673817,0.28633111851524295,0.2863153401142493,0.2863190019452173,0.28631495202004237,0.2863130606169954,0.2862992025890799,0.28629696061091103,0.2862995641064317,0.28630295070375655,0.2862871425453677,0.2862908447806575,0.2862887038758283,0.2862868555728847,0.28627299666865214,0.28627076212067304,0.28627710489163904,0.28627813218836473,0.2863395980752665,0.28632260342092475,0.2863096252335155,0.28633888311327504,0.2863229950885859,0.28630894760322767
0.2863328659826413,0.2863302579194055,0.2863183753076108,0.28631516939671064,0.2863148709710072,0.28631838246784297,0.28630258210610593,0.28630624904141044,0.28630217040971595,0.286300276365469,0.2862863990210413,0.2862841539124227,0.286286750843921,0.2862901421737702,0.28627431195980324,0.2862780193683119,0.2862758652071035,0.2862740143141141,0.2862601360652713,0.2862578983828993,0.2862641584917574,0.2862652403076527,0.28632695150291654,0.2863097827023992,0.28629690137129243,0.28632616664991223,0.2863102188097304,0.2862961283317682
0.2863254717758323,0.28632286160132636,0.2863109693905471,0.28630776088464205,0.2863074273690433,0.2863109417216059,0.28629512853060607,0.28629879844782624,0.28629469237081906,0.28629279678139763,0.28627890813632145,0.28627666119630385,0.28627924910020425,0.28628264320062563,0.28626680007465655,0.28627051051173336,0.2862683433998348,0.2862664909891071,0.2862526014088851,0.2862503618908233,0.2862565272159782,0.2862576677504056,0.28631960048476873,0.286302256990127,0.2862894853847863,0.28631874108611566,0.2863027408475449,0.28628861574086395
0.2863144068686237,0.28631179353492203,0.2862998869607791,0.28629667457184294,0.28629630500647263,0.2862998236258806,0.2862839912662716,0.2862876656388797,0.2862835297182622,0.28628163182244654,0.28626772630959835,0.28626547663595653,0.2862680558923704,0.2862714541264828,0.28625559173588055,0.2862593066915776,0.2862571250860565,0.2862552704146828,0.2862413639346348,0.28623912168378546,0.28624518838595925,0.28624639162349164,0.28630857775489016,0.28629104898804864,0.28627838365238395,0.2863076415866221,0.2862915819433068,0.28627741568950765
0.2862980804104049,0.2862954624156316,0.2862835346499346,0.2862803165319823,0.2862799099880236,0.2862834348965067,0.2862675742836467,0.28627125522322805,0.2862670864547569,0.2862651851617586,0.28625125480380403,0.2862490011036957,0.28625157267173157,0.2862549769926607,0.2862390862352164,0.2862428078445328,0.28624060994842193,0.2862387519510662,0.28622482059291954,0.2862225743218032,0.2862285406732625,0.28622981017188454,0.28629229137157197,0.28627456384260563,0.2862619992561756,0.2862912760889654,0.2862751472744906,0.286260931028919
0.28628358099181433,0.2862809588579494,0.2862690122740048,0.28626578906861394,0.2862653450411134,0.2862688755361538,0.28625298982618375,0.2862566765991773,0.2862524753578385,0.2862505710464587,0.28623650068642675,0.2862342433799987,0.2862369242967342,0.2862403340264262,0.28622459558842245,0.2862283230386083,0.2862259314350261,0.28622407048198967,0.28620990558838094,0.286207655693416,0.28621372816675567,0.28621506573324496,0.2862778343397903,0.2862599083725134,0.2862474483956138,0.2862767384153012,0.2862605431726075,0.2862462794541346
0.28627160002642094,0.2862689744726624,0.286256956508405,0.2862537290800013,0.2862533027285347,0.2862568378421858,0.2862409798936215,0.2862446714699076,0.2862403897332081,0.286238482925358,0.2862245122351783,0.28622225199866763,0.2862248053460768,0.2862282195502153,0.28621228273365174,0.2862160151464953,0.28621378505672973,0.286211921658027,0.28619794989709546,0.2861956970975536,0.28620144827259375,0.28620285503906223,0.28626589840319483,0.2862477756499646,0.28623542632787297,0.2862647204959957,0.2862484625544862,0.28623415395838114
0.08,0.08,0.08,0.08,0.08,0.08,0.08,0.08,0.08,0.08,0.08,0.08,0.08,0.08,0.08,0.08,0.08,0.08,0.08,0.08,0.08,0.08,0.08,0.08,0.08,0.08,0.08,0.08
0.08,0.08,0.08,0.08,0.08,0.08,0.08,0.08,0.08,0.08,0.08,0.08,0.08,0.08,0.08,0.08,0.08,0.08,0.08,0.08,0.08,0.08,0.08,0.08,0.08,0.08,0.08,0.08
0.08,0.08,0.08,0.08,0.08,0.08,0.08,0.08,0.08,0.08,0.08,0.08,0.08,0.08,0.08,0.08,0.08,0.08,0.08,0.08,0.08,0.08,0.08,0.08,0.08,0.08,0.08,0.08
0.08,0.08,0.08,0.08,0.08,0.08,0.08,0.08,0.08,0.08,0.08,0.08,0.08,0.08,0.08,0.08,0.08,0.08,0.08,0.08,0.08,0.08,0.08,0.08,0.08,0.08,0.08,0.08
0.08,0.08,0.08,0.08,0.08,0.08,0.08,0.08,0.08,0.08,0.08,0.08,0.08,0.08,0.08,0.08,0.08,0.08,0.08,0.08,0.08,0.08,0.08,0.08,0.08,0.08,0.08,0.08
0.08,0.08,0.08,0.08,0.08,0.08,0.08,0.08,0.08,0.08,0.08,0.08,0.08,0.08,0.08,0.08,0.08,0.08,0.08,0.08,0.08,0.08,0.08,0.08,0.08,0.08,0.08,0.08
0.08,0.08,0.08,0.08,0.08,0.08,0.08,0.08,0.08,0.08,0.08,0.08,0.08,0.08,0.08,0.08,0.08,0.08,0.08,0.08,0.08,0.08,0.08,0.08,0.08,0.08,0.08,0.08
0.08,0.08,0.08,0.08,0.08,0.08,0.08,0.08,0.08,0.08,0.08,0.08,0.08,0.08,0.08,0.08,0.08,0.08,0.08,0.08,0.08,0.08,0.08,0.08,0.08,0.08,0.08,0.08
0.2862630095771817,0.2862603815714804,0.2862483524075238,0.2862451219653734,0.28624465644701835,0.2862481948765926,0.28623227352164754,0.2862359685797773,0.2862317039509931,0.2862297953490714,0.2862156933451303,0.2862134309533371,0.28621609136722753,0.28621950878846425,0.286203734905806,0.28620747076361414,0.28620504710988,0.28620318195136335,0.2861889851280702,0.2861867301502717,0.2861925758189952,0.28619405428133393,0.28625735694636245,0.28623903855127936,0.2862268075571131,0.28625609456105744,0.28623977882907076,0.28622542959261266
0.28624637978180867,0.28624374702987265,0.2862316961867376,0.28622845991086787,0.2862279560043145,0.2862315008381759,0.2862155507128919,0.2862192524582918,0.28621495373984107,0.28621304167837774,0.2861989141595551,0.2861966476673401,0.28619929987426423,0.286202723494257,0.2861869210462849,0.28619066367994667,0.2861882225216844,0.2861863539769584,0.28617213143234427,0.2861698723614592,0.2861756097849094,0.28617715882502376,0.2862407695381269,0.2862222429890376,0.2862101176704881,0.2862394241028174,0.28622303693149925,0.286208636170087
0.28623404521181717,0.28623140893982646,0.28621934201838645,0.28621610141592935,0.28621555840990354,0.2862191079975889,0.28620313651653734,0.286206843225815,0.28620251187892326,0.2862005972479734,0.2861864507787249,0.28618418124102724,0.28618682380298355,0.2861902520282535,0.2861744283581955,0.2861781760258795,0.28617571831154653,0.28617384725016315,0.28615960559120274,0.28615734347839444,0.28616296810568087,0.2861645879277581,0.2862284830574223,0.28620974965193363,0.2861977399056458,0.28622705030165296,0.28621059887875794,0.2861961530223418
0.28621867677994367,0.28621603612244806,0.28620394916977066,0.2862007031769805,0.28620011947212454,0.2862036749793448,0.28618767690588315,0.2861913897962569,0.28618702313166805,0.2861851053022522,0.28617093524386966,0.28616866191519386,0.28617129451039447,0.28617472846750214,0.28615887838405557,0.28616263231720157,0.28616015603528683,0.28615828184127257,0.28614401639627457,0.28614175049730173,0.2861472528943783,0.2861489502814119,0.2862131618499562,0.2861942114186339,0.2861823140352988,0.2862116396782526,0.2861951171799648,0.2861806204076926
0.28620376978514545,0.2862011248741982,0.2861890184935795,0.2861857672727676,0.2861851417385322,0.28618870298794136,0.2861726791188947,0.28617639800518035,0.2861719952288665,0.28617007429642904,0.2861560003095882,0.2861537233321211,0.2861562267057055,0.2861596662238163,0.2861436114374007,0.28614737152141334,0.28614505566290915,0.2861431784296112,0.28612910318155943,0.28612683366099906,0.2861319986581545,0.28613377423138875,0.2861980362789778,0.28617916076366534,0.2861672898461389,0.2861964230661385,0.2861801238594384,0.28616548287397414
0.2861877536839061,0.28618510420345905,0.2861730332921879,0.28616977647461794,0.286169052262388,0.28617261967964464,0.28615661705622397,0.2861603423633189,0.2861558536794826,0.2861539294143785,0.28613971189230736,0.2861374309357414,0.2861400433715338,0.28614348886180163,0.2861275856317921,0.28613135217181285,0.2861288384242213,0.2861269579273946,0.28611264462175984,0.28611037110491994,0.28611562558225884,0.28611747960060896,0.2861823359319087,0.28616294157715394,0.2861512800927331,0.2861806299859023,0.2861639626612359,0.28614935707122474
0.28616958099910667,0.2861669263343924,0.28615483185418294,0.2861515686645443,0.2861508015694896,0.2861543759823834,0.2861383420288522,0.2861420746406519,0.2861375476398938,0.2861356195956145,0.2861213742020981,0.28611908876627257,0.2861216918152578,0.2861251440771381,0.2861092096427678,0.2861129835848213,0.2861104502911984,0.28610856609440877,0.2860942246915153,0.2860919467026265,0.2860970774506212,0.2860990107754102,0.28616394343993995,0.2861446139111462,0.2861329775224016,0.286162142889803,0.2861456937804117,0.28613093689383995
0.2861514074979745,0.2861487476493147,0.28613662960181546,0.28613336004050477,0.2861325499922836,0.2861361314004032,0.2861200169735728,0.2861237569092852,0.28611924071222145,0.28611730888899023,0.28610315525686714,0.2861008653712661,0.2861033394961312,0.28610679852917487,0.28609065279980783,0.28609443421593167,0.2860920615196146,0.2860901736230596,0.28607601861097237,0.28607373620235954,0.2860785294790741,0.2860805414707772,0.286146086606502,0.2861262292366783,0.2861147382293587,0.2861441906612846,0.28612736831962027,0.286112578949773
0.28613291322309037,0.2861302480995536,0.286118106071567,0.2861148300268222,0.2861139762604915,0.2861175647865376,0.28610141838464553,0.2861051657527876,0.2861006113125454,0.2860986756442144,0.28608449389294144,0.28608219945000324,0.2860846644373213,0.2860881303598539,0.2860719525246619,0.2860757414718013,0.2860733498982664,0.2860714582372121,0.28605727506794887,0.28605498810949714,0.28605966039237274,0.2860617496971694,0.2861276410706606,0.28610754280229383,0.286096176724747,0.2861256488792593,0.2861087453123938,0.286093897598203
0.28611445847413525,0.28611178808756643,0.28609962213313866,0.28609633961952163,0.2860954423281323,0.28609903795607844,0.2860828596513149,0.28608661443514827,0.28608202215958517,0.2860800826548819,0.28606587284847795,0.286063573858548,0.28606603019612,0.28606950299232925,0.2860532931251998,0.28605708958606746,0.28605467964531966,0.28605278422822006,0.2860385729676689,0.28603628146972293,0.2860408370432155,0.28604300105483527,0.28610923547888406,0.286088922518985,0.28607771999801895,0.28610714586329206,0.28609018898478195,0.2860753201694676
0.2861003260554586,0.2860976516389119,0.28608541049285613,0.28608212300603186,0.28608124003140956,0.28608484110091964,0.2860686877669102,0.2860724482129943,0.28606777156889635,0.2860658291234839,0.286051597812009,0.286049295336657,0.2860517427101005,0.2860552207760736,0.2860389863515146,0.28604278857284476,0.28604036221471546,0.2860384639166929,0.2860242311174074,0.28602193613802246,0.2860263804846796,0.2860286137920002,0.2860948881469969,0.2860745795203642,0.286063475219572,0.2860926961141336,0.2860759102877804,0.28606095532339354
0.28608222624635066,0.28607954666898117,0.28606728195173453,0.2860639881216318,0.28606306335829407,0.286066671391474,0.2860504868714305,0.2860542545888295,0.2860495421417404,0.28604759593491774,0.28603333711684636,0.2860310301833539,0.286033471008823,0.28603695581344335,0.2860206899865376,0.28602449957398923,0.28602205714190815,0.2860201551613074,0.2860058948267244,0.28600359539695647,0.28600794272367086,0.28601023923575447,0.2860771119673227,0.28605631345330257,0.2860453790572525,0.286074815259746,0.28605770990470747,0.2860427367196047
0.2860660236851335,0.28606333948837137,0.2860510536729899,0.286047754165095,0.2860467625363198,0.28605037681387924,0.28603416432922957,0.28603793856687254,0.2860331661273369,0.2860312165418765,0.28601693301652503,0.286014622078567,0.28601703074542095,0.28602052161263086,0.2860042275339952,0.28600804374855626,0.2860055605615637,0.2860036552619162,0.2859893701159431,0.2859870666754063,0.28599130536502504,0.28599365552919714,0.28606069372116244,0.2860398671958996,0.2860290078670671,0.2860582912798678,0.2860413298479553,0.28602624336066157,0.2859793156728143
0.286050954585652,0.28604826609304573,0.28603596065740317,0.28603265586939725,0.2860316242897834,0.2860352443658358,0.2860190059135532,0.2860227862058547,0.2860179813911757,0.28601602867314885,0.2860017222401209,0.28599940758934983,0.28600181091141574,0.28600530739064095,0.28598898716009374,0.28599280950923306,0.2859903130406463,0.28598840467104153,0.2859740965975879,0.2859717894483196,0.28597596009914483,0.2859783548114627,0.28604595217815304,0.2860246385172625,0.2860139573737178,0.2860434430084705,0.28602616806768544,0.28601107088108707,0.28596399404894746
0.2860252011727904,0.2860225053393778,0.28601016637662136,0.28600685256588243,0.2860057572139636,0.2860093871968416,0.2859930545669956,0.28599684522367397,0.2859920297728373,0.28599007170171564,0.28597560486687307,0.2859732838418632,0.28597578302596394,0.2859792891012958,0.2859631066952405,0.2859669394605625,0.28596422151639017,0.2859623078979696,0.2859477431863167,0.2859454296417108,0.2859497496340054,0.2859521803092913,0.28601997808950813,0.28599861566129703,0.2859880048310422,0.2860173578692611,0.2860002144961546,0.2859849940017941,0.2859377314384155,0.285938089312805
0.28600711062242673,0.28600440963311147,0.28599210455837276,0.2859887844305001,0.28598758996515977,0.2859912269050065,0.28597491293163996,0.28597871083273396,0.2859738106378734,0.28597184880914145,0.28595735426361085,0.2859550287849177,0.28595752203265007,0.28596103483966917,0.2859448214149403,0.2859486615386331,0.28594592755556875,0.28594401025602434,0.28592941762426566,0.28592709963196394,0.2859313856093626,0.285933840453336,0.28600221562648953,0.2859803525540473,0.2859699151718991,0.28599948548922727,0.28598202035683706,0.28596678574385087,0.28591931620955935,0.2859197120704056
0.08,0.08,0.08,0.08,0.08,0.08,0.08,0.08,0.08,0.08,0.08,0.08,0.08,0.08,0.08,0.08,0.08,0.08,0.08,0.08,0.08,0.08,0.08,0.08,0.08,0.08,0.08,0.08,0.08,0.08
0.08,0.08,0.08,0.08,0.08,0.08,0.08,0.08,0.08,0.08,0.08,0.08,0.08,0.08,0.08,0.08,0.08,0.08,0.08,0.08,0.08,0.08,0.08,0.08,0.08,0.08,0.08,0.08,0.08,0.08
0.08,0.08,0.08,0.08,0.08,0.08,0.08,0.08,0.08,0.08,0.08,0.08,0.08,0.08,0.08,0.08,0.08,0.08,0.08,0.08,0.08,0.08,0.08,0.08,0.08,0.08,0.08,0.08,0.08,0.08
0.08,0.08,0.08,0.08,0.08,0.08,0.08,0.08,0.08,0.08,0.08,0.08,0.08,0.08,0.08,0.08,0.08,0.08,0.08,0.08,0.08,0.08,0.08,0.08,0.08,0.08,0.08,0.08,0.08,0.08
0.08,0.08,0.08,0.08,0.08,0.08,0.08,0.08,0.08,0.08,0.08,0.08,0.08,0.08,0.08,0.08,0.08,0.08,0.08,0.08,0.08,0.08,0.08,0.08,0.08,0.08,0.08,0.08,0.08,0.08
0.08,0.08,0.08,0.08,0.08,0.08,0.08,0.08,0.08,0.08,0.08,0.08,0.08,0.08,0.08,0.08,0.08,0.08,0.08,0.08,0.08,0.08,0.08,0.08,0.08,0.08,0.08,0.08,0.08,0.08
0.08,0.08,0.08,0.08,0.08,0.08,0.08,0.08,0.08,0.08,0.08,0.08,0.08,0.08,0.08,0.08,0.08,0.08,0.08,0.08,0.08,0.08,0.08,0.08,0.08,0.08,0.08,0.08,0.08,0.08
0.08,0.08,0.08,0.08,0.08,0.08,0.08,0.08,0.08,0.08,0.08,0.08,0.08,0.08,0.08,0.08,0.08,0.08,0.08,0.08,0.08,0.08,0.08,0.08,0.08,0.08,0.08,0.08,0.08,0.08
0.28598938015714676,0.285986674115088,0.285974288527778,0.28597096216939477,0.28596978411388696,0.28597342787158686,0.2859570333654375,0.28596083840553915,0.28595595434254234,0.2859539888314256,0.2859395888471134,0.2859372590335971,0.28593962498075093,0.2859431443845925,0.2859267173270287,0.2859305647353952,0.2859279984602209,0.28592607755359906,0.2859116757932187,0.28590935349537433,0.28591339887171274,0.2859158707176376,0.28598426942376276,0.28596239189885225,0.2859520556650634,0.2859814266655809,0.2859641301295384,0.28594881126656635,0.2859012639873643,0.2859017030517038
0.285972162205552,0.2859694512573086,0.285957100910628,0.2859537685421191,0.28595249419347923,0.2859561445707986,0.2859397704212281,0.2859435823534172,0.28593861669635334,0.28593664761018056,0.2859220995448149,0.2859197654642914,0.28592224823791196,0.2859257740461257,0.28590950071425125,0.2859133550494718,0.28591059108265093,0.2859086666754287,0.28589402012041515,0.28589169353953153,0.28589594419116926,0.2858984274636563,0.2859671067607627,0.2859449786154099,0.2859347735171852,0.2859641542258926,0.28594678519176087,0.2859314236973525,0.28588372341569096,0.28588420769014555
0.2859553004784935,0.28595258472605295,0.285940154790522,0.2859368164969292,0.28593556232703976,0.2859392191862406,0.2859227658290205,0.2859265845494669,0.2859216389806493,0.2859196663939924,0.2859052146697321,0.28590287647008605,0.2859052320915887,0.2859087641706376,0.28589227804849315,0.2858961393122994,0.28589354479034096,0.285891616956006,0.28587716340961605,0.28587483274022585,0.2858788558562673,0.28588134757339945,0.2859503017846765,0.2859279214991087,0.28591784449268004,0.28594723691284496,0.2859297973201767,0.28591439953904185,0.28586654955918545,0.28586708218332996
0.28594123689456685,0.28593851713553353,0.28592612673676987,0.285922783538821,0.28592143571262263,0.28592509797929966,0.2859086705869383,0.2859124949337103,0.28590747188817467,0.2859054963807997,0.2858909009630155,0.28588855927181384,0.2858910306463141,0.2858945679584357,0.2858782416192318,0.285882108529298,0.2858793158977369,0.28587738520107847,0.285862690930043,0.285860356749155,0.2858645912475634,0.28586708898262314,0.2859362960752705,0.285913672204364,0.2859037170693091,0.28593311965639945,0.28591561615618893,0.2859001935112737,0.2858521815054252,0.28585276835757156
0.2859256960051928,0.28592297181908116,0.2859105033667254,0.2859071547071589,0.2859058312122728,0.2859094994516173,0.28589304531273,0.2858968758960159,0.2858918269643629,0.2858898482318796,0.2858752290311188,0.2858728835173854,0.28587534862855135,0.28587889171881153,0.2858625387555013,0.28586641198160984,0.28586360441407654,0.2858616705585808,0.2858469523199364,0.2858446143218294,0.2858488432436957,0.28585134633648135,0.2859208113491698,0.2858979459759232,0.2858880997840868,0.2859175236937258,0.2858999566644784,0.2858845151568307,0.28583632703954936,0.28583697088046417
0.28590059740683155,0.285897866071828,0.28588536497066,0.28588200752426846,0.2858806227381596,0.2858843006249601,0.28586780328356975,0.2858716439404909,0.2858665369413006,0.2858645529960589,0.28584989535504507,0.2858475436629384,0.2858500049762969,0.28585355740345614,0.2858371614185251,0.2858410448507289,0.2858382194800574,0.2858362805245644,0.2858215235629203,0.2858191794005864,0.28582340784853427,0.28582591822750264,0.2858957623147864,0.28587261267589176,0.28586279350293164,0.28589236213546476,0.28587468882576583,0.28585916140408435,0.285810769562729,0.2858114724074573,0.2858610102921108
0.28588646227762915,0.28588372691694947,0.2858712655975717,0.2858679032234841,0.285866430251395,0.28587011356912717,0.2858535413639838,0.28585738771191543,0.28585230788967614,0.28585032101189634,0.2858357647857355,0.2858334096478683,0.285835740995513,0.28583929867707686,0.28582269325308174,0.28582658250331605,0.2858239275035855,0.28582198567650746,0.28580742752323407,0.2858050799437799,0.28580908272289585,0.28581159718900134,0.2858816792458516,0.2858583122891502,0.28584863728166376,0.28587817446912545,0.2858604464732392,0.2858449756479821,0.28579633857193104,0.2857971012222158,0.2858460149816142
0.2858731688822768,0.28587042973595284,0.28585789296108977,0.2858545259136773,0.2858530829574466,0.2858567713822717,0.28584022685071575,0.2858440785111771,0.28583892587131765,0.2858369362357933,0.2858222366335566,0.2858198781970982,0.2858223249525339,0.2858258875757448,0.28580944461089347,0.2858133391883204,0.28581048395304254,0.2858085394242682,0.28579374016319253,0.2857913892652798,0.2857956070447889,0.28579812521326914,0.28586843359279024,0.2858448669747677,0.28583525667498244,0.2858648314018057,0.2858470531289113,0.2858315754522685,0.28578274303786105,0.28578356881747313,0.28583261921860725
0.2858663726109662,0.28586363152933975,0.2858510859161655,0.2858477164900417,0.2858462484003565,0.2858499394401418,0.2858333831986401,0.28583723758957635,0.28583206637386493,0.2858300753248309,0.28581536529917634,0.2858130051873707,0.28581544226478645,0.2858190074230054,0.28580255277777217,0.28580645012619554,0.28580358140004636,0.2858016354832051,0.2857868256975723,0.2857844731225603,0.28578868223149995,0.28579120230836036,0.28586195838668516,0.285837954928516,0.28582839722614445,0.2858582713850781,0.28584018255921106,0.28582470495164963,0.28577570838717514,0.28577659875922246,0.2858257839651456
0.28585179095172786,0.28584904571809766,0.28583653951999677,0.2858331650109781,0.2858315882751867,0.2858352849237065,0.28581865283960933,0.2858225131072789,0.2858173436313796,0.28581534954868154,0.2858007406385801,0.28579837696126115,0.2858006833253828,0.28580425391921727,0.28578758832804446,0.28579149169283047,0.2857887934375429,0.2857868445519177,0.28577223362217197,0.2857698775119671,0.2857738604433411,0.28577638441762626,0.28584741046844925,0.28582322786867836,0.28581364208272925,0.2858436469744202,0.2858254887734279,0.28580993944559496,0.28576077428652497,0.28576172776335573,0.28581104674999247,0.2858104351588499
0.28582580481631725,0.2858230521842412,0.28581045382200054,0.28580707019904394,0.28580546732561934,0.2858091739664034,0.28579254786326136,0.2857964185443569,0.2857911358118795,0.2857891363296363,0.28577448793733057,0.2857721178603377,0.2857743924375821,0.28577797271299643,0.2857612620091228,0.28576517595694934,0.2857624322035554,0.28576047802569826,0.2857458275019208,0.2857434649946545,0.2857474203508722,0.2857499512154709,0.285821165626867,0.28579704788351845,0.2857873493320032,0.2858173367858431,0.285799335490697,0.2857836340118818,0.28573419893614926,0.2857352182034344,0.28578565098093267,0.2857849615876858,0.2857863761897229,0.28573889722437
0.28581386436414585,0.28581110833291534,0.28579849444745253,0.2857951066465446,0.2857934710609313,0.2857971822902305,0.28578053563979067,0.2857844111120927,0.2857790961692825,0.2857770942068152,0.2857624276789115,0.2857600546622975,0.28576231691648446,0.2857659016381879,0.28574917021632945,0.2857530890244418,0.2857503266524886,0.2857483700440296,0.2857337013408345,0.2857313358957531,0.2857352808630902,0.2857378148944107,0.28580951935006715,0.28578498614599585,0.28577536176582796,0.2858056468092391,0.285787289757181,0.28577164044857645,0.28572194076134055,0.28572302601989963,0.2857728329747771,0.28577206397395294,0.28577453440996026,0.2857267198597068
0.2857950099471215,0.28579224854898694,0.2857796101541745,0.2857762157567288,0.2857745479997272,0.28577826646634913,0.2857615874074616,0.2857654704367829,0.28576012004824325,0.2857581141769626,0.2857434190676639,0.28574104141823164,0.2857432929280451,0.28574688465386766,0.2857301205956943,0.2857340470600811,0.2857312640361385,0.28572930360167836,0.2857146062728502,0.285712236202944,0.28571617351575646,0.28571871251410247,0.2857903622355938,0.2857660584398498,0.2857563023945743,0.28578645640828365,0.28576837449046394,0.2857525730510465,0.28570270355304517,0.28570385653719493,0.28575470813650505,0.2857538615935907,0.28575533048271207,0.2857075688760697,0.2857876190924376
0.2857725569293089,0.28576978914070883,0.2857571215624537,0.28575371931040006,0.28575196602981334,0.2857556931320874,0.28573897540334964,0.2857428674497858,0.2857374260656617,0.28573541552031584,0.28572068623434177,0.28571830304509893,0.2857205161550418,0.28572411626562305,0.28570731313819525,0.2857112487680448,0.28570841545731784,0.285706450437473,0.2856917188023533,0.28568934318968653,0.28569324575403143,0.2856957907065482,0.2857681846200715,0.28574341709138773,0.28573363132953683,0.28576425395865235,0.28574574317316326,0.2857298929107973,0.28567963850084394,0.2856808609405993,0.2857312019224158,0.2857302751270919,0.28573288149278697,0.2856845658517507,0.28576530698358105,0.28572392683471043,0.2856843729497931
0.2857617937143259,0.28575902286265437,0.2857463412963201,0.28574293527940414,0.28574111528157026,0.2857448465329083,0.285728110225055,0.2857320066038306,0.2857265219583726,0.2857245091674334,0.28570976346182997,0.28570737761105913,0.28570956973226813,0.2857131738721286,0.28569635197015164,0.2857002920044442,0.2856974319893583,0.2856954647649714,0.2856807166409453,0.28567833836364237,0.28568222168565316,0.2856847695028252,0.28575713992597424,0.2857325537200491,0.2857227093098967,0.2857531953502588,0.2857348850311345,0.28571896649385475,0.28566849050140586,0.28566978279582333,0.2857203348494668,0.28571932670654376,0.2857217037900808,0.28567348677060084,0.2857544223067453,0.2857129898900577,0.2856732337054237,0.28572213292331217
0.28575220609143726,0.2857494325114717,0.2857367974679504,0.2857333881182494,0.2857314730590014,0.2857352079969952,0.28571840393146364,0.2857223041801763,0.28571683913444484,0.2857148243495854,0.2856999392991884,0.28569755105478034,0.28569985378815027,0.28570346150407083,0.28568681077524166,0.28569075464308896,0.2856876876130246,0.28568571843362434,0.2856707319712884,0.28566835127655105,0.2856724457362824,0.2856749960895353,0.2857475487037877,0.2857228636852855,0.2857130128166284,0.28574359498066637,0.28572519873101215,0.28570926623622966,0.2856586178284788,0.28565996075117434,0.2857107102085611,0.2857096412211716,0.28571172094792113,0.28566367087970207,0.2857450561321099,0.28570328108637244,0.2856633784568454,0.28571219187492325
0.08,0.08,0.08,0.08,0.08,0.08,0.08,0.08,0.08,0.08,0.08,0.08,0.08,0.08,0.08,0.08,0.08,0.08,0.08,0.08,0.08,0.08,0.08,0.08,0.08,0.08,0.08,0.08,0.08,0.08,0.08,0.08,0.08,0.08,0.08,0.08,0.08,0.08
0.08,0.08,0.08,0.08,0.08,0.08,0.08,0.08,0.08,0.08,0.08,0.08,0.08,0.08,0.08,0.08,0.08,0.08,0.08,0.08,0.08,0.08,0.08,0.08,0.08,0.08,0.08,0.08,0.08,0.08,0.08,0.08,0.08,0.08,0.08,0.08,0.08,0.08
0.08,0.08,0.08,0.08,0.08,0.08,0.08,0.08,0.08,0.08,0.08,0.08,0.08,0.08,0.08,0.08,0.08,0.08,0.08,0.08,0.08,0.08,0.08,0.08,0.08,0.08,0.08,0.08,0.08,0.08,0.08,0.08,0.08,0.08,0.08,0.08,0.08,0.08
0.08,0.08,0.08,0.08,0.08,0.08,0.08,0.08,0.08,0.08,0.08,0.08,0.08,0.08,0.08,0.08,0.08,0.08,0.08,0.08,0.08,0.08,0.08,0.08,0.08,0.08,0.08,0.08,0.08,0.08,0.08,0.08,0.08,0.08,0.08,0.08,0.08,0.08
0.08,0.08,0.08,0.08,0.08,0.08,0.08,0.08,0.08,0.08,0.08,0.08,0.08,0.08,0.08,0.08,0.08,0.08,0.08,0.08,0.08,0.08,0.08,0.08,0.08,0.08,0.08,0.08,0.08,0.08,0.08,0.08,0.08,0.08,0.08,0.08,0.08,0.08
0.08,0.08,0.08,0.08,0.08,0.08,0.08,0.08,0.08,0.08,0.08,0.08,0.08,0.08,0.08,0.08,0.08,0.08,0.08,0.08,0.08,0.08,0.08,0.08,0.08,0.08,0.08,0.08,0.08,0.08,0.08,0.08,0.08,0.08,0.08,0.08,0.08,0.08
0.08,0.08,0.08,0.08,0.08,0.08,0.08,0.08,0.08,0.08,0.08,0.08,0.08,0.08,0.08,0.08,0.08,0.08,0.08,0.08,0.08,0.08,0.08,0.08,0.08,0.08,0.08,0.08,0.08,0.08,0.08,0.08,0.08,0.08,0.08,0.08,0.08,0.08
0.08,0.08,0.08,0.08,0.08,0.08,0.08,0.08,0.08,0.08,0.08,0.08,0.08,0.08,0.08,0.08,0.08,0.08,0.08,0.08,0.08,0.08,0.08,0.08,0.08,0.08,0.08,0.08,0.08,0.08,0.08,0.08,0.08,0.08,0.08,0.08,0.08,0.08
0.2857426349223076,0.2857398586188293,0.2857271521585598,0.2857237394407589,0.2857218458984654,0.2857255845172204,0.28570876391920397,0.2857126680112845,0.28570717044620225,0.2857051536704073,0.2856903788305534,0.2856879882568438,0.2856901514076494,0.2856937626945052,0.2856769074936421,0.2856808553403801,0.28567795622238884,0.2856759850906454,0.2856612077327971,0.2856588247321422,0.2856626822015513,0.28566523508762953,0.2857379726491446,0.285713218067668,0.28570333010248083,0.2857340118699124,0.2857155562536348,0.285699579781549,0.28564876427574143,0.28565015959194,0.28570107014719515,0.28569993777090225,0.28570247604051496,0.2856538660059779,0.28573528154076955,0.2856935860040187,0.2856535334824728,0.28570299279009226
0.2857117506262645,0.2857089655355928,0.28569627817192184,0.28569285467435035,0.28569083139623364,0.2856945818713686,0.28567775948466045,0.2856816759363883,0.28567605257599127,0.28567402939330805,0.2856590824194522,0.28565668422164114,0.28565896102569605,0.2856625837907009,0.28564586372452627,0.28564982404236555,0.2856467084863074,0.28564473108632665,0.28562968218098495,0.2856272915487486,0.2856313671472808,0.2856339281558227,0.2857070421507367,0.2856821967106968,0.28567209444832237,0.28570306709743903,0.28568454274749117,0.28566833215396925,0.28561731852873823,0.28561876961229377,0.2856707340909651,0.28566953577738724,0.2856706930417974,0.2856224829024995,0.2857045440641466,0.28566320865972195,0.2856221013548121,0.28567125396509685,0.28570394189427006,0.2856628634074542
0.28569428749569153,0.285691497437123,0.28567872816310036,0.2856752985387521,0.2856732870614905,0.28567704424260043,0.2856601402708245,0.28566406374528974,0.2856584459605756,0.2856564191533708,0.2856415709659323,0.28563916850278165,0.2856413041196823,0.2856449333815416,0.28562799442702685,0.28563196192239654,0.28562900984063266,0.28562702889085,0.28561217807144207,0.2856097832024941,0.2856136210935177,0.28561618670434336,0.28568956256301936,0.2856646283471702,0.28565446446026943,0.2856855793921003,0.2856669788421619,0.28565069540152266,0.28559946592253793,0.2856009736242097,0.28565318696504655,0.28565192015067425,0.2856534762036764,0.28560467820129415,0.28568710409598363,0.2856455540889575,0.28560424586483985,0.2856540831491875,0.2856864381269977,0.2856451573440777
0.2856695663554975,0.28566676926515683,0.28565402735982276,0.28565058911340635,0.2856484401702705,0.28565220684742415,0.28563531191151076,0.28563924528092177,0.2856335250010431,0.2856314930642219,0.2856166073706164,0.2856141988277387,0.28561631962303874,0.2856199580767785,0.285602976293669,0.2856069538367572,0.2856039739277293,0.28560198795715075,0.28558709957114625,0.285584698632938,0.2855885257672681,0.2855910978855232,0.2856648211516525,0.2856397228774172,0.28562951688721183,0.2856608273680685,0.28564207947100345,0.28562573827043797,0.2855742460782623,0.2855758130925862,0.2856282475539302,0.2856269093391829,0.2856280494231971,0.28557951588827385,0.2856621801601761,0.285620575145404,0.28557903145010854,0.2856287041875834,0.2856614485498889,0.2856201265816923,0.28563617972879474
0.2856562067697614,0.2856534058797982,0.28564064670438877,0.2856372037878428,0.2856350033406848,0.28563877515257674,0.28562185722460715,0.2856257959555618,0.2856200299915476,0.28561799527729087,0.2856030892760834,0.28560067744133344,0.28560278031642367,0.28560642375075285,0.2855894187612625,0.285593401748671,0.2855903968618458,0.28558840816878234,0.28557349941275356,0.28557109518354135,0.28557490657774803,0.2855774822271698,0.2856514469936875,0.28562626320779283,0.2856159992406456,0.28564744747947846,0.28562862310145887,0.2856122154432141,0.28556051645600405,0.28556214240140687,0.2856147782736331,0.28561336845697105,0.28561451158579926,0.28556583858846907,0.28564884630970494,0.285607035922037,0.2855653016989595,0.28561521451415695,0.28564805221895606,0.28560653371544364,0.28562271188135224
0.28563714108828053,0.2856343347763348,0.28562155095706127,0.2856181013763393,0.2856158471153001,0.28561962624683024,0.28560267554355356,0.2856066219174591,0.28560080600354,0.28559876733313744,0.28558383240620877,0.28558141588255787,0.28558350151156275,0.28558715203713386,0.285570114007145,0.2855741047460418,0.2855710725729674,0.2855690800053585,0.2855541422596006,0.2855517333467471,0.2855555306165261,0.2855581112892318,0.28563264708588376,0.2856070497627235,0.28559681743187154,0.28562863976949293,0.28560941429440034,0.28559302628898386,0.2855410191050172,0.2855427064718179,0.2855947456694798,0.28559326134367513,0.2855954132711058,0.28554639759883105,0.2856299415095492,0.2855868995226772,0.28554580683442055,0.28559616584453157,0.2856290831019481,0.28558634242083974,0.285603461181868
0.2856068990763271,0.2856040841652793,0.28559126126199313,0.285587801112092,0.28558548967543457,0.2855892804049149,0.2855722777696627,0.2855762362538015,0.2855703630621531,0.28556831812775313,0.28555333740146477,0.28555091345360645,0.28555298379728133,0.2855566455464023,0.2855395552225227,0.28554355822995797,0.28554049489249683,0.2855384961949276,0.2855235125846429,0.2855210962617545,0.2855248832123799,0.28552747182935445,0.28560206807505384,0.2855766835804912,0.2855662765690212,0.2855980482507993,0.2855790553924175,0.2855624737384348,0.2855102313208368,0.2855119835302088,0.2855651536102622,0.2855635913680064,0.2855647441610087,0.2855156735270638,0.28559954535265036,0.28555724857287434,0.2855150274707491,0.2855655483122298,0.28559862026382254,0.28555663508964385,0.2855731074355648,0.28559324894663035
0.28557949524139564,0.28557667253958974,0.28556375420285035,0.28556028445637477,0.28555794712495064,0.2855617483751614,0.28554469863184007,0.2855486681014057,0.28554273801713137,0.2855406873995263,0.2855256651208116,0.2855232344371152,0.2855252880729879,0.28552896000605715,0.28551182223256205,0.2855158363721344,0.28551274191495657,0.28551073765466084,0.28549571242436794,0.28549328937713403,0.28549706411832576,0.28549965994518134,0.2855749246125946,0.2855490479942633,0.2855386898357439,0.28557089371703054,0.28555142642160053,0.28553487644999226,0.28548227331861503,0.28548409143949344,0.2855367124949985,0.28553507050572685,0.2855376903433817,0.2854877778061085,0.2855725230007754,0.28552869353801874,0.2854870744215687,0.28553854686125113,0.28557152991951024,0.28552802272152966,0.2855454032640277,0.28556641544482086,0.2855458295054961
0.2855617975141322,0.2855589697816324,0.2855460886041799,0.2855426126954112,0.2855401525813874,0.28554396062786375,0.285526828198593,0.2855308047854203,0.2855248748113293,0.28552282051928324,0.28550764416104135,0.2855052090913738,0.2855073706541762,0.28551104917473985,0.28549407222797507,0.28549809349151434,0.28549477894221875,0.2854927710819637,0.28547749081059226,0.2854750633564872,0.28547904983086975,0.2854816503258587,0.28555692192443094,0.2855312498943406,0.28552073265821687,0.2855528836917178,0.2855336325818666,0.2855169124016583,0.2854641274226201,0.2854660109798876,0.2855197513054485,0.28551802970273527,0.2855191205410756,0.2854696944808297,0.2855547065240672,0.2855116425207397,0.28546893342647317,0.2855200308023316,0.28555364518428233,0.28551091429209213,0.2855276158978516,0.28554806826928514,0.2855281080186109
0.28554037926665715,0.28553754544658577,0.28552457634088935,0.2855210929288648,0.28551862798067734,0.28552244424708373,0.2855053272673555,0.2855093124163665,0.28550327473947223,0.28550121600483536,0.2854861343796683,0.28548369407552643,0.28548570917300303,0.28548939565666565,0.2854721900889946,0.2854762201339028,0.28547306653016635,0.28547105431903885,0.285455969601833,0.28545353694346687,0.28545727953776695,0.28545988567353786,0.2855354815874243,0.28550968863525006,0.28549910455858085,0.2855314346371334,0.2855120764770017,0.2854952760280326,0.28544222666240654,0.2854441781448142,0.28549813907889976,0.28549633492768056,0.2854979004477361,0.28544784971823495,0.28553309839644336,0.2854899838630601,0.2854470291821418,0.2854988660025561,0.28553196630763694,0.2854891966735451,0.2855060366180959,0.2855266116606813,0.2855065954954205
0.2855154848149623,0.28551264392027,0.2854997029211749,0.2854962108347496,0.28549361818284347,0.2854974439988098,0.2854802842604983,0.2854842793808588,0.2854781829850923,0.2854761190904277,0.2854609997389533,0.28545855331906156,0.2854605492110844,0.2854642449426599,0.2854469962875413,0.2854510364413898,0.28544785053908756,0.2854458332757197,0.28543071075889004,0.2854282719932749,0.28543199945471937,0.2854346121397617,0.28551081964064434,0.2854846091677167,0.28547405124300684,0.28550676267473635,0.28548700300054203,0.28547021313003024,0.28541680279130144,0.2854188247210078,0.2854722298589075,0.2854703402173225,0.2854724841829118,0.28542248987508567,0.2855085494866669,0.2854639574238008,0.28542160796303223,0.2854735067631562,0.2855073448236863,0.2854631096256407,0.28548091038067913,0.2855022336481875,0.2854815364366899,0.28550178117611397
0.28549216323733206,0.28548931571595243,0.2854763445992826,0.28547284436799847,0.28547018417009706,0.28547401893265356,0.28545681913590193,0.2854608235980061,0.28545466947092807,0.28545260074149037,0.2854374460420633,0.2854349938919229,0.28543697028271914,0.2854406746798251,0.28542357851742883,0.2854276280662376,0.285424217603304,0.2854221956055609,0.2854068079550418,0.2854043634108921,0.2854083049507246,0.2854109237733744,0.2854871816580178,0.2854611655552799,0.2854504400489798,0.28548311509676405,0.28546356498546505,0.2854465929111335,0.28539296164909245,0.28539505377426794,0.28544958476619087,0.2854476100392699,0.28544873433427786,0.2853987169941091,0.28548510103787933,0.28544125244830443,0.2853977742701401,0.2854498145821709,0.28548382219081686,0.28544034464619006,0.2854574743841642,0.2854782406689493,0.28545817048361183,0.28547772210194017
0.28546824107376656,0.28546538675599753,0.285452384750798,0.2854488761660786,0.2854461470442165,0.2854499909823301,0.28543275010226865,0.2854367641451907,0.28543055106472925,0.28542847737684235,0.2854132864255707,0.28541082839860205,0.2854127848710554,0.2854164981553238,0.28539936104959407,0.2854034203128223,0.28539997688402213,0.2853979500308352,0.2853825255021863,0.28538007508855845,0.2853840011698545,0.28538662628703865,0.2854635175446193,0.28543705857649176,0.28542636050260983,0.28545944138159207,0.2854394637610835,0.2854225041611034,0.2853685128121559,0.2853706766033163,0.28542464615663754,0.2854225842745992,0.2854247278628966,0.28537433266188783,0.28546112303148025,0.28541619583599565,0.2853733278624276,0.2854258670088662,0.2854597684637584,0.28541522706880745,0.2854333198501135,0.2854548900008602,0.2854340870756817,0.2854543058318262
0.28544471831144486,0.2854418573116975,0.2854287641000287,0.2854252472812941,0.2854225105280873,0.28542636348756073,0.28540902934374135,0.2854130528275124,0.28540683429682,0.28540475573374785,0.28538940042254807,0.28538693658613457,0.2853890021997508,0.2853927242219495,0.285375353076749,0.28537942196898525,0.2853761398097538,0.28537410818265435,0.28535887820186806,0.2853564220731032,0.28536010206873014,0.2853627333747531,0.28543967623765276,0.2854134119809462,0.2854025453397412,0.28543559040552624,0.2854158228072824,0.28539867989851875,0.2853444749912222,0.28534670975148263,0.28540184071405056,0.2853996921688953,0.28540121373376687,0.2853503543679157,0.2854376900278969,0.28539329076876546,0.28534928904764106,0.28540241210459794,0.2854362588776906,0.2853922614014645,0.2854096804118568,0.285430691943397,0.2854105186234187,0.2854300396094481
0.28541230402696594,0.285409433821002,0.2853963596077007,0.2853928314948336,0.2853899250752505,0.2853937904695572,0.28537645352123664,0.2853804899680046,0.2853741171015295,0.2853720318142812,0.2853567560599091,0.28535428428521425,0.28535616583909335,0.28535989992359023,0.28534266699209543,0.28534674899171525,0.28534323724016414,0.28534119902469013,0.2853256881983587,0.28532322404950466,0.2853271227920126,0.28532976263681076,0.2854075165651971,0.28538074842090894,0.28536986345261867,0.28540341769374594,0.28538316703923305,0.28536598552582226,0.28531133111425816,0.2853136399260153,0.28536825605597055,0.2853660172220602,0.28536819669213315,0.2853172861116375,0.2854052143295829,0.2853596182337457,0.28531615836657137,0.2853694565576875,0.28540370383524244,0.2853585262550369,0.28537696548895874,0.2853988399467306,0.28537787644421647,0.2853981182593652,0.28535124602190043
0.2853855035531925,0.28538262573676754,0.2853695169363401,0.2853659794694782,0.2853629961280635,0.28536687179682996,0.2853494888461346,0.2853535360211452,0.28534709596660807,0.28534500512684663,0.2853296887786062,0.2853272104230005,0.2853290668415749,0.2853328108790055,0.2853155320954118,0.28531962497441365,0.2853160785692895,0.28531403491656193,0.2852984827944073,0.28529601207277094,0.28529989576914294,0.28530254266212207,0.2853803936611561,0.2853538058980159,0.2853427414249271,0.285376283794226,0.28535623094290014,0.28533885313844654,0.28528395094712583,0.28528633379115653,0.28534211187006897,0.28533978268317917,0.2853409358135035,0.28528997345695684,0.2853784228522462,0.2853334078788464,0.285288781305793,0.2853422577062522,0.2853768322902025,0.28533225297257403,0.28535002837794965,0.2853713554125151,0.28535101272452934,0.2853705638403092,0.2853239551433606
0.08,0.08,0.08,0.08,0.08,0.08,0.08,0.08,0.08,0.08,0.08,0.08,0.08,0.08,0.08,0.08,0.08,0.08,0.08,0.08,0.08,0.08,0.08,0.08,0.08,0.08,0.08,0.08,0.08,0.08,0.08,0.08,0.08,0.08,0.08,0.08,0.08,0.08,0.08,0.08,0.08,0.08,0.08,0.08,0.08,0.08
0.08,0.08,0.08,0.08,0.08,0.08,0.08,0.08,0.08,0.08,0.08,0.08,0.08,0.08,0.08,0.08,0.08,0.08,0.08,0.08,0.08,0.08,0.08,0.08,0.08,0.08,0.08,0.08,0.08,0.08,0.08,0.08,0.08,0.08,0.08,0.08,0.08,0.08,0.08,0.08,0.08,0.08,0.08,0.08,0.08,0.08
0.08,0.08,0.08,0.08,0.08,0.08,0.08,0.08,0.08,0.08,0.08,0.08,0.08,0.08,0.08,0.08,0.08,0.08,0.08,0.08,0.08,0.08,0.08,0.08,0.08,0.08,0.08,0.08,0.08,0.08,0.08,0.08,0.08,0.08,0.08,0.08,0.08,0.08,0.08,0.08,0.08,0.08,0.08,0.08,0.08,0.08
0.08,0.08,0.08,0.08,0.08,0.08,0.08,0.08,0.08,0.08,0.08,0.08,0.08,0.08,0.08,0.08,0.08,0.08,0.08,0.08,0.08,0.08,0.08,0.08,0.08,0.08,0.08,0.08,0.08,0.08,0.08,0.08,0.08,0.08,0.08,0.08,0.08,0.08,0.08,0.08,0.08,0.08,0.08,0.08,0.08,0.08
0.08,0.08,0.08,0.08,0.08,0.08,0.08,0.08,0.08,0.08,0.08,0.08,0.08,0.08,0.08,0.08,0.08,0.08,0.08,0.08,0.08,0.08,0.08,0.08,0.08,0.08,0.08,0.08,0.08,0.08,0.08,0.08,0.08,0.08,0.08,0.08,0.08,0.08,0.08,0.08,0.08,0.08,0.08,0.08,0.08,0.08
0.08,0.08,0.08,0.08,0.08,0.08,0.08,0.08,0.08,0.08,0.08,0.08,0.08,0.08,0.08,0.08,0.08,0.08,0.08,0.08,0.08,0.08,0.08,0.08,0.08,0.08,0.08,0.08,0.08,0.08,0.08,0.08,0.08,0.08,0.08,0.08,0.08,0.08,0.08,0.08,0.08,0.08,0.08,0.08,0.08,0.08
0.08,0.08,0.08,0.08,0.08,0.08,0.08,0.08,0.08,0.08,0.08,0.08,0.08,0.08,0.08,0.08,0.08,0.08,0.08,0.08,0.08,0.08,0.08,0.08,0.08,0.08,0.08,0.08,0.08,0.08,0.08,0.08,0.08,0.08,0.08,0.08,0.08,0.08,0.08,0.08,0.08,0.08,0.08,0.08,0.08,0.08
0.08,0.08,0.08,0.08,0.08,0.08,0.08,0.08,0.08,0.08,0.08,0.08,0.08,0.08,0.08,0.08,0.08,0.08,0.08,0.08,0.08,0.08,0.08,0.08,0.08,0.08,0.08,0.08,0.08,0.08,0.08,0.08,0.08,0.08,0.08,0.08,0.08,0.08,0.08,0.08,0.08,0.08,0.08,0.08,0.08,0.08
0.2853545303191376,0.28535164370883015,0.28533849494351216,0.285334946668123,0.2853318575436513,0.2853357450909755,0.2853183089563059,0.2853223685344984,0.28531583159719204,0.28531373433409435,0.2852983710260151,0.2852958850573932,0.2852976906260738,0.2853014461853787,0.2852839187923754,0.28528802434410955,0.2852846364763489,0.2852825865298644,0.2852672194950104,0.28526474122142553,0.2852683777617739,0.2852710328124651,0.2853496763450133,0.28532258927710236,0.2853115123484632,0.285345554027514,0.2853250217670585,0.2853076121351625,0.28525227484161414,0.28525473450232364,0.2853100161251093,0.28530759256982,0.2853098062226281,0.28525836335119836,0.2853476075413183,0.2853011831458209,0.28525710424245293,0.2853111927353541,0.285345933348069,0.2852999628153797,0.28531875984647265,0.2853409488425334,0.28531982040432846,0.2853400848160421,0.2852926308856635,0.28529321941098
0.285325640896594,0.28532274608549424,0.2853094984939875,0.28530594011759997,0.28530282263854634,0.285306721259954,0.2852891820459885,0.28529325320862736,0.2852866891440524,0.28528458589464545,0.2852690485765206,0.2852665554812035,0.28526845482113317,0.28527222111438705,0.28525483980210553,0.28525895700855125,0.2852553376586292,0.28525328184850435,0.2852376373930181,0.28523515197497523,0.2852390065739012,0.28524166922512856,0.28532046156899643,0.285293538728114,0.2852822673384769,0.2853163274130996,0.2852959781449701,0.2852783559585233,0.2852227397067911,0.2852252749525362,0.2852817941557158,0.2852792778016852,0.2852808790430415,0.2852289021031558,0.28531867019231355,0.28527285287464094,0.2852275765945386,0.2852823290465681,0.28531691420997574,0.2852715686309211,0.28528971361329336,0.2853113685137006,0.28529084867357984,0.2853104343426489,0.2852631757052932,0.2852639011444056
0.2852943218595127,0.285291418159518,0.2852781917295442,0.28527462244930585,0.28527135019965133,0.28527526082267773,0.28525766771016103,0.28526175140452537,0.28525510349684347,0.28525299376042607,0.28523740861636565,0.28523490783248384,0.28523677029362954,0.2852405482177806,0.2852231133248191,0.2852272432447801,0.28522358617349275,0.28522152401002143,0.28520583130263644,0.2852033382044147,0.285207177995734,0.28520984888191364,0.2852893996843757,0.2852619874075909,0.28525071685170206,0.2852852529431222,0.2852644343466188,0.2852467934266169,0.2851907456413912,0.28519335838405496,0.28524936632899245,0.28524675322576515,0.2852489659814403,0.285196978304983,0.2852874297115578,0.28524030029980874,0.28519558351294144,0.28525048211741827,0.28528558829593276,0.28523894979785214,0.28525810961499676,0.2852806189164524,0.28525932185443237,0.2852796117451738,0.28523153993251193,0.28523240507293823
0.2852634625181099,0.2852605500613068,0.2852472838365188,0.2852437037933406,0.28524033716931696,0.28524425961657973,0.2852266672272852,0.2852307632467544,0.2852239770866561,0.2852218609587355,0.28520635973658603,0.2852038514091775,0.28520554530077913,0.2852093346849984,0.2851916497080961,0.2851957922338741,0.2851922943884698,0.28519022596480886,0.285174720699902,0.2851722200908439,0.28517580942904663,0.28517848842963733,0.285258211122651,0.2852309560122131,0.2852194855969283,0.2852540517471494,0.28523341034813526,0.2852155502499409,0.28515921734615846,0.2851619071014186,0.28521909504174364,0.2852163838749748,0.28521760124881146,0.28516551283642066,0.2852564415084729,0.28520998679029214,0.28516404688052965,0.2852191851092504,0.2852545132345734,0.2852085694798384,0.2852270810593952,0.28524906081293355,0.2852283714151484,0.2852479795449803,0.2852000871958161,0.2852010925011896
0.28523579390838705,0.28523287360155863,0.28521950960397435,0.2852159198907651,0.2852125205943134,0.2852164536452586,0.28519875981180454,0.2852028669247031,0.2851960513259006,0.2851939294647054,0.28517825493140153,0.28517573977694854,0.2851775261962142,0.28518132586208117,0.285163790811908,0.2851679444973144,0.2851642123042104,0.28516213826347925,0.28514635535314725,0.28514384789723357,0.28514765539140363,0.2851503416735843,0.2852308025572645,0.28520306272848617,0.2851915962303333,0.28522663208051574,0.28520552371237134,0.2851876502382513,0.2851309010979382,0.28513366509742305,0.28519036451384644,0.2851875538005312,0.28519029070438706,0.2851372624592433,0.28522901993129873,0.28518109251589324,0.2851357232974785,0.2851919426751229,0.2852270040058794,0.28517960770683426,0.28519913537276215,0.28522196952293927,0.28520050598889046,0.2852208138503821,0.2851721150286874,0.2851732613429294
0.2852031386878298,0.28520020911785543,0.285186865124796,0.28518326404794403,0.28517970542274956,0.2851836509805914,0.2851659551228135,0.28517007527349725,0.28516311864715244,0.28516099002596496,0.2851453974725783,0.2851428743380422,0.28514449121146124,0.2851483029973616,0.2851307121148896,0.28513487904845725,0.28513110795933005,0.28512902729816375,0.28511319410919783,0.28511067865025413,0.28511447112349797,0.28511716598669234,0.2851978146165353,0.2851702267568182,0.28515855674603907,0.2851936307811956,0.28517269556515473,0.28515459814516075,0.2850975590639464,0.2851003936745865,0.28515829239791946,0.2851553792828994,0.2851566192770366,0.28510397306395324,0.2851961518400252,0.28514897393787964,0.2851023562149218,0.2851583416111728,0.28519404496236456,0.2851474202579973,0.28516630067686044,0.2851886082319469,0.2851677536866613,0.28518737536912847,0.28513899840239104,0.28514028682269776
0.2851766624635678,0.2851737253845322,0.2851602848124214,0.2851566744845102,0.285153081284609,0.2851570369879573,0.2851392414274276,0.28514337219323577,0.2851363854265625,0.28513425131889947,0.2851186186576499,0.2851160890205027,0.2851176664167312,0.28512148804249,0.2851038518320554,0.2851080295213663,0.2851042219852419,0.28510213594819234,0.2850862619327505,0.285083739975242,0.2850875153654241,0.28509021720564826,0.2851713032280207,0.28514355658769575,0.28513178870125244,0.28516710865805306,0.2851460317506214,0.2851278198846995,0.28507047217212866,0.2850733655176713,0.2851316290058856,0.28512861270856854,0.2851302787797843,0.28507691117981043,0.28516977781583974,0.2851221659651627,0.28507521008522685,0.28513207159758225,0.28516757975612983,0.2851205394896147,0.28513960567153573,0.2851620718756002,0.28514114182857003,0.2851607612585773,0.2851120784714566,0.285113512763947
0.28514443843865284,0.28514149222198715,0.28512800993230464,0.2851243883733517,0.28512069584485145,0.2851246638869693,0.2851068129165179,0.28511095656606134,0.285103881637033,0.2851017408597718,0.2850859268727845,0.2850833892986033,0.28508506126041844,0.28508889484427286,0.28507100395686114,0.28507519479721005,0.28507154925558653,0.2850694566867419,0.2850537707960256,0.2850512409999965,0.28505476460839224,0.28505747493556177,0.2851390406629745,0.2851111193941723,0.2850992469200054,0.28513483303219544,0.28511360228434707,0.2850952656863376,0.2850376122018725,0.285040550281187,0.28509915377885486,0.28509603024344016,0.28509770898733156,0.28504403966845404,0.28513757117821303,0.28508957827762893,0.28504224406507855,0.285099574739276,0.2851352789858534,0.2850878758459587,0.2851071409650206,0.2851297790664724,0.2851087628383874,0.28512838853096434,0.28507937180350645,0.2850809568462895
0.2851083724089129,0.28510541596723205,0.2850919498638387,0.28508831575922194,0.2850844583947168,0.28508844024039437,0.2850705819223731,0.2850747399634274,0.2850675188548282,0.28506537061765336,0.285049634667097,0.28504708828356595,0.28504859001440297,0.2850524369715126,0.2850346840723992,0.28503888945085587,0.28503500671713555,0.2850329068443649,0.28501692775715315,0.28501438907453597,0.2850181390933751,0.28502085891248724,0.2851032321187256,0.28507479535709207,0.28506291498417174,0.2850990099945571,0.28507728689871953,0.28505891988964255,0.285000887176743,0.28500385569911263,0.2850619022389632,0.2850586671190017,0.28506100062077405,0.28500728163214306,0.2851015378139555,0.28505221886849647,0.2850053820710705,0.2850629415228445,0.28509914881789544,0.2850504378762918,0.28507075907408724,0.2850942839553758,0.28507246915949014,0.2850928115045164,0.2850426361466483,0.2850443844459265
0.2850721190202776,0.2850691523026756,0.28505557641872925,0.2850519296621483,0.2850480327033081,0.285052028421253,0.28503405316865565,0.28503822571635645,0.2850309675857626,0.28502881185163254,0.28501288760251847,0.28501033230116724,0.2850119306023743,0.28501579099881186,0.2849977752050373,0.2850019953541414,0.2849982771004103,0.28499616988792303,0.28498037445475766,0.2849778269573642,0.2849813275382979,0.2849840568932235,0.28506663876424565,0.2850383440130045,0.28502625149383803,0.28506240183225756,0.2850408442345761,0.2850222424148555,0.2849640036787498,0.28496699241303386,0.28502629630934573,0.28502294762606123,0.2850246514878998,0.28497033435687935,0.28506528329663106,0.2850164819622136,0.2849683263298499,0.28502666911254293,0.285062795640363,0.28501462095594576,0.28503430598243945,0.28505730916743505,0.2850361060840048,0.2850557531805831,0.2850060141856076,0.285007931289934
0.28504090314137853,0.28503792757749885,0.2850243113079775,0.2850206536784805,0.2850166561516523,0.2850206638165528,0.2850026349154149,0.2850068199377095,0.28499947419131627,0.28499731199894984,0.2849813401406088,0.28497877718484005,0.28498033935823325,0.2849842113336575,0.2849663431905116,0.28497057591591013,0.2849666239408311,0.28496451040434817,0.2849484275543095,0.28494587235453905,0.2849496023483373,0.2849523399192654,0.28503568399452434,0.28500688418624165,0.2849947904114303,0.28503143453854174,0.2850093918978989,0.2849907693338314,0.2849322138681173,0.2849352159842161,0.2849939451644008,0.2849904816751994,0.2849933118118762,0.2849384821722667,0.2850342374915931,0.2849839904225351,0.28493636811291223,0.28499540677278146,0.2850316505153345,0.28498204831512336,0.2850027890436622,0.28502667406107246,0.2850046796119429,0.2850250344084163,0.2849741525400454,0.28497624221776946
0.2850074400156177,0.2850044549704393,0.2849908588926818,0.28498718963184144,0.28498302814169457,0.28498704860834034,0.2849690173903069,0.2849732157578313,0.2849657270543134,0.28496355794288786,0.28494766940268146,0.28494509827890707,0.2849464922348246,0.28495037661365585,0.2849322491005118,0.28493649546466926,0.2849327147723152,0.2849305944624312,0.28491470105617034,0.28491213772655327,0.2849156203184783,0.28491836668509374,0.2850018796020337,0.284973232417974,0.28496093069486805,0.2849976164719229,0.284975748139959,0.28495689670630453,0.2848981781347529,0.2849011917683192,0.28496107828373535,0.284957497658226,0.2849587967818062,0.2849043815751684,0.2850004041184172,0.28495106506843265,0.28490216990751377,0.284960971265354,0.28499771513761135,0.28494904001744487,0.2849691359332469,0.2849924881255059,0.28497111859197066,0.2849907631298909,0.2849403367763195,0.2849426065336664
0.2849686676808234,0.28496567165241976,0.28495196195908784,0.284948279176771,0.28494405454263555,0.28494808984281766,0.28492999221891846,0.2849342060750093,0.2849266018570397,0.2849244247256512,0.2849084775615121,0.2849058969324617,0.2849072340736313,0.28491113283563346,0.28489293832121587,0.2848972004075421,0.28489336503728707,0.2848912368658841,0.28487528468041745,0.28487271184887913,0.28487616641310465,0.2848789229871185,0.2849633656211675,0.2849341674409863,0.28492183371029556,0.28495908691535243,0.2849366924597144,0.2849177848168883,0.2848586583073316,0.28486168391635036,0.28492109344054045,0.2849173912322428,0.28492030040858124,0.2848647951699069,0.2849620390792068,0.28491092243138694,0.28486250308471034,0.28492255687485224,0.2849592448214989,0.2849088110191312,0.2849300098774099,0.28495428911391835,0.2849320871633677,0.28495247683735003,0.28490079394734363,0.2849032514411649,0.2848489194025626
0.28493301028451773,0.28493000415751263,0.2849162483635411,0.284912553169109,0.2849082278528362,0.2849122767857881,0.28489406257219974,0.28489829068510075,0.2848906541244567,0.2848884696260774,0.28487233333523426,0.28486974394202097,0.28487118522985083,0.28487509719625065,0.28485704484467517,0.28486132128321845,0.2848572556367469,0.28485512024959525,0.28483887154973636,0.2848362899393779,0.28483998497108204,0.28484275090548644,0.2849273628535087,0.2848982828174411,0.28488577071899474,0.2849230695902544,0.2849008163747605,0.28488170807822205,0.2848224119057931,0.28482544809837884,0.28488610510898593,0.2848822815941446,0.2848842651558555,0.2848285288548227,0.2849262500301415,0.28487579712636035,0.2848261809478907,0.28488660486430084,0.28492334907649824,0.2848735980292714,0.28489409343846683,0.28491790005472206,0.28489626685619046,0.2849159995708888,0.28486476816129347,0.28486741863435455,0.28481274747624874
0.2849023770993232,0.28489936229834667,0.2848856310162755,0.28488192518301303,0.2848774378582074,0.2848814985050413,0.2848632874127884,0.2848675277347831,0.2848597534524209,0.28485756262263756,0.2848415153286524,0.2848389184642569,0.28484019518905057,0.28484411850458136,0.28482580961422155,0.2848300985398563,0.2848262147419192,0.2848240731521178,0.28480802070159467,0.2848054316540154,0.2848088833584678,0.2848116573369125,0.2848969926700544,0.2848674697464292,0.2848549014088762,0.2848926871275356,0.28487001063534534,0.2848508269997554,0.2847912644004183,0.2847943095382207,0.28485430100536685,0.2848503574917902,0.2848525768919811,0.28479736531911165,0.28489554762745306,0.284843882056561,0.2847949836439828,0.2848550011008883,0.28489253896899225,0.2848415935294933,0.28486327794431565,0.28488785370343916,0.284865552998914,0.28488586029667695,0.2848334894348346,0.28483633628693056,0.28478138155100446
0.2848639666003861,0.2848609409254845,0.28484709589639323,0.2848433766758159,0.28483883590939235,0.2848429112390859,0.28482457849552495,0.2848288341709065,0.28482101062075227,0.284818811854393,0.28480270654833106,0.28480010027751107,0.284801328926579,0.28480526647269616,0.28478709629807675,0.28479140069713266,0.2847872603794227,0.2847851110150107,0.2847687562327071,0.2847661577283734,0.2847698284598666,0.28477261251749764,0.2848582324425664,0.2848287753437627,0.2848160434993773,0.284853911237676,0.2848313254330965,0.2848119542935129,0.2847521403640751,0.2847551965664284,0.2848165154002551,0.28481246112254366,0.2848144551430645,0.2847582230539957,0.2848572468467879,0.2848059658900009,0.2847558211313334,0.28481696332159023,0.28485412872031884,0.28480359257471083,0.28482452063032365,0.2848487019704305,0.2848268958957073,0.28484661435848413,0.2847946770861574,0.2847976626998566,0.284742267961034,0.284741903656819
0.08,0.08,0.08,0.08,0.08,0.08,0.08,0.08,0.08,0.08,0.08,0.08,0.08,0.08,0.08,0.08,0.08,0.08,0.08,0.08,0.08,0.08,0.08,0.08,0.08,0.08,0.08,0.08,0.08,0.08,0.08,0.08,0.08,0.08,0.08,0.08,0.08,0.08,0.08,0.08,0.08,0.08,0.08,0.08,0.08,0.08,0.08,0.08
0.08,0.08,0.08,0.08,0.08,0.08,0.08,0.08,0.08,0.08,0.08,0.08,0.08,0.08,0.08,0.08,0.08,0.08,0.08,0.08,0.08,0.08,0.08,0.08,0.08,0.08,0.08,0.08,0.08,0.08,0.08,0.08,0.08,0.08,0.08,0.08,0.08,0.08,0.08,0.08,0.08,0.08,0.08,0.08,0.08,0.08,0.08,0.08
0.08,0.08,0.08,0.08,0.08,0.08,0.08,0.08,0.08,0.08,0.08,0.08,0.08,0.08,0.08,0.08,0.08,0.08,0.08,0.08,0.08,0.08,0.08,0.08,0.08,0.08,0.08,0.08,0.08,0.08,0.08,0.08,0.08,0.08,0.08,0.08,0.08,0.08,0.08,0.08,0.08,0.08,0.08,0.08,0.08,0.08,0.08,0.08
0.08,0.08,0.08,0.08,0.08,0.08,0.08,0.08,0.08,0.08,0.08,0.08,0.08,0.08,0.08,0.08,0.08,0.08,0.08,0.08,0.08,0.08,0.08,0.08,0.08,0.08,0.08,0.08,0.08,0.08,0.08,0.08,0.08,0.08,0.08,0.08,0.08,0.08,0.08,0.08,0.08,0.08,0.08,0.08,0.08,0.08,0.08,0.08
0.08,0.08,0.08,0.08,0.08,0.08,0.08,0.08,0.08,0.08,0.08,0.08,0.08,0.08,0.08,0.08,0.08,0.08,0.08,0.08,0.08,0.08,0.08,0.08,0.08,0.08,0.08,0.08,0.08,0.08,0.08,0.08,0.08,0.08,0.08,0.08,0.08,0.08,0.08,0.08,0.08,0.08,0.08,0.08,0.08,0.08,0.08,0.08
0.08,0.08,0.08,0.08,0.08,0.08,0.08,0.08,0.08,0.08,0.08,0.08,0.08,0.08,0.08,0.08,0.08,0.08,0.08,0.08,0.08,0.08,0.08,0.08,0.08,0.08,0.08,0.08,0.08,0.08,0.08,0.08,0.08,0.08,0.08,0.08,0.08,0.08,0.08,0.08,0.08,0.08,0.08,0.08,0.08,0.08,0.08,0.08
0.08,0.08,0.08,0.08,0.08,0.08,0.08,0.08,0.08,0.08,0.08,0.08,0.08,0.08,0.08,0.08,0.08,0.08,0.08,0.08,0.08,0.08,0.08,0.08,0.08,0.08,0.08,0.08,0.08,0.08,0.08,0.08,0.08,0.08,0.08,0.08,0.08,0.08,0.08,0.08,0.08,0.08,0.08,0.08,0.08,0.08,0.08,0.08
0.08,0.08,0.08,0.08,0.08,0.08,0.08,0.08,0.08,0.08,0.08,0.08,0.08,0.08,0.08,0.08,0.08,0.08,0.08,0.08,0.08,0.08,0.08,0.08,0.08,0.08,0.08,0.08,0.08,0.08,0.08,0.08,0.08,0.08,0.08,0.08,0.08,0.08,0.08,0.08,0.08,0.08,0.08,0.08,0.08,0.08,0.08,0.08
0.2848334984185902,0.28483046411998686,0.2848166442480277,0.284812914450556,0.2848082163436153,0.28481230331753987,0.2847939743704965,0.2847982421820957,0.284790285880747,0.2847880808216436,0.2847717929699415,0.2847691792078855,0.28477051821246857,0.2847744670373496,0.28475603932130017,0.28476035613101264,0.284756395731959,0.28475424020878637,0.284738083539531,0.284735477649295,0.2847389000740825,0.28474169211198747,0.2848280284876215,0.28479813289720474,0.2847853528263623,0.28482369507983707,0.28480069027119714,0.2847812519357439,0.2847211666213875,0.28472423158655746,0.2847848711541551,0.284780713705949,0.2847829316266009,0.2847272431061104,0.2848267097554968,0.28477422298277416,0.28472482769790297,0.28478552481833497,0.2848234807369869,0.2847717612545225,0.28479387553419305,0.28481882381534346,0.2847963526938293,0.2848166404973177,0.284763607680696,0.28476673659117036,0.28471105914421674,0.2847106090169485
0.28480021438016534,0.28479717066265364,0.28478324327238036,0.28477950187582285,0.2847747763812025,0.28477887606948904,0.28476043395031714,0.2847647150599921,0.2847567379669246,0.28475452603818097,0.28473832452409253,0.2847357026532427,0.28473687945292536,0.28474084058945487,0.2847225617571932,0.28472689194227585,0.28472269958884117,0.2847205373432044,0.2847040847501211,0.2847014706746495,0.28470513584746776,0.2847079365956497,0.28479439488044683,0.2847646043139549,0.28475169313229265,0.2847900478863136,0.2847671696568934,0.28474757941639184,0.28468734189846195,0.2846904164308383,0.2847522745879472,0.2847480304005073,0.28474998399175494,0.28469342660850244,0.28479353962705506,0.2847415139965431,0.2846910002932301,0.2847526618292421,0.28479020024765944,0.28473896045403985,0.2847602848903657,0.28478480053485933,0.28476286410115575,0.2847825221215182,0.2847300226219575,0.2847332952232353,0.2846772927844743,0.28467675570108336
0.2847663135798918,0.2847632602708605,0.2847493540252357,0.2847456008623958,0.28474071676893103,0.2847448294045722,0.2847263855839277,0.2847306801903461,0.2847225690866495,0.2847203501625233,0.28470396010972726,0.28470132991469327,0.2847026169733817,0.2847065906472967,0.28468804718402624,0.2846923911559988,0.2846883781333822,0.2846862090419212,0.2846699508873353,0.2846673285957819,0.28467074451842117,0.2846735541368501,0.2847604493218289,0.2847304859634375,0.2847174866018873,0.28475608861394747,0.2847330594167866,0.28471335983716983,0.28465289960156126,0.2846559838752958,0.2847180626869998,0.28471375176617236,0.2847151910709181,0.2846589825738783,0.28475941601407795,0.2847072519964706,0.2846565467672487,0.2847179567698469,0.28475596163221106,0.28470459783505736,0.28472613215758275,0.2847508207900405,0.28472881823415613,0.2847484430078961,0.2846956517989717,0.28469907536353983,0.2846426045387671,0.28464197454344603
0.28473567900885893,0.2847326170340893,0.2847186063051378,0.2847148424688081,0.2847099315842466,0.2847140559202429,0.2846955031296209,0.2846998099754447,0.28469168127168537,0.28468945602513757,0.2846731571693951,0.28467051951433564,0.284671640788525,0.28467562579509137,0.2846572370196186,0.28466159329634894,0.2846573467979034,0.28465517151808056,0.28463861995514617,0.2846359901236564,0.28463964817406345,0.2846424658113247,0.2847297711035621,0.2846996444541874,0.28468656465280295,0.28472539800143587,0.2847022252405215,0.2846824260853891,0.28462174711241195,0.2846248401952635,0.28468720311667994,0.28468284910214275,0.2846847132999035,0.284627837195504,0.2847290508091228,0.2846762759559804,0.2846253935057643,0.2846875665451027,0.28472548058924346,0.28467351595158424,0.2846952566913095,0.2847201109747208,0.28469805204994897,0.2847176320785317,0.284664567608424,0.2846681436744401,0.28461150565958604,0.28461077990538286
0.2847018274629091,0.2846987559142451,0.28468476679944504,0.28468099121863794,0.2846759226843037,0.2846800599433741,0.28466150589939293,0.28466582621646735,0.2846575656491584,0.28465533342084615,0.28463884530340317,0.2846361993401238,0.2846374304339707,0.28464142795397385,0.28462298154371257,0.28462735149850726,0.2846230766469663,0.2846208945342217,0.2846042910892061,0.2846016529979353,0.2846053073446421,0.28460813383566064,0.28469587358540643,0.2846655757414137,0.2846524151039442,0.28469148679002093,0.2846681646278517,0.28464826351210437,0.28458735013484576,0.28459045294096075,0.28465302400906667,0.2846486409257278,0.2846499655490123,0.2845934436903963,0.28469497501171004,0.2846420684994565,0.28459099184647385,0.28465290673035404,0.2846912864070757,0.2846391994740208,0.28466115179843626,0.2846861786490891,0.2846640605896868,0.2846835953197683,0.2846302468913853,0.2846339767894112,0.28457700664093305,0.28457618223651693
0.2846740321043793,0.28467095269608034,0.28465686239070226,0.2846530771270641,0.28464798572261335,0.2846521335955122,0.284633532040943,0.28463786344048214,0.2846295336304422,0.28462729566644074,0.28461090385932164,0.284608251131606,0.28460931475573137,0.28461332255795013,0.2845946201287054,0.28459900140597266,0.28459490864740317,0.28459272091945675,0.2845763233757336,0.2845736785564771,0.2845770780715058,0.2845799118392377,0.2846680350773624,0.2846375846393159,0.2846243536412199,0.2846636370346524,0.2846401801832511,0.28462019135080463,0.284559080051021,0.2845621908460421,0.28462496862159625,0.2846205672142366,0.2846223497424617,0.28456516802926385,0.2846674507093288,0.2846139555296373,0.28456270963267905,0.2846253733636182,0.284663645990642,0.2846109820269285,0.2846331259243563,0.28465831036070727,0.28463615038495294,0.28465562124580274,0.2846020269681263,0.28460590521829227,0.28454848643496067,0.2845475611688978
0.28464367515795164,0.2846405871671745,0.28462645768732797,0.28462266187509583,0.2846174823748267,0.28462164183455363,0.2846029884144684,0.28460733191242665,0.2845989318366594,0.28459668761225954,0.28458025004893633,0.2845775899014389,0.2845786237882985,0.28458264281257184,0.284563888113272,0.2845682816572375,0.28456416121306743,0.2845619673567977,0.28454552397816624,0.28454287175102805,0.2845462644005372,0.2845491061097664,0.28463763323605945,0.28460702506903957,0.2845937228858224,0.28463322290859094,0.28460962788452016,0.2845895489258665,0.2845282160317409,0.2845313355490836,0.28459434162517866,0.2845899247879986,0.2845916520221567,0.2845343044574197,0.2846368664305771,0.28458327250643706,0.2845318390449741,0.2845947506053277,0.28463294679768286,0.28458020047735383,0.2846025287210959,0.28462787600116335,0.2846056769052149,0.28462507657404307,0.2845710703301795,0.28457509802528574,0.28451751629915306,0.28451648526902756
0.2846117629795453,0.2846086659682766,0.284594495315221,0.28459068841604535,0.28458542374058404,0.2845895953756449,0.2845708874563126,0.28457524366717324,0.2845667743419995,0.28456452354017653,0.28454803790414,0.28454536996113106,0.2845463747233357,0.28455040553715755,0.2845315959251024,0.2845360023560809,0.2845318530519943,0.28452965275754427,0.28451316122710696,0.28451050121754096,0.28451388687952844,0.28451673693172236,0.28460598782599694,0.2845749424493984,0.2845616120190197,0.28460156470486475,0.28457755290415,0.2845574258292406,0.28449578561925354,0.2844989142989347,0.284561240181445,0.2845568086778063,0.2845591819190159,0.2845018747811453,0.2846051211423437,0.28455008604515114,0.28449940206383023,0.28456234045336354,0.2846010934310529,0.2845469234136699,0.28457043510286717,0.2845965598020222,0.2845737174700183,0.2845936426144727,0.28453828559405947,0.28454245462571953,0.28448497492839475,0.28448383450519016
0.28458557818096614,0.28458247376942847,0.2845682693389475,0.28456445334422364,0.2845591120294293,0.28456329365549493,0.2845445410148455,0.28454890765783,0.2845403771881631,0.2845381209880707,0.2845215958978903,0.28451892155689773,0.28451989777773906,0.28452393826924977,0.28450508358139065,0.2845095005909278,0.28450532394615075,0.2845031183660684,0.2844865873042834,0.28448392090548524,0.2844872971756761,0.28449015407823447,0.2845794484479285,0.2845485498323949,0.28453511763798933,0.28457501458123613,0.2845511665797782,0.2845309213558392,0.28446915248617344,0.2844722886894591,0.2845357410442563,0.2845312987035404,0.28453297556918217,0.28447523860748475,0.28457878826324146,0.2845245738655805,0.2844727599097019,0.28453617292478267,0.2845746716529135,0.2845213383758192,0.2845439717729454,0.284569626242157,0.2845473976457955,0.2845665820684722,0.2845121552689688,0.28451644808138515,0.2844582331635283,0.28445698044992174
0.28456519971070365,0.28456208954066614,0.28454785882663963,0.28454403575424253,0.28453862717314965,0.2845428165765749,0.28452402912350244,0.2845284038872276,0.2845198213048863,0.28451756090166663,0.28450100509250714,0.2844983257700054,0.28449927464446434,0.2845033226729527,0.2844844328803623,0.2844888581284701,0.28448465555358704,0.28448244585613697,0.28446588400075284,0.28446321262491403,0.28446657693698685,0.28446943917699025,0.28455903324723075,0.2845280240091572,0.2845145447410275,0.2845545910955037,0.2845306456551109,0.2845103406185152,0.28444839840720326,0.284451540474168,0.2845151695130763,0.28451071864753635,0.2845123976210315,0.2844544775217692,0.2845584041369327,0.28450396922924875,0.2844519941696235,0.2845156168349318,0.28455422755266446,0.28450068013553,0.2845234056529446,0.2845491846997867,0.2845269797067812,0.28454600299543903,0.2844914620344956,0.2844958553009662,0.2844373721928146,0.2844360034281306
0.28452248207657427,0.28451935983776816,0.28450507403896574,0.28450123613306316,0.28449568957758364,0.28449989527976915,0.28448097716111626,0.2844853689660451,0.28447671243260614,0.2844744432164571,0.284457682475679,0.2844549926741953,0.2844560267392828,0.2844600905702276,0.2844413387539069,0.2844457811910812,0.28444133195228205,0.2844391136259547,0.284422235223881,0.2844195533569703,0.2844231638902381,0.2844260373111096,0.2845165840687066,0.28448505856304623,0.28447145100859045,0.284512124749154,0.28448769042659217,0.28446723048997136,0.2844049090718811,0.28440806341871944,0.2844711119182082,0.2844666432180139,0.28446908993764314,0.2844109981402245,0.2845158094872098,0.28445975884233005,0.28440850507046755,0.2844723289138918,0.2845115890840273,0.28445642541404215,0.28448042075210495,0.28450705503551826,0.28448414825288587,0.284503721429837,0.28444767304377655,0.284452151340807,0.2843939020903669,0.2843924093758963,0.2844459605276376,0.28444309016976094
0.2845007784395494,0.2844976500701215,0.28448337909998545,0.28447953367389006,0.2844738849933678,0.28447809897079235,0.2844591436983934,0.28446354414395547,0.2844548386172419,0.284452564930207,0.28443577123747193,0.28443307613707913,0.2844340857669187,0.28443815761336366,0.28441936888157804,0.2844238200802256,0.28441934327157636,0.28441712056656193,0.2844004614298114,0.28439777433055136,0.2844011204969649,0.2844039995939169,0.28449453258010426,0.28446318381504265,0.28444948584756086,0.28449006433173885,0.2844658208841666,0.2844452569687844,0.28438283510914036,0.28438599568521006,0.2844501566761657,0.28444567949853583,0.28444745108408215,0.284388911742058,0.28449417560916473,0.2844387975604422,0.284386413738979,0.28445069937894873,0.28448993439342435,0.2844354390834987,0.28445847837487753,0.2844846080125862,0.2844623392230346,0.2844811302905675,0.28442612569151404,0.28443065666539397,0.2843715621446052,0.2843699490312543,0.2844256045273352,0.2844224092625491
0.28448850107516677,0.2844853692381071,0.28447108248865055,0.28446723280057157,0.2844615346432428,0.28446575330737195,0.28444677699296284,0.2844511823321708,0.2844424372687417,0.28444016104720043,0.28442334867440905,0.28442065057011173,0.28442163597020215,0.28442571236435205,0.28440690268818897,0.284411358857778,0.2844068575689029,0.28440463237782115,0.28438795464847044,0.2843852645440785,0.28438859488498236,0.2843914772068923,0.2844825468067321,0.28445080806679696,0.28443714937226083,0.284478073699194,0.28445344808361284,0.2844329157957785,0.2843702890527277,0.28437345317064794,0.28443680936759697,0.284432326798779,0.2844350560846164,0.2843763528473055,0.28448203443993536,0.284425407722492,0.2843738520376962,0.28443830922146657,0.28447778330204554,0.28442203457458465,0.2844460737627451,0.28447297024380774,0.2844500432840031,0.2844693640402945,0.2844136485233873,0.28441821121994626,0.28435890932051233,0.28435717341627226,0.2844115734511638,0.28440991801579674
0.2844811930324059,0.28447805913137625,0.28446376298994414,0.28445991076508853,0.28445417107318954,0.2844583925314776,0.28443940367210846,0.2844438119288505,0.2844350334850663,0.28443275575047794,0.2844159322261273,0.28441323232856297,0.28441419486939074,0.2844182739814896,0.2843994517878972,0.2844039109283836,0.2843993877881933,0.28439716110986923,0.2843804722578919,0.2843777803557376,0.28438109400802847,0.28438397826106643,0.28447490367515754,0.28444345976144036,0.2844296624405347,0.28447042746391127,0.284446101532354,0.2844254260111733,0.2843627759355104,0.28436594217312344,0.28443033453304367,0.2844258493481062,0.2844274245205087,0.2843688248241809,0.2844745506379412,0.28441894458889716,0.28436632233496834,0.2844306803781068,0.2844702944912428,0.2844155635911533,0.2844387341554247,0.2844649447497056,0.28444278692553543,0.28446122855247813,0.28440619021156366,0.28441077123940406,0.2843512973251384,0.28434944283021235,0.2844057335644862,0.28440244079455695
0.2844228098673136,0.2844196594806944,0.28440528832363215,0.2844014158367477,0.2843954614428822,0.28439970517454743,0.28438061631527767,0.2843850478288595,0.28437607675107074,0.28437378697040144,0.2843570164598771,0.28435430231955144,0.2843550220390476,0.28435912276040304,0.2843399875486652,0.284344470394572,0.2843400664861002,0.28433782799919877,0.28432079653303904,0.28431809029573657,0.28432165687280986,0.28432455642508514,0.28441647678266485,0.2843846548621602,0.2843706365873093,0.2844119770023078,0.2843873105894357,0.2843663777302607,0.28430323637072785,0.284306419402983,0.2843713124218116,0.2843668034928292,0.28436853488137337,0.2843093035050017,0.2844161225803746,0.2843598206706778,0.28430678773851736,0.2843718081239857,0.2844118431879415,0.28435641857769456,0.2843798599417191,0.2844064594280084,0.2843839883888831,0.28440264246416347,0.2843469347204543,0.2843515486156586,0.284291758168971,0.28428977438769165,0.2843464888606362,0.2843437755328136,0.2843834950036023,0.2843459730479263,0.28434442116738456,0.2843340282911376
0.2844021587404807,0.2843990025240073,0.28438462876371706,0.28438074911979644,0.2843747002095749,0.2843789518158038,0.2843598859437958,0.2843643256565562,0.28435522719560213,0.28435293315595683,0.28433598946096883,0.28433327023862875,0.28433409445014074,0.2843382028121826,0.2843190320146108,0.284323523212428,0.28431908474571665,0.2843168420831681,0.2843000336920901,0.2842973224683954,0.2843006212550995,0.28430352622067845,0.28439609171129876,0.2843638333299472,0.2843498392919648,0.28439158369990214,0.2843664940023938,0.28434557253145076,0.2842821719002657,0.2842853608728511,0.2843494615503916,0.28434494383097,0.284347422167528,0.2842882251724328,0.2843953220425302,0.2843379454923823,0.2842857047051066,0.2843507016506484,0.28439103434309965,0.2843345351028848,0.28435898854446956,0.2843863886496527,0.2843631577219047,0.2843825105520525,0.284325534516468,0.28433016190903126,0.2842704214745094,0.2842683119470733,0.284323824269194,0.2843207545265147,0.28436259265538655,0.28432321338182864,0.28432151094793373,0.28431192618429096,0.28437456105937453
0.08,0.08,0.08,0.08,0.08,0.08,0.08,0.08,0.08,0.08,0.08,0.08,0.08,0.08,0.08,0.08,0.08,0.08,0.08,0.08,0.08,0.08,0.08,0.08,0.08,0.08,0.08,0.08,0.08,0.08,0.08,0.08,0.08,0.08,0.08,0.08,0.08,0.08,0.08,0.08,0.08,0.08,0.08,0.08,0.08,0.08,0.08,0.08,0.08,0.08,0.08,0.08,0.08,0.08,0.08,0.08
0.08,0.08,0.08,0.08,0.08,0.08,0.08,0.08,0.08,0.08,0.08,0.08,0.08,0.08,0.08,0.08,0.08,0.08,0.08,0.08,0.08,0.08,0.08,0.08,0.08,0.08,0.08,0.08,0.08,0.08,0.08,0.08,0.08,0.08,0.08,0.08,0.08,0.08,0.08,0.08,0.08,0.08,0.08,0.08,0.08,0.08,0.08,0.08,0.08,0.08,0.08,0.08,0.08,0.08,0.08,0.08
0.08,0.08,0.08,0.08,0.08,0.08,0.08,0.08,0.08,0.08,0.08,0.08,0.08,0.08,0.08,0.08,0.08,0.08,0.08,0.08,0.08,0.08,0.08,0.08,0.08,0.08,0.08,0.08,0.08,0.08,0.08,0.08,0.08,0.08,0.08,0.08,0.08,0.08,0.08,0.08,0.08,0.08,0.08,0.08,0.08,0.08,0.08,0.08,0.08,0.08,0.08,0.08,0.08,0.08,0.08,0.08
0.08,0.08,0.08,0.08,0.08,0.08,0.08,0.08,0.08,0.08,0.08,0.08,0.08,0.08,0.08,0.08,0.08,0.08,0.08,0.08,0.08,0.08,0.08,0.08,0.08,0.08,0.08,0.08,0.08,0.08,0.08,0.08,0.08,0.08,0.08,0.08,0.08,0.08,0.08,0.08,0.08,0.08,0.08,0.08,0.08,0.08,0.08,0.08,0.08,0.08,0.08,0.08,0.08,0.08,0.08,0.08
0.08,0.08,0.08,0.08,0.08,0.08,0.08,0.08,0.08,0.08,0.08,0.08,0.08,0.08,0.08,0.08,0.08,0.08,0.08,0.08,0.08,0.08,0.08,0.08,0.08,0.08,0.08,0.08,0.08,0.08,0.08,0.08,0.08,0.08,0.08,0.08,0.08,0.08,0.08,0.08,0.08,0.08,0.08,0.08,0.08,0.08,0.08,0.08,0.08,0.08,0.08,0.08,0.08,0.08,0.08,0.08
0.08,0.08,0.08,0.08,0.08,0.08,0.08,0.08,0.08,0.08,0.08,0.08,0.08,0.08,0.08,0.08,0.08,0.08,0.08,0.08,0.08,0.08,0.08,0.08,0.08,0.08,0.08,0.08,0.08,0.08,0.08,0.08,0.08,0.08,0.08,0.08,0.08,0.08,0.08,0.08,0.08,0.08,0.08,0.08,0.08,0.08,0.08,0.08,0.08,0.08,0.08,0.08,0.08,0.08,0.08,0.08
0.08,0.08,0.08,0.08,0.08,0.08,0.08,0.08,0.08,0.08,0.08,0.08,0.08,0.08,0.08,0.08,0.08,0.08,0.08,0.08,0.08,0.08,0.08,0.08,0.08,0.08,0.08,0.08,0.08,0.08,0.08,0.08,0.08,0.08,0.08,0.08,0.08,0.08,0.08,0.08,0.08,0.08,0.08,0.08,0.08,0.08,0.08,0.08,0.08,0.08,0.08,0.08,0.08,0.08,0.08,0.08
0.08,0.08,0.08,0.08,0.08,0.08,0.08,0.08,0.08,0.08,0.08,0.08,0.08,0.08,0.08,0.08,0.08,0.08,0.08,0.08,0.08,0.08,0.08,0.08,0.08,0.08,0.08,0.08,0.08,0.08,0.08,0.08,0.08,0.08,0.08,0.08,0.08,0.08,0.08,0.08,0.08,0.08,0.08,0.08,0.08,0.08,0.08,0.08,0.08,0.08,0.08,0.08,0.08,0.08,0.08,0.08
