0,1,1,1,1,1,1,1,1,1,1,1,1,1,1,1,1,1,1,1,1,1,1,1,1,1,1,1,1,1,1,1,1,1,1,1,1,1,1,1,1,1,1,1,1,1,0,2,2,50,50,50,50,2,2,56,56,56,56,2,2,62,62,62,62,2,2,68,68,68,68,2,74,74,74,74,2,80,80
0,1,1,1,1,1,1,1,1,1,1,1,1,1,1,1,1,1,1,1,1,1,1,1,1,1,1,1,1,1,1,1,1,1,1,1,1,1,1,1,1,1,1,1,1,1,0,2,2,50,50,50,50,2,2,56,56,56,56,2,2,62,62,62,62,2,2,68,68,68,68,2,2,74,74,74,74,2,80,80
0,1,1,1,1,1,1,1,1,1,1,1,1,1,1,1,1,1,1,1,1,1,1,1,1,1,1,1,1,1,1,1,1,1,1,1,1,1,1,1,1,1,1,1,1,1,0,2,2,50,50,50,50,2,2,56,56,56,56,2,2,62,62,62,62,2,2,68,68,68,68,2,2,74,74,74,74,2,80,80
0,1,1,1,1,1,1,1,1,1,1,1,1,1,1,1,1,1,1,1,1,1,1,1,1,1,1,1,1,1,1,1,1,1,1,1,1,1,1,1,1,1,1,1,1,1,0,2,2,50,50,50,50,2,2,56,56,56,56,2,2,62,62,62,62,2,2,68,68,68,68,2,2,74,74,74,74,2,80,80
0,1,1,1,1,1,1,1,1,1,1,1,1,1,1,1,1,1,1,1,1,1,1,1,1,1,1,1,1,1,1,1,1,1,1,1,1,1,1,1,1,1,1,1,1,1,0,2,2,50,50,50,50,2,2,56,56,56,56,2,2,62,62,62,62,2,2,68,68,68,68,2,2,74,74,74,74,2,80,80
0,1,1,1,1,1,1,1,1,1,1,1,1,1,1,1,1,1,1,1,1,1,1,1,1,1,1,1,1,1,1,1,1,1,1,1,1,1,1,1,1,1,1,1,1,1,0,2,2,50,50,50,50,2,2,56,56,56,56,2,2,62,62,62,62,2,2,68,68,68,68,2,2,74,74,74,74,2,80,80
0,1,1,1,1,1,1,1,1,1,1,1,1,1,1,1,1,1,1,1,1,1,1,1,1,1,1,1,1,1,1,1,1,1,1,1,1,1,1,1,1,1,1,1,1,1,0,2,2,50,50,50,50,2,2,56,56,56,56,2,2,62,62,62,62,2,2,68,68,68,68,2,2,74,74,74,74,2,80,80
0,1,1,1,1,1,1,1,1,1,1,1,1,1,1,1,1,1,1,1,1,1,1,1,1,1,1,1,1,1,1,1,1,1,1,1,1,1,1,1,1,1,1,1,1,1,0,2,2,50,50,50,50,2,2,56,56,56,56,2,2,62,62,62,62,2,2,68,68,68,68,2,2,74,74,74,74,2,80,80
0,1,1,1,1,1,1,1,1,1,1,1,1,1,1,1,1,1,1,1,1,1,1,1,1,1,1,1,1,1,1,1,1,1,1,1,1,1,1,1,1,1,1,1,1,1,0,2,2,50,50,50,50,2,2,56,56,56,56,2,2,62,62,62,62,2,2,68,68,68,68,2,2,74,74,74,74,2,80,80
0,1,1,1,1,1,1,1,1,1,1,1,1,1,1,1,1,1,1,1,1,1,1,1,1,1,1,1,1,1,1,1,1,1,1,1,1,1,1,1,1,1,1,1,1,1,0,2,2,50,50,50,50,2,2,56,56,56,56,2,2,62,62,62,62,2,2,68,68,68,68,2,2,74,74,74,74,2,80,80
0,1,1,1,1,1,1,1,1,1,1,1,1,1,1,1,1,1,1,1,1,1,1,1,1,1,1,1,1,1,1,1,1,1,1,1,1,1,1,1,1,1,1,1,1,1,0,2,2,50,50,50,50,2,2,56,56,56,56,2,2,62,62,62,62,2,2,68,68,68,68,2,2,74,74,74,74,2,80,80
0,1,1,1,1,1,1,1,1,1,1,1,1,1,1,1,1,1,1,1,1,1,1,1,1,1,1,1,1,1,1,1,1,1,1,1,1,1,1,1,1,1,1,1,1,1,0,2,2,50,50,50,50,2,2,56,56,56,56,2,2,62,62,62,62,2,2,68,68,68,68,2,2,74,74,74,74,2,80,80
0,1,1,1,1,1,1,1,1,1,1,1,1,1,1,1,1,1,1,1,1,1,1,1,1,1,1,1,1,1,1,1,1,1,1,1,1,1,1,1,1,1,1,1,1,1,0,2,2,50,50,50,50,2,2,56,56,56,56,2,2,62,62,62,62,2,2,68,68,68,68,2,2,74,74,74,74,2,80,80
0,1,1,1,1,1,1,1,1,1,1,1,1,1,1,1,1,1,1,1,1,1,1,1,1,1,1,1,1,1,1,1,1,1,1,1,1,1,1,1,1,1,1,1,1,1,0,2,2,50,50,50,50,2,2,56,56,56,56,2,2,62,62,62,62,2,2,68,68,68,68,2,2,74,74,74,74,2,80,80
0,1,1,1,1,1,1,1,1,1,1,1,1,1,1,1,1,1,1,1,1,1,1,1,1,1,1,1,1,1,1,1,1,1,1,1,1,1,1,1,1,1,1,1,1,1,0,2,2,50,50,50,50,2,2,56,56,56,56,2,2,62,62,62,62,2,2,68,68,68,68,2,2,74,74,74,74,2,80,80
0,1,1,1,1,1,1,1,1,1,1,1,1,1,1,1,1,1,1,1,1,1,1,1,1,1,1,1,1,1,1,1,1,1,1,1,1,1,1,1,1,1,1,1,1,1,0,2,2,50,50,50,50,2,2,56,56,56,56,2,2,62,62,62,62,2,2,68,68,68,68,2,2,74,74,74,74,2,80,80
0,1,1,1,1,1,1,1,1,1,1,1,1,1,1,1,1,1,1,1,1,1,1,1,1,1,1,1,1,1,1,1,1,1,1,1,1,1,1,1,1,1,1,1,1,1,0,2,2,50,50,50,50,2,2,56,56,56,56,2,2,62,62,62,62,2,2,68,68,68,68,2,2,74,74,74,74,2,80,80
0,1,1,1,1,1,1,1,1,1,1,1,1,1,1,1,1,1,1,1,1,1,1,1,1,1,1,1,1,1,1,1,1,1,1,1,1,1,1,1,1,1,1,1,1,1,0,2,2,50,50,50,50,2,2,56,56,56,56,2,2,62,62,62,62,2,2,68,68,68,68,2,2,74,74,74,74,2,80,80
0,1,1,1,1,1,1,1,1,1,1,1,1,1,1,1,1,1,1,1,1,1,1,1,1,1,1,1,1,1,1,1,1,1,1,1,1,1,1,1,1,1,1,1,1,1,1,0,2,2,50,50,50,50,2,2,56,56,56,56,2,2,62,62,62,62,2,2,68,68,68,68,2,2,74,74,74,74,2,80,80
0,1,1,1,1,1,1,1,1,1,1,1,1,1,1,1,1,1,1,1,1,1,1,1,1,1,1,1,1,1,1,1,1,1,1,1,1,1,1,1,1,1,1,1,1,1,1,0,2,49,2,50,50,50,50,2,2,56,56,56,56,2,2,62,62,62,62,2,2,68,68,68,68,2,2,74,74,74,74,2,80,80
0,1,1,1,1,1,1,1,1,1,1,1,1,1,1,1,1,1,1,1,1,1,1,1,1,1,1,1,1,1,1,1,1,1,1,1,1,1,1,1,1,1,1,1,1,1,1,0,2,49,2,50,50,50,50,2,2,56,56,56,56,2,2,62,62,62,62,2,2,68,68,68,68,2,2,74,74,74,74,2,80,80
0,1,1,1,1,1,1,1,1,1,1,1,1,1,1,1,1,1,1,1,1,1,1,1,1,1,1,1,1,1,1,1,1,1,1,1,1,1,1,1,1,1,1,1,1,1,1,0,2,49,2,50,50,50,50,2,2,56,56,56,56,2,2,62,62,62,62,2,2,68,68,68,68,2,2,74,74,74,74,2,80,80
0,1,1,1,1,1,1,1,1,1,1,1,1,1,1,1,1,1,1,1,1,1,1,1,1,1,1,1,1,1,1,1,1,1,1,1,1,1,1,1,1,1,1,1,1,1,1,0,2,49,2,50,50,50,50,2,2,56,56,56,56,2,2,62,62,62,62,2,2,68,68,68,68,2,2,74,74,74,74,2,80,80
0,1,1,1,1,1,1,1,1,1,1,1,1,1,1,1,1,1,1,1,1,1,1,1,1,1,1,1,1,1,1,1,1,1,1,1,1,1,1,1,1,1,1,1,1,1,1,0,2,49,2,50,50,50,50,2,2,56,56,56,56,2,2,62,62,62,62,2,2,68,68,68,68,2,2,74,74,74,74,2,80,80
0,1,1,1,1,1,1,1,1,1,1,1,1,1,1,1,1,1,1,1,1,1,1,1,1,1,1,1,1,1,1,1,1,1,1,1,1,1,1,1,1,1,1,1,1,1,1,0,2,49,2,50,50,50,50,2,2,56,56,56,56,2,2,62,62,62,62,2,2,68,68,68,68,2,2,74,74,74,74,2,80,80
0,1,1,1,1,1,1,1,1,1,1,1,1,1,1,1,1,1,1,1,1,1,1,1,1,1,1,1,1,1,1,1,1,1,1,1,1,1,1,1,1,1,1,1,1,1,1,0,2,49,2,50,50,50,50,2,2,56,56,56,56,2,2,62,62,62,62,2,2,68,68,68,68,2,2,74,74,74,74,2,80,80
0,1,1,1,1,1,1,1,1,1,1,1,1,1,1,1,1,1,1,1,1,1,1,1,1,1,1,1,1,1,1,1,1,1,1,1,1,1,1,1,1,1,1,1,1,1,1,0,2,49,2,50,50,50,50,2,55,2,56,56,56,56,2,61,2,62,62,62,62,2,2,68,68,68,68,2,2,74,74,74,74,2,80,80
0,1,1,1,1,1,1,1,1,1,1,1,1,1,1,1,1,1,1,1,1,1,1,1,1,1,1,1,1,1,1,1,1,1,1,1,1,1,1,1,1,1,1,1,1,1,1,0,2,49,2,50,50,50,50,2,55,2,56,56,56,56,2,61,2,62,62,62,62,2,2,68,68,68,68,2,2,74,74,74,74,2,80,80
0,1,1,1,1,1,1,1,1,1,1,1,1,1,1,1,1,1,1,1,1,1,1,1,1,1,1,1,1,1,1,1,1,1,1,1,1,1,1,1,1,1,1,1,1,1,1,0,2,49,86,2,50,50,50,50,2,55,2,56,56,56,56,2,61,2,62,62,62,62,2,2,68,68,68,68,2,2,74,74,74,74,2,80,80
0,1,1,1,1,1,1,1,1,1,1,1,1,1,1,1,1,1,1,1,1,1,1,1,1,1,1,1,1,1,1,1,1,1,1,1,1,1,1,1,1,1,1,1,1,1,1,0,2,49,86,2,50,50,50,50,2,55,88,2,56,56,56,56,2,61,90,2,62,62,62,62,2,2,68,68,68,68,2,2,74,74,74,74,2,80,80
0,1,1,1,1,1,1,1,1,1,1,1,1,1,1,1,1,1,1,1,1,1,1,1,1,1,1,1,1,1,1,1,1,1,1,1,1,1,1,1,1,1,1,1,1,1,1,0,2,49,86,2,50,50,50,50,2,55,88,2,56,56,56,56,2,61,90,2,62,62,62,62,2,2,68,68,68,68,2,2,74,74,74,74,2,80,80
0,1,1,1,1,1,1,1,1,1,1,1,1,1,1,1,1,1,1,1,1,1,1,1,1,1,1,1,1,1,1,1,1,1,1,1,1,1,1,1,1,1,1,1,1,1,1,0,2,49,86,2,50,50,50,50,2,55,88,2,56,56,56,56,2,61,90,2,62,62,62,62,2,2,68,68,68,68,2,2,74,74,74,74,2,80,80
0,1,1,1,1,1,1,1,1,1,1,1,1,1,1,1,1,1,1,1,1,1,1,1,1,1,1,1,1,1,1,1,1,1,1,1,1,1,1,1,1,1,1,1,1,1,1,0,2,49,86,86,2,50,50,50,50,2,55,88,88,2,56,56,56,56,2,61,90,90,2,62,62,62,62,2,2,68,68,68,68,2,2,74,74,74,74,2,80,80
0,1,1,1,1,1,1,1,1,1,1,1,1,1,1,1,1,1,1,1,1,1,1,1,1,1,1,1,1,1,1,1,1,1,1,1,1,1,1,1,1,1,1,1,1,1,1,0,2,49,86,86,2,50,50,50,50,2,55,88,88,2,56,56,56,56,2,61,90,90,2,62,62,62,62,2,2,68,68,68,68,2,2,74,74,74,74,2,2,80,80
0,1,1,1,1,1,1,1,1,1,1,1,1,1,1,1,1,1,1,1,1,1,1,1,1,1,1,1,1,1,1,1,1,1,1,1,1,1,1,1,1,1,1,1,1,1,1,0,2,49,86,86,2,50,50,50,50,2,55,88,88,2,56,56,56,56,2,61,90,90,2,62,62,62,62,2,2,68,68,68,68,2,2,74,74,74,74,2,2,80,80
0,1,1,1,1,1,1,1,1,1,1,1,1,1,1,1,1,1,1,1,1,1,1,1,1,1,1,1,1,1,1,1,1,1,1,1,1,1,1,1,1,1,1,1,1,1,1,0,2,49,86,86,2,50,50,50,50,2,55,88,88,2,56,56,56,56,2,61,90,90,2,62,62,62,62,2,2,68,68,68,68,2,2,74,74,74,74,2,2,80,80
0,1,1,1,1,1,1,1,1,1,1,1,1,1,1,1,1,1,1,1,1,1,1,1,1,1,1,1,1,1,1,1,1,1,1,1,1,1,1,1,1,1,1,1,1,1,1,0,2,49,86,86,2,50,50,50,50,2,55,88,88,2,56,56,56,56,2,61,90,90,2,62,62,62,62,2,2,68,68,68,68,2,2,74,74,74,74,2,2,80,80
0,1,1,1,1,1,1,1,1,1,1,1,1,1,1,1,1,1,1,1,1,1,1,1,1,1,1,1,1,1,1,1,1,1,1,1,1,1,1,1,1,1,1,1,1,1,1,0,2,49,86,86,2,50,50,50,50,2,55,88,88,2,56,56,56,56,2,61,90,90,2,62,62,62,62,2,2,68,68,68,68,2,2,74,74,74,74,2,2,80,80
0,1,1,1,1,1,1,1,1,1,1,1,1,1,1,1,1,1,1,1,1,1,1,1,1,1,1,1,1,1,1,1,1,1,1,1,1,1,1,1,1,1,1,1,1,1,1,0,2,49,86,86,2,50,50,50,50,2,55,88,88,2,56,56,56,56,2,61,90,90,2,62,62,62,62,2,2,68,68,68,68,2,2,74,74,74,74,2,2,80,80
0,1,1,1,1,1,1,1,1,1,1,1,1,1,1,1,1,1,1,1,1,1,1,1,1,1,1,1,1,1,1,1,1,1,1,1,1,1,1,1,1,1,1,1,1,1,1,0,2,49,86,86,2,50,50,50,50,2,55,88,88,2,56,56,56,56,2,61,90,90,2,62,62,62,62,2,2,68,68,68,68,2,2,74,74,74,74,2,2,80,80
0,1,1,1,1,1,1,1,1,1,1,1,1,1,1,1,1,1,1,1,1,1,1,1,1,1,1,1,1,1,1,1,1,1,1,1,1,1,1,1,1,1,1,1,1,1,1,0,2,49,86,86,2,50,50,50,50,2,55,88,88,2,56,56,56,56,2,61,90,90,2,62,62,62,62,2,2,68,68,68,68,2,2,74,74,74,74,2,2,80,80
0,1,1,1,1,1,1,1,1,1,1,1,1,1,1,1,1,1,1,1,1,1,1,1,1,1,1,1,1,1,1,1,1,1,1,1,1,1,1,1,1,1,1,1,1,1,1,0,2,49,86,86,2,50,50,50,50,2,55,88,88,2,56,56,56,56,2,61,90,90,2,62,62,62,62,2,2,68,68,68,68,2,2,74,74,74,74,2,2,80,80
0,1,1,1,1,1,1,1,1,1,1,1,1,1,1,1,1,1,1,1,1,1,1,1,1,1,1,1,1,1,1,1,1,1,1,1,1,1,1,1,1,1,1,1,1,1,1,0,2,49,86,86,2,50,50,50,50,2,55,88,88,2,56,56,56,56,2,61,90,90,2,62,62,62,62,2,2,68,68,68,68,2,2,74,74,74,74,2,2,80,80
0,1,1,1,1,1,1,1,1,1,1,1,1,1,1,1,1,1,1,1,1,1,1,1,1,1,1,1,1,1,1,1,1,1,1,1,1,1,1,1,1,1,1,1,1,1,1,0,2,49,86,86,2,50,50,50,50,2,55,88,88,2,56,56,56,56,2,61,90,90,2,62,62,62,62,2,2,68,68,68,68,2,2,74,74,74,74,2,2,80,80
0,1,1,1,1,1,1,1,1,1,1,1,1,1,1,1,1,1,1,1,1,1,1,1,1,1,1,1,1,1,1,1,1,1,1,1,1,1,1,1,1,1,1,1,1,1,1,0,2,49,86,86,2,50,50,50,50,2,55,88,88,2,56,56,56,56,2,61,90,90,2,62,62,62,62,2,2,68,68,68,68,2,2,74,74,74,74,2,2,80,80
0,1,1,1,1,1,1,1,1,1,1,1,1,1,1,1,1,1,1,1,1,1,1,1,1,1,1,1,1,1,1,1,1,1,1,1,1,1,1,1,1,1,1,1,1,1,1,0,2,49,86,86,2,50,50,50,50,2,55,88,88,2,56,56,56,56,2,61,90,90,2,62,62,62,62,2,2,68,68,68,68,2,2,74,74,74,74,2,2,80,80
0,1,1,1,1,1,1,1,1,1,1,1,1,1,1,1,1,1,1,1,1,1,1,1,1,1,1,1,1,1,1,1,1,1,1,1,1,1,1,1,1,1,1,1,1,1,1,0,2,49,86,86,2,50,50,50,50,2,55,88,88,2,56,56,56,56,2,61,90,90,2,62,62,62,62,2,2,68,68,68,68,2,2,74,74,74,74,2,2,80,80
0,1,1,1,1,1,1,1,1,1,1,1,1,1,1,1,1,1,1,1,1,1,1,1,1,1,1,1,1,1,1,1,1,1,1,1,1,1,1,1,1,1,1,1,1,1,1,0,2,49,86,86,2,50,50,50,50,2,55,88,88,2,56,56,56,56,2,61,90,90,2,62,62,62,62,2,2,68,68,68,68,2,2,74,74,74,74,2,2,80,80
0,1,1,1,1,1,1,1,1,1,1,1,1,1,1,1,1,1,1,1,1,1,1,1,1,1,1,1,1,1,1,1,1,1,1,1,1,1,1,1,1,1,1,1,1,1,1,0,2,49,86,86,2,50,50,50,50,2,55,88,88,2,56,56,56,56,2,61,90,90,2,62,62,62,62,2,2,68,68,68,68,2,2,74,74,74,74,2,2,80,80
0,1,1,1,1,1,1,1,1,1,1,1,1,1,1,1,1,1,1,1,1,1,1,1,1,1,1,1,1,1,1,1,1,1,1,1,1,1,1,1,1,1,1,1,1,1,1,0,2,49,86,86,2,50,50,50,50,2,55,88,88,2,56,56,56,56,2,61,90,90,2,62,62,62,62,2,2,68,68,68,68,2,2,74,74,74,74,2,2,80,80
0,1,1,1,1,1,1,1,1,1,1,1,1,1,1,1,1,1,1,1,1,1,1,1,1,1,1,1,1,1,1,1,1,1,1,1,1,1,1,1,1,1,1,1,1,1,1,0,2,49,86,86,2,50,50,50,50,2,55,88,88,2,56,56,56,56,2,61,90,90,2,62,62,62,62,2,2,68,68,68,68,2,2,74,74,74,74,2,2,80,80
0,1,1,1,1,1,1,1,1,1,1,1,1,1,1,1,1,1,1,1,1,1,1,1,1,1,1,1,1,1,1,1,1,1,1,1,1,1,1,1,1,1,1,1,1,1,1,0,2,49,86,86,2,50,50,50,50,2,55,88,88,2,56,56,56,56,2,61,90,90,2,62,62,62,62,2,2,68,68,68,68,2,2,74,74,74,74,2,2,80,80
0,1,1,1,1,1,1,1,1,1,1,1,1,1,1,1,1,1,1,1,1,1,1,1,1,1,1,1,1,1,1,1,1,1,1,1,1,1,1,1,1,1,1,1,1,1,1,0,2,49,86,86,2,50,50,50,50,2,55,88,88,2,56,56,56,56,2,61,90,90,2,62,62,62,62,2,2,68,68,68,68,2,2,74,74,74,74,2,2,80,80
0,1,1,1,1,1,1,1,1,1,1,1,1,1,1,1,1,1,1,1,1,1,1,1,1,1,1,1,1,1,1,1,1,1,1,1,1,1,1,1,1,1,1,1,1,1,1,0,2,49,86,86,2,50,50,50,50,2,55,88,88,2,56,56,56,56,2,61,90,90,2,62,62,62,62,2,2,68,68,68,68,2,2,74,74,74,74,2,2,80,80
0,1,1,1,1,1,1,1,1,1,1,1,1,1,1,1,1,1,1,1,1,1,1,1,1,1,1,1,1,1,1,1,1,1,1,1,1,1,1,1,1,1,1,1,1,1,1,0,2,49,86,86,2,50,50,50,50,2,55,88,88,2,56,56,56,56,2,61,90,90,2,62,62,62,62,2,2,68,68,68,68,2,2,74,74,74,74,2,2,80,80
0,1,1,1,1,1,1,1,1,1,1,1,1,1,1,1,1,1,1,1,1,1,1,1,1,1,1,1,1,1,1,1,1,1,1,1,1,1,1,1,1,1,1,1,1,1,1,0,2,49,86,86,2,50,50,50,50,2,55,88,88,2,56,56,56,56,2,61,90,90,2,62,62,62,62,2,2,68,68,68,68,2,2,74,74,74,74,2,2,80,80
0,1,1,1,1,1,1,1,1,1,1,1,1,1,1,1,1,1,1,1,1,1,1,1,1,1,1,1,1,1,1,1,1,1,1,1,1,1,1,1,1,1,1,1,1,1,1,0,2,49,86,86,2,50,50,50,50,2,55,88,88,2,56,56,56,56,2,61,90,90,2,62,62,62,62,2,2,68,68,68,68,2,2,74,74,74,74,2,2,80,80
0,1,1,1,1,1,1,1,1,1,1,1,1,1,1,1,1,1,1,1,1,1,1,1,1,1,1,1,1,1,1,1,1,1,1,1,1,1,1,1,1,1,1,1,1,1,1,0,2,49,86,86,2,50,50,50,50,2,55,88,88,2,56,56,56,56,2,61,90,90,2,62,62,62,62,2,2,68,68,68,68,2,2,74,74,74,74,2,2,80,80
0,1,1,1,1,1,1,1,1,1,1,1,1,1,1,1,1,1,1,1,1,1,1,1,1,1,1,1,1,1,1,1,1,1,1,1,1,1,1,1,1,1,1,1,1,1,1,0,2,49,86,86,2,50,50,50,50,2,55,88,88,2,56,56,56,56,2,61,90,90,2,62,62,62,62,2,2,68,68,68,68,2,2,74,74,74,74,2,2,80,80
0,1,1,1,1,1,1,1,1,1,1,1,1,1,1,1,1,1,1,1,1,1,1,1,1,1,1,1,1,1,1,1,1,1,1,1,1,1,1,1,1,1,1,1,1,1,1,0,2,49,86,86,2,50,50,50,50,2,55,88,88,2,56,56,56,56,2,61,90,90,2,62,62,62,62,2,2,68,68,68,68,2,2,74,74,74,74,2,2,80,80
0,1,1,1,1,1,1,1,1,1,1,1,1,1,1,1,1,1,1,1,1,1,1,1,1,1,1,1,1,1,1,1,1,1,1,1,1,1,1,1,1,1,1,1,1,1,1,0,2,49,86,86,2,50,50,50,50,2,55,88,88,2,56,56,56,56,2,61,90,90,2,62,62,62,62,2,2,68,68,68,68,2,2,74,74,74,74,2,2,80,80,80
0,1,1,1,1,1,1,1,1,1,1,1,1,1,1,1,1,1,1,1,1,1,1,1,1,1,1,1,1,1,1,1,1,1,1,1,1,1,1,1,1,1,1,1,1,1,1,0,2,49,86,86,2,50,50,50,50,2,55,88,88,2,56,56,56,56,2,61,90,90,2,62,62,62,62,2,2,68,68,68,68,2,2,74,74,74,74,2,2,80,80,80
0,1,1,1,1,1,1,1,1,1,1,1,1,1,1,1,1,1,1,1,1,1,1,1,1,1,1,1,1,1,1,1,1,1,1,1,1,1,1,1,1,1,1,1,1,1,1,0,2,49,86,86,2,50,50,50,50,2,55,88,88,2,56,56,56,56,2,61,90,90,2,62,62,62,62,2,2,68,68,68,68,2,2,74,74,74,74,2,2,80,80,80,80
0,1,1,1,1,1,1,1,1,1,1,1,1,1,1,1,1,1,1,1,1,1,1,1,1,1,1,1,1,1,1,1,1,1,1,1,1,1,1,1,1,1,1,1,1,1,1,0,2,49,86,86,2,50,50,50,50,2,55,88,88,2,56,56,56,56,2,61,90,90,2,62,62,62,62,2,2,68,68,68,68,2,2,74,74,74,74,2,2,80,80,80,80
0,1,1,1,1,1,1,1,1,1,1,1,1,1,1,1,1,1,1,1,1,1,1,1,1,1,1,1,1,1,1,1,1,1,1,1,1,1,1,1,1,1,1,1,1,1,1,0,2,49,86,86,2,50,50,50,50,2,55,88,88,2,56,56,56,56,2,61,90,90,2,62,62,62,62,2,2,68,68,68,68,2,2,74,74,74,74,2,2,80,80,80,80
0,1,1,1,1,1,1,1,1,1,1,1,1,1,1,1,1,1,1,1,1,1,1,1,1,1,1,1,1,1,1,1,1,1,1,1,1,1,1,1,1,1,1,1,1,1,1,0,2,49,86,86,2,50,50,50,50,2,55,88,88,2,56,56,56,56,2,61,90,90,2,62,62,62,62,2,2,68,68,68,68,2,2,74,74,74,74,2,2,80,80,80,80
0,1,1,1,1,1,1,1,1,1,1,1,1,1,1,1,1,1,1,1,1,1,1,1,1,1,1,1,1,1,1,1,1,1,1,1,1,1,1,1,1,1,1,1,1,1,1,0,2,49,86,86,2,50,50,50,50,2,55,88,88,2,56,56,56,56,2,61,90,90,2,62,62,62,62,2,2,68,68,68,68,2,2,74,74,74,74,2,2,80,80,80,80
0,1,1,1,1,1,1,1,1,1,1,1,1,1,1,1,1,1,1,1,1,1,1,1,1,1,1,1,1,1,1,1,1,1,1,1,1,1,1,1,1,1,1,1,1,1,1,0,2,49,86,86,2,50,50,50,50,2,55,88,88,2,56,56,56,56,2,61,90,90,2,62,62,62,62,2,2,68,68,68,68,2,2,74,74,74,74,2,2,80,80,80,80
0,1,1,1,1,1,1,1,1,1,1,1,1,1,1,1,1,1,1,1,1,1,1,1,1,1,1,1,1,1,1,1,1,1,1,1,1,1,1,1,1,1,1,1,1,1,1,0,2,49,86,86,2,50,50,50,50,2,55,88,88,2,56,56,56,56,2,61,90,90,2,62,62,62,62,2,2,68,68,68,68,2,2,74,74,74,74,2,2,80,80,80,80
0,1,1,1,1,1,1,1,1,1,1,1,1,1,1,1,1,1,1,1,1,1,1,1,1,1,1,1,1,1,1,1,1,1,1,1,1,1,1,1,1,1,1,1,1,1,1,0,2,49,86,86,2,50,50,50,50,2,55,88,88,2,56,56,56,56,2,61,90,90,2,62,62,62,62,2,2,68,68,68,68,2,2,74,74,74,74,2,2,80,80,80,80
0,1,1,1,1,1,1,1,1,1,1,1,1,1,1,1,1,1,1,1,1,1,1,1,1,1,1,1,1,1,1,1,1,1,1,1,1,1,1,1,1,1,1,1,1,1,1,0,2,49,86,86,2,50,50,50,50,2,55,88,88,2,56,56,56,56,2,61,90,90,2,62,62,62,62,2,2,68,68,68,68,2,2,74,74,74,74,2,2,80,80,80,80
0,1,1,1,1,1,1,1,1,1,1,1,1,1,1,1,1,1,1,1,1,1,1,1,1,1,1,1,1,1,1,1,1,1,1,1,1,1,1,1,1,1,1,1,1,1,1,0,2,49,86,86,2,50,50,50,50,2,55,88,88,2,56,56,56,56,2,61,90,90,2,62,62,62,62,2,2,68,68,68,68,2,2,74,74,74,74,2,2,80,80,80,80
0,1,1,1,1,1,1,1,1,1,1,1,1,1,1,1,1,1,1,1,1,1,1,1,1,1,1,1,1,1,1,1,1,1,1,1,1,1,1,1,1,1,1,1,1,1,1,0,2,49,86,86,2,50,50,50,50,2,55,88,88,2,56,56,56,56,2,61,90,90,2,62,62,62,62,2,2,68,68,68,68,2,2,74,74,74,74,2,2,80,80,80,80
0,1,1,1,1,1,1,1,1,1,1,1,1,1,1,1,1,1,1,1,1,1,1,1,1,1,1,1,1,1,1,1,1,1,1,1,1,1,1,1,1,1,1,1,1,1,1,0,2,49,86,86,2,50,50,50,50,2,55,88,88,2,56,56,56,56,2,61,90,90,2,62,62,62,62,2,2,68,68,68,68,2,2,74,74,74,74,2,2,80,80,80,80
0,1,1,1,1,1,1,1,1,1,1,1,1,1,1,1,1,1,1,1,1,1,1,1,1,1,1,1,1,1,1,1,1,1,1,1,1,1,1,1,1,1,1,1,1,1,1,0,2,49,86,86,2,50,50,50,50,2,55,88,88,2,56,56,56,56,2,61,90,90,2,62,62,62,62,2,2,68,68,68,68,2,2,74,74,74,74,2,2,80,80,80,80
0,1,1,1,1,1,1,1,1,1,1,1,1,1,1,1,1,1,1,1,1,1,1,1,1,1,1,1,1,1,1,1,1,1,1,1,1,1,1,1,1,1,1,1,1,1,1,0,2,49,86,86,2,50,50,50,50,2,55,88,88,2,56,56,56,56,2,61,90,90,2,62,62,62,62,2,2,68,68,68,68,2,2,74,74,74,74,2,2,80,80,80,80
0,1,1,1,1,1,1,1,1,1,1,1,1,1,1,1,1,1,1,1,1,1,1,1,1,1,1,1,1,1,1,1,1,1,1,1,1,1,1,1,1,1,1,1,1,1,1,0,2,49,86,86,2,50,50,50,50,2,55,88,88,2,56,56,56,56,2,61,90,90,2,62,62,62,62,2,2,68,68,68,68,2,2,74,74,74,74,2,2,80,80,80,80
0,1,1,1,1,1,1,1,1,1,1,1,1,1,1,1,1,1,1,1,1,1,1,1,1,1,1,1,1,1,1,1,1,1,1,1,1,1,1,1,1,1,1,1,1,1,1,0,2,49,86,86,2,50,50,50,50,2,55,88,88,2,56,56,56,56,2,61,90,90,90,2,62,62,62,62,2,2,68,68,68,68,2,2,74,74,74,74,2,2,80,80,80,80
0,1,1,1,1,1,1,1,1,1,1,1,1,1,1,1,1,1,1,1,1,1,1,1,1,1,1,1,1,1,1,1,1,1,1,1,1,1,1,1,1,1,1,1,1,1,1,0,2,49,86,86,2,50,50,50,50,2,55,88,88,2,56,56,56,56,2,61,90,90,90,2,62,62,62,62,2,2,68,68,68,68,2,2,74,74,74,74,2,2,80,80,80,80,2
0,1,1,1,1,1,1,1,1,1,1,1,1,1,1,1,1,1,1,1,1,1,1,1,1,1,1,1,1,1,1,1,1,1,1,1,1,1,1,1,1,1,1,1,1,1,1,0,2,49,86,86,2,50,50,50,50,2,55,88,88,2,56,56,56,56,2,61,90,90,90,2,62,62,62,62,2,2,68,68,68,68,2,2,74,74,74,74,2,2,80,80,80,80,2,2
0,1,1,1,1,1,1,1,1,1,1,1,1,1,1,1,1,1,1,1,1,1,1,1,1,1,1,1,1,1,1,1,1,1,1,1,1,1,1,1,1,1,1,1,1,1,1,1,0,2,49,86,86,2,50,50,50,50,2,55,88,88,2,56,56,56,56,2,61,90,90,90,2,62,62,62,62,2,2,68,68,68,68,2,2,74,74,74,74,2,2,80,80,80,80,2,2
0,1,1,1,1,1,1,1,1,1,1,1,1,1,1,1,1,1,1,1,1,1,1,1,1,1,1,1,1,1,1,1,1,1,1,1,1,1,1,1,1,1,1,1,1,1,1,1,0,2,49,86,86,2,50,50,50,50,2,55,88,88,2,56,56,56,56,2,61,90,90,90,90,2,62,62,62,62,2,2,68,68,68,68,2,2,74,74,74,74,2,2,80,80,80,80,2,2
0,1,1,1,1,1,1,1,1,1,1,1,1,1,1,1,1,1,1,1,1,1,1,1,1,1,1,1,1,1,1,1,1,1,1,1,1,1,1,1,1,1,1,1,1,1,1,1,0,2,49,86,86,2,50,50,50,50,2,55,88,88,88,2,56,56,56,56,2,61,90,90,90,90,61,2,62,62,62,62,2,2,68,68,68,68,2,2,74,74,74,74,2,2,80,80,80,80,2,2,105
0,1,1,1,1,1,1,1,1,1,1,1,1,1,1,1,1,1,1,1,1,1,1,1,1,1,1,1,1,1,1,1,1,1,1,1,1,1,1,1,1,1,1,1,1,1,1,1,0,2,49,86,86,2,50,50,50,50,2,55,88,88,88,2,56,56,56,56,2,61,90,90,90,90,61,2,62,62,62,62,2,2,68,68,68,68,2,2,74,74,74,74,2,2,80,80,80,80,2,2,105
0,1,1,1,1,1,1,1,1,1,1,1,1,1,1,1,1,1,1,1,1,1,1,1,1,1,1,1,1,1,1,1,1,1,1,1,1,1,1,1,1,1,1,1,1,1,1,1,0,2,49,86,86,86,2,50,50,50,50,2,55,88,88,88,2,56,56,56,56,2,61,90,90,90,90,61,2,62,62,62,62,2,2,68,68,68,68,2,2,74,74,74,74,2,2,80,80,80,80,2,2,105
0,1,1,1,1,1,1,1,1,1,1,1,1,1,1,1,1,1,1,1,1,1,1,1,1,1,1,1,1,1,1,1,1,1,1,1,1,1,1,1,1,1,1,1,1,1,1,1,0,2,49,86,86,86,2,50,50,50,50,2,55,88,88,88,2,56,56,56,56,2,61,90,90,90,90,61,91,2,62,62,62,62,2,2,68,68,68,68,2,2,74,74,74,74,2,2,80,80,80,80,2,2,105,105
0,1,1,1,1,1,1,1,1,1,1,1,1,1,1,1,1,1,1,1,1,1,1,1,1,1,1,1,1,1,1,1,1,1,1,1,1,1,1,1,1,1,1,1,1,1,1,1,0,2,49,86,86,86,2,50,50,50,50,2,55,88,88,88,88,2,56,56,56,56,2,61,90,90,90,90,61,91,2,62,62,62,62,2,2,68,68,68,68,2,2,74,74,74,74,2,2,80,80,80,80,2,2,105,105
0,1,1,1,1,1,1,1,1,1,1,1,1,1,1,1,1,1,1,1,1,1,1,1,1,1,1,1,1,1,1,1,1,1,1,1,1,1,1,1,1,1,1,1,1,1,1,1,0,2,49,86,86,86,2,50,50,50,50,2,55,88,88,88,88,2,56,56,56,56,2,61,90,90,90,90,61,91,2,62,62,62,62,2,2,68,68,68,68,2,2,74,74,74,74,2,2,80,80,80,80,2,2,105,105
0,1,1,1,1,1,1,1,1,1,1,1,1,1,1,1,1,1,1,1,1,1,1,1,1,1,1,1,1,1,1,1,1,1,1,1,1,1,1,1,1,1,1,1,1,1,1,1,0,2,49,86,86,86,2,50,50,50,50,2,55,88,88,88,88,55,2,56,56,56,56,2,61,90,90,90,90,61,91,2,62,62,62,62,2,2,68,68,68,68,2,2,74,74,74,74,2,2,80,80,80,80,2,2,105,105
0,1,1,1,1,1,1,1,1,1,1,1,1,1,1,1,1,1,1,1,1,1,1,1,1,1,1,1,1,1,1,1,1,1,1,1,1,1,1,1,1,1,1,1,1,1,1,1,0,2,49,86,86,86,2,50,50,50,50,2,55,88,88,88,88,55,2,56,56,56,56,2,61,90,90,90,90,61,91,2,62,62,62,62,2,2,68,68,68,68,2,2,74,74,74,74,2,2,80,80,80,80,2,2,105,105
0,1,1,1,1,1,1,1,1,1,1,1,1,1,1,1,1,1,1,1,1,1,1,1,1,1,1,1,1,1,1,1,1,1,1,1,1,1,1,1,1,1,1,1,1,1,1,1,0,2,49,86,86,86,2,50,50,50,50,2,55,88,88,88,88,55,2,56,56,56,56,2,61,90,90,90,90,61,91,2,62,62,62,62,2,2,68,68,68,68,2,2,74,74,74,74,2,2,80,80,80,80,2,2,105,105
0,1,1,1,1,1,1,1,1,1,1,1,1,1,1,1,1,1,1,1,1,1,1,1,1,1,1,1,1,1,1,1,1,1,1,1,1,1,1,1,1,1,1,1,1,1,1,1,0,2,49,86,86,86,2,50,50,50,50,2,55,88,88,88,88,55,2,56,56,56,56,2,61,90,90,90,90,61,91,2,62,62,62,62,2,2,68,68,68,68,2,2,74,74,74,74,2,2,80,80,80,80,2,2,105,105
0,1,1,1,1,1,1,1,1,1,1,1,1,1,1,1,1,1,1,1,1,1,1,1,1,1,1,1,1,1,1,1,1,1,1,1,1,1,1,1,1,1,1,1,1,1,1,1,0,2,49,86,86,86,2,50,50,50,50,2,55,88,88,88,88,55,2,56,56,56,56,2,61,90,90,90,90,61,91,2,62,62,62,62,2,2,68,68,68,68,2,2,74,74,74,74,2,2,80,80,80,80,2,2,105,105
0,1,1,1,1,1,1,1,1,1,1,1,1,1,1,1,1,1,1,1,1,1,1,1,1,1,1,1,1,1,1,1,1,1,1,1,1,1,1,1,1,1,1,1,1,1,1,1,0,2,49,86,86,86,2,50,50,50,50,2,55,88,88,88,88,55,2,56,56,56,56,2,61,90,90,90,90,61,91,2,62,62,62,62,2,2,68,68,68,68,2,2,74,74,74,74,2,2,80,80,80,80,2,2,105,105
0,1,1,1,1,1,1,1,1,1,1,1,1,1,1,1,1,1,1,1,1,1,1,1,1,1,1,1,1,1,1,1,1,1,1,1,1,1,1,1,1,1,1,1,1,1,1,1,0,2,49,86,86,86,2,50,50,50,50,2,55,88,88,88,88,55,2,56,56,56,56,2,61,90,90,90,90,61,91,2,62,62,62,62,2,2,68,68,68,68,2,2,74,74,74,74,2,2,80,80,80,80,2,2,105,105
0,1,1,1,1,1,1,1,1,1,1,1,1,1,1,1,1,1,1,1,1,1,1,1,1,1,1,1,1,1,1,1,1,1,1,1,1,1,1,1,1,1,1,1,1,1,1,1,0,2,49,86,86,86,2,50,50,50,50,2,55,88,88,88,88,55,2,56,56,56,56,2,61,90,90,90,90,61,91,2,62,62,62,62,2,2,68,68,68,68,2,2,74,74,74,74,2,2,80,80,80,80,2,2,105,105
0,1,1,1,1,1,1,1,1,1,1,1,1,1,1,1,1,1,1,1,1,1,1,1,1,1,1,1,1,1,1,1,1,1,1,1,1,1,1,1,1,1,1,1,1,1,1,1,0,2,49,86,86,86,2,50,50,50,50,2,55,88,88,88,88,55,2,56,56,56,56,2,61,90,90,90,90,61,91,2,62,62,62,62,2,2,68,68,68,68,2,2,74,74,74,74,2,2,80,80,80,80,2,2,105,105
0,1,1,1,1,1,1,1,1,1,1,1,1,1,1,1,1,1,1,1,1,1,1,1,1,1,1,1,1,1,1,1,1,1,1,1,1,1,1,1,1,1,1,1,1,1,1,1,0,2,49,86,86,86,86,2,50,50,50,50,2,55,88,88,88,88,55,2,56,56,56,56,2,61,90,90,90,90,61,91,91,2,62,62,62,62,2,2,68,68,68,68,2,2,74,74,74,74,2,2,80,80,80,80,2,2,105,105
0,1,1,1,1,1,1,1,1,1,1,1,1,1,1,1,1,1,1,1,1,1,1,1,1,1,1,1,1,1,1,1,1,1,1,1,1,1,1,1,1,1,1,1,1,1,1,1,0,2,49,86,86,86,86,49,2,50,50,50,50,2,55,88,88,88,88,55,2,56,56,56,56,2,61,90,90,90,90,61,91,91,2,62,62,62,62,2,2,68,68,68,68,2,2,74,74,74,74,2,2,80,80,80,80,2,2,105,105
0,1,1,1,1,1,1,1,1,1,1,1,1,1,1,1,1,1,1,1,1,1,1,1,1,1,1,1,1,1,1,1,1,1,1,1,1,1,1,1,1,1,1,1,1,1,1,1,0,2,49,86,86,86,86,49,2,50,50,50,50,2,55,88,88,88,88,55,89,2,56,56,56,56,2,61,90,90,90,90,61,91,91,2,62,62,62,62,2,2,68,68,68,68,2,2,74,74,74,74,2,2,80,80,80,80,2,2,105,105
0,1,1,1,1,1,1,1,1,1,1,1,1,1,1,1,1,1,1,1,1,1,1,1,1,1,1,1,1,1,1,1,1,1,1,1,1,1,1,1,1,1,1,1,1,1,1,1,0,2,49,86,86,86,86,49,2,50,50,50,50,2,55,88,88,88,88,55,89,2,56,56,56,56,2,61,90,90,90,90,61,91,91,2,62,62,62,62,2,2,68,68,68,68,2,2,74,74,74,74,2,2,80,80,80,80,2,2,105,105
0,1,1,1,1,1,1,1,1,1,1,1,1,1,1,1,1,1,1,1,1,1,1,1,1,1,1,1,1,1,1,1,1,1,1,1,1,1,1,1,1,1,1,1,1,1,1,1,0,2,49,86,86,86,86,49,2,50,50,50,50,2,55,88,88,88,88,55,89,2,56,56,56,56,2,61,90,90,90,90,61,91,91,2,62,62,62,62,2,2,68,68,68,68,2,2,74,74,74,74,2,2,80,80,80,80,2,2,105,105
0,1,1,1,1,1,1,1,1,1,1,1,1,1,1,1,1,1,1,1,1,1,1,1,1,1,1,1,1,1,1,1,1,1,1,1,1,1,1,1,1,1,1,1,1,1,1,1,0,2,49,86,86,86,86,49,87,2,50,50,50,50,2,55,88,88,88,88,55,89,2,56,56,56,56,2,61,90,90,90,90,61,91,91,2,62,62,62,62,2,2,68,68,68,68,2,2,74,74,74,74,2,2,80,80,80,80,2,2,105,105
0,1,1,1,1,1,1,1,1,1,1,1,1,1,1,1,1,1,1,1,1,1,1,1,1,1,1,1,1,1,1,1,1,1,1,1,1,1,1,1,1,1,1,1,1,1,1,1,0,2,49,86,86,86,86,49,87,2,50,50,50,50,2,55,88,88,88,88,55,89,89,2,56,56,56,56,2,61,90,90,90,90,61,91,91,2,62,62,62,62,2,2,68,68,68,68,2,2,74,74,74,74,2,2,80,80,80,80,2,2,105,105
0,1,1,1,1,1,1,1,1,1,1,1,1,1,1,1,1,1,1,1,1,1,1,1,1,1,1,1,1,1,1,1,1,1,1,1,1,1,1,1,1,1,1,1,1,1,1,1,1,0,2,49,86,86,86,86,49,87,2,50,50,50,50,2,55,88,88,88,88,55,89,89,2,56,56,56,56,2,61,90,90,90,90,61,91,91,2,62,62,62,62,2,2,68,68,68,68,2,2,74,74,74,74,2,2,80,80,80,80,2,2,105,105
0,1,1,1,1,1,1,1,1,1,1,1,1,1,1,1,1,1,1,1,1,1,1,1,1,1,1,1,1,1,1,1,1,1,1,1,1,1,1,1,1,1,1,1,1,1,1,1,1,0,2,49,86,86,86,86,49,87,2,50,50,50,50,2,55,88,88,88,88,55,89,89,2,56,56,56,56,2,61,90,90,90,90,61,91,91,2,62,62,62,62,2,2,68,68,68,68,2,2,74,74,74,74,2,2,80,80,80,80,2,2,105,105
0,1,1,1,1,1,1,1,1,1,1,1,1,1,1,1,1,1,1,1,1,1,1,1,1,1,1,1,1,1,1,1,1,1,1,1,1,1,1,1,1,1,1,1,1,1,1,1,1,0,2,49,86,86,86,86,49,87,87,2,50,50,50,50,2,55,88,88,88,88,55,89,89,2,56,56,56,56,2,61,90,90,90,90,61,91,91,2,62,62,62,62,2,2,68,68,68,68,2,2,74,74,74,74,2,2,80,80,80,80,2,2,105,105
0,1,1,1,1,1,1,1,1,1,1,1,1,1,1,1,1,1,1,1,1,1,1,1,1,1,1,1,1,1,1,1,1,1,1,1,1,1,1,1,1,1,1,1,1,1,1,1,1,0,2,49,86,86,86,86,49,87,87,2,50,50,50,50,2,55,88,88,88,88,55,89,89,2,56,56,56,56,2,61,90,90,90,90,61,91,91,2,62,62,62,62,2,67,2,68,68,68,68,2,2,74,74,74,74,2,2,80,80,80,80,2,2,105,105
0,1,1,1,1,1,1,1,1,1,1,1,1,1,1,1,1,1,1,1,1,1,1,1,1,1,1,1,1,1,1,1,1,1,1,1,1,1,1,1,1,1,1,1,1,1,1,1,1,0,2,49,86,86,86,86,49,87,87,2,50,50,50,50,2,55,88,88,88,88,55,89,89,2,56,56,56,56,2,61,90,90,90,90,61,91,91,2,62,62,62,62,2,67,2,68,68,68,68,2,2,74,74,74,74,2,2,80,80,80,80,2,2,105,105
0,1,1,1,1,1,1,1,1,1,1,1,1,1,1,1,1,1,1,1,1,1,1,1,1,1,1,1,1,1,1,1,1,1,1,1,1,1,1,1,1,1,1,1,1,1,1,1,1,0,2,49,86,86,86,86,49,87,87,2,50,50,50,50,2,55,88,88,88,88,55,89,89,2,56,56,56,56,2,61,90,90,90,90,61,91,91,2,62,62,62,62,2,67,2,68,68,68,68,2,2,74,74,74,74,2,2,80,80,80,80,2,2,105,105
0,1,1,1,1,1,1,1,1,1,1,1,1,1,1,1,1,1,1,1,1,1,1,1,1,1,1,1,1,1,1,1,1,1,1,1,1,1,1,1,1,1,1,1,1,1,1,1,1,0,2,49,86,86,86,86,49,87,87,2,50,50,50,50,2,55,88,88,88,88,55,89,89,2,56,56,56,56,2,61,90,90,90,90,61,91,91,2,62,62,62,62,2,67,130,2,68,68,68,68,2,2,74,74,74,74,2,2,80,80,80,80,2,2,105,105
0,1,1,1,1,1,1,1,1,1,1,1,1,1,1,1,1,1,1,1,1,1,1,1,1,1,1,1,1,1,1,1,1,1,1,1,1,1,1,1,1,1,1,1,1,1,1,1,1,0,2,49,86,86,86,86,49,87,87,2,50,50,50,50,2,55,88,88,88,88,55,89,89,2,56,56,56,56,2,61,90,90,90,90,61,91,91,2,62,62,62,62,2,67,130,2,68,68,68,68,2,2,74,74,74,74,2,2,80,80,80,80,2,2,105,105
0,1,1,1,1,1,1,1,1,1,1,1,1,1,1,1,1,1,1,1,1,1,1,1,1,1,1,1,1,1,1,1,1,1,1,1,1,1,1,1,1,1,1,1,1,1,1,1,1,0,2,49,86,86,86,86,49,87,87,2,50,50,50,50,2,55,88,88,88,88,55,89,89,2,56,56,56,56,2,61,90,90,90,90,61,91,91,2,62,62,62,62,2,67,130,130,2,68,68,68,68,2,2,74,74,74,74,2,2,80,80,80,80,2,2,105,105
0,1,1,1,1,1,1,1,1,1,1,1,1,1,1,1,1,1,1,1,1,1,1,1,1,1,1,1,1,1,1,1,1,1,1,1,1,1,1,1,1,1,1,1,1,1,1,1,1,0,2,49,86,86,86,86,49,87,87,2,50,50,50,50,2,55,88,88,88,88,55,89,89,2,56,56,56,56,2,61,90,90,90,90,61,91,91,2,62,62,62,62,2,67,130,130,2,68,68,68,68,2,2,74,74,74,74,2,2,80,80,80,80,2,2,105,105
0,1,1,1,1,1,1,1,1,1,1,1,1,1,1,1,1,1,1,1,1,1,1,1,1,1,1,1,1,1,1,1,1,1,1,1,1,1,1,1,1,1,1,1,1,1,1,1,1,0,2,49,86,86,86,86,49,87,87,2,50,50,50,50,2,55,88,88,88,88,55,89,89,2,56,56,56,56,2,61,90,90,90,90,61,91,91,2,62,62,62,62,2,67,130,130,2,68,68,68,68,2,2,74,74,74,74,2,2,80,80,80,80,2,2,105,105
0,1,1,1,1,1,1,1,1,1,1,1,1,1,1,1,1,1,1,1,1,1,1,1,1,1,1,1,1,1,1,1,1,1,1,1,1,1,1,1,1,1,1,1,1,1,1,1,1,0,2,49,86,86,86,86,49,87,87,2,50,50,50,50,2,55,88,88,88,88,55,89,89,2,56,56,56,56,2,61,90,90,90,90,61,91,91,2,62,62,62,62,2,67,130,130,2,68,68,68,68,2,2,74,74,74,74,2,2,80,80,80,80,2,2,105,105
0,1,1,1,1,1,1,1,1,1,1,1,1,1,1,1,1,1,1,1,1,1,1,1,1,1,1,1,1,1,1,1,1,1,1,1,1,1,1,1,1,1,1,1,1,1,1,1,1,0,2,49,86,86,86,86,49,87,87,2,50,50,50,50,2,55,88,88,88,88,55,89,89,2,56,56,56,56,2,61,90,90,90,90,61,91,91,2,62,62,62,62,2,67,130,130,2,68,68,68,68,2,2,74,74,74,74,2,2,80,80,80,80,2,2,105,105
0,1,1,1,1,1,1,1,1,1,1,1,1,1,1,1,1,1,1,1,1,1,1,1,1,1,1,1,1,1,1,1,1,1,1,1,1,1,1,1,1,1,1,1,1,1,1,1,1,0,2,49,86,86,86,86,49,87,87,2,50,50,50,50,2,55,88,88,88,88,55,89,89,2,56,56,56,56,2,61,90,90,90,90,61,91,91,2,62,62,62,62,2,67,130,130,2,68,68,68,68,2,2,74,74,74,74,2,2,80,80,80,80,2,2,105,105
0,1,1,1,1,1,1,1,1,1,1,1,1,1,1,1,1,1,1,1,1,1,1,1,1,1,1,1,1,1,1,1,1,1,1,1,1,1,1,1,1,1,1,1,1,1,1,1,1,0,2,49,86,86,86,86,49,87,87,2,50,50,50,50,2,55,88,88,88,88,55,89,89,2,56,56,56,56,2,61,90,90,90,90,61,91,91,2,62,62,62,62,2,67,130,130,2,68,68,68,68,2,2,74,74,74,74,2,2,80,80,80,80,2,2,105,105
0,1,1,1,1,1,1,1,1,1,1,1,1,1,1,1,1,1,1,1,1,1,1,1,1,1,1,1,1,1,1,1,1,1,1,1,1,1,1,1,1,1,1,1,1,1,1,1,1,0,2,49,86,86,86,86,49,87,87,2,50,50,50,50,2,55,88,88,88,88,55,89,89,2,56,56,56,56,2,61,90,90,90,90,61,91,91,2,62,62,62,62,2,67,130,130,2,68,68,68,68,2,2,74,74,74,74,2,2,80,80,80,80,2,2,105,105
0,1,1,1,1,1,1,1,1,1,1,1,1,1,1,1,1,1,1,1,1,1,1,1,1,1,1,1,1,1,1,1,1,1,1,1,1,1,1,1,1,1,1,1,1,1,1,1,1,0,2,49,86,86,86,86,49,87,87,2,50,50,50,50,2,55,88,88,88,88,55,89,89,2,56,56,56,56,2,61,90,90,90,90,61,91,91,2,62,62,62,62,2,67,130,130,2,68,68,68,68,2,2,74,74,74,74,2,2,80,80,80,80,2,2,105,105
0,1,1,1,1,1,1,1,1,1,1,1,1,1,1,1,1,1,1,1,1,1,1,1,1,1,1,1,1,1,1,1,1,1,1,1,1,1,1,1,1,1,1,1,1,1,1,1,1,0,2,49,86,86,86,86,49,87,87,2,50,50,50,50,2,55,88,88,88,88,55,89,89,2,56,56,56,56,2,61,90,90,90,90,61,91,91,2,62,62,62,62,2,67,130,130,2,68,68,68,68,2,2,74,74,74,74,2,2,80,80,80,80,2,2,105,105
0,1,1,1,1,1,1,1,1,1,1,1,1,1,1,1,1,1,1,1,1,1,1,1,1,1,1,1,1,1,1,1,1,1,1,1,1,1,1,1,1,1,1,1,1,1,1,1,1,0,2,49,86,86,86,86,49,87,87,2,50,50,50,50,2,55,88,88,88,88,55,89,89,2,56,56,56,56,2,61,90,90,90,90,61,91,91,2,62,62,62,62,2,67,130,130,2,68,68,68,68,2,2,74,74,74,74,2,2,80,80,80,80,2,2,105,105
0,1,1,1,1,1,1,1,1,1,1,1,1,1,1,1,1,1,1,1,1,1,1,1,1,1,1,1,1,1,1,1,1,1,1,1,1,1,1,1,1,1,1,1,1,1,1,1,1,0,2,49,86,86,86,86,49,87,87,2,50,50,50,50,2,55,88,88,88,88,55,89,89,2,56,56,56,56,2,61,90,90,90,90,61,91,91,2,62,62,62,62,2,67,130,130,2,68,68,68,68,2,2,74,74,74,74,2,2,80,80,80,80,2,2,105,105
0,1,1,1,1,1,1,1,1,1,1,1,1,1,1,1,1,1,1,1,1,1,1,1,1,1,1,1,1,1,1,1,1,1,1,1,1,1,1,1,1,1,1,1,1,1,1,1,1,0,2,49,86,86,86,86,49,87,87,2,50,50,50,50,2,55,88,88,88,88,55,89,89,2,56,56,56,56,2,61,90,90,90,90,61,91,91,2,62,62,62,62,2,67,130,130,2,68,68,68,68,2,2,74,74,74,74,2,2,80,80,80,80,2,2,105,105
0,1,1,1,1,1,1,1,1,1,1,1,1,1,1,1,1,1,1,1,1,1,1,1,1,1,1,1,1,1,1,1,1,1,1,1,1,1,1,1,1,1,1,1,1,1,1,1,1,0,2,49,86,86,86,86,49,87,87,2,50,50,50,50,2,55,88,88,88,88,55,89,89,2,56,56,56,56,2,61,90,90,90,90,61,91,91,2,62,62,62,62,2,67,130,130,2,68,68,68,68,2,2,74,74,74,74,2,2,80,80,80,80,2,2,105,105
0,1,1,1,1,1,1,1,1,1,1,1,1,1,1,1,1,1,1,1,1,1,1,1,1,1,1,1,1,1,1,1,1,1,1,1,1,1,1,1,1,1,1,1,1,1,1,1,1,0,2,49,86,86,86,86,49,87,87,2,50,50,50,50,2,55,88,88,88,88,55,89,89,2,56,56,56,56,2,61,90,90,90,90,61,91,91,2,62,62,62,62,2,67,130,130,2,68,68,68,68,2,2,74,74,74,74,2,2,80,80,80,80,2,2,105,105
0,1,1,1,1,1,1,1,1,1,1,1,1,1,1,1,1,1,1,1,1,1,1,1,1,1,1,1,1,1,1,1,1,1,1,1,1,1,1,1,1,1,1,1,1,1,1,1,1,1,0,2,49,86,86,86,86,49,87,87,2,50,50,50,50,2,55,88,88,88,88,55,89,89,2,56,56,56,56,2,61,90,90,90,90,61,91,91,2,62,62,62,62,2,67,130,130,2,68,68,68,68,2,2,74,74,74,74,2,2,80,80,80,80,2,2,105,105
0,1,1,1,1,1,1,1,1,1,1,1,1,1,1,1,1,1,1,1,1,1,1,1,1,1,1,1,1,1,1,1,1,1,1,1,1,1,1,1,1,1,1,1,1,1,1,1,1,1,0,2,49,86,86,86,86,49,87,87,2,50,50,50,50,2,55,88,88,88,88,55,89,89,2,56,56,56,56,2,61,90,90,90,90,61,91,91,2,62,62,62,62,2,67,130,130,2,68,68,68,68,2,2,74,74,74,74,2,2,80,80,80,80,2,2,105,105
0,1,1,1,1,1,1,1,1,1,1,1,1,1,1,1,1,1,1,1,1,1,1,1,1,1,1,1,1,1,1,1,1,1,1,1,1,1,1,1,1,1,1,1,1,1,1,1,1,1,0,2,49,86,86,86,86,49,87,87,2,50,50,50,50,2,55,88,88,88,88,55,89,89,2,56,56,56,56,2,61,90,90,90,90,61,91,91,2,62,62,62,62,2,67,130,130,2,68,68,68,68,2,2,74,74,74,74,2,2,80,80,80,80,2,2,105,105
0,1,1,1,1,1,1,1,1,1,1,1,1,1,1,1,1,1,1,1,1,1,1,1,1,1,1,1,1,1,1,1,1,1,1,1,1,1,1,1,1,1,1,1,1,1,1,1,1,1,0,2,49,86,86,86,86,49,87,87,2,50,50,50,50,2,55,88,88,88,88,55,89,89,2,56,56,56,56,2,61,90,90,90,90,61,91,91,2,62,62,62,62,2,67,130,130,2,68,68,68,68,2,2,74,74,74,74,2,2,80,80,80,80,2,2,105,105
0,1,1,1,1,1,1,1,1,1,1,1,1,1,1,1,1,1,1,1,1,1,1,1,1,1,1,1,1,1,1,1,1,1,1,1,1,1,1,1,1,1,1,1,1,1,1,1,1,1,0,2,49,86,86,86,86,49,87,87,2,50,50,50,50,2,55,88,88,88,88,55,89,89,2,56,56,56,56,2,61,90,90,90,90,61,91,91,2,62,62,62,62,2,67,130,130,2,68,68,68,68,2,2,74,74,74,74,2,2,80,80,80,80,2,2,105,105
0,1,1,1,1,1,1,1,1,1,1,1,1,1,1,1,1,1,1,1,1,1,1,1,1,1,1,1,1,1,1,1,1,1,1,1,1,1,1,1,1,1,1,1,1,1,1,1,1,1,0,2,49,86,86,86,86,49,87,87,2,50,50,50,50,2,55,88,88,88,88,55,89,89,2,56,56,56,56,2,61,90,90,90,90,61,91,91,2,62,62,62,62,2,67,130,130,2,68,68,68,68,2,2,74,74,74,74,2,2,80,80,80,80,2,2,105,105,105
0,1,1,1,1,1,1,1,1,1,1,1,1,1,1,1,1,1,1,1,1,1,1,1,1,1,1,1,1,1,1,1,1,1,1,1,1,1,1,1,1,1,1,1,1,1,1,1,1,1,0,2,49,86,86,86,86,49,87,87,2,50,50,50,50,2,55,88,88,88,88,55,89,89,2,56,56,56,56,2,61,90,90,90,90,61,91,91,2,62,62,62,62,2,67,130,130,2,68,68,68,68,2,2,74,74,74,74,2,2,80,80,80,80,2,2,105,105,105
0,1,1,1,1,1,1,1,1,1,1,1,1,1,1,1,1,1,1,1,1,1,1,1,1,1,1,1,1,1,1,1,1,1,1,1,1,1,1,1,1,1,1,1,1,1,1,1,1,1,0,2,49,86,86,86,86,49,87,87,2,50,50,50,50,2,55,88,88,88,88,55,89,89,2,56,56,56,56,2,61,90,90,90,90,61,91,91,2,62,62,62,62,2,67,130,130,2,68,68,68,68,2,2,74,74,74,74,2,2,80,80,80,80,2,2,105,105,105
0,1,1,1,1,1,1,1,1,1,1,1,1,1,1,1,1,1,1,1,1,1,1,1,1,1,1,1,1,1,1,1,1,1,1,1,1,1,1,1,1,1,1,1,1,1,1,1,1,1,0,2,49,86,86,86,86,49,87,87,2,50,50,50,50,2,55,88,88,88,88,55,89,89,2,56,56,56,56,2,61,90,90,90,90,61,91,91,2,62,62,62,62,2,67,130,130,2,68,68,68,68,2,2,74,74,74,74,2,2,80,80,80,80,2,2,105,105,105,105
0,1,1,1,1,1,1,1,1,1,1,1,1,1,1,1,1,1,1,1,1,1,1,1,1,1,1,1,1,1,1,1,1,1,1,1,1,1,1,1,1,1,1,1,1,1,1,1,1,1,0,2,49,86,86,86,86,49,87,87,2,50,50,50,50,2,55,88,88,88,88,55,89,89,2,56,56,56,56,2,61,90,90,90,90,61,91,91,2,62,62,62,62,2,67,130,130,2,68,68,68,68,2,2,74,74,74,74,2,2,80,80,80,80,2,2,105,105,105,105
0,1,1,1,1,1,1,1,1,1,1,1,1,1,1,1,1,1,1,1,1,1,1,1,1,1,1,1,1,1,1,1,1,1,1,1,1,1,1,1,1,1,1,1,1,1,1,1,1,1,0,2,49,86,86,86,86,49,87,87,2,50,50,50,50,2,55,88,88,88,88,55,89,89,2,56,56,56,56,2,61,90,90,90,90,61,91,91,2,62,62,62,62,2,67,130,130,2,68,68,68,68,2,2,74,74,74,74,2,2,80,80,80,80,2,2,105,105,105,105
0,1,1,1,1,1,1,1,1,1,1,1,1,1,1,1,1,1,1,1,1,1,1,1,1,1,1,1,1,1,1,1,1,1,1,1,1,1,1,1,1,1,1,1,1,1,1,1,1,1,0,2,49,86,86,86,86,49,87,87,2,50,50,50,50,2,55,88,88,88,88,55,89,89,2,56,56,56,56,2,61,90,90,90,90,61,91,91,2,62,62,62,62,2,67,130,130,2,68,68,68,68,2,2,74,74,74,74,2,2,80,80,80,80,2,2,105,105,105,105
0,1,1,1,1,1,1,1,1,1,1,1,1,1,1,1,1,1,1,1,1,1,1,1,1,1,1,1,1,1,1,1,1,1,1,1,1,1,1,1,1,1,1,1,1,1,1,1,1,1,0,2,49,86,86,86,86,49,87,87,2,50,50,50,50,2,55,88,88,88,88,55,89,89,2,56,56,56,56,2,61,90,90,90,90,61,91,91,2,62,62,62,62,2,67,130,130,2,68,68,68,68,2,2,74,74,74,74,2,2,80,80,80,80,2,2,105,105,105,105
0,1,1,1,1,1,1,1,1,1,1,1,1,1,1,1,1,1,1,1,1,1,1,1,1,1,1,1,1,1,1,1,1,1,1,1,1,1,1,1,1,1,1,1,1,1,1,1,1,1,0,2,49,86,86,86,86,49,87,87,2,50,50,50,50,2,55,88,88,88,88,55,89,89,2,56,56,56,56,2,61,90,90,90,90,61,91,91,2,62,62,62,62,2,67,130,130,2,68,68,68,68,2,2,74,74,74,74,2,2,80,80,80,80,2,2,105,105,105,105
0,1,1,1,1,1,1,1,1,1,1,1,1,1,1,1,1,1,1,1,1,1,1,1,1,1,1,1,1,1,1,1,1,1,1,1,1,1,1,1,1,1,1,1,1,1,1,1,1,1,0,2,49,86,86,86,86,49,87,87,2,50,50,50,50,2,55,88,88,88,88,55,89,89,2,56,56,56,56,2,61,90,90,90,90,61,91,91,2,62,62,62,62,2,67,130,130,2,68,68,68,68,2,2,74,74,74,74,2,2,80,80,80,80,2,2,105,105,105,105
0,1,1,1,1,1,1,1,1,1,1,1,1,1,1,1,1,1,1,1,1,1,1,1,1,1,1,1,1,1,1,1,1,1,1,1,1,1,1,1,1,1,1,1,1,1,1,1,1,1,0,2,49,86,86,86,86,49,87,87,2,50,50,50,50,2,55,88,88,88,88,55,89,89,2,56,56,56,56,2,61,90,90,90,90,61,91,91,2,62,62,62,62,2,67,130,130,2,68,68,68,68,2,2,74,74,74,74,2,2,80,80,80,80,2,2,105,105,105,105
0,1,1,1,1,1,1,1,1,1,1,1,1,1,1,1,1,1,1,1,1,1,1,1,1,1,1,1,1,1,1,1,1,1,1,1,1,1,1,1,1,1,1,1,1,1,1,1,1,1,0,2,49,86,86,86,86,49,87,87,2,50,50,50,50,2,55,88,88,88,88,55,89,89,2,56,56,56,56,2,61,90,90,90,90,61,91,91,2,62,62,62,62,2,67,130,130,2,68,68,68,68,2,2,74,74,74,74,2,2,80,80,80,80,2,2,105,105,105,105
0,1,1,1,1,1,1,1,1,1,1,1,1,1,1,1,1,1,1,1,1,1,1,1,1,1,1,1,1,1,1,1,1,1,1,1,1,1,1,1,1,1,1,1,1,1,1,1,1,1,0,2,49,86,86,86,86,49,87,87,2,50,50,50,50,2,55,88,88,88,88,55,89,89,2,56,56,56,56,2,61,90,90,90,90,61,91,91,2,62,62,62,62,2,67,130,130,2,68,68,68,68,2,2,74,74,74,74,2,2,80,80,80,80,2,2,105,105,105,105
0,1,1,1,1,1,1,1,1,1,1,1,1,1,1,1,1,1,1,1,1,1,1,1,1,1,1,1,1,1,1,1,1,1,1,1,1,1,1,1,1,1,1,1,1,1,1,1,1,1,0,2,49,86,86,86,86,49,87,87,2,50,50,50,50,2,55,88,88,88,88,55,89,89,2,56,56,56,56,2,61,90,90,90,90,61,91,91,2,62,62,62,62,2,67,130,130,2,68,68,68,68,2,2,74,74,74,74,2,2,80,80,80,80,2,2,105,105,105,105
0,1,1,1,1,1,1,1,1,1,1,1,1,1,1,1,1,1,1,1,1,1,1,1,1,1,1,1,1,1,1,1,1,1,1,1,1,1,1,1,1,1,1,1,1,1,1,1,1,1,0,2,49,86,86,86,86,49,87,87,2,50,50,50,50,2,55,88,88,88,88,55,89,89,2,56,56,56,56,2,61,90,90,90,90,61,91,91,2,62,62,62,62,2,67,130,130,2,68,68,68,68,2,2,74,74,74,74,2,2,80,80,80,80,2,2,105,105,105,105
0,1,1,1,1,1,1,1,1,1,1,1,1,1,1,1,1,1,1,1,1,1,1,1,1,1,1,1,1,1,1,1,1,1,1,1,1,1,1,1,1,1,1,1,1,1,1,1,1,1,0,2,49,86,86,86,86,49,87,87,2,50,50,50,50,2,55,88,88,88,88,55,89,89,2,56,56,56,56,2,61,90,90,90,90,61,91,91,2,62,62,62,62,2,67,130,130,2,68,68,68,68,2,2,74,74,74,74,2,2,80,80,80,80,2,2,105,105,105,105
0,1,1,1,1,1,1,1,1,1,1,1,1,1,1,1,1,1,1,1,1,1,1,1,1,1,1,1,1,1,1,1,1,1,1,1,1,1,1,1,1,1,1,1,1,1,1,1,1,1,0,2,49,86,86,86,86,49,87,87,2,50,50,50,50,2,55,88,88,88,88,55,89,89,2,56,56,56,56,2,61,90,90,90,90,61,91,91,2,62,62,62,62,2,67,130,130,2,68,68,68,68,2,2,74,74,74,74,2,2,80,80,80,80,2,2,105,105,105,105
0,1,1,1,1,1,1,1,1,1,1,1,1,1,1,1,1,1,1,1,1,1,1,1,1,1,1,1,1,1,1,1,1,1,1,1,1,1,1,1,1,1,1,1,1,1,1,1,1,1,0,2,49,86,86,86,86,49,87,87,2,50,50,50,50,2,55,88,88,88,88,55,89,89,2,56,56,56,56,2,61,90,90,90,90,61,91,91,2,62,62,62,62,2,67,130,130,2,68,68,68,68,2,2,74,74,74,74,2,2,80,80,80,80,2,2,105,105,105,105
0,1,1,1,1,1,1,1,1,1,1,1,1,1,1,1,1,1,1,1,1,1,1,1,1,1,1,1,1,1,1,1,1,1,1,1,1,1,1,1,1,1,1,1,1,1,1,1,1,1,0,2,49,86,86,86,86,49,87,87,2,50,50,50,50,2,55,88,88,88,88,55,89,89,2,56,56,56,56,2,61,90,90,90,90,61,91,91,2,62,62,62,62,2,67,130,130,2,68,68,68,68,2,2,74,74,74,74,2,2,80,80,80,80,2,2,105,105,105,105
0,1,1,1,1,1,1,1,1,1,1,1,1,1,1,1,1,1,1,1,1,1,1,1,1,1,1,1,1,1,1,1,1,1,1,1,1,1,1,1,1,1,1,1,1,1,1,1,1,1,0,2,49,86,86,86,86,49,87,87,2,50,50,50,50,2,55,88,88,88,88,55,89,89,2,56,56,56,56,2,61,90,90,90,90,61,91,91,2,62,62,62,62,2,67,130,130,2,68,68,68,68,2,2,74,74,74,74,2,2,80,80,80,80,2,2,105,105,105,105
0,1,1,1,1,1,1,1,1,1,1,1,1,1,1,1,1,1,1,1,1,1,1,1,1,1,1,1,1,1,1,1,1,1,1,1,1,1,1,1,1,1,1,1,1,1,1,1,1,1,1,0,2,49,86,86,86,86,49,87,87,2,50,50,50,50,2,55,88,88,88,88,55,89,89,2,56,56,56,56,2,61,90,90,90,90,61,91,91,2,62,62,62,62,2,67,130,130,2,68,68,68,68,2,2,74,74,74,74,2,2,80,80,80,80,2,2,105,105,105,105
0,1,1,1,1,1,1,1,1,1,1,1,1,1,1,1,1,1,1,1,1,1,1,1,1,1,1,1,1,1,1,1,1,1,1,1,1,1,1,1,1,1,1,1,1,1,1,1,1,1,1,0,2,49,86,86,86,86,49,87,87,2,50,50,50,50,2,55,88,88,88,88,55,89,89,2,56,56,56,56,2,61,90,90,90,90,61,91,91,2,62,62,62,62,2,67,130,130,2,68,68,68,68,2,2,74,74,74,74,2,2,80,80,80,80,2,2,105,105,105,105
0,1,1,1,1,1,1,1,1,1,1,1,1,1,1,1,1,1,1,1,1,1,1,1,1,1,1,1,1,1,1,1,1,1,1,1,1,1,1,1,1,1,1,1,1,1,1,1,1,1,1,0,2,49,86,86,86,86,49,87,87,2,50,50,50,50,2,55,88,88,88,88,55,89,89,2,56,56,56,56,2,61,90,90,90,90,61,91,91,91,2,62,62,62,62,2,67,130,130,130,2,68,68,68,68,2,2,74,74,74,74,2,2,80,80,80,80,2,2,105,105,105,105
0,1,1,1,1,1,1,1,1,1,1,1,1,1,1,1,1,1,1,1,1,1,1,1,1,1,1,1,1,1,1,1,1,1,1,1,1,1,1,1,1,1,1,1,1,1,1,1,1,1,1,0,2,49,86,86,86,86,49,87,87,2,50,50,50,50,2,55,88,88,88,88,55,89,89,2,56,56,56,56,2,61,90,90,90,90,61,91,91,91,2,62,62,62,62,2,67,130,130,130,2,68,68,68,68,2,73,2,74,74,74,74,2,2,80,80,80,80,2,2,105,105,105,105
0,1,1,1,1,1,1,1,1,1,1,1,1,1,1,1,1,1,1,1,1,1,1,1,1,1,1,1,1,1,1,1,1,1,1,1,1,1,1,1,1,1,1,1,1,1,1,1,1,1,1,0,2,49,86,86,86,86,49,87,87,2,50,50,50,50,2,55,88,88,88,88,55,89,89,2,56,56,56,56,2,61,90,90,90,90,61,91,91,91,2,62,62,62,62,2,67,130,130,130,2,68,68,68,68,2,73,2,74,74,74,74,2,2,80,80,80,80,2,2,105,105,105,105
0,1,1,1,1,1,1,1,1,1,1,1,1,1,1,1,1,1,1,1,1,1,1,1,1,1,1,1,1,1,1,1,1,1,1,1,1,1,1,1,1,1,1,1,1,1,1,1,1,1,1,0,2,49,86,86,86,86,49,87,87,2,50,50,50,50,2,55,88,88,88,88,55,89,89,2,56,56,56,56,2,61,90,90,90,90,61,91,91,91,2,62,62,62,62,2,67,130,130,130,2,68,68,68,68,2,73,2,74,74,74,74,2,2,80,80,80,80,2,2,105,105,105,105
0,1,1,1,1,1,1,1,1,1,1,1,1,1,1,1,1,1,1,1,1,1,1,1,1,1,1,1,1,1,1,1,1,1,1,1,1,1,1,1,1,1,1,1,1,1,1,1,1,1,1,0,2,49,86,86,86,86,49,87,87,2,50,50,50,50,2,55,88,88,88,88,55,89,89,89,2,56,56,56,56,2,61,90,90,90,90,61,91,91,91,91,61,2,62,62,62,62,2,67,130,130,130,130,2,68,68,68,68,2,73,138,2,74,74,74,74,2,2,80,80,80,80,2,2,105,105,105,105
0,1,1,1,1,1,1,1,1,1,1,1,1,1,1,1,1,1,1,1,1,1,1,1,1,1,1,1,1,1,1,1,1,1,1,1,1,1,1,1,1,1,1,1,1,1,1,1,1,1,1,0,2,49,86,86,86,86,49,87,87,87,2,50,50,50,50,2,55,88,88,88,88,55,89,89,89,2,56,56,56,56,2,61,90,90,90,90,61,91,91,91,91,61,2,62,62,62,62,2,67,130,130,130,130,67,2,68,68,68,68,2,73,138,2,74,74,74,74,2,2,80,80,80,80,2,2,105,105,105,105
0,1,1,1,1,1,1,1,1,1,1,1,1,1,1,1,1,1,1,1,1,1,1,1,1,1,1,1,1,1,1,1,1,1,1,1,1,1,1,1,1,1,1,1,1,1,1,1,1,1,1,0,2,49,86,86,86,86,49,87,87,87,2,50,50,50,50,2,55,88,88,88,88,55,89,89,89,2,56,56,56,56,2,61,90,90,90,90,61,91,91,91,91,61,2,62,62,62,62,2,67,130,130,130,130,67,2,68,68,68,68,2,73,138,138,2,74,74,74,74,2,2,80,80,80,80,2,2,105,105,105,105
0,1,1,1,1,1,1,1,1,1,1,1,1,1,1,1,1,1,1,1,1,1,1,1,1,1,1,1,1,1,1,1,1,1,1,1,1,1,1,1,1,1,1,1,1,1,1,1,1,1,1,0,2,49,86,86,86,86,49,87,87,87,2,50,50,50,50,2,55,88,88,88,88,55,89,89,89,2,56,56,56,56,2,61,90,90,90,90,61,91,91,91,91,61,2,62,62,62,62,2,67,130,130,130,130,67,2,68,68,68,68,2,73,138,138,2,74,74,74,74,2,2,80,80,80,80,2,2,105,105,105,105
0,1,1,1,1,1,1,1,1,1,1,1,1,1,1,1,1,1,1,1,1,1,1,1,1,1,1,1,1,1,1,1,1,1,1,1,1,1,1,1,1,1,1,1,1,1,1,1,1,1,1,0,2,49,86,86,86,86,49,87,87,87,2,50,50,50,50,2,55,88,88,88,88,55,89,89,89,2,56,56,56,56,2,61,90,90,90,90,61,91,91,91,91,61,2,62,62,62,62,2,67,130,130,130,130,67,2,68,68,68,68,2,73,138,138,2,74,74,74,74,2,2,80,80,80,80,2,2,105,105,105,105
0,1,1,1,1,1,1,1,1,1,1,1,1,1,1,1,1,1,1,1,1,1,1,1,1,1,1,1,1,1,1,1,1,1,1,1,1,1,1,1,1,1,1,1,1,1,1,1,1,1,1,0,2,49,86,86,86,86,49,87,87,87,2,50,50,50,50,2,55,88,88,88,88,55,89,89,89,2,56,56,56,56,2,61,90,90,90,90,61,91,91,91,91,61,2,62,62,62,62,2,67,130,130,130,130,67,2,68,68,68,68,2,73,138,138,2,74,74,74,74,2,2,80,80,80,80,2,2,105,105,105,105
0,1,1,1,1,1,1,1,1,1,1,1,1,1,1,1,1,1,1,1,1,1,1,1,1,1,1,1,1,1,1,1,1,1,1,1,1,1,1,1,1,1,1,1,1,1,1,1,1,1,1,0,2,49,86,86,86,86,49,87,87,87,2,50,50,50,50,2,55,88,88,88,88,55,89,89,89,2,56,56,56,56,2,61,90,90,90,90,61,91,91,91,91,61,2,62,62,62,62,2,67,130,130,130,130,67,2,68,68,68,68,2,73,138,138,2,74,74,74,74,2,2,80,80,80,80,2,2,105,105,105,105
0,1,1,1,1,1,1,1,1,1,1,1,1,1,1,1,1,1,1,1,1,1,1,1,1,1,1,1,1,1,1,1,1,1,1,1,1,1,1,1,1,1,1,1,1,1,1,1,1,1,1,0,2,49,86,86,86,86,49,87,87,87,2,50,50,50,50,2,55,88,88,88,88,55,89,89,89,2,56,56,56,56,2,61,90,90,90,90,61,91,91,91,91,61,2,62,62,62,62,2,67,130,130,130,130,67,2,68,68,68,68,2,73,138,138,2,74,74,74,74,2,2,80,80,80,80,2,2,105,105,105,105
0,1,1,1,1,1,1,1,1,1,1,1,1,1,1,1,1,1,1,1,1,1,1,1,1,1,1,1,1,1,1,1,1,1,1,1,1,1,1,1,1,1,1,1,1,1,1,1,1,1,1,0,2,49,86,86,86,86,49,87,87,87,2,50,50,50,50,2,55,88,88,88,88,55,89,89,89,2,56,56,56,56,2,61,90,90,90,90,61,91,91,91,91,61,2,62,62,62,62,2,67,130,130,130,130,67,2,68,68,68,68,2,73,138,138,2,74,74,74,74,2,2,80,80,80,80,2,2,105,105,105,105
0,1,1,1,1,1,1,1,1,1,1,1,1,1,1,1,1,1,1,1,1,1,1,1,1,1,1,1,1,1,1,1,1,1,1,1,1,1,1,1,1,1,1,1,1,1,1,1,1,1,1,0,2,49,86,86,86,86,49,87,87,87,2,50,50,50,50,2,55,88,88,88,88,55,89,89,89,2,56,56,56,56,2,61,90,90,90,90,61,91,91,91,91,61,2,62,62,62,62,2,67,130,130,130,130,67,2,68,68,68,68,2,73,138,138,2,74,74,74,74,2,2,80,80,80,80,2,2,105,105,105,105
