92.80688172348493 291.70182977190177 203.0697683087966
170.97683443487543 145.0962951927914 172.6017139043829
146.17896517662965 171.7480957111424 141.3026213779191
232.0008981278285 211.10001787114106 196.39581726241158
174.33251012433573 160.43359289051702 154.27647466966695
149.87102195752504 135.0640003896606 186.96552482080423
150.95754889208268 179.53328664136168 179.3669451553304
174.37080875011964 186.9010519958269 140.1300778601456
180.75608923030927 147.03364829210565 131.57315789099135
180.95611995035577 176.7202894135432 162.88118852188776
195.44617033349104 169.4273370931241 146.99028454755648
189.02439674262362 205.55229842279422 189.7105794091437
136.0793522885212 109.94670380160984 150.55099636251546
170.91921308216456 200.16451605216847 182.68064477723556
150.5811017635276 176.51539397713498 173.21599508490868
151.37507349427824 168.8916787189986 182.69426576038052
157.4148289276009 182.9964623146358 182.38406964750743
100.58615447387773 191.85504180606148 134.15255462479738
172.89285585028148 189.18783694942508 173.2605643114809
156.11865785619815 154.7165008256892 163.98854274093566
