2.17124501984217 2.9536907897810583 3.942193674407293
32.933130621191616 29.13195424473427 32.748452373678546
20.988973095583088 16.776524179732633 13.73805806113544
10.818021595741312 8.755737667451386 14.810683747649938
13.798509739840846 9.530655130015472 8.964426551670778
18.717610623405008 13.128303508753897 16.463469305448918
16.28506327649346 9.458111125517808 8.909362936799695
20.492167850962534 18.771811962168847 15.430417409397961
11.129999891535231 6.7197740287085175 9.924025196236133
27.54939509111059 23.120144209475537 24.546538355642628
16.06501499418831 14.890325572540863 12.427078679362431
26.344354615820958 14.414798776014537 18.607148787784467
19.115070787835975 11.85555780167383 17.0936592870822
20.280327727744123 21.773951865218415 23.318878947003732
26.09624902255559 22.73596629204482 24.1036850170177
15.849293425724815 13.998250452680237 15.530326714943058
19.331035689946027 18.998129766738415 16.42229344548615
3.2005187457781052 2.391802109313974 5.655637175274847
31.3865747514553 21.877806776053397 20.67816640762099
26.899317334758102 22.18063384062679 25.69535587784379
