38.292907621976234 105.14205804351226 nan
307.82433244918394 121.21603309570875 186.32539352068716
203.4381908959071 235.26535100430314 194.82995772964972
217.1951166267369 205.12055946631284 115.79273747346912
153.03444038890825 172.51003527377972 215.12046131077787
205.025964715159 382.68628058335 193.24662299801489
251.753739649017 217.97457117576204 172.37035539629986
274.86462715651754 98.96750866757925 203.0250956523351
nan nan nan
230.31295508333855 169.0274455629581 186.61557065743986
217.64373080698658 254.5397171570839 186.7928407518642
127.61772194630916 91.74639856767335 219.08838753039038
204.4530991456626 237.13405007251353 201.3551117988182
264.3655827119398 275.5211837760077 198.2814533622845
230.71878911894353 271.94907562036894 322.80998108661635
266.16747279890626 289.31886568857277 120.59444201454428
170.18252197067258 312.9098129543464 190.12434081632767
115.02782028439124 145.28750461313552 103.51444927613336
130.42412650971391 191.7500533975428 119.16884654318125
84.6484890426547 13.747527783320395 139.32698589021996
