0.05876753674539571 0.1108018906921006 0.0
1.6508808508858765 1.2397631351175205 2.1477893877149827
1.8382700569844728 1.4548838307537306 1.7110274920028916
2.923661558991076 1.2821896819315692 3.620641094153737
0.4854698908045144 0.14252554870383474 0.05619867309529001
2.310495864014956 0.9403413722824359 2.8380084328347097
1.2109066167859832 1.4433189851933879 2.519125710929108
0.9369535964604507 1.2825449618612965 2.4390140182481113
0.0 0.0 0.016601519362919055
2.020219265154113 3.2302226637903484 2.6956925885495364
4.527619359730615 3.3596921550011154 6.273056003516386
1.008216398571009 1.7171421398212967 1.6856557724283763
3.887802107512668 3.7561732188634873 5.484752433001901
1.1070018344161572 1.2813284908115459 2.379518566083079
1.5098425208199946 1.2857975244222237 1.4858327366211972
1.2920156594930565 0.6894211273652806 1.2771060121369182
1.3588806864448615 0.8558848023132465 1.3676705419600717
1.2294326052618056 1.0636685951597749 1.821504570023799
0.19729207987012118 0.2457483485960429 0.4425889377540379
0.5718186741084604 0.238028885087152 1.3323815157960734
