0.656973
0.582121
0.514483
0.456237
0.491318
0.477171
0.464349
0.451772
0.439274
0.333979
0.509759
0.445049
0.381477
0.421261
0.407173
0.394662
0.38243
0.273429
0.44452
0.387235
0.320509
0.364305
0.350823
0.339005
0.327486
0.218969
0.387932
0.340374
0.323777
0.312068
0.301276
0.290645
0.186615
0.340644
0.300036
0.285334
0.274884
0.265267
0.255805
0.160402
0.300243
0.265468
0.252298
0.242828
0.234112
0.146528
0.265494
0.236129
0.224877
0.216752
0.209279
0.133074
0.235749
0.211402
0.201979
0.195121
0.188809
0.123838
0.210484
0.190777
0.183037
0.177323
0.172048
0.117439
0.189272
0.173801
0.167357
0.162436
0.114193
0.171786
0.160344
0.155265
0.151216
0.110817
0.157925
0.150144
0.146194
0.142828
0.108547
0.147677
0.143043
0.139959
0.137078
0.107112
0.140588
0.103224
0.718685
0.820096
0.833944
0.77067
0.880945
0.894917
0.804097
0.918306
0.932364
0.817776
0.932278
0.946369
0.808354
0.922854
0.936922
0.778712
0.890046
0.904038
0.73025
0.833776
0.84765
0.196702
