input parameters: {'a1': 6, 'a2': 1.6, 'a3': 1.7, 'alpha': 0.2, 'alpha2': 1.5, 'anc': 5.35, 'arn': 1.8351, 'beta': 5, 'bnc': 0.44, 'brn': -1.5075, 'c': 38.6, 'Chl/N': 3.7, 'cs': 0.00035, 'd': 0.04, 'D0': 1.67, 'DMcrit': 1.55, 'Eac': 59430, 'Eaj': 37000, 'Eao': 36000, 'Eard': 53000, 'Eav': 58520, 'Edj': 220000, 'Edv': 220000, 'FRN': 0.28, 'fwr': 1e-15, 'g0': 0.0, 'gamma0': 2.8e-05, 'gamma1': 0.0509, 'gamma2': 0.001, 'JmaxrefChl1': 2.78, 'JmaxrefChl2': 18.45, 'Kc_ref': 0.000302, 'Ko_ref': 0.256, 'Mh2o': 18, 'Ncmin': 4.4, 'oi': 0.21, 'Patm': 101, 'pi_g0': -1000, 'p_lcrit': -5500, 'R': 8.31, 'Rd_ref': 3.2e-07, 'rho_h2o': 1, 'rho_p': 0.35, 'S': 700, 'sh': 0.001, 'Tref': 293.2, 'theta': 0.9, 'VcmaxrefChl1': 0.64, 'VcmaxrefChl2': 4.165}input variables: 
[array([0.0e+00, 1.0e-05, 2.0e-05, 3.0e-05, 4.0e-05, 5.0e-05, 6.0e-05,
       7.0e-05, 8.0e-05, 9.0e-05, 1.0e-04, 1.1e-04, 1.2e-04, 1.3e-04,
       1.4e-04, 1.5e-04, 1.6e-04, 1.7e-04, 1.8e-04, 1.9e-04, 2.0e-04,
       2.1e-04, 2.2e-04, 2.3e-04, 2.4e-04, 2.5e-04, 2.6e-04, 2.7e-04,
       2.8e-04, 2.9e-04, 3.0e-04, 3.1e-04, 3.2e-04, 3.3e-04, 3.4e-04,
       3.5e-04, 3.6e-04, 3.7e-04, 3.8e-04, 3.9e-04, 4.0e-04, 4.1e-04,
       4.2e-04, 4.3e-04, 4.4e-04, 4.5e-04, 4.6e-04, 4.7e-04, 4.8e-04,
       4.9e-04, 5.0e-04, 5.1e-04, 5.2e-04, 5.3e-04, 5.4e-04, 5.5e-04,
       5.6e-04, 5.7e-04, 5.8e-04, 5.9e-04, 6.0e-04, 6.1e-04, 6.2e-04,
       6.3e-04, 6.4e-04, 6.5e-04, 6.6e-04, 6.7e-04, 6.8e-04, 6.9e-04,
       7.0e-04, 7.1e-04, 7.2e-04, 7.3e-04, 7.4e-04, 7.5e-04, 7.6e-04,
       7.7e-04, 7.8e-04, 7.9e-04, 8.0e-04, 8.1e-04, 8.2e-04, 8.3e-04,
       8.4e-04, 8.5e-04, 8.6e-04, 8.7e-04, 8.8e-04, 8.9e-04, 9.0e-04,
       9.1e-04, 9.2e-04, 9.3e-04, 9.4e-04, 9.5e-04, 9.6e-04, 9.7e-04,
       9.8e-04, 9.9e-04]), array([0.1 , 0.11, 0.12, 0.13, 0.14, 0.15, 0.16, 0.17, 0.18, 0.19, 0.2 ,
       0.21, 0.22, 0.23, 0.24, 0.25, 0.26, 0.27, 0.28, 0.29, 0.3 , 0.31,
       0.32, 0.33, 0.34, 0.35, 0.36, 0.37, 0.38, 0.39, 0.4 , 0.41, 0.42,
       0.43, 0.44, 0.45, 0.46, 0.47, 0.48, 0.49, 0.5 , 0.51, 0.52, 0.53,
       0.54, 0.55, 0.56, 0.57, 0.58, 0.59, 0.6 , 0.61, 0.62, 0.63, 0.64,
       0.65, 0.66, 0.67, 0.68, 0.69, 0.7 , 0.71, 0.72, 0.73, 0.74, 0.75,
       0.76, 0.77, 0.78, 0.79, 0.8 , 0.81, 0.82, 0.83, 0.84, 0.85, 0.86,
       0.87, 0.88, 0.89]), array([-30, -25, -20, -15, -10,  -5,   0,   5,  10,  15,  20,  25]), array([     0,   -100,   -200,   -300,   -400,   -500,   -600,   -700,
         -800,   -900,  -1000,  -1100,  -1200,  -1300,  -1400,  -1500,
        -1600,  -1700,  -1800,  -1900,  -2000,  -2100,  -2200,  -2300,
        -2400,  -2500,  -2600,  -2700,  -2800,  -2900,  -3000,  -3100,
        -3200,  -3300,  -3400,  -3500,  -3600,  -3700,  -3800,  -3900,
        -4000,  -4100,  -4200,  -4300,  -4400,  -4500,  -4600,  -4700,
        -4800,  -4900,  -5000,  -5100,  -5200,  -5300,  -5400,  -5500,
        -5600,  -5700,  -5800,  -5900,  -6000,  -6100,  -6200,  -6300,
        -6400,  -6500,  -6600,  -6700,  -6800,  -6900,  -7000,  -7100,
        -7200,  -7300,  -7400,  -7500,  -7600,  -7700,  -7800,  -7900,
        -8000,  -8100,  -8200,  -8300,  -8400,  -8500,  -8600,  -8700,
        -8800,  -8900,  -9000,  -9100,  -9200,  -9300,  -9400,  -9500,
        -9600,  -9700,  -9800,  -9900, -10000, -10100, -10200, -10300,
       -10400, -10500, -10600, -10700, -10800, -10900, -11000, -11100,
       -11200, -11300, -11400, -11500, -11600, -11700, -11800, -11900,
       -12000, -12100, -12200, -12300, -12400, -12500, -12600, -12700,
       -12800, -12900, -13000, -13100, -13200, -13300, -13400, -13500,
       -13600, -13700, -13800, -13900, -14000, -14100, -14200, -14300,
       -14400, -14500, -14600, -14700, -14800, -14900, -15000, -15100,
       -15200, -15300, -15400, -15500, -15600, -15700, -15800, -15900,
       -16000, -16100, -16200, -16300, -16400, -16500, -16600, -16700,
       -16800, -16900, -17000, -17100, -17200, -17300, -17400, -17500,
       -17600, -17700, -17800, -17900, -18000, -18100, -18200, -18300,
       -18400, -18500, -18600, -18700, -18800, -18900, -19000, -19100,
       -19200, -19300, -19400, -19500, -19600, -19700, -19800, -19900,
       -20000, -20100, -20200, -20300, -20400, -20500, -20600, -20700,
       -20800, -20900, -21000, -21100, -21200, -21300, -21400, -21500,
       -21600, -21700, -21800, -21900, -22000, -22100, -22200, -22300,
       -22400, -22500, -22600, -22700, -22800, -22900, -23000, -23100,
       -23200, -23300, -23400, -23500, -23600, -23700, -23800, -23900,
       -24000, -24100, -24200, -24300, -24400, -24500, -24600, -24700,
       -24800, -24900]), array([0.1, 0.6, 1.1, 1.6, 2.1, 2.6, 3.1, 3.6, 4.1, 4.6, 5.1, 5.6])]
E (cm3/d) matrix: 
[[], [], [], [5.5424140648112825, 5.539408198525356, 5.53627348269722, 5.533003671450814, 5.529592228430376, 5.526032314536511, 5.5223167748079405, 5.518438127237882, 5.5143885460767965, 5.5101598513015215, 5.505743493044568, 5.501130535148529, 5.496311645011232, 5.491277073191685, 5.486016641219223, 5.480519724895356, 5.474775237563827, 5.468771615238712, 5.462496811791963, 5.455938229787584, 5.449082784534841, 5.441916832556728, 5.434426169620487, 5.426596013685387, 5.4184109883254585, 5.409855106257915, 5.400911754615075, 5.391563679738015, 5.381792971223386, 5.37158104949005, 5.360908651904305, 5.349755823264735, 5.338101900442265, 5.325925507817528, 5.313204547305617, 5.299916193427817, 5.286036887647005, 5.2715423401636805, 5.256407527100458, 5.240606698136798, 5.224113379567107, 5.206900388327034, 5.1889398426516475, 5.170203181810824, 5.1506611874088755, 5.130284012154044, 5.109041208832043, 5.086901769413183, 5.063834167372314, 5.039806406561698, 5.014786076397619, 4.9887404137631535, 4.961636371796127, 4.933440696098026, 4.90412000840314, 4.873640898118369, 4.841970021941883, 4.809074212036819, 4.774920590384291, 4.739476696248046, 4.702710617426756, 4.6645911328851835, 4.6250878610947215, 4.584171421216475, 4.541813598351803, 4.497987516588896, 4.452667823845717, 4.405830879593746, 4.357454949121011, 4.3075204082386325, 4.25600994905201, 4.202908790521231, 4.148204897670789, 4.091889196670628, 4.033955799766426, 3.9744022237509062, 3.913229615698614, 3.850442973048866, 3.7860513614489024, 3.7200681342369992, 3.652511140218282, 3.5834029327738866, 3.5127709672796756, 3.4406477898642165, 3.3670712212087306, 3.2920845219426367, 3.215736552315973, 3.13808191213221, 3.0591810676674065, 2.979100457488654, 2.89791258341738, 2.815696074728107, 2.7325357305007616, 2.6485225350095654, 2.563753643323686, 2.478332335084951, 2.3923679325718106, 2.305975679896758, 2.21927657976865, 2.1323971837132913, 2.0454693316794073, 1.9586298400662159, 1.8720201265489176, 1.7857857787104792, 1.7000760589488586, 1.6150433396239008, 1.5308424809559837, 1.4476301392633535, 1.3655640256538568, 1.2848021112892867, 1.2055017994298236, 1.1278190782284134, 1.051907673699731, 0.9779182276476128, 0.9059975231456787, 0.8362877794813524, 0.7689260308387347, 0.7040435891243046, 0.6417655739093777, 0.5822104550495222, 0.5254895354646306, 0.4717062542062452, 0.42095516225447155, 0.3733204232908091, 0.32887369912900066, 0.28767133392368227, 0.24975087131942625, 0.21512705337137544, 0.18378764129382513, 0.15568951906658512, 0.13075566375284797, 7.00439367916238e-09, 7.062564917512708e-09, 7.120467410116773e-09, 7.178198882700487e-09, 7.235539452380547e-09, 7.294199319360445e-09, 6.8776922755148376e-09, 6.932589702047045e-09, 6.9858746541016704e-09, 7.041016394948664e-09, 7.09415475841442e-09, 7.1484413991596645e-09, 7.203289962828915e-09, 7.2584561351073875e-09, 6.839359359525058e-09, 6.8902011684318336e-09, 6.940481054414603e-09, 6.9926421606212185e-09, 7.0420669465022404e-09, 7.093372952607107e-09, 7.1439460157676195e-09, 7.195056570420658e-09, 7.24531202497195e-09, 7.297131091137865e-09, 6.8739542664986256e-09, 6.920813752074404e-09, 6.967697669081662e-09, 7.014850331835182e-09, 7.063175703299671e-09, 7.11150107476416e-09, 7.158604874654724e-09, 7.206392754626686e-09, 7.253740868832035e-09, 7.300453765818943e-09, 6.874809366600373e-09, 6.918492766083945e-09, 6.962469342745261e-09, 7.00717886235093e-09, 7.0508622618345025e-09, 7.0951808785365166e-09, 7.140036986731057e-09, 7.1848930949255995e-09, 7.229553751668312e-09, 7.273286014014842e-09, 6.8456382374150345e-09, 6.887122808065542e-09, 6.928265338675349e-09, 6.970531715133168e-09, 7.014361703205611e-09, 7.0538917593378385e-09, 7.097966061725067e-09, 7.1361279576944965e-09, 7.178492059878229e-09, 7.218657333228897e-09, 7.260093041016447e-09, 6.832396401553684e-09, 6.8704605717971985e-09, 6.908915644944371e-09, 6.948152523898855e-09, 6.98787803148291e-09, 7.027261499026264e-09, 7.0627848003960145e-09, 7.101875090761628e-09, 7.143994878630576e-09, 7.183036306133232e-09, 7.219390276173252e-09, 7.259702138112791e-09, 7.298059485534049e-09, 6.864401576790529e-09, 6.901293038323076e-09, 6.936865202555784e-09, 6.9718021495700515e-09, 7.008156119610071e-09, 7.043826009568693e-09, 7.082329945578821e-09, 7.118195286989272e-09, 7.1538163140849354e-09, 7.191978210054366e-09, 7.228087865779601e-09, 7.2666895275156445e-09, 7.299769685737544e-09, 6.8627402394499895e-09, 6.895136317590492e-09, 6.930903933275028e-09, 6.962615931334132e-09, 7.000386924399905e-09, 7.03356480834772e-09, 7.068306303910158e-09, 7.100018301969261e-09, 7.134222306039173e-09, 7.170136510312581e-09, 7.204535965834319e-09, 7.239619501437456e-09, 7.271722402400217e-09, 6.831272555705671e-09, 6.8654765597755836e-09, 6.8989476209011394e-09, 6.929828950289974e-09, 6.960123925323324e-09, 6.995158598063505e-09, 7.025893338863467e-09, 7.055064468048806e-09, 7.0870207804226955e-09, 7.1194168585631975e-09, 7.1522038396073555e-09, 7.1844044662960295e-09, 7.216751681573574e-09, 7.244652376322031e-09, 7.278954106117855e-09, 6.839921282449063e-09, 6.8699719431676286e-09, 6.899582838119581e-09, 6.927239218553252e-09, 6.959733022419668e-09, 6.987975757208824e-09, 7.017244612120076e-09, 7.047832764331168e-09, 7.076515264886936e-09, 7.1073477314128144e-09], []]
An (μmol CO2 m-2 s-1) matrix: 
[[], [], [], [35.06613586183764, 35.06443957660357, 35.062657735086255, 35.06078601558358, 35.058819877374205, 35.05675454953641, 35.05458501918805, 35.05230601910713, 35.04991201472524, 35.04739719041783, 35.04475543509545, 35.04198032703965, 35.03906511791639, 35.036002715984914, 35.032785668385316, 35.02940614250159, 35.02585590633222, 35.02212630780405, 35.01820825290841, 35.01409218305655, 35.00976805039212, 35.005225292592954, 35.00045280587396, 34.995438916598, 34.990171351321564, 34.984637205175474, 34.97882290848173, 34.97271419148285, 34.96629604710212, 34.95955269155989, 34.95246752273314, 34.94502307608243, 34.937200978092456, 34.92898189683682, 34.92034548972255, 34.91127034802396, 34.90173393811446, 34.89171253902845, 34.881181176231195, 34.870113551166405, 34.858481966420094, 34.84625724597885, 34.8334086504444, 34.819903786537125, 34.80570851065919, 34.790786825875195, 34.775100771907276, 34.75861030744821, 34.74127318416504, 34.723044811744614, 34.703878113126315, 34.68372336913153, 34.66252805140295, 34.64023664281388, 34.616790443991555, 34.592127364803204, 34.56618169940267, 34.53888388309584, 34.51016022967917, 34.47993264688831, 34.448118328264265, 34.414629418864486, 34.37937265254858, 34.342248957401765, 34.30315302694037, 34.261972853207936, 34.21858921775064, 34.17287513677264, 34.124695255395224, 34.07390518581836, 34.020350784027144, 33.96386735857398, 33.904278804211984, 33.84139665333702, 33.77501903603029, 33.704929540527004, 33.630895962647315, 33.55266893434423, 33.469980418495176, 33.382542056596975, 33.29004335618003, 33.19214970072646, 33.088500167519165, 32.97870513445195, 32.86234365735725, 32.73896060005285, 32.60806349524243, 32.46911911863669, 32.32154975675078, 32.16472915121791, 31.99797810511517, 31.820559743403955, 31.631674423857685, 31.430454307815655, 31.215957611402864, 30.987162581724093, 30.742961264674342, 30.482153168983782, 30.203438976621232, 29.90541450870446, 29.586565235062604, 29.245261710939843, 28.87975644764699, 28.488182875386055, 28.068557236899878, 27.61878447401659, 27.136669412041815, 26.619934845695767, 26.066248415242796, 25.473260483757056, 24.838655479786244, 24.1602193585946, 23.435925826288134, 22.66404372669239, 21.843267283633317, 20.972869645234553, 20.05287817423326, 19.0842670462644, 18.069158892978454, 17.011022586777994, 15.914849082790328, 14.78728228843827, 13.636678207867664, 12.473064423471907, 11.307974984788464, 10.154143998610278, 9.025055248881712, 7.934364193960004, 6.895230081098877, 5.919615869044642, 5.01762712945153, -0.31881495302743756, -0.31881495302743756, -0.31881495302743756, -0.31881495302743756, -0.31881495302743756, -0.31881495302743756, -0.31881495302743756, -0.31881495302743756, -0.31881495302743756, -0.31881495302743756, -0.31881495302743756, -0.31881495302743756, -0.31881495302743756, -0.31881495302743756, -0.31881495302743756, -0.31881495302743756, -0.31881495302743756, -0.31881495302743756, -0.31881495302743756, -0.31881495302743756, -0.31881495302743756, -0.31881495302743756, -0.31881495302743756, -0.31881495302743756, -0.31881495302743756, -0.31881495302743756, -0.31881495302743756, -0.31881495302743756, -0.31881495302743756, -0.31881495302743756, -0.31881495302743756, -0.31881495302743756, -0.31881495302743756, -0.31881495302743756, -0.31881495302743756, -0.31881495302743756, -0.31881495302743756, -0.31881495302743756, -0.31881495302743756, -0.31881495302743756, -0.31881495302743756, -0.31881495302743756, -0.31881495302743756, -0.31881495302743756, -0.31881495302743756, -0.31881495302743756, -0.31881495302743756, -0.31881495302743756, -0.31881495302743756, -0.31881495302743756, -0.31881495302743756, -0.31881495302743756, -0.31881495302743756, -0.31881495302743756, -0.31881495302743756, -0.31881495302743756, -0.31881495302743756, -0.31881495302743756, -0.31881495302743756, -0.31881495302743756, -0.31881495302743756, -0.31881495302743756, -0.31881495302743756, -0.31881495302743756, -0.31881495302743756, -0.31881495302743756, -0.31881495302743756, -0.31881495302743756, -0.31881495302743756, -0.31881495302743756, -0.31881495302743756, -0.31881495302743756, -0.31881495302743756, -0.31881495302743756, -0.31881495302743756, -0.31881495302743756, -0.31881495302743756, -0.31881495302743756, -0.31881495302743756, -0.31881495302743756, -0.31881495302743756, -0.31881495302743756, -0.31881495302743756, -0.31881495302743756, -0.31881495302743756, -0.31881495302743756, -0.31881495302743756, -0.31881495302743756, -0.31881495302743756, -0.31881495302743756, -0.31881495302743756, -0.31881495302743756, -0.31881495302743756, -0.31881495302743756, -0.31881495302743756, -0.31881495302743756, -0.31881495302743756, -0.31881495302743756, -0.31881495302743756, -0.31881495302743756, -0.31881495302743756, -0.31881495302743756, -0.31881495302743756, -0.31881495302743756, -0.31881495302743756, -0.31881495302743756, -0.31881495302743756, -0.31881495302743756, -0.31881495302743756, -0.31881495302743756, -0.31881495302743756, -0.31881495302743756, -0.31881495302743756, -0.31881495302743756, -0.31881495302743756, -0.31881495302743756, -0.31881495302743756, -0.31881495302743756, -0.31881495302743756], []]
Vc (μmol CO2 m-2 s-1) matrix: 
[[], [], [], [35.38495081486507, 35.383254529630996, 35.381472688113696, 35.379600968611015, 35.37763483040164, 35.37556950256384, 35.373399972215495, 35.37112097213457, 35.368726967752686, 35.366212143445274, 35.36357038812289, 35.36079528006708, 35.35788007094382, 35.354817669012355, 35.35160062141275, 35.348221095529034, 35.34467085935965, 35.34094126083149, 35.33702320593585, 35.33290713608398, 35.32858300341955, 35.32404024562039, 35.31926775890141, 35.314253869625446, 35.308986304349, 35.303452158202916, 35.29763786150917, 35.29152914451029, 35.28511100012956, 35.278367644587334, 35.27128247576058, 35.26383802910986, 35.25601593111989, 35.24779684986425, 35.23916044274998, 35.230085301051396, 35.22054889114191, 35.21052749205588, 35.19999612925864, 35.188928504193846, 35.17729691944753, 35.16507219900629, 35.15222360347183, 35.13871873956457, 35.12452346368663, 35.109601778902636, 35.09391572493471, 35.07742526047565, 35.06008813719248, 35.04185976477205, 35.02269306615376, 35.00253832215896, 34.9813430044304, 34.959051595841316, 34.93560539701899, 34.910942317830646, 34.884996652430104, 34.857698836123284, 34.828975182706614, 34.79874759991574, 34.766933281291706, 34.73344437189193, 34.698187605576024, 34.6610639104292, 34.6219679799678, 34.58078780623538, 34.53740417077808, 34.49169008980007, 34.44351020842266, 34.39272013884579, 34.339165737054586, 34.28268231160141, 34.223093757239425, 34.16021160636446, 34.09383398905773, 34.02374449355444, 33.94971091567476, 33.871483887371674, 33.78879537152261, 33.70135700962442, 33.60885830920746, 33.5109646537539, 33.4073151205466, 33.29752008747939, 33.18115861038469, 33.05777555308028, 32.92687844826987, 32.787934071664125, 32.640364709778204, 32.48354410424535, 32.3167930581426, 32.13937469643139, 31.950489376885123, 31.74926926084309, 31.534772564430302, 31.30597753475153, 31.061776217701787, 30.800968122011216, 30.522253929648667, 30.224229461731895, 29.905380188090042, 29.564076663967278, 29.198571400674425, 28.806997828413493, 28.387372189927316, 27.937599427044027, 27.455484365069253, 26.938749798723205, 26.385063368270234, 25.792075436784497, 25.157470432813685, 24.47903431162204, 23.754740779315576, 22.982858679719826, 22.162082236660755, 21.291684598261995, 20.371693127260702, 19.40308199929184, 18.387973846005885, 17.329837539805432, 16.233664035817764, 15.106097241465708, 13.955493160895104, 12.791879376499345, 11.6267899378159, 10.472958951637716, 9.34387020190915, 8.253179146987442, 7.214045034126314, 6.23843082207208, 5.336442082478968, 4.6318752777018615, 3.8660500314937667, 3.1954454361412528, 2.618249406864372, 2.1299819850798523, 1.724060206317151, 1.3924312849789444, 1.1262030211123117, 0.9162149478651818, 0.7535129150597308, 0.6297091053378856, 0.5372257553201385, 0.46943262365009003, 0.42069531544986366, 0.3863546143239009, 0.3626570094625947, 0.3466547044774034, 0.33609043619807566, 0.32927907915259796, 0.32499470028037786, 0.32236872835449853, 0.3208023579086592, 0.31989428240006124, 0.31938335385581457, 0.31910476537683097, 0.3189577879207537, 0.3188828835005756, 0.31884607218188843, 0.3188286588210174, 0.31882074508479374, 0.31881729676709514, 0.31881585914328775, 0.31881528695949773, 0.31881507005406434, 0.3188149919286938, 0.3188149652607105, 0.3188149566567352, 0.3188149540403854, 0.31881495329273973, 0.31881495309259145, 0.318814953042559, 0.31881495303092083, 0.3188149530284097, 0.31881495302790974, 0.31881495302781887, 0.3188149530278034, 0.3188149530278005, 0.3188149530278005, 0.3188149530278005, 0.3188149530278005, 0.3188149530278005, 0.3188149530278005, 0.3188149530278005, 0.3188149530278005, 0.3188149530278005, 0.3188149530278005, 0.3188149530278005, 0.3188149530278005, 0.3188149530278005, 0.3188149530278005, 0.3188149530278005, 0.3188149530278005, 0.3188149530278005, 0.3188149530278005, 0.3188149530278005, 0.3188149530278005, 0.3188149530278005, 0.3188149530278005, 0.3188149530278005, 0.3188149530278005, 0.3188149530278005, 0.3188149530278005, 0.3188149530278005, 0.3188149530278005, 0.3188149530278005, 0.3188149530278005, 0.3188149530278005, 0.3188149530278005, 0.3188149530278005, 0.3188149530278005, 0.3188149530278005, 0.3188149530278005, 0.3188149530278005, 0.3188149530278005, 0.3188149530278005, 0.3188149530278005, 0.3188149530278005, 0.3188149530278005, 0.3188149530278005, 0.3188149530278005, 0.3188149530278005, 0.3188149530278005, 0.3188149530278005, 0.3188149530278005, 0.3188149530278005, 0.3188149530278005, 0.3188149530278005, 0.3188149530278005, 0.3188149530278005, 0.3188149530278005, 0.3188149530278005, 0.3188149530278005, 0.3188149530278005, 0.3188149530278005, 0.3188149530278005, 0.3188149530278005, 0.3188149530278005, 0.3188149530278005, 0.3188149530278005, 0.3188149530278005, 0.3188149530278005, 0.3188149530278005, 0.3188149530278005, 0.3188149530278005, 0.3188149530278005, 0.3188149530278005, 0.3188149530278005, 0.3188149530278005, 0.3188149530278005], []]
Vj (μmol CO2 m-2 s-1) matrix: 
[[], [], [], [38.65280195314761, 38.653110616715274, 38.65343488566994, 38.65377555213671, 38.654133448783675, 38.654509450933006, 38.65490447878561, 38.65531949976762, 38.65575553100108, 38.65621364191372, 38.65669495698835, 38.65720065866333, 38.65773199039784, 38.65829025990034, 38.65887684254325, 38.65949318496634, 38.660140808883554, 38.66082131510723, 38.66153638781469, 38.66228779898753, 38.663077413257305, 38.66390719288186, 38.66477920309113, 38.66569561773295, 38.66665872525537, 38.667670935049394, 38.6687347841763, 38.66985294450914, 38.67102823031093, 38.67226360629011, 38.673562196163445, 38.67492729176904, 38.67636236275129, 38.67787106690219, 38.67945726116356, 38.68112501337824, 38.68287861482534, 38.68472259362766, 38.68666172907678, 38.68870106698054, 38.690845936091556, 38.69310196574537, 38.69547510476992, 38.697971641830335, 38.70059822729773, 38.703361896812105, 38.7062700966728, 38.70933071125127, 38.71255209261745, 38.71594309258438, 38.71951309742604, 38.7232720655239, 38.727230568268574, 38.73139983451376, 38.73579179899608, 38.74041915511948, 38.74529541257576, 38.75043496036808, 38.75585313576497, 38.76156629994547, 38.76759192101809, 38.77394866531845, 38.780656497898825, 38.78773679342127, 38.79521245855083, 38.80310806734247, 38.81145001126388, 38.82026666558333, 38.82958857428828, 38.83944865593124, 38.84988243307242, 38.86092828849258, 38.8726277518427, 38.885025820772704, 38.89817132149818, 38.912117314152404, 38.92692154963056, 38.94264698517104, 38.95936236755421, 38.97714289415174, 38.99607096354855, 39.01623703013309, 39.03774057878291, 39.06069123944408, 39.08521006471375, 39.11143099759448, 39.13950256263205, 39.16958981919401, 39.201876624038505, 39.2365682597896, 39.27389449784287, 39.3141131784368, 39.3575144094123, 39.4044255072324, 39.45521683293103, 39.51030871049132, 39.57017966152935, 39.635376247365926, 39.70652488391728, 39.78434609086597, 39.869671760587934, 39.96346619596826, 40.066851881266246, 40.18114123663996, 40.30787599276253, 40.44887634269512, 40.6063027471456, 40.78273425727035, 40.98126861803062, 41.20565138982872, 41.46044418791917, 41.751246321231505, 42.084990358305575, 42.47034161345044, 42.91824624536483, 43.44269595641079, 44.06181519379552, 44.79944022583196, 45.68746920876793, 46.769459145641754, 48.10631373927545, 49.78562894201877, 51.93776611799831, 54.76507021285058, 58.5987537029338, 64.0197436242689, 72.14679022348113, 85.44303290490791, 110.59633839378235, 174.3640978232871, 626.602230314545, 0.0, 0.0, 0.0, 0.0, 0.0, 0.0, 0.0, 0.0, 0.0, 0.0, 0.0, 0.0, 0.0, 0.0, 0.0, 0.0, 0.0, 0.0, 0.0, 0.0, 0.0, 0.0, 0.0, 0.0, 0.0, 0.0, 0.0, 0.0, 0.0, 0.0, 0.0, 0.0, 0.0, 0.0, 0.0, 0.0, 0.0, 0.0, 0.0, 0.0, 0.0, 0.0, 0.0, 0.0, 0.0, 0.0, 0.0, 0.0, 0.0, 0.0, 0.0, 0.0, 0.0, 0.0, 0.0, 0.0, 0.0, 0.0, 0.0, 0.0, 0.0, 0.0, 0.0, 0.0, 0.0, 0.0, 0.0, 0.0, 0.0, 0.0, 0.0, 0.0, 0.0, 0.0, 0.0, 0.0, 0.0, 0.0, 0.0, 0.0, 0.0, 0.0, 0.0, 0.0, 0.0, 0.0, 0.0, 0.0, 0.0, 0.0, 0.0, 0.0, 0.0, 0.0, 0.0, 0.0, 0.0, 0.0, 0.0, 0.0, 0.0, 0.0, 0.0, 0.0, 0.0, 0.0, 0.0, 0.0, 0.0, 0.0, 0.0, 0.0, 0.0, 0.0, 0.0, 0.0, 0.0, 0.0, 0.0], []]
gco2 (mol CO2 m-2 s-1) matrix: 
[[], [], [], [0.7666106872799285, 0.7662491936909525, 0.7658698130618746, 0.765471677064431, 0.7650538769165818, 0.7646154616704575, 0.7641554364459273, 0.7636727606081081, 0.7631663458943532, 0.7626350544832754, 0.7620776970151558, 0.7614930305617573, 0.7608797565425217, 0.7602365186016434, 0.7595619004352681, 0.7588544235813707, 0.7581125451734191, 0.7573346556611688, 0.7565190764921119, 0.7556640578493548, 0.7547677762215895, 0.7538283321245185, 0.7528437477482435, 0.7518119646358017, 0.7507308413881384, 0.7495981514072594, 0.7484115806925884, 0.7471687257030113, 0.7458670913090235, 0.7445040888444219, 0.743077034282204, 0.7415831465519286, 0.7400195460420961, 0.7383832532723641, 0.7366711878095232, 0.7348801674208923, 0.7330069075214523, 0.7310480209244593, 0.7290000179561218, 0.7268593069460596, 0.7246221951589012, 0.7222848901759034, 0.7198435018109808, 0.7172940445579449, 0.7146324406539432, 0.7118545237778704, 0.7089560434539302, 0.705932670190627, 0.7027800014050407, 0.6994935681925073, 0.6960688429754265, 0.6925012480901096, 0.6887861653315157, 0.6849189465347749, 0.6808949251969022, 0.6767094291961311, 0.6723577946405692, 0.6678353808413023, 0.6631375864916449, 0.6582598669926315, 0.6531977529948464, 0.6479468701180517, 0.6425029598831575, 0.636861901749183, 0.6310197363451211, 0.6249726897935529, 0.6187171990571635, 0.6122499383242341, 0.6055678463075845, 0.598668154379305, 0.5915484154944687, 0.5842065337811283, 0.5766407946555345, 0.5688498954130631, 0.5608329760780009, 0.5525896504962273, 0.5441200373776218, 0.5354247912784871, 0.5265051332773382, 0.5173628811734914, 0.5080004791432973, 0.4984210265022947, 0.48862830558240944, 0.4786268083938438, 0.4684217618977884, 0.4580191517987502, 0.4474257444599267, 0.436649106876031, 0.4256976244064423, 0.4145805160047408, 0.40330784665935826, 0.3918905368399752, 0.38034036853617936, 0.368669987623311, 0.3568929020703533, 0.3450234757271582, 0.33307691712864007, 0.3210692628894428, 0.30901735518238965, 0.2969388127296698, 0.284851994814555, 0.27277595772900887, 0.2607304031416846, 0.24873561797392407, 0.23681240536886417, 0.22498200667202267, 0.21326601430510794, 0.2016862760984397, 0.19026479157341986, 0.17902360157940697, 0.1679846728922127, 0.1571697801739685, 0.14660038792261018, 0.1362975358637008, 0.12628173093878167, 0.1165728489394712, 0.10719004778713678, 0.09815169258221101, 0.0894752896322786, 0.08117742293009861, 0.07327368162319786, 0.06577856239843312, 0.0587053268058819, 0.052065791651853856, 0.04587003346186681, 0.04012599571802717, 0.03483900182626294, 0.03001119668038858, 0.0256409620477065, 0.021722372157642857, 0.018244769193241746, 0.0, 0.0, 0.0, 0.0, 0.0, 0.0, 0.0, 0.0, 0.0, 0.0, 0.0, 0.0, 0.0, 0.0, 0.0, 0.0, 0.0, 0.0, 0.0, 0.0, 0.0, 0.0, 0.0, 0.0, 0.0, 0.0, 0.0, 0.0, 0.0, 0.0, 0.0, 0.0, 0.0, 0.0, 0.0, 0.0, 0.0, 0.0, 0.0, 0.0, 0.0, 0.0, 0.0, 0.0, 0.0, 0.0, 0.0, 0.0, 0.0, 0.0, 0.0, 0.0, 0.0, 0.0, 0.0, 0.0, 0.0, 0.0, 0.0, 0.0, 0.0, 0.0, 0.0, 0.0, 0.0, 0.0, 0.0, 0.0, 0.0, 0.0, 0.0, 0.0, 0.0, 0.0, 0.0, 0.0, 0.0, 0.0, 0.0, 0.0, 0.0, 0.0, 0.0, 0.0, 0.0, 0.0, 0.0, 0.0, 0.0, 0.0, 0.0, 0.0, 0.0, 0.0, 0.0, 0.0, 0.0, 0.0, 0.0, 0.0, 0.0, 0.0, 0.0, 0.0, 0.0, 0.0, 0.0, 0.0, 0.0, 0.0, 0.0, 0.0, 0.0, 0.0, 0.0, 0.0, 0.0, 0.0, 0.0], []]
ci/cs (-) matrix: 
[[], [], [], [0.8681209875327833, 0.8680650958181951, 0.8680063878331804, 0.8679447216050495, 0.8678799479955491, 0.8678119103380847, 0.8677404440564676, 0.8676653762639362, 0.8675865253422176, 0.8675037004982745, 0.8674167012988908, 0.8673253171813561, 0.8672293269382064, 0.867128498176585, 0.8670225867486662, 0.8669113361530673, 0.8667944769052, 0.8666717258746485, 0.8665427855858855, 0.8664073434946383, 0.8662650712011442, 0.8661156236475334, 0.8659586382598434, 0.8657937340472933, 0.8656205106536682, 0.8654385473579086, 0.8652474020211057, 0.8650466099762781, 0.8648356828587516, 0.8646141073720611, 0.8643813439862122, 0.864136825563361, 0.8638799559096914, 0.863610108241972, 0.8633266235712092, 0.8630288089919009, 0.862715935874945, 0.8623872379537041, 0.8620419093003449, 0.8616791021804502, 0.861297924781982, 0.8608974388040549, 0.8604766569027803, 0.8600345399753341, 0.8595699942773056, 0.859081868355755, 0.8585689497880157, 0.8580299617079279, 0.8574635591031465, 0.8568683248675134, 0.8562427655862017, 0.8555853070341952, 0.8548942893597888, 0.854167961933773, 0.8534044778291868, 0.8526018879043731, 0.8517581344552565, 0.8508710443933082, 0.8499383219199746, 0.8489575406382535, 0.8479261350646166, 0.846841391480166, 0.8457004380714153, 0.8445002342782623, 0.8432375593038242, 0.8419089996971137, 0.8405109359212871, 0.8390395278344955, 0.8374906989746554, 0.8358601195438854, 0.8341431879905303, 0.8323350110637473, 0.8304303822044246, 0.8284237581531513, 0.8263092336088114, 0.8240805138175404, 0.8217308848959833, 0.8192531817643376, 0.8166397535021437, 0.8138824259605767, 0.8109724615049495, 0.8079005156882066, 0.8046565907850396, 0.8012299860443055, 0.7976092446056237, 0.7937820971197003, 0.7897354020873599, 0.7854550831569211, 0.7809260636848384, 0.7761321990617225, 0.7710562075370279, 0.7656796006224836, 0.7599826144561682, 0.7539441440648242, 0.7475416829683249, 0.7407512714349059, 0.7335474574695573, 0.7259032758004716, 0.7177902514272618, 0.7091784358332279, 0.7000364858533885, 0.690331797226874, 0.6800307072334272, 0.6690987833950384, 0.6575012177735307, 0.645203349098369, 0.6321713368932458, 0.6183730135534193, 0.6037789399037408, 0.588363688181517, 0.5721073708968933, 0.5549974249712658, 0.5370306453450556, 0.5182154414810366, 0.4985742606960137, 0.47814608603500763, 0.4569888731582436, 0.4351817436407777, 0.4128267060740489, 0.3900496394980591, 0.3670002541979089, 0.34385075587157254, 0.32079298950827506, 0.2980339348698812, 0.27578956975204083, 0.2542772966788209, 0.23370732634393865, 0.21427359765387044, 0.19614495314493705, 0.17945735058459308, 0.16430785001057377, 0.15265587800423097, 0.14016755910182313, 0.1293801108667209, 0.12020389318816482, 0.11251866087447467, 0.1061826626435776, 0.10104169088808357, 0.0969373915943583, 0.09371434739445046, 0.09122566047547848, 0.08933695483168178, 0.0879288696222283, 0.08689822075194571, 0.08615806809433846, 0.08563694854025675, 0.08527752946802375, 0.08503491267420905, 0.08487478301163882, 0.08477155519901299, 0.08470663098449589, 0.08466684030458058, 0.08464310640799098, 0.08462934741460396, 0.08462160601996034, 0.08461738498406281, 0.08461515806248854, 0.08461402315422475, 0.08461346541107917, 0.08461320157435236, 0.08461308167022862, 0.08461302942341913, 0.08461300764141978, 0.08461299897204004, 0.08461299568562125, 0.08461299450191331, 0.08461299409785629, 0.08461299396749411, 0.08461299392785278, 0.0846129939165249, 0.08461299391349239, 0.08461299391273433, 0.08461299391255798, 0.08461299391251995, 0.08461299391251237, 0.084612993912511, 0.08461299391251074, 0.0846129939125107, 0.0846129939125107, 0.0846129939125107, 0.0846129939125107, 0.0846129939125107, 0.0846129939125107, 0.0846129939125107, 0.0846129939125107, 0.0846129939125107, 0.0846129939125107, 0.0846129939125107, 0.0846129939125107, 0.0846129939125107, 0.0846129939125107, 0.0846129939125107, 0.0846129939125107, 0.0846129939125107, 0.0846129939125107, 0.0846129939125107, 0.0846129939125107, 0.0846129939125107, 0.0846129939125107, 0.0846129939125107, 0.0846129939125107, 0.0846129939125107, 0.0846129939125107, 0.0846129939125107, 0.0846129939125107, 0.0846129939125107, 0.0846129939125107, 0.0846129939125107, 0.0846129939125107, 0.0846129939125107, 0.0846129939125107, 0.0846129939125107, 0.0846129939125107, 0.0846129939125107, 0.0846129939125107, 0.0846129939125107, 0.0846129939125107, 0.0846129939125107, 0.0846129939125107, 0.0846129939125107, 0.0846129939125107, 0.0846129939125107, 0.0846129939125107, 0.0846129939125107, 0.0846129939125107, 0.0846129939125107, 0.0846129939125107, 0.0846129939125107, 0.0846129939125107, 0.0846129939125107, 0.0846129939125107, 0.0846129939125107, 0.0846129939125107, 0.0846129939125107, 0.0846129939125107, 0.0846129939125107, 0.0846129939125107, 0.0846129939125107, 0.0846129939125107, 0.0846129939125107, 0.0846129939125107, 0.0846129939125107, 0.0846129939125107, 0.0846129939125107, 0.0846129939125107, 0.0846129939125107, 0.0846129939125107, 0.0846129939125107, 0.0846129939125107, 0.0846129939125107], []]