[array([0.0e+00, 1.0e-05, 2.0e-05, 3.0e-05, 4.0e-05, 5.0e-05, 6.0e-05,
       7.0e-05, 8.0e-05, 9.0e-05, 1.0e-04, 1.1e-04, 1.2e-04, 1.3e-04,
       1.4e-04, 1.5e-04, 1.6e-04, 1.7e-04, 1.8e-04, 1.9e-04, 2.0e-04,
       2.1e-04, 2.2e-04, 2.3e-04, 2.4e-04, 2.5e-04, 2.6e-04, 2.7e-04,
       2.8e-04, 2.9e-04, 3.0e-04, 3.1e-04, 3.2e-04, 3.3e-04, 3.4e-04,
       3.5e-04, 3.6e-04, 3.7e-04, 3.8e-04, 3.9e-04, 4.0e-04, 4.1e-04,
       4.2e-04, 4.3e-04, 4.4e-04, 4.5e-04, 4.6e-04, 4.7e-04, 4.8e-04,
       4.9e-04, 5.0e-04, 5.1e-04, 5.2e-04, 5.3e-04, 5.4e-04, 5.5e-04,
       5.6e-04, 5.7e-04, 5.8e-04, 5.9e-04, 6.0e-04, 6.1e-04, 6.2e-04,
       6.3e-04, 6.4e-04, 6.5e-04, 6.6e-04, 6.7e-04, 6.8e-04, 6.9e-04,
       7.0e-04, 7.1e-04, 7.2e-04, 7.3e-04, 7.4e-04, 7.5e-04, 7.6e-04,
       7.7e-04, 7.8e-04, 7.9e-04, 8.0e-04, 8.1e-04, 8.2e-04, 8.3e-04,
       8.4e-04, 8.5e-04, 8.6e-04, 8.7e-04, 8.8e-04, 8.9e-04, 9.0e-04,
       9.1e-04, 9.2e-04, 9.3e-04, 9.4e-04, 9.5e-04, 9.6e-04, 9.7e-04,
       9.8e-04, 9.9e-04]), array([0.1 , 0.11, 0.12, 0.13, 0.14, 0.15, 0.16, 0.17, 0.18, 0.19, 0.2 ,
       0.21, 0.22, 0.23, 0.24, 0.25, 0.26, 0.27, 0.28, 0.29, 0.3 , 0.31,
       0.32, 0.33, 0.34, 0.35, 0.36, 0.37, 0.38, 0.39, 0.4 , 0.41, 0.42,
       0.43, 0.44, 0.45, 0.46, 0.47, 0.48, 0.49, 0.5 , 0.51, 0.52, 0.53,
       0.54, 0.55, 0.56, 0.57, 0.58, 0.59, 0.6 , 0.61, 0.62, 0.63, 0.64,
       0.65, 0.66, 0.67, 0.68, 0.69, 0.7 , 0.71, 0.72, 0.73, 0.74, 0.75,
       0.76, 0.77, 0.78, 0.79, 0.8 , 0.81, 0.82, 0.83, 0.84, 0.85, 0.86,
       0.87, 0.88, 0.89]), array([-30, -25, -20, -15, -10,  -5,   0,   5,  10,  15,  20,  25,  30,
        35,  40,  45]), array([  -200,   -300,   -400,   -500,   -600,   -700,   -800,   -900,
        -1000,  -1100,  -1200,  -1300,  -1400,  -1500,  -1600,  -1700,
        -1800,  -1900,  -2000,  -2100,  -2200,  -2300,  -2400,  -2500,
        -2600,  -2700,  -2800,  -2900,  -3000,  -3100,  -3200,  -3300,
        -3400,  -3500,  -3600,  -3700,  -3800,  -3900,  -4000,  -4100,
        -4200,  -4300,  -4400,  -4500,  -4600,  -4700,  -4800,  -4900,
        -5000,  -5100,  -5200,  -5300,  -5400,  -5500,  -5600,  -5700,
        -5800,  -5900,  -6000,  -6100,  -6200,  -6300,  -6400,  -6500,
        -6600,  -6700,  -6800,  -6900,  -7000,  -7100,  -7200,  -7300,
        -7400,  -7500,  -7600,  -7700,  -7800,  -7900,  -8000,  -8100,
        -8200,  -8300,  -8400,  -8500,  -8600,  -8700,  -8800,  -8900,
        -9000,  -9100,  -9200,  -9300,  -9400,  -9500,  -9600,  -9700,
        -9800,  -9900, -10000, -10100, -10200, -10300, -10400, -10500,
       -10600, -10700, -10800, -10900, -11000, -11100, -11200, -11300,
       -11400, -11500, -11600, -11700, -11800, -11900, -12000, -12100,
       -12200, -12300, -12400, -12500, -12600, -12700, -12800, -12900,
       -13000, -13100, -13200, -13300, -13400, -13500, -13600, -13700,
       -13800, -13900, -14000, -14100, -14200, -14300, -14400, -14500,
       -14600, -14700, -14800, -14900, -15000, -15100, -15200, -15300,
       -15400, -15500, -15600, -15700, -15800, -15900, -16000, -16100,
       -16200, -16300, -16400, -16500, -16600, -16700, -16800, -16900,
       -17000, -17100, -17200, -17300, -17400, -17500, -17600, -17700,
       -17800, -17900, -18000, -18100, -18200, -18300, -18400, -18500,
       -18600, -18700, -18800, -18900, -19000, -19100, -19200, -19300,
       -19400, -19500, -19600, -19700, -19800, -19900]), array([0.1, 0.6, 1.1, 1.6, 2.1, 2.6, 3.1, 3.6, 4.1, 4.6, 5.1, 5.6]), array([0.0001 , 0.00015, 0.0002 , 0.00025, 0.0003 , 0.00035, 0.0004 ,
       0.00045, 0.0005 , 0.00055, 0.0006 , 0.00065, 0.0007 , 0.00075,
       0.0008 , 0.00085, 0.0009 , 0.00095])]