input parameters: {'a1': 3, 'a2': 1.6, 'a3': 1.7, 'alpha': 0.2, 'alpha2': 1.5, 'anc': 5.35, 'arn': 1.8351, 'beta': 5, 'bnc': 0.44, 'brn': -1.5075, 'c': 38.6, 'Chl/N': 3.7, 'cs': 0.00035, 'd': 0.04, 'D0': 1.67, 'DMcrit': 1.55, 'Eac': 59430, 'Eaj': 37000, 'Eao': 36000, 'Eard': 53000, 'Eav': 58520, 'Edj': 220000, 'Edv': 220000, 'FRN': 0.28, 'fwr': 0.09308, 'g0': 0.0, 'gamma0': 2.8e-05, 'gamma1': 0.0509, 'gamma2': 0.001, 'JmaxrefChl1': 2.78, 'JmaxrefChl2': 18.45, 'Kc_ref': 0.000302, 'Ko_ref': 0.256, 'Mh2o': 18, 'Ncmin': 4.4, 'oi': 0.21, 'Patm': 101, 'pi_g0': -1000, 'p_lcrit': -0.869, 'R': 8.3143, 'Rd_ref': 3.2e-07, 'rho_h2o': 1, 'rho_p': 0.35, 'S': 700, 'sh': 0.00037650000000000004, 'Tref': 293.2, 'theta': 0.9, 'VcmaxrefChl1': 0.64, 'VcmaxrefChl2': 4.165} 0.00010996, 0.00010996, 0.00010996, 0.00010996, 0.00010996,
       0.00010996, 0.00010996, 0.00010996]), Vcmax array([0.00010925, 0.00010925, 0.00010925, 0.00010925, 0.00010925,
       0.00010925, 0.00010925, 0.00010925, 0.00010925, 0.00010925,
       0.00010925, 0.00010925, 0.00010925, 0.00010925, 0.00010925,
       0.00010925, 0.00010925, 0.00010925, 0.00010925, 0.00010925,
       0.00010925, 0.00010925, 0.00010925, 0.00010925, 0.00010925,
       0.00010925, 0.00010925, 0.00010925, 0.00010925, 0.00010925,
       0.00010925, 0.00010925, 0.00010925]), Ko 0.25535599968418027, Kc 0.0003007468573461234, Γ* 2.7928809999999983e-05, Jrefmax array([0.00018693, 0.00018693, 0.00018693, 0.00018693, 0.00018693,
       0.00018693, 0.00018693, 0.00018693, 0.00018693, 0.00018693,
       0.00018693, 0.00018693, 0.00018693, 0.00018693, 0.00018693,
       0.00018693, 0.00018693, 0.00018693, 0.00018693, 0.00018693,
       0.00018693, 0.00018693, 0.00018693, 0.00018693, 0.00018693,
       0.00018693, 0.00018693, 0.00018693, 0.00018693, 0.00018693,
       0.00018693, 0.00018693, 0.00018693]), Jmax array([0.00018601, 0.00018601, 0.00018601, 0.00018601, 0.00018601,
       0.00018601, 0.00018601, 0.00018601, 0.00018601, 0.00018601,
       0.00018601, 0.00018601, 0.00018601, 0.00018601, 0.00018601,
       0.00018601, 0.00018601, 0.00018601, 0.00018601, 0.00018601,
       0.00018601, 0.00018601, 0.00018601, 0.00018601, 0.00018601,
       0.00018601, 0.00018601, 0.00018601, 0.00018601, 0.00018601,
       0.00018601, 0.00018601, 0.00018601]), J array([0.00013896, 0.00013896, 0.00013896, 0.00013896, 0.00013896,
       0.00013896, 0.00013896, 0.00013896, 0.00013896, 0.00013896,
       0.00013896, 0.00013896, 0.00013896, 0.00013896, 0.00013896,
       0.00013896, 0.00013896, 0.00013896, 0.00013896, 0.00013896,
       0.00013896, 0.00013896, 0.00013896, 0.00013896, 0.00013896,
       0.00013896, 0.00013896, 0.00013896, 0.00013896, 0.00013896,
       0.00013896, 0.00013896, 0.00013896])************************************************************************************************************************
Loop n°1
An (mol CO2 m-2 s-1) matrix: 
array([3.7719911e-05, 3.7719911e-05, 3.7719911e-05, 3.7719911e-05,
       3.7719911e-05, 3.7719911e-05, 3.7719911e-05, 3.7719911e-05,
       3.7719911e-05, 3.7719911e-05, 3.7719911e-05, 3.7719911e-05,
       3.7719911e-05, 3.7719911e-05, 3.7719911e-05, 3.7719911e-05,
       3.7719911e-05, 3.7719911e-05, 3.7719911e-05, 3.7719911e-05,
       3.7719911e-05, 3.7719911e-05, 3.7719911e-05, 3.7719911e-05,
       3.7719911e-05, 3.7719911e-05, 3.7719911e-05, 3.7719911e-05,
       3.7719911e-05, 3.7719911e-05, 3.7719911e-05, 3.7719911e-05,
       3.7719911e-05])
Rd (mol CO2 m-2 s-1) matrix: 
3.188155647758479e-07
Vc (mol CO2 m-2 s-1) matrix: 
array([3.91813754e-05, 3.91813754e-05, 3.91813754e-05, 3.91813754e-05,
       3.91813754e-05, 3.91813754e-05, 3.91813754e-05, 3.91813754e-05,
       3.91813754e-05, 3.91813754e-05, 3.91813754e-05, 3.91813754e-05,
       3.91813754e-05, 3.91813754e-05, 3.91813754e-05, 3.91813754e-05,
       3.91813754e-05, 3.91813754e-05, 3.91813754e-05, 3.91813754e-05,
       3.91813754e-05, 3.91813754e-05, 3.91813754e-05, 3.91813754e-05,
       3.91813754e-05, 3.91813754e-05, 3.91813754e-05, 3.91813754e-05,
       3.91813754e-05, 3.91813754e-05, 3.91813754e-05, 3.91813754e-05,
       3.91813754e-05])
Vj (mol CO2 m-2 s-1) matrix: 
array([3.80387266e-05, 3.80387266e-05, 3.80387266e-05, 3.80387266e-05,
       3.80387266e-05, 3.80387266e-05, 3.80387266e-05, 3.80387266e-05,
       3.80387266e-05, 3.80387266e-05, 3.80387266e-05, 3.80387266e-05,
       3.80387266e-05, 3.80387266e-05, 3.80387266e-05, 3.80387266e-05,
       3.80387266e-05, 3.80387266e-05, 3.80387266e-05, 3.80387266e-05,
       3.80387266e-05, 3.80387266e-05, 3.80387266e-05, 3.80387266e-05,
       3.80387266e-05, 3.80387266e-05, 3.80387266e-05, 3.80387266e-05,
       3.80387266e-05, 3.80387266e-05, 3.80387266e-05, 3.80387266e-05,
       3.80387266e-05])
gco2 (mol CO2 m-2 s-1) matrix: 
array([0.3441497, 0.3441497, 0.3441497, 0.3441497, 0.3441497, 0.3441497,
       0.3441497, 0.3441497, 0.3441497, 0.3441497, 0.3441497, 0.3441497,
       0.3441497, 0.3441497, 0.3441497, 0.3441497, 0.3441497, 0.3441497,
       0.3441497, 0.3441497, 0.3441497, 0.3441497, 0.3441497, 0.3441497,
       0.3441497, 0.3441497, 0.3441497, 0.3441497, 0.3441497, 0.3441497,
       0.3441497, 0.3441497, 0.3441497])
ci (mol mol-1) matrix: 
array([0.00026782, 0.00026782, 0.00026782, 0.00026782, 0.00026782,
       0.00026782, 0.00026782, 0.00026782, 0.00026782, 0.00026782,
       0.00026782, 0.00026782, 0.00026782, 0.00026782, 0.00026782,
       0.00026782, 0.00026782, 0.00026782, 0.00026782, 0.00026782,
       0.00026782, 0.00026782, 0.00026782, 0.00026782, 0.00026782,
       0.00026782, 0.00026782, 0.00026782, 0.00026782, 0.00026782,
       0.00026782, 0.00026782, 0.00026782])
ci/cs (-) matrix: 
[0.7652034808664675, 0.7652034808664675, 0.7652034808664675, 0.7652034808664675, 0.7652034808664675, 0.7652034808664675, 0.7652034808664675, 0.7652034808664675, 0.7652034808664675, 0.7652034808664675, 0.7652034808664675, 0.7652034808664675, 0.7652034808664675, 0.7652034808664675, 0.7652034808664675, 0.7652034808664675, 0.7652034808664675, 0.7652034808664675, 0.7652034808664675, 0.7652034808664675, 0.7652034808664675, 0.7652034808664675, 0.7652034808664675, 0.7652034808664675, 0.7652034808664675, 0.7652034808664675, 0.7652034808664675, 0.7652034808664675, 0.7652034808664675, 0.7652034808664675, 0.7652034808664675, 0.7652034808664675, 0.7652034808664675]
p_l (cm) matrix: 
array([-590.60427168, -591.14354329, -586.23055717, -586.78252063,
       -582.05839538, -582.62246582, -578.0817299 , -578.65734002,
       -574.2947881 , -574.88138733, -570.69207273, -571.2891265 ,
       -567.26835401, -567.87534289, -564.01866197, -564.63508096,
       -560.93827927, -561.56363706, -558.02273434, -558.6565526 ,
       -555.26779491, -555.90960758, -552.66946182, -553.31881445,
       -550.22396326, -550.88041236, -547.92774929, -548.59086165,
       -545.77748665, -546.44683875, -543.77005397, -544.44523133,
       -541.9025372 , -542.58313381, -540.17222541, -540.85784312,
       -538.57660683, -539.26685478, -537.11336521, -537.80785926,
       -535.78037647, -536.47873866, -534.57570562, -535.27756357,
       -533.49760391, -534.20259035, -532.54450635, -533.25225854,
       -531.7150294 , -532.4251886 , -531.00796896, -531.72017994,
       -530.42229864, -531.13620915, -529.95716828, -530.67242852,
       -529.61190266, -530.32816482, -529.38600061, -530.1029183 ,
       -529.27913419, -529.99636199, -529.29114827, -530.0083412 ,
       -529.42206029, -530.13887334])
fw (-) matrix0.966213139700882

p_g (cm) matrix: 
[-447.86191275769386, -447.86191275769386, -447.86191275769386, -447.86191275769386, -447.86191275769386, -447.86191275769386, -447.86191275769386, -447.86191275769386, -447.86191275769386, -447.86191275769386, -447.86191275769386, -447.86191275769386, -447.86191275769386, -447.86191275769386, -447.86191275769386, -447.86191275769386, -447.86191275769386, -447.86191275769386, -447.86191275769386, -447.86191275769386, -447.86191275769386, -447.86191275769386, -447.86191275769386, -447.86191275769386, -447.86191275769386, -447.86191275769386, -447.86191275769386, -447.86191275769386, -447.86191275769386, -447.86191275769386, -447.86191275769386, -447.8619127576941, -447.8619127576941]

Jw (cm3 cm-2 d-1) matrix: 
array([0.99096726, 0.99096726, 0.99096726, 0.99096726, 0.99096726,
       0.99096726, 0.99096726, 0.99096726, 0.99096726, 0.99096726,
       0.99096726, 0.99096726, 0.99096726, 0.99096726, 0.99096726,
       0.99096726, 0.99096726, 0.99096726, 0.99096726, 0.99096726,
       0.99096726, 0.99096726, 0.99096726, 0.99096726, 0.99096726,
       0.99096726, 0.99096726, 0.99096726, 0.99096726, 0.99096726,
       0.99096726, 0.99096726, 0.99096726])
************************************************************************************************************************
Loop n°2
An (mol CO2 m-2 s-1) matrix: 
array([3.18046186e-05, 3.18046186e-05, 3.18046186e-05, 3.18046186e-05,
       3.18046186e-05, 3.18046186e-05, 3.18046186e-05, 3.18046186e-05,
       3.18046186e-05, 3.18046186e-05, 3.18046186e-05, 3.18046186e-05,
       3.18046186e-05, 3.18046186e-05, 3.18046186e-05, 3.18046186e-05,
       3.18046186e-05, 3.18046186e-05, 3.18046186e-05, 3.18046186e-05,
       3.18046186e-05, 3.18046186e-05, 3.18046186e-05, 3.18046186e-05,
       3.18046186e-05, 3.18046186e-05, 3.18046186e-05, 3.18046186e-05,
       3.18046186e-05, 3.18046186e-05, 3.18046186e-05, 3.18046186e-05,
       3.18046186e-05])
Rd (mol CO2 m-2 s-1) matrix: 
3.188155647758479e-07
Vc (mol CO2 m-2 s-1) matrix: 
array([3.21234342e-05, 3.21234342e-05, 3.21234342e-05, 3.21234342e-05,
       3.21234342e-05, 3.21234342e-05, 3.21234342e-05, 3.21234342e-05,
       3.21234342e-05, 3.21234342e-05, 3.21234342e-05, 3.21234342e-05,
       3.21234342e-05, 3.21234342e-05, 3.21234342e-05, 3.21234342e-05,
       3.21234342e-05, 3.21234342e-05, 3.21234342e-05, 3.21234342e-05,
       3.21234342e-05, 3.21234342e-05, 3.21234342e-05, 3.21234342e-05,
       3.21234342e-05, 3.21234342e-05, 3.21234342e-05, 3.21234342e-05,
       3.21234342e-05, 3.21234342e-05, 3.21234342e-05, 3.21234342e-05,
       3.21234342e-05])
Vj (mol CO2 m-2 s-1) matrix: 
array([3.93175923e-05, 3.93175923e-05, 3.93175923e-05, 3.93175923e-05,
       3.93175923e-05, 3.93175923e-05, 3.93175923e-05, 3.93175923e-05,
       3.93175923e-05, 3.93175923e-05, 3.93175923e-05, 3.93175923e-05,
       3.93175923e-05, 3.93175923e-05, 3.93175923e-05, 3.93175923e-05,
       3.93175923e-05, 3.93175923e-05, 3.93175923e-05, 3.93175923e-05,
       3.93175923e-05, 3.93175923e-05, 3.93175923e-05, 3.93175923e-05,
       3.93175923e-05, 3.93175923e-05, 3.93175923e-05, 3.93175923e-05,
       3.93175923e-05, 3.93175923e-05, 3.93175923e-05, 3.93175923e-05,
       3.93175923e-05])
gco2 (mol CO2 m-2 s-1) matrix: 
array([0.38877639, 0.38880177, 0.38882595, 0.38884896, 0.38887084,
       0.38889163, 0.38891136, 0.38893007, 0.38894778, 0.38896452,
       0.38898033, 0.38899523, 0.38900923, 0.38902237, 0.38903467,
       0.38904613, 0.3890568 , 0.38906667, 0.38907577, 0.38908411,
       0.3890917 , 0.38909856, 0.38910469, 0.38911012, 0.38911483,
       0.38911885, 0.38912218, 0.38912483, 0.38912679, 0.38912807,
       0.38912868, 0.38912861, 0.38912787])
ci (mol mol-1) matrix: 
array([0.00026749, 0.00026749, 0.0002675 , 0.0002675 , 0.0002675 ,
       0.00026751, 0.00026751, 0.00026751, 0.00026752, 0.00026752,
       0.00026752, 0.00026752, 0.00026753, 0.00026753, 0.00026753,
       0.00026753, 0.00026753, 0.00026753, 0.00026754, 0.00026754,
       0.00026754, 0.00026754, 0.00026754, 0.00026754, 0.00026754,
       0.00026754, 0.00026754, 0.00026754, 0.00026754, 0.00026754,
       0.00026754, 0.00026754, 0.00026754])
ci/cs (-) matrix: 
[0.7642526247433529, 0.7642640523766614, 0.7642749356284128, 0.7642852928004109, 0.7642951412371033, 0.7643044973652224, 0.7643133767309386, 0.7643217940346677, 0.7643297631636661, 0.7643372972225376, 0.7643444085617627, 0.7643511088043577, 0.7643574088707583, 0.7643633190020177, 0.7643688487814002, 0.7643740071544463, 0.7643788024475778, 0.7643832423853086, 0.7643873341061161, 0.7643910841770276, 0.7643944986069728, 0.7643975828589417, 0.7644003418609906, 0.7644027800161315, 0.7644049012111351, 0.7644067088242789, 0.7644082057320591, 0.7644093943148969, 0.7644102764618446, 0.7644108535743203, 0.7644111265688699, 0.7644110958789753, 0.7644107614559071]
p_l (cm) matrix: 
array([-751.63646444, -752.93551063, -754.24213713, -755.52100676,
       -756.68573328, -757.94547795, -758.97681999, -760.21844607,
       -761.12446096, -762.34893188, -763.13723793, -764.34547636,
       -765.02327108, -766.21616106, -766.79023833, -767.96862731,
       -768.44539373, -769.61009447, -769.9955847 , -771.14737723,
       -771.44726847, -772.58690187, -772.80652756, -773.93472173,
       -774.07908435, -775.19653171, -775.27031486, -776.37768199,
       -776.38526163, -777.48319088, -777.42864591, -778.51775692,
       -778.40487894, -779.48577014, -779.31807261, -780.39132271,
       -780.17204935, -781.23821869, -780.97035124, -782.02998323,
       -781.71624855, -782.76987096, -782.41274751, -783.46087383,
       -783.06259751, -784.1057282 , -783.66829757, -784.70692132,
       -784.23210226, -785.26669724, -784.75602693, -785.78706198,
       -785.24185241, -786.26978825, -785.69112906, -786.71641946,
       -786.10518023, -787.12827317, -786.4851052 , -787.50644402,
       -786.83178146, -787.85180601, -787.14586644, -788.16501422,
       -787.42779876, -788.44650604])
fw (-) matrixarray([0.96097159, 0.96103433, 0.96109409, 0.96115097, 0.96120506,
       0.96125644, 0.96130522, 0.96135146, 0.96139523, 0.96143663,
       0.9614757 , 0.96151251, 0.96154713, 0.96157961, 0.96161   ,
       0.96163835, 0.9616647 , 0.96168911, 0.9617116 , 0.96173221,
       0.96175098, 0.96176793, 0.9617831 , 0.9617965 , 0.96180816,
       0.9618181 , 0.96182633, 0.96183286, 0.96183771, 0.96184088,
       0.96184238, 0.96184222, 0.96184038])

p_g (cm) matrix: 
[-870.7185485682448, -866.3712178039543, -862.2241973956416, -858.2714711511828, -854.507304633098, -850.9262368556772, -847.5230723773655, -844.2928737770428, -841.2309545034093, -838.3328720871987, -835.5944217064688, -833.0116300957236, -830.5807497901073, -828.2982536963889, -826.160829982935, -824.1653772813108, -822.3090001926057, -820.5890050920123, -819.0028962256179, -817.5483720937889, -816.2233221159356, -815.02582357185, -813.9541388152148, -813.0067127552652, -812.1821706029668, -811.4793158784744, -810.8971286769856, -810.4347641904957, -810.0915514833222, -809.8669925196302, -809.7607614415599, -809.7727040969103, -809.9028378157041]

Jw (cm3 cm-2 d-1) matrix: 
array([1.11883619, 1.1189163 , 1.11899262, 1.11906526, 1.11913435,
       1.1192    , 1.11926231, 1.1193214 , 1.11937735, 1.11943025,
       1.1194802 , 1.11952726, 1.11957152, 1.11961304, 1.1196519 ,
       1.11968815, 1.11972185, 1.11975306, 1.11978183, 1.11980819,
       1.1198322 , 1.11985389, 1.11987329, 1.11989044, 1.11990535,
       1.11991807, 1.1199286 , 1.11993696, 1.11994316, 1.11994722,
       1.11994914, 1.11994892, 1.11994657])
************************************************************************************************************************
Loop n°3
An (mol CO2 m-2 s-1) matrix: 
array([3.17731444e-05, 3.17735228e-05, 3.17738832e-05, 3.17742261e-05,
       3.17745522e-05, 3.17748620e-05, 3.17751561e-05, 3.17754348e-05,
       3.17756987e-05, 3.17759481e-05, 3.17761836e-05, 3.17764055e-05,
       3.17766141e-05, 3.17768098e-05, 3.17769929e-05, 3.17771637e-05,
       3.17773224e-05, 3.17774694e-05, 3.17776049e-05, 3.17777291e-05,
       3.17778421e-05, 3.17779443e-05, 3.17780356e-05, 3.17781163e-05,
       3.17781866e-05, 3.17782464e-05, 3.17782960e-05, 3.17783353e-05,
       3.17783646e-05, 3.17783837e-05, 3.17783927e-05, 3.17783917e-05,
       3.17783806e-05])
Rd (mol CO2 m-2 s-1) matrix: 
3.188155647758479e-07
Vc (mol CO2 m-2 s-1) matrix: 
array([3.20919599e-05, 3.20923383e-05, 3.20926987e-05, 3.20930417e-05,
       3.20933678e-05, 3.20936776e-05, 3.20939716e-05, 3.20942504e-05,
       3.20945142e-05, 3.20947637e-05, 3.20949992e-05, 3.20952210e-05,
       3.20954296e-05, 3.20956253e-05, 3.20958084e-05, 3.20959792e-05,
       3.20961380e-05, 3.20962850e-05, 3.20964205e-05, 3.20965447e-05,
       3.20966577e-05, 3.20967598e-05, 3.20968512e-05, 3.20969319e-05,
       3.20970021e-05, 3.20970620e-05, 3.20971116e-05, 3.20971509e-05,
       3.20971801e-05, 3.20971992e-05, 3.20972083e-05, 3.20972073e-05,
       3.20971962e-05])
Vj (mol CO2 m-2 s-1) matrix: 
array([3.93247905e-05, 3.93247039e-05, 3.93246214e-05, 3.93245429e-05,
       3.93244682e-05, 3.93243973e-05, 3.93243300e-05, 3.93242662e-05,
       3.93242057e-05, 3.93241486e-05, 3.93240947e-05, 3.93240439e-05,
       3.93239962e-05, 3.93239514e-05, 3.93239095e-05, 3.93238704e-05,
       3.93238340e-05, 3.93238004e-05, 3.93237694e-05, 3.93237410e-05,
       3.93237151e-05, 3.93236917e-05, 3.93236708e-05, 3.93236523e-05,
       3.93236362e-05, 3.93236225e-05, 3.93236112e-05, 3.93236022e-05,
       3.93235955e-05, 3.93235911e-05, 3.93235891e-05, 3.93235893e-05,
       3.93235918e-05])
gco2 (mol CO2 m-2 s-1) matrix: 
array([0.38797177, 0.38795381, 0.38793692, 0.38792105, 0.38790614,
       0.38789214, 0.38787899, 0.38786665, 0.38785507, 0.3878442 ,
       0.38783401, 0.38782446, 0.38781552, 0.38780713, 0.38779929,
       0.38779194, 0.38778507, 0.38777865, 0.38777266, 0.38776707,
       0.38776185, 0.387757  , 0.3877525 , 0.38774832, 0.38774445,
       0.38774089, 0.38773761, 0.38773461, 0.38773188, 0.38772942,
       0.38772721, 0.38772526, 0.38772356])
ci (mol mol-1) matrix: 
array([0.00026734, 0.00026733, 0.00026733, 0.00026733, 0.00026733,
       0.00026732, 0.00026732, 0.00026732, 0.00026732, 0.00026732,
       0.00026732, 0.00026732, 0.00026731, 0.00026731, 0.00026731,
       0.00026731, 0.00026731, 0.00026731, 0.00026731, 0.00026731,
       0.00026731, 0.00026731, 0.00026731, 0.0002673 , 0.0002673 ,
       0.0002673 , 0.0002673 , 0.0002673 , 0.0002673 , 0.0002673 ,
       0.0002673 , 0.0002673 , 0.0002673 ])
ci/cs (-) matrix: 
[0.7638166050266325, 0.7638093713669533, 0.7638025814047368, 0.763796209732126, 0.7637902321773415, 0.7637846257645899, 0.7637793686749036, 0.763774440208005, 0.7637698207452858, 0.7637654917139659, 0.7637614355525052, 0.7637576356773058, 0.7637540764507607, 0.7637507431506739, 0.7637476219410885, 0.7637446998445394, 0.7637419647157525, 0.7637394052168022, 0.7637370107937376, 0.7637347716546843, 0.7637326787494256, 0.7637307237504667, 0.7637288990355818, 0.7637271976718445, 0.7637256134011392, 0.7637241406271545, 0.7637227744038537, 0.7637215104254215, 0.763720345017688, 0.7637192751310249, 0.7637182983347166, 0.7637174128128033, 0.7637166173614016]
p_l (cm) matrix: 
array([-843.94971423, -845.447405  , -850.67489678, -852.16056353,
       -857.1345541 , -858.60850099, -863.33454896, -864.79709069,
       -869.2805867 , -870.73204753, -874.97821046, -876.41892329,
       -880.43279684, -881.86310234, -885.64955203, -887.0697979 ,
       -890.63350828, -892.04404851, -895.38952077, -896.79071497,
       -899.92226478, -901.31447761, -904.23623317, -905.61983376,
       -908.33573415, -909.71109561, -912.22488928, -913.59238826,
       -915.9076317 , -917.26764795, -919.3877046 , -920.7406206 ,
       -922.66865982, -924.01486046, -925.75385667, -927.09372893,
       -928.64646087, -929.98039356, -931.34944364, -932.67782714,
       -933.86558092, -935.18880699, -936.19745269, -937.51591424,
       -938.34744236, -939.66153332, -940.31773628, -941.62785142,
       -942.11032333, -943.41685815, -943.72699452, -945.03034514,
       -945.16934274, -946.46990577, -946.43876245, -947.73693492,
       -947.53644951, -948.83262881, -948.46340099, -949.75798477,
       -949.22041505, -950.51380117, -949.80809079, -951.10067727,
       -950.22682824, -951.51901321])
fw (-) matrixarray([0.95858216, 0.9585426 , 0.95850546, 0.95847061, 0.95843792,
       0.95840726, 0.95837852, 0.95835157, 0.95832631, 0.95830264,
       0.95828046, 0.95825968, 0.95824023, 0.958222  , 0.95820494,
       0.95818897, 0.95817401, 0.95816002, 0.95814693, 0.95813469,
       0.95812325, 0.95811257, 0.95810259, 0.95809329, 0.95808464,
       0.95807659, 0.95806912, 0.95806221, 0.95805584, 0.95804999,
       0.95804465, 0.95803981, 0.95803547])

p_g (cm) matrix: 
[-1031.4863204681037, -1034.067930971508, -1036.488830439911, -1038.7585166531594, -1040.88598741037, -1042.8797618883611, -1044.7479009081655, -1046.498026150696, -1048.1373383605794, -1049.6726345750983, -1051.1103244132596, -1052.456445458092, -1053.716677763454, -1054.896357514861, -1056.000489872137, -1057.0337610200124, -1058.0005494512066, -1058.9049365049452, -1059.750716182355, -1060.541404258698, -1061.280246710954, -1061.9702274778672, -1062.614075568188, -1063.2142715314992, -1063.7730533047015, -1064.292421445929, -1064.7741437664117, -1065.2197593695344, -1065.630582105116, -1066.0077034457156, -1066.3519947905575, -1066.6641092014852, -1066.9444825741484]

Jw (cm3 cm-2 d-1) matrix: 
array([1.11626021, 1.11620434, 1.11615183, 1.11610249, 1.11605614,
       1.11601261, 1.11597175, 1.11593341, 1.11589743, 1.11586368,
       1.11583204, 1.11580238, 1.11577459, 1.11574856, 1.11572419,
       1.11570138, 1.11568006, 1.11566012, 1.1156415 , 1.11562413,
       1.11560794, 1.11559286, 1.11557886, 1.11556586, 1.11555383,
       1.11554273, 1.11553252, 1.11552317, 1.11551466, 1.11550695,
       1.11550005, 1.11549392, 1.11548857])
************************************************************************************************************************
Loop n°4
An (mol CO2 m-2 s-1) matrix: 
array([3.17587031e-05, 3.17584634e-05, 3.17582385e-05, 3.17580274e-05,
       3.17578294e-05, 3.17576437e-05, 3.17574695e-05, 3.17573063e-05,
       3.17571532e-05, 3.17570098e-05, 3.17568754e-05, 3.17567495e-05,
       3.17566316e-05, 3.17565212e-05, 3.17564178e-05, 3.17563210e-05,
       3.17562304e-05, 3.17561456e-05, 3.17560663e-05, 3.17559921e-05,
       3.17559227e-05, 3.17558580e-05, 3.17557975e-05, 3.17557412e-05,
       3.17556887e-05, 3.17556399e-05, 3.17555946e-05, 3.17555527e-05,
       3.17555141e-05, 3.17554787e-05, 3.17554463e-05, 3.17554170e-05,
       3.17553906e-05])
Rd (mol CO2 m-2 s-1) matrix: 
3.188155647758479e-07
Vc (mol CO2 m-2 s-1) matrix: 
array([3.20775186e-05, 3.20772790e-05, 3.20770541e-05, 3.20768430e-05,
       3.20766450e-05, 3.20764592e-05, 3.20762851e-05, 3.20761218e-05,
       3.20759688e-05, 3.20758254e-05, 3.20756910e-05, 3.20755651e-05,
       3.20754472e-05, 3.20753368e-05, 3.20752334e-05, 3.20751366e-05,
       3.20750459e-05, 3.20749612e-05, 3.20748818e-05, 3.20748076e-05,
       3.20747383e-05, 3.20746735e-05, 3.20746131e-05, 3.20745567e-05,
       3.20745042e-05, 3.20744554e-05, 3.20744102e-05, 3.20743683e-05,
       3.20743297e-05, 3.20742943e-05, 3.20742619e-05, 3.20742326e-05,
       3.20742062e-05])
Vj (mol CO2 m-2 s-1) matrix: 
array([3.93280989e-05, 3.93281538e-05, 3.93282054e-05, 3.93282538e-05,
       3.93282992e-05, 3.93283417e-05, 3.93283817e-05, 3.93284191e-05,
       3.93284542e-05, 3.93284871e-05, 3.93285179e-05, 3.93285467e-05,
       3.93285738e-05, 3.93285991e-05, 3.93286228e-05, 3.93286450e-05,
       3.93286657e-05, 3.93286852e-05, 3.93287034e-05, 3.93287204e-05,
       3.93287363e-05, 3.93287511e-05, 3.93287650e-05, 3.93287779e-05,
       3.93287899e-05, 3.93288011e-05, 3.93288115e-05, 3.93288211e-05,
       3.93288299e-05, 3.93288381e-05, 3.93288455e-05, 3.93288522e-05,
       3.93288583e-05])
gco2 (mol CO2 m-2 s-1) matrix: 
array([0.38746658, 0.38742491, 0.38738478, 0.38734613, 0.38730897,
       0.38727326, 0.38723899, 0.38720613, 0.38717467, 0.38714457,
       0.38711583, 0.38708842, 0.38706232, 0.38703752, 0.387014  ,
       0.38699174, 0.38697072, 0.38695093, 0.38693236, 0.38691498,
       0.3868988 , 0.38688378, 0.38686994, 0.38685724, 0.38684569,
       0.38683527, 0.38682598, 0.3868178 , 0.38681075, 0.3868048 ,
       0.38679996, 0.38679622, 0.38679358])
ci (mol mol-1) matrix: 
array([0.00026724, 0.00026724, 0.00026723, 0.00026722, 0.00026722,
       0.00026721, 0.00026721, 0.0002672 , 0.0002672 , 0.00026719,
       0.00026719, 0.00026718, 0.00026718, 0.00026717, 0.00026717,
       0.00026717, 0.00026716, 0.00026716, 0.00026716, 0.00026715,
       0.00026715, 0.00026715, 0.00026715, 0.00026715, 0.00026714,
       0.00026714, 0.00026714, 0.00026714, 0.00026714, 0.00026714,
       0.00026714, 0.00026714, 0.00026713])
ci/cs (-) matrix: 
[0.7635545817557443, 0.7635351666068646, 0.7635164711796903, 0.7634984839958664, 0.7634811936746763, 0.7634645889651323, 0.763448658776224, 0.763433392205397, 0.7634187785653191, 0.7634048074090132, 0.7633914685534087, 0.7633787521013906, 0.7633666484624022, 0.7633551483716686, 0.7633442429081048, 0.7633339235109644, 0.7633241819952926, 0.7633150105662371, 0.7633064018322706, 0.7632983488173802, 0.763290844972268, 0.7632838841846136, 0.7632774607884403, 0.763271569572624, 0.763266205788587, 0.7632613651572057, 0.7632570438749672, 0.763253238619403, 0.7632499465538211, 0.7632471653313628, 0.763244893098398, 0.7632431284972767, 0.7632418706684466]
p_l (cm) matrix: 
array([ -899.80268466,  -901.40530274,  -909.02795856,  -910.62320947,
        -917.93288859,  -919.52093533,  -926.52107857,  -928.10209067,
        -934.79604754,  -936.37020082,  -942.76122657,  -944.32870294,
        -950.41995572,  -951.98094299,  -957.77548113,  -959.33017272,
        -964.83095216,  -966.37954693,  -971.5894187 ,  -973.13212071,
        -978.05382856,  -979.59084683,  -984.22702498,  -985.7585733 ,
        -990.11174425,  -991.63804092,  -995.71061349,  -997.23188111,
       -1001.02614844, -1002.54261368, -1006.06075145, -1007.57264484,
       -1010.81670955, -1012.32426525, -1015.29619264, -1016.79964824,
       -1019.50125177, -1021.00084805, -1023.43381751, -1024.92979826,
       -1027.09569853, -1028.58831029, -1030.48858013, -1031.97807202,
       -1033.61402299, -1035.10064651, -1036.47346201, -1037.95747079,
       -1039.06820519, -1040.54985483, -1041.39943266, -1042.87898051,
       -1043.46819583, -1044.9459008 , -1045.27541659, -1046.75153893,
       -1046.82188664, -1048.29668778, -1048.1082669 , -1049.58200922,
       -1049.13508704, -1050.60803369, -1049.90274508, -1051.3751598 ,
       -1050.41150711, -1051.88365402])
fw (-) matrixarray([0.95715049, 0.95704454, 0.95694253, 0.95684439, 0.95675008,
       0.95665951, 0.95657264, 0.9564894 , 0.95640973, 0.95633357,
       0.95626086, 0.95619156, 0.9561256 , 0.95606293, 0.95600352,
       0.9559473 , 0.95589423, 0.95584427, 0.95579739, 0.95575353,
       0.95571266, 0.95567476, 0.95563978, 0.9556077 , 0.9555785 ,
       0.95555214, 0.95552862, 0.9555079 , 0.95548998, 0.95547484,
       0.95546247, 0.95545286, 0.95544602])

p_g (cm) matrix: 
[-1123.4980919018367, -1130.1845784865866, -1136.60689374218, -1142.7708876405995, -1148.68225232954, -1154.3465174475173, -1159.769045892807, -1164.955030010747, -1169.9094881660753, -1174.6372616690096, -1179.1430120256923, -1183.4312184854737, -1187.5061758592399, -1191.371992584667, -1195.0325890158576, -1198.491695916335, -1201.7528531358075, -1204.819408452496, -1207.6945165641334, -1210.3811382120098, -1212.8820394236443, -1215.1997908608241, -1217.3367672608747, -1219.2951469600994, -1221.0769114893596, -1222.6838452327863, -1224.1175351415723, -1225.3793704957598, -1226.4705427078509, -1227.392045162976, -1228.1446730912407, -1228.7290234687475, -1229.145494944644]

Jw (cm3 cm-2 d-1) matrix: 
array([1.11465778, 1.11452711, 1.11440124, 1.11428011, 1.11416363,
       1.11405175, 1.11394438, 1.11384147, 1.11374293, 1.11364872,
       1.11355875, 1.11347297, 1.11339131, 1.11331372, 1.11324014,
       1.11317051, 1.11310478, 1.1130429 , 1.11298482, 1.1129305 ,
       1.11287989, 1.11283297, 1.11278967, 1.11274999, 1.11271388,
       1.11268131, 1.11265227, 1.11262672, 1.11260466, 1.11258606,
       1.11257092, 1.11255923, 1.11255097])
************************************************************************************************************************
Loop n°5
An (mol CO2 m-2 s-1) matrix: 
array([3.17500221e-05, 3.17493788e-05, 3.17487593e-05, 3.17481633e-05,
       3.17475903e-05, 3.17470401e-05, 3.17465122e-05, 3.17460063e-05,
       3.17455221e-05, 3.17450591e-05, 3.17446170e-05, 3.17441956e-05,
       3.17437945e-05, 3.17434134e-05, 3.17430520e-05, 3.17427100e-05,
       3.17423872e-05, 3.17420832e-05, 3.17417979e-05, 3.17415310e-05,
       3.17412823e-05, 3.17410516e-05, 3.17408387e-05, 3.17406435e-05,
       3.17404657e-05, 3.17403053e-05, 3.17401621e-05, 3.17400360e-05,
       3.17399269e-05, 3.17398347e-05, 3.17397594e-05, 3.17397009e-05,
       3.17396592e-05])
Rd (mol CO2 m-2 s-1) matrix: 
3.188155647758479e-07
Vc (mol CO2 m-2 s-1) matrix: 
array([3.20688376e-05, 3.20681943e-05, 3.20675748e-05, 3.20669788e-05,
       3.20664059e-05, 3.20658557e-05, 3.20653278e-05, 3.20648219e-05,
       3.20643376e-05, 3.20638746e-05, 3.20634326e-05, 3.20630112e-05,
       3.20626101e-05, 3.20622290e-05, 3.20618676e-05, 3.20615256e-05,
       3.20612027e-05, 3.20608988e-05, 3.20606135e-05, 3.20603466e-05,
       3.20600979e-05, 3.20598672e-05, 3.20596543e-05, 3.20594591e-05,
       3.20592813e-05, 3.20591209e-05, 3.20589776e-05, 3.20588515e-05,
       3.20587424e-05, 3.20586502e-05, 3.20585749e-05, 3.20585164e-05,
       3.20584748e-05])
Vj (mol CO2 m-2 s-1) matrix: 
array([3.93300894e-05, 3.93302369e-05, 3.93303790e-05, 3.93305157e-05,
       3.93306472e-05, 3.93307734e-05, 3.93308945e-05, 3.93310105e-05,
       3.93311217e-05, 3.93312279e-05, 3.93313293e-05, 3.93314260e-05,
       3.93315180e-05, 3.93316055e-05, 3.93316884e-05, 3.93317669e-05,
       3.93318410e-05, 3.93319108e-05, 3.93319762e-05, 3.93320375e-05,
       3.93320946e-05, 3.93321475e-05, 3.93321964e-05, 3.93322412e-05,
       3.93322820e-05, 3.93323188e-05, 3.93323517e-05, 3.93323806e-05,
       3.93324057e-05, 3.93324268e-05, 3.93324441e-05, 3.93324575e-05,
       3.93324671e-05])
gco2 (mol CO2 m-2 s-1) matrix: 
array([0.38715113, 0.38709434, 0.38703933, 0.38698609, 0.38693462,
       0.38688492, 0.38683698, 0.38679081, 0.38674639, 0.38670373,
       0.38666281, 0.38662364, 0.38658622, 0.38655053, 0.38651657,
       0.38648435, 0.38645385, 0.38642507, 0.38639801, 0.38637267,
       0.38634904, 0.38632711, 0.3863069 , 0.38628838, 0.38627156,
       0.38625644, 0.38624302, 0.38623129, 0.38622125, 0.3862129 ,
       0.38620625, 0.38620128, 0.386198  ])
ci (mol mol-1) matrix: 
array([0.00026719, 0.00026718, 0.00026717, 0.00026716, 0.00026715,
       0.00026714, 0.00026713, 0.00026713, 0.00026712, 0.00026711,
       0.00026711, 0.0002671 , 0.00026709, 0.00026709, 0.00026708,
       0.00026708, 0.00026707, 0.00026707, 0.00026706, 0.00026706,
       0.00026705, 0.00026705, 0.00026705, 0.00026704, 0.00026704,
       0.00026704, 0.00026703, 0.00026703, 0.00026703, 0.00026703,
       0.00026703, 0.00026703, 0.00026703])
ci/cs (-) matrix: 
[0.7633915109417385, 0.7633642754786937, 0.7633378945113871, 0.763312366690577, 0.7632876904985216, 0.7632638642687629, 0.7632408862055896, 0.7632187544031278, 0.7631974668640262, 0.763177021517695, 0.7631574162380652, 0.763138648860835, 0.7631207172001783, 0.7631036190648811, 0.7630873522738884, 0.7630719146712324, 0.7630573041403271, 0.7630435186176042, 0.7630305561054792, 0.7630184146846257, 0.7630070925255518, 0.7629965878994559, 0.7629868991883612, 0.7629780248945085, 0.7629699636490069, 0.7629627142197285, 0.7629562755184423, 0.7629506466071807, 0.7629458267038333, 0.7629418151869636, 0.7629386115998414, 0.7629362156536948, 0.7629346272301698]
p_l (cm) matrix: 
array([ -933.89669901,  -935.56188653,  -944.64883034,  -946.30944713,
        -955.04791902,  -956.70406428,  -965.09620189,  -966.7479788 ,
        -974.79586418,  -976.44337978,  -984.14903758,  -985.79240269,
        -993.15779835,  -994.79712745, -1001.82416547, -1003.45957659,
       -1010.15009888, -1011.7817135 , -1018.13749775, -1019.76544069,
       -1025.7881988 , -1027.41259811, -1033.10397472, -1034.72496153,
       -1040.08653257, -1041.70424101, -1046.73751234, -1048.35207939,
       -1053.05848549, -1054.67005087, -1059.05095358, -1060.65965961,
       -1064.71634699, -1066.32233846, -1070.05602363, -1071.65944771,
       -1075.07126783, -1076.6722739 , -1079.76328919, -1081.3620287 ,
       -1084.13322153, -1085.7298479 , -1088.18212194, -1089.77679039,
       -1091.91096984, -1093.50383729, -1095.32066617, -1096.91189109,
       -1098.41203261, -1100.00177485, -1101.18581084, -1102.77423154,
       -1103.64266196, -1105.22992338, -1105.78316588, -1107.36943128,
       -1107.60782087, -1109.19325435, -1109.11704308, -1110.70180944,
       -1110.31116623, -1111.89543086, -1111.19044131, -1112.77437001,
       -1111.75503637, -1113.33879523])
fw (-) matrixarray([0.95626109, 0.95611267, 0.95596893, 0.95582987, 0.95569548,
       0.95556575, 0.95544066, 0.9553202 , 0.95520435, 0.95509311,
       0.95498646, 0.95488438, 0.95478686, 0.95469389, 0.95460545,
       0.95452154, 0.95444212, 0.9543672 , 0.95429676, 0.95423079,
       0.95416928, 0.95411222, 0.95405959, 0.95401139, 0.95396761,
       0.95392824, 0.95389327, 0.9538627 , 0.95383653, 0.95381475,
       0.95379736, 0.95378435, 0.95377572])

p_g (cm) matrix: 
[-1179.1540376977393, -1188.3310580887128, -1197.1892232637867, -1205.732137177346, -1213.9633186636838, -1221.88619830899, -1229.504115431672, -1236.8203151725927, -1243.837945696391, -1250.5600555046437, -1256.9895908612941, -1263.1293933304696, -1268.9821974265524, -1274.5506283761374, -1279.8371999913343, -1284.8443126537013, -1289.5742514079777, -1294.0291841646822, -1298.2111600105588, -1302.1221076258087, -1305.7638338070121, -1309.1380220946241, -1312.2462315039406, -1315.0898953584492, -1317.6703202245085, -1319.9886849463528, -1322.0460397804761, -1323.8433056285162, -1325.3812733678394, -1326.660603279112, -1327.6818245702345, -1328.445334996115, -1328.9514005738536]

Jw (cm3 cm-2 d-1) matrix: 
array([1.11366031, 1.11348212, 1.11330955, 1.1131426 , 1.11298124,
       1.11282547, 1.11267528, 1.11253064, 1.11239153, 1.11225796,
       1.11212989, 1.11200731, 1.11189021, 1.11177857, 1.11167237,
       1.11157161, 1.11147625, 1.11138629, 1.11130172, 1.11122252,
       1.11114867, 1.11108017, 1.111017  , 1.11095916, 1.11090663,
       1.11085941, 1.11081748, 1.11078084, 1.11074949, 1.11072342,
       1.11070263, 1.11068711, 1.11067686])
************************************************************************************************************************
Loop n°6
An (mol CO2 m-2 s-1) matrix: 
array([3.17446184e-05, 3.17437159e-05, 3.17428416e-05, 3.17419956e-05,
       3.17411778e-05, 3.17403881e-05, 3.17396266e-05, 3.17388930e-05,
       3.17381875e-05, 3.17375098e-05, 3.17368600e-05, 3.17362379e-05,
       3.17356436e-05, 3.17350768e-05, 3.17345376e-05, 3.17340259e-05,
       3.17335416e-05, 3.17330846e-05, 3.17326549e-05, 3.17322524e-05,
       3.17318771e-05, 3.17315289e-05, 3.17312077e-05, 3.17309135e-05,
       3.17306463e-05, 3.17304059e-05, 3.17301925e-05, 3.17300059e-05,
       3.17298461e-05, 3.17297131e-05, 3.17296069e-05, 3.17295275e-05,
       3.17294748e-05])
Rd (mol CO2 m-2 s-1) matrix: 
3.188155647758479e-07
Vc (mol CO2 m-2 s-1) matrix: 
array([3.20634340e-05, 3.20625314e-05, 3.20616572e-05, 3.20608112e-05,
       3.20599933e-05, 3.20592037e-05, 3.20584421e-05, 3.20577086e-05,
       3.20570030e-05, 3.20563254e-05, 3.20556756e-05, 3.20550535e-05,
       3.20544591e-05, 3.20538924e-05, 3.20533532e-05, 3.20528415e-05,
       3.20523571e-05, 3.20519002e-05, 3.20514705e-05, 3.20510680e-05,
       3.20506927e-05, 3.20503444e-05, 3.20500232e-05, 3.20497291e-05,
       3.20494618e-05, 3.20492215e-05, 3.20490080e-05, 3.20488214e-05,
       3.20486616e-05, 3.20485287e-05, 3.20484225e-05, 3.20483430e-05,
       3.20482904e-05])
Vj (mol CO2 m-2 s-1) matrix: 
array([3.93313290e-05, 3.93315361e-05, 3.93317367e-05, 3.93319309e-05,
       3.93321186e-05, 3.93322998e-05, 3.93324746e-05, 3.93326430e-05,
       3.93328049e-05, 3.93329605e-05, 3.93331097e-05, 3.93332525e-05,
       3.93333890e-05, 3.93335191e-05, 3.93336429e-05, 3.93337604e-05,
       3.93338716e-05, 3.93339766e-05, 3.93340753e-05, 3.93341677e-05,
       3.93342539e-05, 3.93343339e-05, 3.93344076e-05, 3.93344752e-05,
       3.93345366e-05, 3.93345918e-05, 3.93346408e-05, 3.93346837e-05,
       3.93347204e-05, 3.93347509e-05, 3.93347753e-05, 3.93347936e-05,
       3.93348057e-05])
gco2 (mol CO2 m-2 s-1) matrix: 
array([0.3869555 , 0.3868892 , 0.38682482, 0.38676238, 0.38670187,
       0.38664332, 0.38658673, 0.38653211, 0.38647947, 0.38642882,
       0.38638016, 0.3863335 , 0.38628885, 0.3862462 , 0.38620558,
       0.38616698, 0.3861304 , 0.38609586, 0.38606336, 0.3860329 ,
       0.38600448, 0.38597811, 0.38595379, 0.38593152, 0.38591131,
       0.38589316, 0.38587707, 0.38586304, 0.38585107, 0.38584118,
       0.38583335, 0.38582759, 0.38582389])
ci (mol mol-1) matrix: 
array([0.00026715, 0.00026714, 0.00026713, 0.00026712, 0.00026711,
       0.0002671 , 0.00026709, 0.00026708, 0.00026707, 0.00026706,
       0.00026705, 0.00026705, 0.00026704, 0.00026703, 0.00026702,
       0.00026702, 0.00026701, 0.00026701, 0.000267  , 0.00026699,
       0.00026699, 0.00026699, 0.00026698, 0.00026698, 0.00026697,
       0.00026697, 0.00026697, 0.00026697, 0.00026696, 0.00026696,
       0.00026696, 0.00026696, 0.00026696])
ci/cs (-) matrix: 
[0.7632902413233186, 0.7632580651731253, 0.7632268193107777, 0.7631965091384887, 0.7631671397806522, 0.7631387160929337, 0.7631112426713845, 0.7630847238615476, 0.7630591637675236, 0.7630345662609698, 0.7630109349900003, 0.7629882733879605, 0.7629665846820485, 0.7629458719017574, 0.7629261378871124, 0.762907385296675, 0.7628896166153003, 0.7628728341616128, 0.7628570400951877, 0.7628422364234149, 0.762828425008025, 0.7628156075712619, 0.7628037857016833, 0.7627929608595734, 0.7627831343819536, 0.7627743074871777, 0.7627664812790994, 0.7627596567507997, 0.7627538347878665, 0.7627490161712162, 0.7627452015794493, 0.7627423915907355, 0.7627405866842208]
p_l (cm) matrix: 
array([ -954.739823  ,  -956.44310508,  -966.42546578,  -968.12588135,
        -977.73815688,  -979.43576829,  -988.67929905,  -990.37417108,
        -999.25026263, -1000.94246247, -1009.45238438, -1011.14198154,
       -1019.28696627, -1020.97403252, -1028.75527436, -1030.43988369,
       -1037.8585377 , -1039.54076624, -1046.59794728, -1048.27787322,
       -1054.97465495, -1056.65235848, -1062.98977244, -1064.66533572,
       -1070.64437042, -1072.31787743, -1077.9394775 , -1079.61101403,
       -1084.87607941, -1086.54573296, -1091.45511809, -1093.1229778 ,
       -1097.6774909 , -1099.34364746, -1103.54404983, -1105.20859541,
       -1109.05560075, -1110.71862893, -1114.21290273, -1115.8745084 ,
       -1119.01666738, -1120.67694666, -1123.46755821, -1125.12660838,
       -1127.56619007, -1129.22410946, -1131.31312863, -1132.97001657,
       -1134.70888986, -1136.36484656, -1137.75393961, -1139.40906609,
       -1140.4486932 , -1142.10309119, -1142.79351504, -1144.44728691,
       -1144.78871833, -1146.441967  , -1146.43456482, -1148.08739364,
       -1147.73126453, -1149.38377722, -1148.67897558, -1150.33127615,
       -1149.27780411, -1150.92999673])
fw (-) matrixarray([0.95570937, 0.95553418, 0.95536409, 0.95519914, 0.95503935,
       0.95488475, 0.95473534, 0.95459117, 0.95445223, 0.95431856,
       0.95419016, 0.95406705, 0.95394925, 0.95383678, 0.95372963,
       0.95362783, 0.95353139, 0.95344032, 0.95335461, 0.9532743 ,
       0.95319937, 0.95312985, 0.95306573, 0.95300703, 0.95295374,
       0.95290588, 0.95286345, 0.95282645, 0.95279489, 0.95276877,
       0.95274809, 0.95273286, 0.95272307])

p_g (cm) matrix: 
[-1213.1248544234995, -1223.8226740776017, -1234.1690272853468, -1244.1661594940624, -1253.8162641204633, -1263.1214806268847, -1272.0838926479632, -1280.7055261693624, -1288.9883477600747, -1296.9342628597199, -1304.5451141222138, -1311.8226798170647, -1318.7686722895057, -1325.3847364805774, -1331.672448508208, -1337.633314310268, -1343.2687683504978, -1348.5801723881596, -1353.5688143121738, -1358.2359070404736, -1362.5825874852144, -1366.6099155844568, -1370.3188734008593, -1373.710364287885, -1376.7852121239694, -1379.5441606150548, -1381.9878726658478, -1384.116929820123, -1385.9318317703464, -1387.432995936861, -1388.620757116837, -1389.4953672031515, -1390.0569949733306]

Jw (cm3 cm-2 d-1) matrix: 
array([1.11304268, 1.11283468, 1.11263278, 1.112437  , 1.11224739,
       1.11206395, 1.11188671, 1.1117157 , 1.11155092, 1.11139241,
       1.11124017, 1.11109423, 1.11095459, 1.11082127, 1.11069429,
       1.11057366, 1.11045939, 1.11035149, 1.11024996, 1.11015483,
       1.11006609, 1.10998375, 1.10990783, 1.10983833, 1.10977525,
       1.1097186 , 1.10966839, 1.10962462, 1.10958729, 1.1095564 ,
       1.10953197, 1.10951399, 1.10950247])
************************************************************************************************************************
Loop n°7
An (mol CO2 m-2 s-1) matrix: 
array([3.17412623e-05, 3.17401959e-05, 3.17391603e-05, 3.17381557e-05,
       3.17371823e-05, 3.17362402e-05, 3.17353295e-05, 3.17344505e-05,
       3.17336032e-05, 3.17327878e-05, 3.17320045e-05, 3.17312532e-05,
       3.17305342e-05, 3.17298476e-05, 3.17291934e-05, 3.17285717e-05,
       3.17279826e-05, 3.17274262e-05, 3.17269025e-05, 3.17264117e-05,
       3.17259538e-05, 3.17255289e-05, 3.17251369e-05, 3.17247780e-05,
       3.17244522e-05, 3.17241595e-05, 3.17239000e-05, 3.17236737e-05,
       3.17234807e-05, 3.17233209e-05, 3.17231944e-05, 3.17231013e-05,
       3.17230414e-05])
Rd (mol CO2 m-2 s-1) matrix: 
3.188155647758479e-07
Vc (mol CO2 m-2 s-1) matrix: 
array([3.20600779e-05, 3.20590115e-05, 3.20579759e-05, 3.20569713e-05,
       3.20559979e-05, 3.20550557e-05, 3.20541451e-05, 3.20532660e-05,
       3.20524188e-05, 3.20516034e-05, 3.20508200e-05, 3.20500688e-05,
       3.20493498e-05, 3.20486631e-05, 3.20480089e-05, 3.20473872e-05,
       3.20467981e-05, 3.20462417e-05, 3.20457181e-05, 3.20452273e-05,
       3.20447694e-05, 3.20443444e-05, 3.20439525e-05, 3.20435936e-05,
       3.20432677e-05, 3.20429751e-05, 3.20427156e-05, 3.20424893e-05,
       3.20422963e-05, 3.20421365e-05, 3.20420100e-05, 3.20419168e-05,
       3.20418570e-05])
Vj (mol CO2 m-2 s-1) matrix: 
array([3.93320991e-05, 3.93323439e-05, 3.93325816e-05, 3.93328122e-05,
       3.93330357e-05, 3.93332520e-05, 3.93334611e-05, 3.93336629e-05,
       3.93338575e-05, 3.93340447e-05, 3.93342246e-05, 3.93343972e-05,
       3.93345623e-05, 3.93347200e-05, 3.93348703e-05, 3.93350131e-05,
       3.93351485e-05, 3.93352763e-05, 3.93353966e-05, 3.93355094e-05,
       3.93356146e-05, 3.93357122e-05, 3.93358023e-05, 3.93358848e-05,
       3.93359596e-05, 3.93360269e-05, 3.93360865e-05, 3.93361385e-05,
       3.93361829e-05, 3.93362196e-05, 3.93362487e-05, 3.93362701e-05,
       3.93362838e-05])
gco2 (mol CO2 m-2 s-1) matrix: 
array([0.38683482, 0.38676259, 0.38669238, 0.3866242 , 0.38655806,
       0.38649399, 0.38643199, 0.3863721 , 0.38631432, 0.38625867,
       0.38620516, 0.3861538 , 0.38610462, 0.38605761, 0.3860128 ,
       0.3859702 , 0.38592981, 0.38589165, 0.38585572, 0.38582204,
       0.38579061, 0.38576143, 0.38573453, 0.3857099 , 0.38568755,
       0.38566749, 0.38564972, 0.38563424, 0.38562107, 0.38561019,
       0.38560162, 0.38559536, 0.38559141])
ci (mol mol-1) matrix: 
array([0.00026713, 0.00026712, 0.00026711, 0.00026709, 0.00026708,
       0.00026707, 0.00026706, 0.00026705, 0.00026704, 0.00026703,
       0.00026702, 0.00026701, 0.000267  , 0.000267  , 0.00026699,
       0.00026698, 0.00026697, 0.00026697, 0.00026696, 0.00026696,
       0.00026695, 0.00026695, 0.00026694, 0.00026694, 0.00026693,
       0.00026693, 0.00026693, 0.00026692, 0.00026692, 0.00026692,
       0.00026692, 0.00026692, 0.00026692])
ci/cs (-) matrix: 
[0.7632276760641865, 0.7631924163067637, 0.7631581312503244, 0.763124830651225, 0.7630925239328101, 0.763061220186975, 0.7630309281758768, 0.7630016563337778, 0.762973412769, 0.7629462052659771, 0.7629200412873837, 0.7628949279763279, 0.7628708721585856, 0.7628478803448665, 0.7628259587330897, 0.7628051132106561, 0.762785349356704, 0.7627666724443293, 0.7627490874427592, 0.7627325990194644, 0.7627172115421983, 0.7627029290809478, 0.7626897554097885, 0.7626776940086286, 0.7626667480648365, 0.7626569204747361, 0.7626482138449683, 0.7626406304937049, 0.7626341724517122, 0.7626288414632525, 0.7626246389868276, 0.762621566195747, 0.762619623978529]
p_l (cm) matrix: 
array([ -967.4850203 ,  -969.21158028,  -979.74149676,  -981.4662317 ,
        -991.61285596,  -993.33580588, -1003.09999082, -1004.82119727,
       -1014.20377351, -1015.92327953, -1024.92505466, -1026.64290473,
       -1035.26466264, -1036.98090265, -1045.22340287, -1046.93808009,
       -1054.80205712, -1056.51522015, -1064.00138286, -1065.71308159,
       -1072.8221126 , -1074.53239816, -1081.26495325, -1082.97387799,
       -1089.33058557, -1091.03820298, -1097.01966353, -1098.72602823,
       -1104.33281379, -1106.03798146, -1111.27063516, -1112.9746625 ,
       -1117.83369807, -1119.53664276, -1124.02254411, -1125.72446475,
       -1129.83768555, -1131.53864162, -1135.27960492, -1136.9796567 ,
       -1140.34875459, -1142.04796314, -1145.04555636, -1146.74398347,
       -1149.37040115, -1151.06810926, -1153.32364863, -1155.02070081,
       -1156.90562694, -1158.60208679, -1160.11663236, -1161.81256402,
       -1162.95692914, -1164.65239717, -1165.4267492 , -1167.12181856,
       -1167.52629196, -1169.22102797, -1169.25572419, -1170.95019242,
       -1170.61517984, -1172.30944611, -1171.60475994, -1173.29889023,
       -1172.22453252, -1173.91859292])
fw (-) matrixarray([0.95536876, 0.95517687, 0.95499035, 0.95480923, 0.95463357,
       0.95446341, 0.95429879, 0.95413975, 0.95398634, 0.95383859,
       0.95369654, 0.95356022, 0.95342967, 0.95330492, 0.953186  ,
       0.95307293, 0.95296575, 0.95286448, 0.95276915, 0.95267978,
       0.95259638, 0.95251898, 0.9524476 , 0.95238226, 0.95232296,
       0.95226972, 0.95222256, 0.95218149, 0.95214652, 0.95211765,
       0.95209489, 0.95207825, 0.95206773])

p_g (cm) matrix: 
[-1233.8918037512694, -1245.5193546903974, -1256.7755827088754, -1267.6619046376504, -1278.1797044114066, -1288.3303318764044, -1298.1151016280523, -1307.5352918792078, -1316.5921433601884, -1325.2868582514286, -1333.6205991496868, -1341.5944880686852, -1349.20960547502, -1356.4669893601485, -1363.3676343492316, -1369.9124908475646, -1376.1024642253074, -1381.9384140411807, -1387.4211533057598, -1392.5514477849704, -1397.3300153443497, -1401.7575253345972, -1405.834598018914, -1409.561804042582, -1412.9396639452145, -1415.9686477160544, -1418.6491743926817, -1420.981611703438, -1422.9662757538545, -1424.603430757328, -1425.8932888102527, -1426.8360097117868, -1427.4317008283904]

Jw (cm3 cm-2 d-1) matrix: 
array([1.11266198, 1.11243545, 1.11221532, 1.11200162, 1.11179441,
       1.11159373, 1.11139964, 1.11121217, 1.11103137, 1.11085729,
       1.11068994, 1.11052939, 1.11037565, 1.11022877, 1.11008878,
       1.1099557 , 1.10982957, 1.10971042, 1.10959826, 1.10949312,
       1.10939504, 1.10930401, 1.10922008, 1.10914325, 1.10907354,
       1.10901097, 1.10895554, 1.10890728, 1.10886619, 1.10883228,
       1.10880556, 1.10878603, 1.10877371])
************************************************************************************************************************
Loop n°8
An (mol CO2 m-2 s-1) matrix: 
array([3.17391887e-05, 3.17380201e-05, 3.17368837e-05, 3.17357799e-05,
       3.17347090e-05, 3.17336714e-05, 3.17326672e-05, 3.17316969e-05,
       3.17307606e-05, 3.17298586e-05, 3.17289912e-05, 3.17281587e-05,
       3.17273611e-05, 3.17265989e-05, 3.17258721e-05, 3.17251809e-05,
       3.17245256e-05, 3.17239064e-05, 3.17233233e-05, 3.17227766e-05,
       3.17222664e-05, 3.17217928e-05, 3.17213560e-05, 3.17209560e-05,
       3.17205930e-05, 3.17202672e-05, 3.17199785e-05, 3.17197270e-05,
       3.17195128e-05, 3.17193361e-05, 3.17191967e-05, 3.17190948e-05,
       3.17190304e-05])
Rd (mol CO2 m-2 s-1) matrix: 
3.188155647758479e-07
Vc (mol CO2 m-2 s-1) matrix: 
array([3.20580043e-05, 3.20568356e-05, 3.20556993e-05, 3.20545955e-05,
       3.20535246e-05, 3.20524869e-05, 3.20514828e-05, 3.20505125e-05,
       3.20495762e-05, 3.20486742e-05, 3.20478068e-05, 3.20469742e-05,
       3.20461767e-05, 3.20454144e-05, 3.20446876e-05, 3.20439965e-05,
       3.20433412e-05, 3.20427219e-05, 3.20421389e-05, 3.20415921e-05,
       3.20410819e-05, 3.20406083e-05, 3.20401715e-05, 3.20397716e-05,
       3.20394086e-05, 3.20390827e-05, 3.20387940e-05, 3.20385426e-05,
       3.20383284e-05, 3.20381516e-05, 3.20380123e-05, 3.20379104e-05,
       3.20378460e-05])
Vj (mol CO2 m-2 s-1) matrix: 
array([3.93325751e-05, 3.93328434e-05, 3.93331042e-05, 3.93333577e-05,
       3.93336036e-05, 3.93338418e-05, 3.93340724e-05, 3.93342953e-05,
       3.93345103e-05, 3.93347175e-05, 3.93349168e-05, 3.93351080e-05,
       3.93352912e-05, 3.93354664e-05, 3.93356334e-05, 3.93357922e-05,
       3.93359428e-05, 3.93360851e-05, 3.93362191e-05, 3.93363447e-05,
       3.93364620e-05, 3.93365708e-05, 3.93366712e-05, 3.93367631e-05,
       3.93368466e-05, 3.93369215e-05, 3.93369879e-05, 3.93370457e-05,
       3.93370949e-05, 3.93371355e-05, 3.93371676e-05, 3.93371910e-05,
       3.93372058e-05])
gco2 (mol CO2 m-2 s-1) matrix: 
array([0.38676061, 0.38668473, 0.38661091, 0.38653918, 0.38646955,
       0.38640206, 0.38633672, 0.38627356, 0.38621259, 0.38615384,
       0.38609732, 0.38604306, 0.38599106, 0.38594135, 0.38589394,
       0.38584885, 0.38580609, 0.38576567, 0.38572762, 0.38569193,
       0.38565863, 0.38562772, 0.38559921, 0.38557311, 0.38554943,
       0.38552818, 0.38550936, 0.38549298, 0.38547905, 0.38546756,
       0.38545853, 0.38545196, 0.38544784])
ci (mol mol-1) matrix: 
array([0.00026712, 0.0002671 , 0.00026709, 0.00026708, 0.00026707,
       0.00026705, 0.00026704, 0.00026703, 0.00026702, 0.00026701,
       0.000267  , 0.00026699, 0.00026698, 0.00026698, 0.00026697,
       0.00026696, 0.00026695, 0.00026695, 0.00026694, 0.00026693,
       0.00026693, 0.00026692, 0.00026692, 0.00026691, 0.00026691,
       0.0002669 , 0.0002669 , 0.0002669 , 0.0002669 , 0.00026689,
       0.00026689, 0.00026689, 0.00026689])
ci/cs (-) matrix: 
[0.7631891714961606, 0.763152002303119, 0.7631158342935874, 0.7630806799737233, 0.7630465514865915, 0.7630134606087383, 0.7629814187469653, 0.7629504369353031, 0.7629205258321713, 0.7628916957177225, 0.7628639564913577, 0.7628373176694083, 0.7628117883829761, 0.7627873773759251, 0.7627640930030124, 0.7627419432281592, 0.7627209356228464, 0.7627010773646318, 0.7626823752357828, 0.7626648356220139, 0.7626484645113274, 0.7626332674929458, 0.762619249756336, 0.7626064160903141, 0.7625947708822298, 0.7625843181172217, 0.7625750613775443, 0.7625670038419561, 0.762560148285172, 0.7625544970773699, 0.7625500521837544, 0.7625468151641724, 0.7625447871727805]
p_l (cm) matrix: 
array([ -975.27858919,  -977.01938201,  -987.88412579,  -989.62373033,
       -1000.09710671, -1001.83554938, -1011.91811318, -1013.65542133,
       -1023.34771273, -1025.08391464, -1034.38645873, -1036.12158362,
       -1045.03488997, -1046.76896792, -1055.29353017, -1057.02659213,
       -1065.16288756, -1066.89496533, -1074.64345449, -1076.37458066,
       -1083.73570699, -1085.46591493, -1092.44010438, -1094.16942825,
       -1100.75708892, -1102.48556358, -1108.68708542, -1110.41474644,
       -1116.23050091, -1117.95738453, -1123.38772425, -1125.11386736,
       -1130.15912591, -1131.88456598, -1136.54505755, -1138.26983267,
       -1142.54585182, -1144.27000061, -1148.16182203, -1149.88538363,
       -1153.39326193, -1155.11627595, -1158.24044543, -1159.96295195,
       -1162.70362641, -1164.42566593, -1166.78303849, -1168.50465187,
       -1170.47889483, -1172.20012331, -1173.79138798, -1175.5122731 ,
       -1176.7206897 , -1178.44127329, -1179.26695083, -1180.98727496,
       -1181.43030115, -1183.15040813, -1183.21084932, -1184.93078159,
       -1184.6086827 , -1186.32848289, -1185.62386739, -1187.3435782 ,
       -1186.25644808, -1187.97611232])
fw (-) matrixarray([0.95515922, 0.95495701, 0.95476031, 0.95456918, 0.95438369,
       0.95420388, 0.95402982, 0.95386157, 0.95369917, 0.95354268,
       0.95339214, 0.95324761, 0.95310913, 0.95297675, 0.9528505 ,
       0.95273043, 0.95261656, 0.95250895, 0.95240762, 0.9523126 ,
       0.95222392, 0.95214162, 0.95206571, 0.95199622, 0.95193317,
       0.95187658, 0.95182647, 0.95178286, 0.95174576, 0.95171517,
       0.95169112, 0.9516736 , 0.95166262])

p_g (cm) matrix: 
[-1246.5901250399693, -1258.7861702328926, -1270.5987584376007, -1282.0288001114623, -1293.0771844047777, -1303.7447784142305, -1314.0324264548485, -1323.9409493510784, -1333.4711437475946, -1342.6237814404217, -1351.3996087289447, -1359.7993457893547, -1367.823686070066, -1375.4732957096128, -1382.748812977525, -1389.650847738646, -1396.1799809413556, -1402.3367641301202, -1408.121718982788, -1413.5353368730116, -1418.578078458172, -1423.250373293144, -1427.5526194702293, -1431.485183285558, -1435.0483989322354, -1438.2425682204964, -1441.0679603250924, -1443.5248115601235, -1445.6133251815095, -1447.3336712172545, -1448.6859863256557, -1449.6703736815614, -1450.286902890785]

Jw (cm3 cm-2 d-1) matrix: 
array([1.11242803, 1.11219007, 1.11195867, 1.11173389, 1.11151581,
       1.11130447, 1.11109995, 1.1109023 , 1.11071158, 1.11052785,
       1.11035115, 1.11018154, 1.11001907, 1.10986377, 1.10971571,
       1.10957491, 1.10944142, 1.10931528, 1.10919652, 1.10908518,
       1.10898128, 1.10888486, 1.10879595, 1.10871457, 1.10864074,
       1.10857448, 1.10851582, 1.10846476, 1.10842134, 1.10838554,
       1.1083574 , 1.10833691, 1.10832408])
************************************************************************************************************************
Loop n°9
An (mol CO2 m-2 s-1) matrix: 
array([3.17379125e-05, 3.17366805e-05, 3.17354817e-05, 3.17343164e-05,
       3.17331851e-05, 3.17320882e-05, 3.17310260e-05, 3.17299989e-05,
       3.17290073e-05, 3.17280515e-05, 3.17271319e-05, 3.17262487e-05,
       3.17254022e-05, 3.17245929e-05, 3.17238208e-05, 3.17230864e-05,
       3.17223898e-05, 3.17217314e-05, 3.17211112e-05, 3.17205296e-05,
       3.17199868e-05, 3.17194828e-05, 3.17190180e-05, 3.17185924e-05,
       3.17182062e-05, 3.17178596e-05, 3.17175526e-05, 3.17172854e-05,
       3.17170581e-05, 3.17168707e-05, 3.17167233e-05, 3.17166159e-05,
       3.17165487e-05])
Rd (mol CO2 m-2 s-1) matrix: 
3.188155647758479e-07
Vc (mol CO2 m-2 s-1) matrix: 
array([3.20567281e-05, 3.20554961e-05, 3.20542973e-05, 3.20531320e-05,
       3.20520007e-05, 3.20509038e-05, 3.20498416e-05, 3.20488145e-05,
       3.20478229e-05, 3.20468671e-05, 3.20459474e-05, 3.20450642e-05,
       3.20442178e-05, 3.20434084e-05, 3.20426364e-05, 3.20419020e-05,
       3.20412054e-05, 3.20405469e-05, 3.20399268e-05, 3.20393452e-05,
       3.20388023e-05, 3.20382984e-05, 3.20378336e-05, 3.20374080e-05,
       3.20370218e-05, 3.20366752e-05, 3.20363682e-05, 3.20361010e-05,
       3.20358736e-05, 3.20356862e-05, 3.20355388e-05, 3.20354315e-05,
       3.20353642e-05])
Vj (mol CO2 m-2 s-1) matrix: 
array([3.93328681e-05, 3.93331509e-05, 3.93334261e-05, 3.93336937e-05,
       3.93339535e-05, 3.93342054e-05, 3.93344494e-05, 3.93346853e-05,
       3.93349131e-05, 3.93351326e-05, 3.93353439e-05, 3.93355468e-05,
       3.93357413e-05, 3.93359273e-05, 3.93361047e-05, 3.93362735e-05,
       3.93364336e-05, 3.93365849e-05, 3.93367275e-05, 3.93368612e-05,
       3.93369859e-05, 3.93371018e-05, 3.93372086e-05, 3.93373065e-05,
       3.93373953e-05, 3.93374750e-05, 3.93375455e-05, 3.93376070e-05,
       3.93376592e-05, 3.93377023e-05, 3.93377362e-05, 3.93377609e-05,
       3.93377764e-05])
gco2 (mol CO2 m-2 s-1) matrix: 
array([0.38671509, 0.38663695, 0.38656091, 0.38648699, 0.38641522,
       0.38634562, 0.38627822, 0.38621305, 0.38615011, 0.38608945,
       0.38603108, 0.38597501, 0.38592128, 0.3858699 , 0.38582089,
       0.38577426, 0.38573004, 0.38568823, 0.38564886, 0.38561194,
       0.38557748, 0.38554549, 0.38551598, 0.38548898, 0.38546448,
       0.38544249, 0.38542302, 0.38540609, 0.38539169, 0.38537983,
       0.38537051, 0.38536374, 0.38535953])
ci (mol mol-1) matrix: 
array([0.00026711, 0.00026709, 0.00026708, 0.00026707, 0.00026706,
       0.00026704, 0.00026703, 0.00026702, 0.00026701, 0.000267  ,
       0.00026699, 0.00026698, 0.00026697, 0.00026696, 0.00026695,
       0.00026695, 0.00026694, 0.00026693, 0.00026692, 0.00026692,
       0.00026691, 0.00026691, 0.0002669 , 0.0002669 , 0.00026689,
       0.00026689, 0.00026689, 0.00026688, 0.00026688, 0.00026688,
       0.00026688, 0.00026688, 0.00026687])
ci/cs (-) matrix: 
[0.763165533439422, 0.7631271876550587, 0.7630898589977414, 0.7630535616881676, 0.7630183095668757, 0.7629841160876168, 0.7629509943109566, 0.7629189568981064, 0.7628880161049866, 0.7628581837765163, 0.7628294713411324, 0.7628018898055349, 0.7627754497496568, 0.7627501613218592, 0.7627260342343475, 0.7627030777588101, 0.7626813007222758, 0.7626607115031887, 0.7626413180277005, 0.7626231277661758, 0.7626061477299114, 0.7625903844680687, 0.7625758440648123, 0.7625625321366611, 0.7625504538300443, 0.7625396138190637, 0.7625300163034611, 0.7625216650067889, 0.762514563174784, 0.7625087135739421, 0.7625041184902951, 0.762500779728386, 0.7624986986104468]
p_l (cm) matrix: 
array([ -980.04421434,  -981.7937103 ,  -992.86319484,  -994.61189188,
       -1005.28507121, -1007.0329874 , -1017.31023407, -1019.05738808,
       -1028.93906469, -1030.68547581, -1040.17193469, -1041.91762277,
       -1051.00920577, -1052.75419124, -1061.4512294 , -1063.19553324,
       -1071.49834656, -1073.24199028, -1081.15088747, -1082.8938931 ,
       -1090.40917134, -1092.1515614 , -1099.27350609, -1101.0153036 ,
       -1107.74418816, -1109.48541659, -1115.8215022 , -1117.56218548,
       -1123.50572094, -1125.24588342, -1130.7971049 , -1132.53677134,
       -1137.69590221, -1139.43509776, -1144.20234843, -1145.94109863,
       -1150.31666636, -1152.05499706, -1156.03906584, -1157.77700325,
       -1161.36974361, -1163.10731425, -1166.30888316, -1168.04611381,
       -1170.85665454, -1172.59357228, -1175.01321429, -1176.74984644,
       -1178.77870529, -1180.51507937, -1182.15325663, -1183.88940039,
       -1185.13698351, -1186.87292487, -1187.7299872 , -1189.46575423,
       -1189.93235489, -1191.66797582, -1191.74415968, -1193.47966283,
       -1193.16546048, -1194.90087427, -1194.19630199, -1195.93165492,
       -1194.83671465, -1196.57203525])
fw (-) matrixarray([0.95503061, 0.95482205, 0.95461908, 0.95442178, 0.95423022,
       0.95404447, 0.95386459, 0.95369065, 0.95352271, 0.95336082,
       0.95320505, 0.95305545, 0.95291207, 0.95277497, 0.9526442 ,
       0.95251979, 0.9524018 , 0.95229026, 0.95218522, 0.95208671,
       0.95199476, 0.95190942, 0.95183071, 0.95175866, 0.95169329,
       0.95163463, 0.9515827 , 0.95153751, 0.95149909, 0.95146744,
       0.95144258, 0.95142452, 0.95141326])

p_g (cm) matrix: 
[-1254.3549213114443, -1266.8985857236012, -1279.0513737414917, -1290.8138862491473, -1302.1867099005099, -1313.1704166449322, -1323.765563264462, -1333.9726909232818, -1343.7923247297065, -1353.2249733110923, -1362.271128402023, -1370.9312644461213, -1379.205838211817, -1387.095288422398, -1394.6000354006533, -1401.7204807284081, -1408.4570069212336, -1414.8099771186082, -1420.7797347897858, -1426.3666034556213, -1431.5708864265805, -1436.3928665571575, -1440.8328060169035, -1444.8909460782577, -1448.5675069213582, -1451.8626874559916, -1454.7766651608345, -1457.309595940118, -1459.4616139978352, -1461.2328317295928, -1462.623339632204, -1463.6332062310885, -1464.2624780255442]

Jw (cm3 cm-2 d-1) matrix: 
array([1.11228454, 1.11203955, 1.11180122, 1.11156962, 1.11134484,
       1.11112694, 1.110916  , 1.11071208, 1.11051525, 1.11032557,
       1.11014311, 1.10996792, 1.10980005, 1.10963957, 1.10948653,
       1.10934097, 1.10920294, 1.10907249, 1.10894965, 1.10883448,
       1.108727  , 1.10862725, 1.10853526, 1.10845106, 1.10837469,
       1.10830616, 1.10824549, 1.10819272, 1.10814784, 1.10811089,
       1.10808187, 1.10806078, 1.10804765])
************************************************************************************************************************
Loop n°10
An (mol CO2 m-2 s-1) matrix: 
array([3.17371290e-05, 3.17358580e-05, 3.17346207e-05, 3.17334175e-05,
       3.17322489e-05, 3.17311154e-05, 3.17300174e-05, 3.17289553e-05,
       3.17279295e-05, 3.17269405e-05, 3.17259885e-05, 3.17250740e-05,
       3.17241974e-05, 3.17233589e-05, 3.17225589e-05, 3.17217977e-05,
       3.17210756e-05, 3.17203929e-05, 3.17197498e-05, 3.17191466e-05,
       3.17185835e-05, 3.17180608e-05, 3.17175786e-05, 3.17171371e-05,
       3.17167366e-05, 3.17163771e-05, 3.17160588e-05, 3.17157818e-05,
       3.17155463e-05, 3.17153523e-05, 3.17151999e-05, 3.17150892e-05,
       3.17150202e-05])
Rd (mol CO2 m-2 s-1) matrix: 
3.188155647758479e-07
Vc (mol CO2 m-2 s-1) matrix: 
array([3.20559446e-05, 3.20546736e-05, 3.20534363e-05, 3.20522331e-05,
       3.20510645e-05, 3.20499310e-05, 3.20488330e-05, 3.20477709e-05,
       3.20467451e-05, 3.20457560e-05, 3.20448041e-05, 3.20438896e-05,
       3.20430130e-05, 3.20421745e-05, 3.20413745e-05, 3.20406133e-05,
       3.20398912e-05, 3.20392084e-05, 3.20385654e-05, 3.20379622e-05,
       3.20373991e-05, 3.20368763e-05, 3.20363941e-05, 3.20359527e-05,
       3.20355521e-05, 3.20351927e-05, 3.20348744e-05, 3.20345974e-05,
       3.20343619e-05, 3.20341679e-05, 3.20340155e-05, 3.20339048e-05,
       3.20338358e-05])
Vj (mol CO2 m-2 s-1) matrix: 
array([3.93330479e-05, 3.93333397e-05, 3.93336238e-05, 3.93339001e-05,
       3.93341685e-05, 3.93344288e-05, 3.93346810e-05, 3.93349250e-05,
       3.93351607e-05, 3.93353879e-05, 3.93356066e-05, 3.93358167e-05,
       3.93360182e-05, 3.93362109e-05, 3.93363947e-05, 3.93365697e-05,
       3.93367357e-05, 3.93368926e-05, 3.93370404e-05, 3.93371791e-05,
       3.93373085e-05, 3.93374287e-05, 3.93375396e-05, 3.93376411e-05,
       3.93377332e-05, 3.93378158e-05, 3.93378890e-05, 3.93379527e-05,
       3.93380068e-05, 3.93380514e-05, 3.93380865e-05, 3.93381120e-05,
       3.93381278e-05])
gco2 (mol CO2 m-2 s-1) matrix: 
array([0.38668719, 0.38660768, 0.38653027, 0.38645501, 0.38638192,
       0.38631103, 0.38624236, 0.38617595, 0.38611181, 0.38604997,
       0.38599045, 0.38593329, 0.38587849, 0.38582608, 0.38577608,
       0.38572851, 0.38568338, 0.38564072, 0.38560054, 0.38556286,
       0.38552768, 0.38549503, 0.38546492, 0.38543735, 0.38541235,
       0.38538991, 0.38537004, 0.38535276, 0.38533808, 0.38532598,
       0.38531649, 0.38530961, 0.38530533])
ci (mol mol-1) matrix: 
array([0.0002671 , 0.00026709, 0.00026708, 0.00026706, 0.00026705,
       0.00026704, 0.00026703, 0.00026701, 0.000267  , 0.00026699,
       0.00026698, 0.00026697, 0.00026696, 0.00026695, 0.00026695,
       0.00026694, 0.00026693, 0.00026692, 0.00026692, 0.00026691,
       0.0002669 , 0.0002669 , 0.00026689, 0.00026689, 0.00026688,
       0.00026688, 0.00026688, 0.00026687, 0.00026687, 0.00026687,
       0.00026687, 0.00026687, 0.00026686])
ci/cs (-) matrix: 
[0.7631510443573755, 0.7631119757317495, 0.7630739338884136, 0.7630369341089096, 0.7630009912846791, 0.7629661199084254, 0.7629323340657123, 0.7628996474268168, 0.7628680732388322, 0.762837624318028, 0.7628083130424687, 0.7627801513448951, 0.7627531507058735, 0.7627273221472105, 0.7627026762256413, 0.7626792230267899, 0.7626569721594074, 0.7626359327498867, 0.7626161134370584, 0.7625975223672681, 0.762580167189739, 0.7625640550522177, 0.762549192596909, 0.762535585956698, 0.7625232407516619, 0.7625121620858722, 0.7625023545444901, 0.7624938221911515, 0.7624865685656503, 0.7624805966819114, 0.7624759090262602, 0.7624725075559902, 0.7624703936982216]
p_l (cm) matrix: 
array([ -982.95826879,  -984.71308655,  -995.90776459,  -997.66202151,
       -1008.45737497, -1010.21108402, -1020.607374  , -1022.36054856,
       -1032.35802906, -1034.11068289, -1043.70960063, -1045.46174788,
       -1054.66234214, -1056.41399732, -1065.21649973, -1066.96767772,
       -1075.3723121 , -1077.12302814, -1085.13001037, -1086.88028   ,
       -1094.48981782, -1096.23965695, -1103.45194982, -1105.20137465,
       -1112.01661362, -1113.76564066, -1120.1840082 , -1121.93265426,
       -1127.95432417, -1129.70260632, -1135.32774354, -1137.07567915,
       -1142.30443968, -1144.05204634, -1148.88457714, -1150.63187271,
       -1155.06831154, -1156.8153141 , -1160.85578947, -1162.6025173 ,
       -1166.24714835, -1167.99361995, -1171.24251637, -1172.98875042,
       -1175.84201234, -1177.5880277 , -1180.04574567, -1181.79156136,
       -1183.85381625, -1185.59945143, -1187.26631436, -1189.01178834,
       -1190.28332065, -1192.02865284, -1192.90490605, -1194.65011598,
       -1195.13113173, -1196.87623899, -1196.96204903, -1198.70707332,
       -1198.39769947, -1200.14266053, -1199.43811467, -1201.18303229,
       -1200.08331636, -1201.82821037])
fw (-) matrixarray([0.9549518 , 0.95473933, 0.95453251, 0.95433142, 0.95413614,
       0.95394673, 0.95376327, 0.95358583, 0.95341448, 0.95324928,
       0.95309029, 0.95293757, 0.95279118, 0.95265118, 0.95251761,
       0.95239054, 0.95227   , 0.95215605, 0.95204872, 0.95194806,
       0.95185411, 0.9517669 , 0.95168646, 0.95161283, 0.95154603,
       0.9514861 , 0.95143304, 0.95138688, 0.95134765, 0.95131535,
       0.95129   , 0.9512716 , 0.95126017])

p_g (cm) matrix: 
[-1259.1029122514772, -1271.8591355822443, -1284.219945584026, -1296.1857538630509, -1307.756962122809, -1318.933961855768, -1329.7171340427712, -1340.106848860352, -1350.1034653962267, -1359.7073313731835, -1368.9187828816162, -1377.738144120909, -1386.165727149899, -1394.201831646613, -1401.8467446774903, -1409.1007404762684, -1415.9640802327249, -1422.4370118914474, -1428.5197699607966, -1434.2125753322173, -1439.5156351100559, -1444.429142452013, -1448.9532764203707, -1453.088201844113, -1456.8340691920548, -1460.191014457081, -1463.1591590515966, -1465.7386097142614, -1467.9294584281038, -1469.731782350062, -1471.1456437520253, -1472.171089973412, -1472.808153385332]

Jw (cm3 cm-2 d-1) matrix: 
array([1.11219664, 1.11194733, 1.11170475, 1.11146897, 1.11124008,
       1.11101815, 1.11080326, 1.11059549, 1.11039491, 1.11020158,
       1.11001557, 1.10983695, 1.10966577, 1.1095021 , 1.109346  ,
       1.10919751, 1.10905669, 1.10892358, 1.10879824, 1.10868071,
       1.10857103, 1.10846923, 1.10837535, 1.10828942, 1.10821148,
       1.10814155, 1.10807966, 1.10802582, 1.10798006, 1.10794239,
       1.10791283, 1.10789138, 1.10787805])
leuning computation module stopped after 10 trials. Sum of absolute difference between leaf matric potential calculated at the last two trials: [5.25617511e+00 1.52847030e-09 5.41982073e-05 9.90671928e-09
 8.54567536e+00]