0.2864585006436897,0.28645591304459295,0.2864442329305024,0.286441097110297,0.2864408518526719,0.2864438162135918,0.28642650477216663,0.28642975989202113,0.2864295717761494,0.2864269740141399,0.2864148138101039,0.2864120839072773,0.28641412380379905,0.28641597171649225,0.28640018777239196,0.2864028884981617,0.2864048606316655,0.28640188696582747,0.2863985642665021,0.2863957732390079,0.0,0.0
0.2864678803032508,0.28646529540053417,0.28645357821810374,0.2864504456481439,0.28645023772851735,0.28645319900472593,0.28643594030018116,0.28643919202053164,0.2864389572329265,0.2864363621704269,0.2864242145792745,0.2864214875130212,0.28642351316783643,0.28642535916286826,0.28640745385614824,0.286410152416553,0.2864142380301654,0.28641122769712235,0.28640755609795704,0.2864047223289018,0.0,0.0
0.2864659254930303,0.2864633400283553,0.2864516203038772,0.2864484870529563,0.2864482502818275,0.28645121221122727,0.28643394970521346,0.2864372021427596,0.2864369384534769,0.28643434281031516,0.28642219250652406,0.2864194648301267,0.28642146203122376,0.2864233084451797,0.28640527656807363,0.2864079757773327,0.28641213967291945,0.2864090610803024,0.2864040955637226,0.28640112287718766,0.0,0.0
0.2864651807785238,0.28646259509976424,0.28645087440686334,0.286447740896522,0.28644749140939235,0.28645045358819987,0.28643318963067227,0.2864364423420651,0.2864361659153882,0.286433570050023,0.28642141870817917,0.28641869079829624,0.28642067543043637,0.2864225220050461,0.28640461108447374,0.2864073104920525,0.2864113332203386,0.2864082282643333,0.2864024522996426,0.2863994144525066,0.0,0.0
0.286464302052703,0.2864617161213356,0.2864500435213247,0.2864469097220057,0.28644659891641433,0.2864495613885431,0.2864322609635083,0.2864355140094876,0.28643526024340155,0.28643266411754115,0.28642062702459065,0.2864178988758269,0.2864197561226054,0.28642160288497215,0.28640356761000885,0.2864062673285494,0.2864103965233313,0.2864072732822264,0.2864004876292271,0.28639738067829795,0.0,0.0
0.2864615197231317,0.2864589329919343,0.28644725678908284,0.2864441220205631,0.28644380005805614,0.28644676345003195,0.28642945766084904,0.2864327117168111,0.286432446786826,0.2864298498517499,0.2864178090144352,0.2864150800153795,0.28641692672638,0.2864187740666084,0.28640073315608466,0.2864034337193015,0.2864075503327013,0.2864044148090701,0.2863966302579405,0.2863934534575814,0.0,0.0
0.28646403570416756,0.28646144969623294,0.28644977675132466,0.28644664285922494,0.2864463112075945,0.2864492737742799,0.2864319727978327,0.28643522594763404,0.28643495130923485,0.2864323550945173,0.2864203175904097,0.28641758934827816,0.28641942575731927,0.2864212725871589,0.28640323665417294,0.2864059364713403,0.28641004051291075,0.28640689907153155,0.2863974481571417,0.286394208087354,0.0,0.0
0.2864682082422343,0.28646562343379206,0.28645395589201655,0.28645082345341166,0.2864504854685643,0.28645344666335043,0.28643615368723396,0.28643940533070233,0.28643912433968755,0.2864365293252534,0.2864244973750461,0.2864217703941251,0.28642359947875184,0.28642544545615545,0.28640741783650225,0.2864101164076413,0.28641421122994426,0.286411067698164,0.2864008968348793,0.2863976150481251,0.0,0.0
0.28647165851122836,0.28646907469466815,0.2864573624255319,0.2864542311717379,0.2864539400140006,0.2864569000734014,0.2864396484504905,0.28644289883480245,0.2864425807265816,0.28643998670632537,0.28642784398415694,0.2864251180130653,0.2864270593069616,0.2864289045777182,0.28641100628640775,0.2864137037881336,0.2864176718509308,0.2864145282640273,0.2864040192564139,0.28640072198993793,0.0,0.0
0.28647316095905484,0.28647057757442373,0.2864588672591486,0.28645573652875156,0.28645544473095935,0.2864584042958064,0.2864411555511249,0.28644440539242344,0.2864440866533201,0.28644149306622757,0.2864293523676461,0.28642662685171155,0.2864285671418433,0.28643041210463005,0.28641251679635055,0.2864152138479141,0.28641918049132925,0.28641603708919616,0.2864055286840406,0.2864022274636236,0.0,0.0
0.2864779343206336,0.2864753523082914,0.28646369736162897,0.2864605683112226,0.28646022727447185,0.28646318526741626,0.28644591096311023,0.2864491590909859,0.28644887501798927,0.28644628280824397,0.2864342638358153,0.28643153980195135,0.28643336355437865,0.28643520753749735,0.2864171993670348,0.2864198950230739,0.28642398169184147,0.28642083987681194,0.28641067434523976,0.28640737394658833,0.0,0.0
0.2864865022322772,0.28648392268321154,0.286472278832495,0.28646915276698615,0.28646881190658424,0.28647176707786465,0.286454509228379,0.2864577542580925,0.28645747033860486,0.2864548806013543,0.28644287306962873,0.28644015163376496,0.2864419735609796,0.2864438157854347,0.2864258247663249,0.28642851785167706,0.28643260055827874,0.2864294616948675,0.2864193057932297,0.2864160082641824,0.0,0.0
0.2864938548013729,0.28649127736627156,0.2864796430380388,0.2864765195341446,0.2864761788636408,0.28647913161337873,0.28646188788539584,0.28646513025627707,0.2864648465070911,0.2864622588917381,0.2864502611784694,0.2864475419722133,0.28644936237160995,0.2864512030867692,0.28643322678708444,0.28643591766625737,0.2864399970203767,0.2864368607283767,0.28642671312666035,0.2864234182985102,0.0,0.0
0.2865024557950216,0.2864998808329387,0.28648825764461494,0.2864851371374244,0.2864847966892942,0.2864877466061924,0.28647051939828,0.2864737586587279,0.28647347510893767,0.28647088997588527,0.28645890374877353,0.28645618715082266,0.2864580057630176,0.2864598447125279,0.28644188563239703,0.2864445739306721,0.2864486493629544,0.2864455160791254,0.28643537818721526,0.2864320865190401,0.0,0.0
0.286508853012354,0.286506279889725,0.2864946649873949,0.2864915467091802,0.2864912064265776,0.2864941542363833,0.28647693931628093,0.2864801762631587,0.28647989286176734,0.2864773095750739,0.2864653318915013,0.2864626172336335,0.286464434516538,0.28646627215274234,0.28644832588070845,0.2864510122592864,0.2864550847744798,0.2864519537281566,0.2864418230585229,0.2864385337407684,0.0,0.0
0.28651263896375223,0.286510066929767,0.2864984569313461,0.2864953399723058,0.2864949997877197,0.2864979463504849,0.28648073870268825,0.2864839742803261,0.2864836909667967,0.28648110877283384,0.2864691361455952,0.28646642263592637,0.2864682391321385,0.2864700759910879,0.28645213729928226,0.2864548225417255,0.28645889333050306,0.2864557636084038,0.2864456372131419,0.2864423492864371,0.0,0.0
0.286516539629775,0.2865139687174447,0.2865023637716455,0.28649924817178163,0.28649890808821943,0.28650185336612966,0.2864846532111671,0.28648788737804476,0.28648760415506963,0.286485023086973,0.2864730556694029,0.2864703433427508,0.2864721590284286,0.28647399508655524,0.2864560642048452,0.2864587482767025,0.2864628172867158,0.2864596889289953,0.28644956693772816,0.2864462804442543,0.0,0.0
0.08,0.08,0.08,0.08,0.08,0.08,0.08,0.08,0.08,0.08,0.08,0.08,0.08,0.08,0.08,0.08,0.08,0.08,0.08,0.08,0.0,0.0
0.08,0.08,0.08,0.08,0.08,0.08,0.08,0.08,0.08,0.08,0.08,0.08,0.08,0.08,0.08,0.08,0.08,0.08,0.08,0.08,0.0,0.0
0.08,0.08,0.08,0.08,0.08,0.08,0.08,0.08,0.08,0.08,0.08,0.08,0.08,0.08,0.08,0.08,0.08,0.08,0.08,0.08,0.0,0.0
0.08,0.08,0.08,0.08,0.08,0.08,0.08,0.08,0.08,0.08,0.08,0.08,0.08,0.08,0.08,0.08,0.08,0.08,0.08,0.08,0.0,0.0
0.08,0.08,0.08,0.08,0.08,0.08,0.08,0.08,0.08,0.08,0.08,0.08,0.08,0.08,0.08,0.08,0.08,0.08,0.08,0.08,0.0,0.0
0.08,0.08,0.08,0.08,0.08,0.08,0.08,0.08,0.08,0.08,0.08,0.08,0.08,0.08,0.08,0.08,0.08,0.08,0.08,0.08,0.0,0.0
0.08,0.08,0.08,0.08,0.08,0.08,0.08,0.08,0.08,0.08,0.08,0.08,0.08,0.08,0.08,0.08,0.08,0.08,0.08,0.08,0.0,0.0
0.08,0.08,0.08,0.08,0.08,0.08,0.08,0.08,0.08,0.08,0.08,0.08,0.08,0.08,0.08,0.08,0.08,0.08,0.08,0.08,0.0,0.0
0.28652532934536296,0.2865227609606515,0.2865111674008237,0.2865080548638266,0.2865077150080035,0.28651065739052867,0.28649350864521933,0.28649673962054384,0.2864964220894462,0.28649384355845775,0.28648188788076606,0.28647917822000996,0.2864809920792263,0.2864828263327188,0.2864649130508844,0.28646759448485654,0.2864716594864812,0.2864685342033525,0.28645842213639744,0.28645513887266016,0.0,0.0
0.2865290722472963,0.2865265049389537,0.28651486734675047,0.28651175609704693,0.28651146523699256,0.2865144063865377,0.28649723030685087,0.2865004599408165,0.28650017700958524,0.2864975995590074,0.2864855342453857,0.286482825685281,0.28648475343702423,0.28648658692202517,0.2864688027898718,0.28647148306425013,0.2864754247409451,0.28647230076711133,0.2864618572753424,0.28645857526454593,0.0,0.0
0.28653470980351814,0.28653214411644573,0.28652056270851917,0.28651745344041374,0.28651711382793765,0.28652005312031803,0.28650292235950364,0.28650614994188656,0.2865058326650799,0.2865032568418599,0.2864913136937856,0.2864886068782497,0.2864904187882362,0.2864922511157045,0.28647435661766535,0.28647703523631285,0.2864810959599424,0.28647797395822083,0.2864678724832007,0.2864645926664657,0.0,0.0
0.28650449668784117,0.286501922312563,0.2864902527502568,0.2864871329370804,0.2864867813377815,0.2864897306022981,0.28647250719710693,0.2864757457412457,0.28647543235998624,0.2864728477899937,0.2864607492146424,0.28645803317363844,0.2864599663643297,0.2864618049133397,0.2864439717282193,0.28644665940470954,0.28645061199284977,0.28644747939136006,0.28643700712222764,0.2864337160480654,0.0,0.0,0.2864986042122211,0.2864823499683174,0.28646966218033615
0.2865028846990691,0.28650030986028524,0.2864886872256439,0.28648556686786153,0.2864851605650037,0.28648811036231514,0.28647091846176986,0.2864741575784403,0.28647380674929446,0.28647122171162637,0.2864592359241409,0.2864565194264155,0.28645833796681214,0.2864601768484773,0.2864422184282702,0.2864449066273748,0.28644898190826545,0.28644584874002427,0.28643571121946887,0.28643241967270183,0.0,0.0,0.2864966994122219,0.28648070959138583,0.286467941781292
0.28650714060574267,0.2865045669906966,0.2864929008674052,0.28648978197545183,0.2864894190166107,0.28649236741403405,0.286475149065422,0.28647838665750036,0.2864780676313635,0.28647548381952664,0.2864633887860639,0.28646067354171106,0.2864626061528451,0.28646444416258193,0.2864466162009779,0.28644930308920774,0.2864532545152951,0.2864501228325759,0.2864396536277839,0.28643636351879076,0.0,0.0,0.28650130577857574,0.28648490725775194,0.286472371565643
0.2864811350759406,0.28647855398380195,0.28646690318223395,0.2864637752468924,0.28646330734522374,0.28646626432580297,0.2864490306211976,0.2864522776250037,0.2864518957098287,0.28644930436898897,0.2864372894171476,0.2864345662962953,0.2864363893780986,0.2864382327431786,0.28642023060013094,0.28642292535276564,0.2864270105928826,0.2864238697861613,0.2864137076118526,0.2864104080411397,0.0,0.0,0.2864749673960761,0.2864587370976162,0.28644606623307295,0.2864743863693108,0.2864591529257835,0.2864454523823798
0.28647781196370364,0.28647522991618474,0.2864635256494324,0.286460396539301,0.28645995637173494,0.28646291445371974,0.28644563963016806,0.28644888785580913,0.28644852983950037,0.286445937530465,0.28643380280251796,0.2864310786295318,0.28643301773975416,0.2864348617935067,0.28641697529024873,0.28641967101306937,0.2864236354639025,0.28642049348387644,0.2864099899368594,0.2864066890105369,0.0,0.0,0.2864720020369723,0.2864552896463521,0.2864428817117036,0.28647133290815063,0.2864557435320932,0.28644218262084786
0.28647057991424124,0.286467995787604,0.28645628211581564,0.2864531504862819,0.2864526887148289,0.28645564918548955,0.2864383951691093,0.286441646004979,0.28644124232689755,0.28643864792166823,0.2864265034010456,0.2864237770254342,0.28642571773829767,0.28642756328306257,0.2864096623376776,0.2864123602399235,0.28641632790372157,0.2864131833834297,0.2864026713641005,0.2863993677692272,0.0,0.0,0.2864644859815924,0.28644796443932585,0.2864355154336798,0.286463727669809,0.28644845880030556,0.28643472914469437
0.2864594068606812,0.28645681952211316,0.2864450913209891,0.2864419557993502,0.28644147053642566,0.28644443469398845,0.28642715922043377,0.28643041410447356,0.28642999842965144,0.28642740079038154,0.2864152411615253,0.2864125113876708,0.2864144545732189,0.28641630241833976,0.28639837919148464,0.2864010804561795,0.2864050530770083,0.2864019046375564,0.2863913795470769,0.2863880718351244,0.0,0.0,0.2864533504997634,0.28643665772227483,0.2864243257241981,0.28645249539162765,0.28643719764161446,0.2864234436486635
0.2864514221254339,0.28644883249161324,0.2864370939078402,0.2864339556048958,0.2864334464724106,0.28643641326696806,0.2864191224465782,0.28642238022600186,0.28642195239685875,0.28641935244346933,0.2864071820039523,0.28640444979848334,0.28640639475344015,0.2864082442445823,0.28639030507425556,0.28639300874495205,0.2863969849128039,0.2863938336689952,0.28638329922549444,0.2863799885675651,0.0,0.0,0.28644572815896263,0.28642852239555516,0.2864164683064208,0.2864447743422972,0.28642910994757637,0.2864154876495995
0.2864457672053137,0.2864431759460221,0.28643143000940385,0.28642828973677203,0.2864277563180735,0.2864307249825437,0.28641342327961805,0.2864166831121808,0.2864162429319433,0.2864136413365206,0.28640146322609017,0.286398729295218,0.2864006755057356,0.28640252616484707,0.2863845756815123,0.28638728105943834,0.2863912597441649,0.2863881065104658,0.2863775654303524,0.2863742526820428,0.0,0.0,0.2864397962491288,0.28642276251255605,0.28641069094787797,0.28643874178821854,0.286423399523489,0.28640960890333295
0.28643420931657454,0.2864316147352095,0.2864198537711872,0.28641670947298625,0.2864161516603754,0.2864191241382047,0.286401800242316,0.28640506426189405,0.28640461162152064,0.2864020066811214,0.28638981294437454,0.2863870754986922,0.2863890242672376,0.28639087730561225,0.2863727808245395,0.2863754897168852,0.28637959644424876,0.28637643915695576,0.28636588455749934,0.28636256755089,0.0,0.0,0.28642860063406644,0.28641104123595945,0.2863992482608691,0.28642744472325754,0.286411728804491,0.2863980646657389
0.2864285606192388,0.28642596441435586,0.28641419610637503,0.28641104984085336,0.2864104678596469,0.2864134422051119,0.2863961074399966,0.2863993735102125,0.28639890863093237,0.2863963020505288,0.2863842165831713,0.2863814774491908,0.2863833115052453,0.2863851657101458,0.2863671808822421,0.2863698914430734,0.2863738777680862,0.28637071849336193,0.2863604967091557,0.28635717773848784,0.0,0.0,0.28642267504428653,0.28640528619722366,0.2863934772760319,0.28642141768756973,0.286406024687421,0.2863921922926485
0.2864190858196183,0.28641648689166077,0.2864047062659348,0.28640155670068995,0.2864009510234677,0.2864039284959238,0.28638654059604174,0.2863898101122332,0.28638936806514725,0.2863867587412933,0.2863745445270168,0.2863718024753218,0.286373754595963,0.28637561075226364,0.2863574838641454,0.2863601973140439,0.28636431096714454,0.28636114836778603,0.28635057605191017,0.28634725346497814,0.0,0.0,0.2864135638316293,0.2863956548839687,0.2863841257902885,0.2864122068997996,0.28639644363676126,0.28638274115231943
0.08,0.08,0.08,0.08,0.08,0.08,0.08,0.08,0.08,0.08,0.08,0.08,0.08,0.08,0.08,0.08,0.08,0.08,0.08,0.08,0.0,0.0,0.08,0.08,0.08,0.08,0.08,0.08,0.08,0.08
0.08,0.08,0.08,0.08,0.08,0.08,0.08,0.08,0.08,0.08,0.08,0.08,0.08,0.08,0.08,0.08,0.08,0.08,0.08,0.08,0.0,0.0,0.08,0.08,0.08,0.08,0.08,0.08,0.08,0.08
0.08,0.08,0.08,0.08,0.08,0.08,0.08,0.08,0.08,0.08,0.08,0.08,0.08,0.08,0.08,0.08,0.08,0.08,0.08,0.08,0.0,0.0,0.08,0.08,0.08,0.08,0.08,0.08,0.08,0.08
0.08,0.08,0.08,0.08,0.08,0.08,0.08,0.08,0.08,0.08,0.08,0.08,0.08,0.08,0.08,0.08,0.08,0.08,0.08,0.08,0.0,0.0,0.08,0.08,0.08,0.08,0.08,0.08,0.08,0.08
0.08,0.08,0.08,0.08,0.08,0.08,0.08,0.08,0.08,0.08,0.08,0.08,0.08,0.08,0.08,0.08,0.08,0.08,0.08,0.08,0.0,0.0,0.08,0.08,0.08,0.08,0.08,0.08,0.08,0.08
0.08,0.08,0.08,0.08,0.08,0.08,0.08,0.08,0.08,0.08,0.08,0.08,0.08,0.08,0.08,0.08,0.08,0.08,0.08,0.08,0.0,0.0,0.08,0.08,0.08,0.08,0.08,0.08,0.08,0.08
0.08,0.08,0.08,0.08,0.08,0.08,0.08,0.08,0.08,0.08,0.08,0.08,0.08,0.08,0.08,0.08,0.08,0.08,0.08,0.08,0.0,0.0,0.08,0.08,0.08,0.08,0.08,0.08,0.08,0.08
0.08,0.08,0.08,0.08,0.08,0.08,0.08,0.08,0.08,0.08,0.08,0.08,0.08,0.08,0.08,0.08,0.08,0.08,0.08,0.08,0.0,0.0,0.08,0.08,0.08,0.08,0.08,0.08,0.08,0.08
0.28638898925176776,0.2863863816749759,0.28637461157265975,0.28637145154433397,0.2863707183732608,0.28637370577827426,0.2863562950081368,0.2863595754175484,0.2863590332679543,0.2863564152221282,0.28634427670191137,0.2863415255205309,0.2863433161500356,0.2863451785207745,0.2863271145972327,0.2863298370941216,0.2863338154792445,0.2863306422833684,0.2863203755644728,0.2863170419700601,0.0,0.0,0.2863831769077418,0.2863653314743608,0.28635370998782944,0.2863817089043748,0.2863661764986485,0.2863522173156721,0.2863388466769187,0.2863265963789601
0.2863816531498899,0.28637904346516474,0.28636721418016264,0.2863640515802619,0.2863633377559892,0.2863663275855369,0.2863488676239446,0.2863521507080907,0.2863516248555261,0.2863490046798486,0.2863367397694287,0.2863339863149427,0.28633588804137655,0.2863377519284949,0.28631954964559564,0.28632227439582175,0.2863263762045861,0.28632320042402026,0.28631258414579436,0.28630924771191507,0.0,0.0,0.28637620671987557,0.2863578366908748,0.2863464914425086,0.2863746402422471,0.2863587324683734,0.2863449008247399,0.28633106631490435,0.2863185134113768
0.2863810426410953,0.286378432780982,0.28636665239563786,0.2863634896004833,0.2863626948837085,0.2863656849244008,0.28634825881727727,0.28635154212062314,0.2863509621320348,0.2863483417658655,0.2863361925112961,0.28633343889179474,0.2863352171650671,0.28633708118911444,0.28631887757273733,0.28632160252311445,0.28632570115856776,0.2863225251435071,0.28631224932721333,0.2863089127713559,0.0,0.0,0.28637532259616827,0.28635712160062554,0.28634576357865943,0.28637365135409426,0.28635807053901446,0.2863440709736076,0.286330677810699,0.28631842018477294
0.28634762473536024,0.28634500527423035,0.28633313176898123,0.28632995732240346,0.2863291238441141,0.28633212491153104,0.2863145994193792,0.28631789484257586,0.2863172742001965,0.28631464415025965,0.2863023331148402,0.2862995692847695,0.2863014093255759,0.28630328025031854,0.2862851334761238,0.28628786847644083,0.2862918275843915,0.286288639801826,0.28627798349850797,0.28627463445654927,0.0,0.0,0.2863422598449035,0.2863234133905502,0.28631225500530333,0.28634047563454423,0.2863244197303936,0.2863104530681552,0.28629647479942494,0.2862838519064544,0.2862970092564869,0.28628379902521994
0.2863292841373027,0.2863266594076904,0.2863148120457428,0.2863116312323877,0.28631069700624223,0.2863137041252049,0.28629617862863205,0.28629948068365013,0.28629878669416386,0.2862961513307133,0.2862839326847076,0.2862811633066918,0.2862828651703776,0.2862847398796835,0.2862664320593346,0.28626917262860224,0.28627325187286573,0.2862700576381875,0.2862597230167326,0.28625636732187587,0.0,0.0,0.2863236353219734,0.2863049005584046,0.2862936932541392,0.28632173830232976,0.2863059636061148,0.2862917832132419,0.2862781768641082,0.2862658212554366,0.28627881567432584,0.28626573481943973
0.2863086049977434,0.28630597432856425,0.2862941002134889,0.286290912202835,0.28628992636895484,0.28629294030840446,0.286275339755203,0.28627864931173286,0.2862779519051046,0.28627531055419636,0.2862630642050525,0.2862602885356719,0.2862619693885261,0.28626384836183105,0.28624549895888013,0.28624824576092894,0.28625232193733413,0.2862491204336678,0.2862387623514509,0.28623539902080924,0.0,0.0,0.2863033225888759,0.2862839978339396,0.28627304750519844,0.28630131052284563,0.2862851184277326,0.28627102728895487,0.2862568888325273,0.2862442052754954,0.2862576333758893,0.28624408663490536
0.28628906267102566,0.2862864263894641,0.2862745269951921,0.2862713321837091,0.2862702939442491,0.28627331432966485,0.28625567618825204,0.28625899282236933,0.2862582561233375,0.28625560911297077,0.2862433365785236,0.28624055496242806,0.28624221429290153,0.2862440972969554,0.28622570858628976,0.28622846128017054,0.2862325337290028,0.28622932535369305,0.2862189450933803,0.2862155745443525,0.0,0.0,0.2862834960785362,0.28626427588251907,0.28625327886232343,0.2862813659393273,0.2862654546494234,0.2862511454791109,0.2862373773511521,0.2862249608357831,0.28623822867767407,0.2862248108861
0.2862673525984774,0.2862647100827305,0.28625278260880843,0.2862495802430276,0.2862484886261745,0.28625151617011735,0.2862338362856123,0.2862371607796963,0.2862363840786164,0.2862337307842234,0.28622142917496723,0.28621864095589045,0.2862202788681365,0.2862221663472575,0.28620373399617566,0.28620649323135405,0.28621056276176804,0.2862073467577671,0.2861969418762646,0.28619356331360524,0.0,0.0,0.28626215486226914,0.2862423342252085,0.2862315985762491,0.28625990435260346,0.28624357203262685,0.28622934950673706,0.28621504467983905,0.2862022974886317,0.28621600425674504,0.2862021167068369
0.28624887402026183,0.2862462261989006,0.2862342748279518,0.2862310660330747,0.28622992062011743,0.2862329542590791,0.28621523883327027,0.2862185700196005,0.2862177530444178,0.2862150943978052,0.28620276802522243,0.28619997418226917,0.2862015897956767,0.2862034810871177,0.2861850115588777,0.28618777636660137,0.2861918413855339,0.2861886188819326,0.28617819302353276,0.2861748076333082,0.0,0.0,0.28624339234553997,0.28622367366052076,0.28621289663966176,0.28624102034521665,0.2862249712349571,0.2862105306081603,0.286196598575073,0.28618412104465435,0.28619766706270094,0.2861839098304106
0.28623269432895676,0.28623004186251566,0.2862180695698175,0.2862148551462514,0.2862136556826308,0.28621669466007443,0.28619894810464835,0.28620228515255547,0.2862014277968946,0.2861987644609381,0.2861864163921429,0.2861836176218351,0.28618521044027334,0.28618710507253947,0.28616872867692456,0.2861714983305856,0.28617543209755,0.286172203897636,0.2861617596550469,0.28615836828108054,0.0,0.0,0.2862275871470273,0.28620727170735305,0.2861967685568999,0.2862250928226362,0.2862086297661336,0.2861942844025578,0.2861798218012802,0.2861670197098795,0.2861809992730862,0.2861667785120597
0.28621735477943583,0.286214697909522,0.28620270578342477,0.28619948602393963,0.2861982313640087,0.28620127540355444,0.28618349933026876,0.28618684193629074,0.2861859432299538,0.2861832754465499,0.2861709068008696,0.2861681033573836,0.28616967238406127,0.28617157018525935,0.286153163097255,0.2861559373829443,0.286159864583122,0.2861566309796163,0.286146169297702,0.286142772247487,0.0,0.0,0.2862119652109607,0.28619175307484795,0.28618121596210283,0.2862093471191525,0.28619317242036163,0.2861786121380514,0.28616452619888416,0.2861519991304088,0.28616581609548075,0.2861517274755778
0.2861970033128048,0.2861943406012767,0.28618232216454814,0.2861790953264744,0.28617778413411155,0.2861808348835207,0.28616301968425134,0.2861663696576025,0.2861654286257505,0.28616275495080595,0.2861503590470998,0.28614754941304804,0.2861490951687017,0.28615099716610437,0.2861325494363686,0.28613532985565,0.28613925243760613,0.2861360116802441,0.28612552691048354,0.28612212234544154,0.0,0.0,0.28619198784432825,0.2861711620718572,0.286160898468607,0.28618924337917734,0.28617264433282025,0.2861581720249753,0.28614354385952034,0.2861306854087806,0.28614494842489896,0.28613038304478106
0.28617439204456596,0.28617172284355985,0.28615962435552156,0.28615638963616724,0.28615507178991034,0.2861581299915894,0.28614027133545544,0.28614362949128536,0.28614264540415807,0.28613996518694856,0.2861274198071574,0.28612460326288464,0.286126244993996,0.28612815165054883,0.28610953228406466,0.28611231955125677,0.2861163647486986,0.28611311604867756,0.2861022565924915,0.2860988435569744,0.0,0.0,0.28616908917256445,0.28614834711610204,0.28613804420283734,0.28616621649342405,0.2861498932593799,0.2861351931945446,0.28612093054830523,0.2861083383139333,0.28612245157867816,0.28610800506073075
0.286152889892946,0.2861502145216545,0.28613813906616103,0.2861348968876025,0.2861334699485106,0.28613653523708016,0.28611867122583295,0.28612203715001977,0.28612097351325333,0.2861182870737877,0.28610583211409435,0.2861030090676689,0.28610450771620655,0.28610641880435633,0.28608788302835764,0.2860906767355712,0.2860945909364194,0.28609133468136777,0.28608079989629936,0.286077379051593,0.0,0.0,0.2861479628473447,0.2861265967777124,0.2861165710022481,0.28614496014700774,0.286128207697206,0.2861135935885948,0.28609878309480746,0.286085856340012,0.2861004221459599,0.28608549198863403
0.28613701429984995,0.2861343343733499,0.28612218737668926,0.28611893966064245,0.28611750560229504,0.2861205761277219,0.28610264561362614,0.2861060173007314,0.2861049460496116,0.2861022550089544,0.28608965907487416,0.28608683115768674,0.28608842435960813,0.28609033872634043,0.28607164417576203,0.2860744427130513,0.28607847680438486,0.28607521495867555,0.2860643116679588,0.2860608848229754,0.0,0.0,0.2861318028153925,0.2861105311591486,0.2861004765409306,0.28612867071446,0.2861122063263506,0.2860973733085019,0.28608293917105726,0.2860702890238605,0.2860846967184106,0.28606989361962026
0.28612200732576987,0.28611932309368726,0.2861072077304185,0.286103954814793,0.2861024112356838,0.2861054867121324,0.28608756341497327,0.28609094052524264,0.2860897893728807,0.2860870939814177,0.2860745976053278,0.2860717651525615,0.2860732130513635,0.2860751305186266,0.28605640573329993,0.286059208802684,0.2860632354924621,0.2860599683594006,0.28604939846867683,0.2860459661970911,0.0,0.0,0.28611717616977267,0.286095290837851,0.28608552243226093,0.2861139147285858,0.2860970302174809,0.2860822931491995,0.2860673179188916,0.2860543407397269,0.2860691949206589,0.2860539141200921
0.08,0.08,0.08,0.08,0.08,0.08,0.08,0.08,0.08,0.08,0.08,0.08,0.08,0.08,0.08,0.08,0.08,0.08,0.08,0.08,0.0,0.0,0.08,0.08,0.08,0.08,0.08,0.08,0.08,0.08,0.08,0.08
0.08,0.08,0.08,0.08,0.08,0.08,0.08,0.08,0.08,0.08,0.08,0.08,0.08,0.08,0.08,0.08,0.08,0.08,0.08,0.08,0.0,0.0,0.08,0.08,0.08,0.08,0.08,0.08,0.08,0.08,0.08,0.08
0.08,0.08,0.08,0.08,0.08,0.08,0.08,0.08,0.08,0.08,0.08,0.08,0.08,0.08,0.08,0.08,0.08,0.08,0.08,0.08,0.0,0.0,0.08,0.08,0.08,0.08,0.08,0.08,0.08,0.08,0.08,0.08
0.08,0.08,0.08,0.08,0.08,0.08,0.08,0.08,0.08,0.08,0.08,0.08,0.08,0.08,0.08,0.08,0.08,0.08,0.08,0.08,0.0,0.0,0.08,0.08,0.08,0.08,0.08,0.08,0.08,0.08,0.08,0.08
0.08,0.08,0.08,0.08,0.08,0.08,0.08,0.08,0.08,0.08,0.08,0.08,0.08,0.08,0.08,0.08,0.08,0.08,0.08,0.08,0.0,0.0,0.08,0.08,0.08,0.08,0.08,0.08,0.08,0.08,0.08,0.08
0.08,0.08,0.08,0.08,0.08,0.08,0.08,0.08,0.08,0.08,0.08,0.08,0.08,0.08,0.08,0.08,0.08,0.08,0.08,0.08,0.0,0.0,0.08,0.08,0.08,0.08,0.08,0.08,0.08,0.08,0.08,0.08
0.08,0.08,0.08,0.08,0.08,0.08,0.08,0.08,0.08,0.08,0.08,0.08,0.08,0.08,0.08,0.08,0.08,0.08,0.08,0.08,0.0,0.0,0.08,0.08,0.08,0.08,0.08,0.08,0.08,0.08,0.08,0.08
0.08,0.08,0.08,0.08,0.08,0.08,0.08,0.08,0.08,0.08,0.08,0.08,0.08,0.08,0.08,0.08,0.08,0.08,0.08,0.08,0.0,0.0,0.08,0.08,0.08,0.08,0.08,0.08,0.08,0.08,0.08,0.08
0.2861024706133528,0.2860997807766502,0.2860875889574863,0.2860843292326904,0.28608277519330805,0.28608585710981116,0.28606786017479785,0.2860712443691127,0.28607008295036374,0.2860673819026467,0.2860547392262444,0.2860519007939823,0.2860534424490483,0.28605536394575126,0.28603672736161007,0.2860395362829753,0.28604342932907006,0.2860401553257758,0.28602921839383605,0.2860257787798031,0.0,0.0,0.28609735320751856,0.2860755458134907,0.2860657486889552,0.2860939558410212,0.28607735207424173,0.2860623878733107,0.2860477798174628,0.28603507528266997,0.28604978382512,0.2860346157745778
0.2860840921089901,0.28608139700051843,0.28606922468020796,0.28606595858235734,0.28606430325455734,0.28606739122864394,0.2860493589723863,0.2860527498178215,0.2860515446135159,0.2860488382454141,0.28603617071812937,0.28603332669539366,0.2860348434318282,0.2860367687187617,0.28601809542612927,0.28602090988766055,0.2860247966604179,0.286021516194677,0.2860105577268437,0.2860071113240621,0.0,0.0,0.28607935041791105,0.2860569296383791,0.28604740799971995,0.2860758292062079,0.2860587974608372,0.286043924697211,0.28602876680720546,0.28601572912770434,0.28603089131273585,0.2860152380397174
0.28606135023038576,0.2860586485993249,0.2860464468837228,0.2860431728821259,0.2860414569942854,0.2860445524595352,0.28602651284397185,0.2860299119015155,0.28602862452616223,0.28602591158094465,0.2860132133330017,0.28601036239926514,0.2860118535735344,0.2860137835449213,0.28599506488351223,0.28599788619228694,0.28600176783706577,0.28599847938512024,0.28598749430379417,0.28598403951157153,0.0,0.0,0.28605631373256835,0.2860339786078676,0.2860244130272371,0.28605266458352596,0.28603590914233595,0.28602080417162656,0.28600600869333975,0.28599324021972056,0.28600826040859284,0.2859927156423679
0.28603890251981623,0.2860361944513927,0.28602396372487904,0.2860206819228139,0.28601890614583264,0.2860220090043944,0.2860039263663708,0.2860073335416048,0.2860060003915375,0.2860032809550003,0.2859905523874352,0.28598769463285334,0.28598915980198164,0.28599109439686865,0.28597233095731167,0.2859751590242308,0.2859790352225276,0.2859757388881639,0.285964727539499,0.28596126446686493,0.0,0.0,0.2860342379537714,0.28601128273539334,0.286001981825466,0.2860304669383463,0.2860132727390594,0.28599825253860517,0.28598289120635684,0.28596978271223994,0.28598527188278455,0.28596922421687393
0.28602284672510503,0.2860201340528602,0.2860078825787308,0.2860045951979911,0.2860027620862591,0.28600587023705937,0.28598775680312255,0.28599116978911354,0.28598979226445737,0.28598706817801467,0.2859743178918718,0.28597145525133805,0.2859728929849088,0.28597483089352443,0.2859560353610125,0.2859588682715886,0.28596273619398777,0.2859594342086684,0.2859484040289649,0.2859449350200537,0.0,0.0,0.2860178806997828,0.28599505158101307,0.28598569140989644,0.2860140001177576,0.285997094571667,0.28598185277815963,0.28596685899671775,0.28595403018889254,0.28596936852640026,0.2859534378341675
0.2860077247978272,0.2860050077899349,0.28599273677687853,0.2859894441424255,0.28598755660704883,0.2859906697419488,0.28597252730531897,0.28597594576373603,0.28597452524763844,0.2859717967816886,0.28595902604007417,0.28595615879771513,0.2859575686079451,0.2859595096380129,0.28594055508495847,0.2859433925964175,0.2859473804373386,0.2859440731285978,0.2859333735871985,0.2859298991127589,0.0,0.0,0.28600312302179665,0.28597972727593907,0.28597060602591423,0.2859991493273643,0.28598181555507046,0.2859666724198687,0.28595111169272064,0.28593795167497593,0.2859537513938289,0.28593732504795144
0.2859858921085412,0.2859831688416226,0.28597087767733664,0.2859675774613155,0.28596563015453313,0.2859687504757682,0.2859505296094022,0.2859539559713996,0.28595252992925374,0.28594979515440416,0.2859371165777535,0.285934242742833,0.28593550355381336,0.28593744907786145,0.2859185797916247,0.285921423833627,0.28592527670120477,0.28592196173054807,0.2859112374643002,0.2859077549413706,0.0,0.0,0.28598094409525976,0.28595773890565707,0.285948504927062,0.2859768949241717,0.2859598644305395,0.28594449243455483,0.2859292752434294,0.28591638906342737,0.2859320494504314,0.28591572745764204,0.2859757653343952
0.2859512338177689,0.28594850061661614,0.28593616471324934,0.2859328524594584,0.28593080045426805,0.2859339321889352,0.2859156447743415,0.2859190836680566,0.2859175875556021,0.2859148427599409,0.28590211782542096,0.28589923346113627,0.285900467879079,0.2859024205376268,0.28588348215612286,0.28588633662656576,0.28589018818428785,0.28588686105279354,0.28587609754433635,0.2858726022470135,0.0,0.0,0.28594662150614,0.28592278385096587,0.2859136845989567,0.28594251303289653,0.28592493958974025,0.28590960874564103,0.2858937981215808,0.28588055270887947,0.2858967128256992,0.2858798542274598,0.28594201381296336,0.2859119813737389,0.28591189213656704
0.28594403662845774,0.2859413013646026,0.2859289561718869,0.2859256414186248,0.28592354338949383,0.28592667750195233,0.2859083762232744,0.2859118177277553,0.2859102826089987,0.2859075357186779,0.28589480109401755,0.2858919145287711,0.2858931184565046,0.28589507261146746,0.2858761197377721,0.285878976395512,0.28588281529735365,0.28587948561091386,0.28586871385790685,0.285865215876734,0.0,0.0,0.2859390890169856,0.2859155109867003,0.2859062535884216,0.2859349503936548,0.28591768230549247,0.2859021441661179,0.2858866862674601,0.2858737355780232,0.2858897341593921,0.2858730017949387,0.2859339081367077,0.2859044784431908,0.28590368266965577
0.28593145138075726,0.28592871251020147,0.2859163510748356,0.28591303195117074,0.28591088925664615,0.28591402751501177,0.28589570206304404,0.28589914811964434,0.28589757435056995,0.28589482381643017,0.2858820723351068,0.28587918194112133,0.2858803560222841,0.28588231277565074,0.28586333473750974,0.2858661951933127,0.2858700235651827,0.28586668944625493,0.28585590339013084,0.2858524007528383,0.0,0.0,0.28592683922098094,0.28590280326620127,0.2858936841325135,0.28592268029987694,0.28590498543900816,0.2858895519506184,0.2858734948012328,0.2858602139033463,0.2858766779902165,0.28585944389980017,0.28592226544608484,0.2858919340910099,0.2858919353675452
0.2858970624642529,0.2858943137397805,0.28588190792570467,0.28587857686160684,0.2858763362335259,0.2858794858110721,0.2858610943591009,0.28586455284392037,0.28586291233566336,0.28586015186427705,0.28584735441033854,0.2858444535748052,0.28584560068996967,0.2858475645184884,0.28582851795852604,0.28583138875601155,0.2858352153909575,0.2858318692122138,0.28582104423854054,0.2858175289329854,0.0,0.0,0.2858920594778796,0.28586820641590854,0.2858588463492708,0.2858878775036612,0.28587040078979953,0.2858546897668348,0.28583895893962524,0.28582593594745964,0.28584228407027834,0.28582512759593554,0.28588686333812086,0.2858570128663151,0.2858562959531312,0.28588629196302867,0.28585744606786767,0.28585571522526076
0.28587986961307227,0.2858771159628756,0.2858646879664367,0.28586135093362036,0.2858590485095114,0.2858622037494287,0.28584377928268845,0.28584724398466627,0.28584555619175556,0.28584279074532687,0.2858299702768302,0.28582706421378234,0.28582818249397024,0.2858301498677535,0.2858109384362458,0.28581381445457155,0.28581776303815243,0.2858144108137402,0.28580356633188253,0.285800044675644,0.0,0.0,0.28587518763449576,0.28585086336529936,0.2858416109707683,0.28587099421713363,0.2858530639675499,0.28583744205032074,0.2858211081960894,0.2858077459642932,0.2858245676502237,0.2858069002410477,0.28587062433047117,0.28583976835992225,0.2858399195108223,0.2858699496416101,0.28584026804145024,0.28583924522005155
0.28585952475807247,0.28585676527975235,0.2858443110373317,0.2858409669423237,0.28583860282894025,0.2858417647648314,0.28582330125706373,0.2858267733110706,0.28582503853776275,0.2858222672107196,0.2858094195387081,0.28580650729661905,0.2858075979775831,0.28580956954062786,0.28579031726074944,0.28579319940254966,0.2857971413144401,0.28579378194726024,0.2857829144173175,0.2857793852579491,0.0,0.0,0.28585447822135757,0.2858303845834214,0.28582107306098564,0.285850273706441,0.28583259101262715,0.2858168927809362,0.285800424612726,0.2857870280491712,0.2858040151487303,0.28578614466816,0.28584936696590707,0.2858191687927225,0.2858194474664412,0.28584858582467126,0.28581973897253105,0.28581867479364853
0.2858394825799389,0.2858367173609376,0.28582423726901857,0.2858208862177807,0.2858184621263421,0.28582163065747834,0.2858031286987005,0.28580660799413415,0.28580482791648965,0.2858020507975805,0.2857891763353125,0.2857862580074383,0.28578732271550916,0.2857892984043423,0.28577000589771834,0.28577289407021034,0.2857768298685649,0.28577346346700266,0.2857625732414263,0.28575903669278513,0.0,0.0,0.28583441104174023,0.2858102121294345,0.285800702529911,0.2858301966924255,0.2858124237418721,0.28579651219743707,0.28578005625031355,0.28576662424897603,0.28578376957560464,0.28576570371262167,0.2858293501925611,0.2857988720893129,0.2857983433760033,0.2858284494171095,0.2857995150122989,0.28579746930252176
0.28582183724158094,0.28581906696894294,0.285806564119224,0.28580320694427813,0.28580072349717867,0.28580389783638255,0.2857853620139542,0.2857888476865114,0.2857870241201724,0.2857842418996606,0.28577134383797737,0.2857684201496112,0.2857694615334568,0.28577144085646405,0.2857521129144083,0.2857550063989941,0.28575893634510907,0.2857555637471982,0.2857446535278345,0.28574111047023437,0.0,0.0,0.2858167414780978,0.2857924429710294,0.2857828765376012,0.2858125188943751,0.28579465894495065,0.2857786778406395,0.2857621136001035,0.28574864734423155,0.28576593469375705,0.2857476915798047,0.2858117336510239,0.28578096889626303,0.28578059544943063,0.2858107111586772,0.2857816930782401,0.28577960729595614
0.28580109846390733,0.28579832225234236,0.2857857398002055,0.2857823754104988,0.28577988846093566,0.28578306962127176,0.2857644940287953,0.28576798719079416,0.2857661236001084,0.2857633353913255,0.2857502856206444,0.285747355602854,0.28574850239866934,0.2857504859856955,0.2857312480803391,0.2857341477585979,0.28573794349367404,0.28573456362698224,0.2857234388775982,0.2857198881151138,0.0,0.0,0.2857959764392886,0.28577157476638415,0.2857619519541518,0.28579174453927214,0.2857737956555712,0.2857577438886056,0.28574108420828725,0.28572757778038166,0.2857449946190609,0.285726590145655,0.2857910213566852,0.2857600190293145,0.2857597511505003,0.2857898741790902,0.28576082741883896,0.28575864485944397
0.08,0.08,0.08,0.08,0.08,0.08,0.08,0.08,0.08,0.08,0.08,0.08,0.08,0.08,0.08,0.08,0.08,0.08,0.08,0.08,0.0,0.0,0.08,0.08,0.08,0.08,0.08,0.08,0.08,0.08,0.08,0.08,0.08,0.08,0.08,0.08,0.08,0.08,0.08,0.08
0.08,0.08,0.08,0.08,0.08,0.08,0.08,0.08,0.08,0.08,0.08,0.08,0.08,0.08,0.08,0.08,0.08,0.08,0.08,0.08,0.0,0.0,0.08,0.08,0.08,0.08,0.08,0.08,0.08,0.08,0.08,0.08,0.08,0.08,0.08,0.08,0.08,0.08,0.08,0.08
0.08,0.08,0.08,0.08,0.08,0.08,0.08,0.08,0.08,0.08,0.08,0.08,0.08,0.08,0.08,0.08,0.08,0.08,0.08,0.08,0.0,0.0,0.08,0.08,0.08,0.08,0.08,0.08,0.08,0.08,0.08,0.08,0.08,0.08,0.08,0.08,0.08,0.08,0.08,0.08
0.08,0.08,0.08,0.08,0.08,0.08,0.08,0.08,0.08,0.08,0.08,0.08,0.08,0.08,0.08,0.08,0.08,0.08,0.08,0.08,0.0,0.0,0.08,0.08,0.08,0.08,0.08,0.08,0.08,0.08,0.08,0.08,0.08,0.08,0.08,0.08,0.08,0.08,0.08,0.08
0.08,0.08,0.08,0.08,0.08,0.08,0.08,0.08,0.08,0.08,0.08,0.08,0.08,0.08,0.08,0.08,0.08,0.08,0.08,0.08,0.0,0.0,0.08,0.08,0.08,0.08,0.08,0.08,0.08,0.08,0.08,0.08,0.08,0.08,0.08,0.08,0.08,0.08,0.08,0.08
0.08,0.08,0.08,0.08,0.08,0.08,0.08,0.08,0.08,0.08,0.08,0.08,0.08,0.08,0.08,0.08,0.08,0.08,0.08,0.08,0.0,0.0,0.08,0.08,0.08,0.08,0.08,0.08,0.08,0.08,0.08,0.08,0.08,0.08,0.08,0.08,0.08,0.08,0.08,0.08
0.08,0.08,0.08,0.08,0.08,0.08,0.08,0.08,0.08,0.08,0.08,0.08,0.08,0.08,0.08,0.08,0.08,0.08,0.08,0.08,0.0,0.0,0.08,0.08,0.08,0.08,0.08,0.08,0.08,0.08,0.08,0.08,0.08,0.08,0.08,0.08,0.08,0.08,0.08,0.08
0.08,0.08,0.08,0.08,0.08,0.08,0.08,0.08,0.08,0.08,0.08,0.08,0.08,0.08,0.08,0.08,0.08,0.08,0.08,0.08,0.0,0.0,0.08,0.08,0.08,0.08,0.08,0.08,0.08,0.08,0.08,0.08,0.08,0.08,0.08,0.08,0.08,0.08,0.08,0.08
0.2857668838068933,0.2857640977989271,0.28575152409018684,0.28574814784808505,0.28574549595413046,0.28574868837231077,0.2857300846006876,0.28573359011008614,0.2857315951333097,0.28572879703329057,0.28571582551601576,0.28571288514232346,0.2857138402206848,0.2857158308583786,0.2856963925923345,0.2856993026156528,0.2857032092095433,0.28569981731807675,0.28568884484521706,0.2856852815205765,0.0,0.0,0.2857617272864516,0.2857371366649333,0.28572739247990353,0.2857574803181001,0.28573936549243045,0.285723169316713,0.28570632609319174,0.2856927380133711,0.28571031031756805,0.28569172249930497,0.28575660496701777,0.28572535382770103,0.2857254319902559,0.2857553226124869,0.2857262538532769,0.2857241973542568,0.2857025634305295,0.2856782441117749
0.2857539797107296,0.28575119000855376,0.2857385465493836,0.28573516581246083,0.28573251753134005,0.2857357141972084,0.2857170482019454,0.2857205583886393,0.2857185674072928,0.28571576557579587,0.28570265218365715,0.28569970785169096,0.28570077361135815,0.2857027669065688,0.2856834349859849,0.28568634885455935,0.2856901202674013,0.2856867238452716,0.28567554474192614,0.2856719765883418,0.0,0.0,0.2857488008529183,0.28572413178922496,0.28571434351211267,0.28574454819112566,0.2857263636192864,0.2857101146367225,0.28569322330385777,0.28567960585027025,0.2856972477930905,0.28567857327092283,0.2857439530148382,0.2857122730315223,0.28571231142349707,0.28574254572222463,0.2857132591848287,0.2857109551327802,0.2856895531112756,0.2856649382778642
0.28573684004603855,0.2857340454375218,0.2857214329996789,0.2857180463359391,0.28571529527145256,0.285718497573465,0.2856998362919813,0.28570335265354013,0.28570129181525866,0.28569848503602846,0.2856854733711081,0.28568252387777887,0.2856834544077063,0.2856854512250212,0.28566595270526546,0.28566887176135725,0.2856727757377253,0.28566937331242476,0.28565836685136803,0.28565479246147146,0.0,0.0,0.28573163549513025,0.285706878469986,0.28569704384772615,0.2857273753111139,0.2857091142594992,0.2856928074534654,0.28567587390871113,0.28566222340795866,0.28567992591217306,0.28566117928873774,0.28572662862276793,0.28569480920910223,0.2856952589367813,0.28572508683946846,0.28569588789822037,0.2856937724190468,0.2856720780792256,0.2856476572294906
0.2857048063713316,0.28570200259429807,0.2856892954873675,0.28568589769528646,0.28568309660431346,0.2856863094421008,0.28566754916015297,0.28567107710320105,0.2856689690696744,0.285666153034559,0.28565297330936407,0.2856500140528462,0.285651011587548,0.28565301500159657,0.2856335850903758,0.2856365137494952,0.2856402673607164,0.28563685368549596,0.2856256179391141,0.285622031661711,0.0,0.0,0.28569956783135747,0.285674635533667,0.28566469010898143,0.28569529364434887,0.2856768786937472,0.2856604397137509,0.28564336895104236,0.2856296427238644,0.2856474452873848,0.2856285897818265,0.2856948322755268,0.28566245445884,0.28566283735264864,0.28569315051564576,0.2856636298807318,0.28566121455843857,0.2856396027416071,0.28561481527321037,0.2856401367804743,0.2856148604029204
0.28568542928354257,0.28568261996134015,0.2856699412675562,0.28566653677465836,0.28566361481922903,0.28566683403070686,0.2856480743613751,0.2856516092890218,0.2856494142714538,0.2856465926375195,0.28563351226004113,0.2856305471582209,0.28563139337511206,0.28563340077759936,0.28561379904952805,0.28561673357798933,0.2856206137719672,0.2856171932964324,0.28560612859617707,0.28560253524544343,0.0,0.0,0.28568016309209104,0.28565512002051197,0.2856451094021351,0.28567588043329245,0.28565736764081096,0.28564085053525845,0.2856237186008682,0.2856105236232103,0.2856278087595205,0.28560946580556956,0.28567526874295174,0.2856427177878521,0.28564350887054074,0.28567344589873644,0.2856439909483542,0.28564174829100586,0.2856197844471881,0.2855958062436749,0.28562043262120806,0.2855958284364406
0.28566145346685645,0.28565863728433766,0.285645927698957,0.2856425148931476,0.2856395212984555,0.28564274839139314,0.28562394286424675,0.2856274864454945,0.28562523853136634,0.2856224099764657,0.2856091717831311,0.28560619937137455,0.2856071434125205,0.28560915574445617,0.2855896394737633,0.2855925811680043,0.28559632226289466,0.28559289338337573,0.28558160772144286,0.2855780054724258,0.0,0.0,0.2856561568936895,0.2856309885352294,0.2856209055168614,0.2856518637629308,0.28563324166561366,0.2856166361892284,0.28559943310167674,0.28558619021309506,0.28560353629631313,0.2855851283079588,0.28565154095521444,0.28561841711237307,0.2856193998477649,0.28564957399470603,0.2856197904111439,0.28561749856620244,0.285595525224771,0.28557137945971417,0.28559630106294964,0.28557137895347257
0.28564074302640113,0.2856379209186874,0.2856251309208472,0.2856217109166557,0.2856186991931338,0.28562193309648287,0.2856030879436273,0.28560663900249417,0.2856043380123486,0.285601503474901,0.28558823734310157,0.2855852586451528,0.2855861741686991,0.28558819076261943,0.2855686332198992,0.2855715811438055,0.2855753148163168,0.28557187866995515,0.2855605691514406,0.28555695926885,0.0,0.0,0.28563541741969056,0.28561013100108773,0.28559997787113084,0.2856311152440512,0.28561238889277485,0.2855956995010265,0.28557843144731265,0.28556514496064184,0.2855825448114787,0.285564080068835,0.2856306429409198,0.2855974526507254,0.28559856963968305,0.28562852922272675,0.2855989274658075,0.2855965248813248,0.2855744439576712,0.2855502181824832,0.2855753504227975,0.2855501964064884
0.2856157897595751,0.28561296051377094,0.2856001382382812,0.285596709584552,0.2855936235998425,0.28559686570370435,0.28557797283730046,0.28558153290007005,0.28557917705445934,0.2855763353159424,0.2855630355555117,0.2855600492910039,0.2855609362188048,0.285562957941621,0.28554335073225584,0.28554630615297116,0.28555003374612126,0.2855465888557942,0.2855352506317277,0.2855316315638995,0.0,0.0,0.2856104325200539,0.2855850158672935,0.28557478757398885,0.2856061194510638,0.2855872794904641,0.2855704983230511,0.28555315793664254,0.28553982192802213,0.2855572824902507,0.28553875396558687,0.2856057179926477,0.2855721604140272,0.2855734770860091,0.28560345412697047,0.2855737395774683,0.28557128574789203,0.2855490861691149,0.28552476889340705,0.28555012616910297,0.28552472680608754
0.28559054099171954,0.2855877045243666,0.285574849594198,0.28557141218980536,0.2855682506892262,0.28557150108959484,0.28555255995148004,0.28555612912354694,0.28555371751800734,0.28555086849405886,0.2855375347113978,0.28553454079169216,0.2855353986383386,0.28553742555016254,0.2855176336048284,0.28552059665008206,0.28552445246301145,0.2855209987262163,0.28550945563326136,0.2855058272087511,0.0,0.0,0.2855851516731219,0.28555960282870996,0.28554929824173053,0.28558082758396075,0.2855618722503604,0.2855449979827148,0.2855275845085861,0.28551419835505987,0.2855317200069015,0.285513127473914,0.28558049765840604,0.28554656673465373,0.2855480869728201,0.2855780812307092,0.285548252123398,0.28554574626195756,0.28552342586636464,0.28549899281639474,0.2855246017812778,0.285498931116164
0.28556466902412486,0.28556182515809686,0.2855489367726931,0.28554549040301097,0.2855422516586842,0.28554551055899907,0.2855265199658836,0.2855300984706121,0.28552762976242674,0.28552477327441594,0.28551140463571834,0.28550840287312274,0.2855092307954287,0.2855112630235106,0.28549141924524946,0.2854943900612656,0.285498239816718,0.2854947770165081,0.28548320370866764,0.28547956576320155,0.0,0.0,0.285559247091238,0.2855335627843306,0.28552318011309324,0.2855549117129526,0.2855358381466949,0.2855188685765114,0.2855013799396322,0.28548794247343406,0.2855055264635209,0.28548686869571505,0.28555465362076776,0.28552034179250674,0.28552206929392304,0.2855520828442959,0.2855221355959276,0.2855195765730139,0.2854971308477798,0.2854726027763566,0.2854984469147504,0.2854725217545108
0.28554072963160576,0.28553787892057625,0.2855249595838629,0.28552150491980477,0.28551818799089573,0.28552145475725743,0.28550241839768675,0.2855060055390718,0.2855034790904363,0.28550061569361734,0.2854872147921797,0.28548420577013245,0.28548500285206113,0.28548704000155667,0.285467148240408,0.2854701262500394,0.2854739688300838,0.2854704976390722,0.28545889635899474,0.2854552495991449,0.0,0.0,0.2855352757705959,0.2855094593435582,0.28549899957486835,0.2855309299470623,0.285511740204392,0.2854946775995307,0.28547711646401713,0.2854636299391142,0.2854812731211933,0.2854625535166609,0.2855307446481859,0.2854960518068024,0.285497990916307,0.28552801710624454,0.28549795625679986,0.28549534384890735,0.28547277512692837,0.28544815610427027,0.2854742342322706,0.2854480559925266
0.28551559952288197,0.2855127416274325,0.28549984421824715,0.2854963808673488,0.2854929294546904,0.28549620447647717,0.28547708165795466,0.28548067787728426,0.28547813069865247,0.2854752600514555,0.28546182529257064,0.2854588086521697,0.28545957424048796,0.285461616554529,0.2854416744403638,0.28544465999899205,0.28544849549571927,0.28544501549953566,0.28543338486620395,0.2854297288566864,0.0,0.0,0.28551011271201204,0.2854841833524098,0.2854737640032713,0.28550575592512534,0.28548646997778315,0.2854694311354128,0.28545199719699044,0.28543753009412604,0.28545616429845466,0.2854364508568171,0.28550564431244907,0.2854703048073696,0.28547352767256157,0.28550275666689745,0.28547232238581527,0.2854707233060897,0.28544786044482867,0.2854218574477323,0.28544946592130804,0.2854217383175851
0.2854894468319171,0.28548658146083816,0.285473650391875,0.2854701779824978,0.28546664463987964,0.2854699282512078,0.2854507938848884,0.28545439952147034,0.28545175342218465,0.2854488752314744,0.2854355332565009,0.2854325087281403,0.28543311412080324,0.28543516180806316,0.2854153031726671,0.28541829654505113,0.28542198915755085,0.2854185000005368,0.28540721371306693,0.28540354821616404,0.0,0.0,0.28548428068265147,0.2854578324196993,0.28544721154887315,0.2854799126347247,0.28546012505323365,0.28544286722207274,0.28542549998139194,0.28541097767982676,0.2854296780755611,0.28540989558969904,0.28548049232383305,0.2854439747267602,0.28544641130956516,0.2854774356887321,0.28544610724291014,0.28544344597170523,0.28542115840131627,0.2853950099186287,0.2854229136520375,0.2853948717721408
0.28546183394872837,0.2854589606858874,0.28544593937807783,0.28544245738707086,0.2854388941607186,0.2854421868390967,0.2854229610853316,0.28542657669105403,0.28542390652932176,0.285421020376089,0.285407513209134,0.28540448027574106,0.2854051809854898,0.28540723434417825,0.2853871845487412,0.2853901862512729,0.2853940078346562,0.28539050900860585,0.2853788156045442,0.28537513981462037,0.0,0.0,0.28545663287388756,0.28543003789239974,0.2854193312946871,0.2854522527781849,0.28543233686223973,0.28541497492955215,0.28539752830218734,0.28538294832580685,0.28540171798742103,0.2853818632300823,0.28545313746536705,0.2854160401973956,0.2854184793669361,0.2854499073483218,0.28541829011123887,0.285415344341156,0.28539319343468217,0.28536698361041046,0.2853951015964434,0.28536682638441757
0.28543361957015867,0.28543073824498216,0.2854177353423779,0.28541424360088596,0.28541053916049325,0.28541384110190066,0.2853946000899327,0.2853982258522933,0.28539545296470314,0.2853925586768351,0.285379142250187,0.28537610080792253,0.28537663931767454,0.28537869847037534,0.2853585921861175,0.2853616023577195,0.2853654169273483,0.28536190822327445,0.2853501818907747,0.28534649572418946,0.0,0.0,0.2854283827691442,0.28540163790435313,0.2853909883409743,0.2854239903643117,0.2854039433482578,0.2853866197410174,0.2853685982339278,0.2853548965446444,0.2853727999006031,0.2853538084436703,0.2854247313947987,0.28538737112875956,0.2853912484319673,0.2854213235813177,0.2853897407581887,0.2853879402008617,0.2853637517878555,0.2853388398109442,0.2853658162213162,0.2853386633779145
0.2854040709257527,0.28540118115841606,0.2853881402455311,0.28538463827439897,0.2853808445329261,0.2853841561733246,0.2853648587326971,0.28536849514419665,0.28536565663792485,0.2853627538330077,0.2853492980145079,0.28534624762306077,0.2853467515963025,0.28534881681521607,0.2853286513888154,0.2853316704273561,0.2853354781567812,0.28533195911079967,0.2853205763994357,0.2853168795058775,0.0,0.0,0.2853984391532094,0.28537191991990485,0.2853610121411964,0.2853940337010771,0.28537423214296614,0.28535663060291777,0.2853390186883355,0.2853243186956643,0.2853432326010121,0.28532322732075643,0.2853942368001565,0.2853572144425228,0.285360545942999,0.2853906486797663,0.2853597104325,0.28535706112128517,0.2853343654284334,0.28530804432041573,0.2853365902328775,0.2853078485189845
0.08,0.08,0.08,0.08,0.08,0.08,0.08,0.08,0.08,0.08,0.08,0.08,0.08,0.08,0.08,0.08,0.08,0.08,0.08,0.08,0.0,0.0,0.08,0.08,0.08,0.08,0.08,0.08,0.08,0.08,0.08,0.08,0.08,0.08,0.08,0.08,0.08,0.08,0.08,0.08,0.08,0.08
0.08,0.08,0.08,0.08,0.08,0.08,0.08,0.08,0.08,0.08,0.08,0.08,0.08,0.08,0.08,0.08,0.08,0.08,0.08,0.08,0.0,0.0,0.08,0.08,0.08,0.08,0.08,0.08,0.08,0.08,0.08,0.08,0.08,0.08,0.08,0.08,0.08,0.08,0.08,0.08,0.08,0.08
0.08,0.08,0.08,0.08,0.08,0.08,0.08,0.08,0.08,0.08,0.08,0.08,0.08,0.08,0.08,0.08,0.08,0.08,0.08,0.08,0.0,0.0,0.08,0.08,0.08,0.08,0.08,0.08,0.08,0.08,0.08,0.08,0.08,0.08,0.08,0.08,0.08,0.08,0.08,0.08,0.08,0.08
0.08,0.08,0.08,0.08,0.08,0.08,0.08,0.08,0.08,0.08,0.08,0.08,0.08,0.08,0.08,0.08,0.08,0.08,0.08,0.08,0.0,0.0,0.08,0.08,0.08,0.08,0.08,0.08,0.08,0.08,0.08,0.08,0.08,0.08,0.08,0.08,0.08,0.08,0.08,0.08,0.08,0.08
0.08,0.08,0.08,0.08,0.08,0.08,0.08,0.08,0.08,0.08,0.08,0.08,0.08,0.08,0.08,0.08,0.08,0.08,0.08,0.08,0.0,0.0,0.08,0.08,0.08,0.08,0.08,0.08,0.08,0.08,0.08,0.08,0.08,0.08,0.08,0.08,0.08,0.08,0.08,0.08,0.08,0.08
0.08,0.08,0.08,0.08,0.08,0.08,0.08,0.08,0.08,0.08,0.08,0.08,0.08,0.08,0.08,0.08,0.08,0.08,0.08,0.08,0.0,0.0,0.08,0.08,0.08,0.08,0.08,0.08,0.08,0.08,0.08,0.08,0.08,0.08,0.08,0.08,0.08,0.08,0.08,0.08,0.08,0.08
0.08,0.08,0.08,0.08,0.08,0.08,0.08,0.08,0.08,0.08,0.08,0.08,0.08,0.08,0.08,0.08,0.08,0.08,0.08,0.08,0.0,0.0,0.08,0.08,0.08,0.08,0.08,0.08,0.08,0.08,0.08,0.08,0.08,0.08,0.08,0.08,0.08,0.08,0.08,0.08,0.08,0.08
0.08,0.08,0.08,0.08,0.08,0.08,0.08,0.08,0.08,0.08,0.08,0.08,0.08,0.08,0.08,0.08,0.08,0.08,0.08,0.08,0.0,0.0,0.08,0.08,0.08,0.08,0.08,0.08,0.08,0.08,0.08,0.08,0.08,0.08,0.08,0.08,0.08,0.08,0.08,0.08,0.08,0.08
0.2853781219158837,0.28537522473603594,0.28536209528806955,0.2853585843159002,0.2853547539633146,0.2853580741241213,0.28533868815530006,0.28534233393583924,0.28533946703957286,0.2853365567498056,0.28532293687651294,0.2853198785816524,0.2853204753387277,0.2853225458899589,0.2853024658596714,0.2853054926517401,0.2853091538622913,0.2853056257244877,0.28529383461086855,0.2852901280294726,0.0,0.0,0.2853728131018886,0.28534576006256446,0.2853349339200888,0.28536839647078627,0.2853480782549755,0.2853305411178037,0.28531235236163993,0.2852985379699618,0.2853165773137725,0.2852974438351148,0.2853695272852216,0.28533111393869887,0.2853352602477112,0.28536575666153763,0.28533374078057244,0.2853315959751646,0.2853073927162267,0.28528219025580887,0.285309785684974,0.2852819734206922
0.2853586204416071,0.285355717691782,0.2853426183270482,0.2853391006246255,0.2853351300033937,0.2853384565719373,0.2853190722804545,0.28532272508250306,0.28531975677817095,0.28531684085608056,0.2853033243708686,0.2853002601967256,0.2853006912448034,0.2853027658103298,0.28528250926074616,0.2852855419611495,0.28528932941167684,0.28528579442788976,0.28527436030174635,0.28527064666636187,0.0,0.0,0.28535292359720404,0.28532612188245987,0.28531504918726863,0.285348498256802,0.28532844456443324,0.28531064777277887,0.2852928853808081,0.2852780817995718,0.285297118393465,0.2852769854751812,0.28534884651929304,0.2853109892925806,0.2853147983542666,0.2853449257788355,0.28531373738838234,0.2853109751088612,0.2852880147696542,0.2852615055029338,0.28529057145302456,0.2852612685169545
0.2853367861277629,0.28533387714242275,0.2853206943176751,0.285317169040353,0.2853131701989702,0.28531650393708036,0.28529703881778173,0.2853006995057416,0.28529770803076593,0.28529478580889794,0.28528111021976726,0.2852780393872673,0.28527856062995977,0.28528063968534473,0.285260477310058,0.28526351653241105,0.2852671544221652,0.28526361178163684,0.2852517723252811,0.2852480505090964,0.0,0.0,0.2853314262387332,0.2853040990150213,0.2852931211960212,0.28532699143428164,0.2853064267591725,0.28528871023243385,0.28527036442448983,0.28525645643922665,0.2852746067721248,0.28525535779890504,0.2853282326388431,0.2852890563819101,0.2852936277182126,0.2853242119607262,0.2852919170022943,0.28528968025113843,0.2852651772104878,0.2852398070895469,0.2852679177261537,0.28523954845513944
0.28532314346639953,0.2853202305853538,0.2853070856070202,0.28530355562828846,0.2852994338111135,0.2853027720334861,0.2852833199417083,0.28528698553921755,0.2852838990094101,0.28528097284244236,0.2852674089756689,0.2852643340368649,0.28526468043131564,0.2852667623024142,0.2852464345292768,0.28524947790816163,0.2852532373872967,0.2852496899419089,0.28523821561595675,0.2852344888903979,0.0,0.0,0.2853174110797463,0.2852903641100631,0.2852791530444854,0.2853129700842645,0.28529269504463817,0.285274735957468,0.28525680196008146,0.2852419087153986,0.28526104994961843,0.28524080851446454,0.2853133758909561,0.2852749300382222,0.2852790119144448,0.2853093158319213,0.28527785155299806,0.28527500823196894,0.2852516787671004,0.2852250205315124,0.285254626221307,0.28522473872160403
0.2853089550645591,0.28530603813230415,0.2852928193773069,0.2852892844704201,0.28528515807984234,0.28528850096215935,0.28526898253619537,0.28527265326417806,0.285269550244904,0.28526661997897995,0.2852529068294309,0.2852498275446552,0.28525025510011737,0.2852523398972678,0.2852319835976434,0.2852350312535068,0.28523877251626534,0.2852352200772983,0.28522334795982546,0.28521961585060657,0.0,0.0,0.2853032136868397,0.28527604828355985,0.2852649423832669,0.2852987664674288,0.28527838251546545,0.2852605191148955,0.2852419858532472,0.2852274043418789,0.28524624000008186,0.28522630258344817,0.2852994044597397,0.2852608511776034,0.2852654931822888,0.28529533017233377,0.28526379410256597,0.2852614698321272,0.28523652012513095,0.28521034732806105,0.28523969435590535,0.28521003997848393
0.2852989465055559,0.28529602671576626,0.28528285063273723,0.2852793122824745,0.2852750721523522,0.2852784183267223,0.28525891997178954,0.2852625943002839,0.2852593954856315,0.28525646231904733,0.2852428660801466,0.28523978378660003,0.28524002804983734,0.2852421149213035,0.2852218768644583,0.28522492751134904,0.28522850964741564,0.2852249536657497,0.28521345180308727,0.2852097161106788,0.0,0.0,0.2852931993081349,0.28526597689353184,0.28525478266641624,0.28528874771097973,0.28526831343407216,0.2852503549975499,0.28523207541099904,0.2852177018014474,0.2852363336858881,0.28521659900111346,0.2852891593097322,0.28525047333614106,0.2852555027647295,0.28528507899463024,0.2852534233579485,0.285251472092911,0.2852266489980471,0.2852005612279261,0.2852300704353314,0.28520022727406374
0.28528319180031997,0.2852802675127625,0.2852670711799633,0.2852635273796236,0.2852592257686194,0.28526257711486086,0.28524304867118166,0.28524672867818857,0.28524346992284727,0.28524053220755213,0.2852269149317636,0.2852238278587285,0.2852240173719175,0.28522610749051913,0.28520583799256194,0.2852088933856925,0.28521245584220045,0.2852088943192621,0.2851973745814995,0.28519363306831724,0.0,0.0,0.28527779835711276,0.28525009204902924,0.2852388499210768,0.28527334005191574,0.28525243221347546,0.2852344153736482,0.2852161725508905,0.28520100878253707,0.2852204374245894,0.2851999041935679,0.2852746079247107,0.285234785598003,0.2852395716825858,0.28527052139943376,0.28523774102538596,0.28523553398857454,0.28521115006662084,0.2851834443992463,0.28521483031062334,0.2851830821832042
0.28527100937788546,0.2852680816126897,0.2852548696230254,0.285251321608731,0.2852469595895452,0.2852503149388336,0.28523072383668646,0.2852344082529646,0.28523112951635304,0.28522818827664753,0.28521455470124935,0.2852114639249936,0.28521159803325324,0.28521369067041596,0.28519339678602906,0.2851964558604631,0.28519999676011276,0.28519643093705177,0.28518489732800417,0.28518115129780414,0.0,0.0,0.28526524653843216,0.28523783929087,0.28522635689109405,0.28526078277191386,0.28524018224722036,0.2852219169564925,0.2852035634791762,0.28518910776895084,0.2852078335899471,0.2851880019038545,0.28526142434697954,0.28522229165815466,0.28522606275363704,0.28525733248377794,0.2852252508609067,0.28522201959247495,0.28519780462657046,0.28517160072509196,0.2852017423185406,0.2851712088907114
0.2852561984005804,0.2852532664077296,0.2852399795607325,0.28523642640439006,0.28523206218517705,0.2852354223958147,0.2852158423814865,0.28521953212124845,0.2852161572809056,0.28521321176548814,0.28519942741214627,0.2851963321040099,0.28519654529332317,0.28519864098283326,0.2851781784931487,0.28518124207024437,0.28518490116883444,0.28518133013611596,0.2851693960413926,0.28516564439988146,0.0,0.0,0.2852507908465995,0.28522290437376846,0.2852115251008062,0.28524632079284745,0.2852252507300179,0.28520707877553175,0.2851886233009167,0.28517337157394024,0.2851928996307183,0.28517226402107454,0.28524759212593975,0.28520762064902067,0.2852122489883577,0.2852434947442527,0.28521058409953254,0.2852082003737491,0.2851834003290884,0.28515559109927086,0.28518756586414196,0.28515516780212297
0.2852377100905877,0.2852347728209412,0.28522151804120094,0.28521795851009374,0.28521349107361177,0.2852168573438101,0.28519724207681996,0.2852009384697364,0.28519751790895465,0.28519456707110896,0.2851808891069124,0.28517778824556556,0.28517783067306096,0.285179930157085,0.28515956997715486,0.2851626390594321,0.2851661409808315,0.2851625634744106,0.28515099217703915,0.28514723387209173,0.0,0.0,0.2852318778756322,0.2852043412228499,0.28519272984337724,0.285227399596848,0.2852066918045347,0.28518827542047737,0.2851697279773049,0.28515516562081306,0.2851740121939504,0.2851540561086245,0.2852278140699172,0.2851887430337521,0.2851926001601336,0.2852237088066781,0.2851917119037501,0.28518854383674286,0.28516372932995526,0.2851372845271178,0.28516803365341237,0.28513682942084934,0.28522302107019887
0.2852058953543074,0.28520294900569465,0.2851895972548337,0.2851860267031274,0.28518147992829285,0.2851848566418244,0.2851651409988024,0.2851688488722421,0.28516538592523255,0.2851624259135616,0.2851485738749612,0.2851454633349449,0.28514561638865343,0.28514772240334757,0.2851271592545262,0.28513023792380227,0.28513387428220577,0.28513028564299264,0.2851182928543017,0.28511452269178805,0.0,0.0,0.2852004030424566,0.28517222666374525,0.28516068064258393,0.2851959110776835,0.28517458455440114,0.2851562124139062,0.2851376345902382,0.28512224689506394,0.28514193214207817,0.2851211338365938,0.28519718879227246,0.2851568679530606,0.2851612402293915,0.2851930713240533,0.2851598459746987,0.28515717159880694,0.28513227594136137,0.2851041227150287,0.28513663821639934,0.2851036447853875,0.28519183712146146,0.2851685307886511,0.2851508074768382
0.28519397510757344,0.28519102535772395,0.28517771439169454,0.28517413973798295,0.2851695092339692,0.2851728898523161,0.28515319111302695,0.2851569032596248,0.28515338201113277,0.28515041857273954,0.28513668233539363,0.285133568234235,0.2851335829916945,0.2851356914455493,0.2851152444151607,0.28511832660834796,0.28512182187299984,0.28511822907596157,0.28510660843931485,0.2851028340248721,0.0,0.0,0.2851880649995958,0.2851602620374085,0.2851485149801486,0.2851835676706529,0.28516262265074394,0.28514404150774997,0.2851254391699953,0.28511017550739776,0.2851297417978345,0.28510906113720424,0.28518398403927586,0.2851445974023526,0.2851483848791359,0.2851798613063495,0.2851475789490789,0.2851443111993864,0.2851193801386373,0.28509183981827685,0.2851237586889435,0.2850913540442541,0.2851791294848659,0.28515657355410534,0.28513899278721744,0.2851785550016357
0.2851605058910284,0.28515754659260256,0.2851441362955556,0.28514055005213695,0.2851358660556461,0.2851392576468412,0.2851194552773071,0.2851231794858614,0.28511963772348003,0.28511666465351554,0.28510275164498344,0.2850996273840328,0.28509977337774023,0.28510188868384545,0.28508123495531945,0.28508432720570914,0.2850879730514437,0.2850843685730043,0.28507232300517804,0.285068536173201,0.0,0.0,0.28515491729801656,0.2851265180044096,0.2851148556339171,0.2851504055595078,0.2851288862955207,0.2851103676616529,0.28509175495260775,0.28507628769615007,0.2850960715183385,0.2850751696949547,0.28515168903665555,0.2851110916776254,0.2851154178303664,0.28514755343622694,0.28511408284031575,0.28511133121764337,0.28508636455652075,0.2850580413071879,0.2850907592902937,0.28505755228900836,0.285146255757088,0.28512274184915587,0.2851048977509489,0.285145467373504,0.2851233313257112,0.2851043145693911
0.2851405933212461,0.28513762834277984,0.2851241923666024,0.28512059924049626,0.2851158529403175,0.2851192510578237,0.28509941064477273,0.28510314201896647,0.28509956617558335,0.28509658737755006,0.28508264762470253,0.28507951734501746,0.2850796635861718,0.2850817829673079,0.2850612301349534,0.2850643283001744,0.28506784043843825,0.2850642290141604,0.2850521603062099,0.28504836617660545,0.0,0.0,0.2851345999902959,0.2851064853321432,0.2850945985500084,0.28513007942109786,0.28510885818089093,0.2850901018532675,0.2850714774399978,0.2850573101417591,0.28507580238932384,0.28505619010980615,0.2851304981020228,0.28509079687146316,0.2850943010727952,0.28512635406060777,0.2850937938573728,0.28509020617827313,0.2850654964908054,0.2850394443698573,0.285069900451231,0.28503895415382524,0.2851255816980574,0.28510269185435916,0.2850849689143743,0.28512458514243016,0.28510350240426513,0.28508417416659126
0.28511871068245,0.28511573946275826,0.2851022752706246,0.28509867458183064,0.28509386569783385,0.285097270984523,0.2850774287364001,0.2850811679677971,0.2850775179278158,0.2850745328383862,0.2850605637113159,0.28505742682098584,0.28505757362136475,0.2850596974782309,0.2850389603914805,0.28504206514037556,0.2850457256500302,0.2850421065998223,0.2850300124748688,0.2850262103342958,0.0,0.0,0.28511304589900854,0.2850844276069395,0.28507266205367304,0.2851085159627342,0.2850868054730504,0.2850681559125797,0.28504952289270025,0.285033992936278,0.28505385691210844,0.2850328704129227,0.2851095722170065,0.2850689390414223,0.28507339609761895,0.28510541984243654,0.28507194229700855,0.2850692930072739,0.2850441104992018,0.2850156710783522,0.2850485235370598,0.2850151796901916,0.28510431110336454,0.285080566636582,0.2850626289989401,0.2851031026755208,0.2850815910215325,0.285061629190335
0.28508303146189307,0.2850800500677463,0.28506653987849695,0.2850629268610036,0.2850579935171227,0.2850614104983186,0.2850415002181824,0.28504525228964045,0.2850415072726351,0.2850385119094572,0.28502449481534525,0.2850213471299458,0.2850214382644771,0.2850235694415941,0.2850027609932219,0.28500587644199654,0.2850095217270407,0.2850058901946682,0.28499375446758624,0.28498993921464416,0.0,0.0,0.28507695102165836,0.28504852192555075,0.28503645831873703,0.28507240540179607,0.28505090795754173,0.2850319365935188,0.2850131781013135,0.2849989049386988,0.285017527133111,0.2849977786674883,0.28507282657468885,0.2850327464800223,0.28503632714936733,0.28506865956972244,0.28503576011523124,0.2850322095286294,0.28500716397006115,0.28498081832077826,0.2850115925388966,0.28498032529652473,0.28506784281384406,0.285044636016738,0.28502673957955993,0.28506642736954707,0.28504587096634354,0.28502553948955534,0.2850086138333169,0.2849954143015873
0.08,0.08,0.08,0.08,0.08,0.08,0.08,0.08,0.08,0.08,0.08,0.08,0.08,0.08,0.08,0.08,0.08,0.08,0.08,0.08,0.0,0.0,0.08,0.08,0.08,0.08,0.08,0.08,0.08,0.08,0.08,0.08,0.08,0.08,0.08,0.08,0.08,0.08,0.08,0.08,0.08,0.08,0.08,0.08,0.08,0.08,0.08,0.08,0.08,0.08
0.08,0.08,0.08,0.08,0.08,0.08,0.08,0.08,0.08,0.08,0.08,0.08,0.08,0.08,0.08,0.08,0.08,0.08,0.08,0.08,0.0,0.0,0.08,0.08,0.08,0.08,0.08,0.08,0.08,0.08,0.08,0.08,0.08,0.08,0.08,0.08,0.08,0.08,0.08,0.08,0.08,0.08,0.08,0.08,0.08,0.08,0.08,0.08,0.08,0.08
0.08,0.08,0.08,0.08,0.08,0.08,0.08,0.08,0.08,0.08,0.08,0.08,0.08,0.08,0.08,0.08,0.08,0.08,0.08,0.08,0.0,0.0,0.08,0.08,0.08,0.08,0.08,0.08,0.08,0.08,0.08,0.08,0.08,0.08,0.08,0.08,0.08,0.08,0.08,0.08,0.08,0.08,0.08,0.08,0.08,0.08,0.08,0.08,0.08,0.08
0.08,0.08,0.08,0.08,0.08,0.08,0.08,0.08,0.08,0.08,0.08,0.08,0.08,0.08,0.08,0.08,0.08,0.08,0.08,0.08,0.0,0.0,0.08,0.08,0.08,0.08,0.08,0.08,0.08,0.08,0.08,0.08,0.08,0.08,0.08,0.08,0.08,0.08,0.08,0.08,0.08,0.08,0.08,0.08,0.08,0.08,0.08,0.08,0.08,0.08
0.08,0.08,0.08,0.08,0.08,0.08,0.08,0.08,0.08,0.08,0.08,0.08,0.08,0.08,0.08,0.08,0.08,0.08,0.08,0.08,0.0,0.0,0.08,0.08,0.08,0.08,0.08,0.08,0.08,0.08,0.08,0.08,0.08,0.08,0.08,0.08,0.08,0.08,0.08,0.08,0.08,0.08,0.08,0.08,0.08,0.08,0.08,0.08,0.08,0.08
0.08,0.08,0.08,0.08,0.08,0.08,0.08,0.08,0.08,0.08,0.08,0.08,0.08,0.08,0.08,0.08,0.08,0.08,0.08,0.08,0.0,0.0,0.08,0.08,0.08,0.08,0.08,0.08,0.08,0.08,0.08,0.08,0.08,0.08,0.08,0.08,0.08,0.08,0.08,0.08,0.08,0.08,0.08,0.08,0.08,0.08,0.08,0.08,0.08,0.08
0.08,0.08,0.08,0.08,0.08,0.08,0.08,0.08,0.08,0.08,0.08,0.08,0.08,0.08,0.08,0.08,0.08,0.08,0.08,0.08,0.0,0.0,0.08,0.08,0.08,0.08,0.08,0.08,0.08,0.08,0.08,0.08,0.08,0.08,0.08,0.08,0.08,0.08,0.08,0.08,0.08,0.08,0.08,0.08,0.08,0.08,0.08,0.08,0.08,0.08
0.08,0.08,0.08,0.08,0.08,0.08,0.08,0.08,0.08,0.08,0.08,0.08,0.08,0.08,0.08,0.08,0.08,0.08,0.08,0.08,0.0,0.0,0.08,0.08,0.08,0.08,0.08,0.08,0.08,0.08,0.08,0.08,0.08,0.08,0.08,0.08,0.08,0.08,0.08,0.08,0.08,0.08,0.08,0.08,0.08,0.08,0.08,0.08,0.08,0.08
0.2850602417084719,0.28505725381662195,0.2850437711407482,0.28504015026941465,0.2850350737466695,0.28503849819851657,0.2850185042782618,0.2850222645665223,0.285018503619765,0.28501550169485634,0.28500158747758003,0.2849984329374412,0.2849983710788195,0.2850005069280323,0.28497979464883916,0.2849829168848495,0.28498641875047687,0.28498277925400656,0.28497100801929987,0.2849671845415341,0.0,0.0,0.285054489918205,0.28502552881867205,0.2850135653426989,0.2850499345399667,0.28502792007926103,0.28500903376429404,0.28499023627541403,0.2849745820025305,0.28499459478200073,0.2849734531337202,0.28505099690176555,0.2850098885073366,0.28501413330447606,0.28504682120622643,0.28501290869716733,0.2850100069852143,0.2849846809637681,0.28495599852791653,0.2849891189823592,0.2849555043434052,0.2850456634656637,0.28502157022280905,0.28500343779684856,0.2850440291140995,0.28502302717896205,0.28500202693594673,0.2849858144215059,0.2849695223207236
0.2850147804503524,0.285011779599444,0.28499818145122896,0.2849945448574054,0.2849893644013542,0.284992803749025,0.28497272300021625,0.28497649964348176,0.28497260722034995,0.2849695922063013,0.2849554833664009,0.2849523150330078,0.28495229660430776,0.28495444178365886,0.284933496836297,0.2849366327518624,0.2849402474325244,0.2849365920234872,0.2849243767201633,0.2849205363850728,0.0,0.0,0.285008606399004,0.284979778531879,0.2849674715403103,0.2850040310914417,0.28498218019331595,0.2849629201281033,0.28494392616450254,0.2849295061513507,0.28494830379238534,0.2849283724696989,0.285004689476581,0.2849638999654299,0.2849671708257195,0.28500049535054056,0.2849669333392433,0.28496302610500673,0.28493787269874316,0.2849113007374847,0.284942330385869,0.28491080446737466,0.28499939542220626,0.2849757913055924,0.2849576505794278,0.28499756392775544,0.2849774453676264,0.28495605082906067,0.28493901741159944,0.2849262013104564,0.28493951896995323,0.2849254941019198
0.28497845258583787,0.2849754413819316,0.2849618537634775,0.28495820464440186,0.2849528421096863,0.2849562933563781,0.28493618374323765,0.2849399734366699,0.2849359468528535,0.28493292138624865,0.2849188983060581,0.28491571902998175,0.28491551313891356,0.2849176657651249,0.28489679105195137,0.2848999378102468,0.2849033960902484,0.28489972798384017,0.28488786447183595,0.2848840109407524,0.0,0.0,0.28497260294248694,0.28494317111514583,0.28493091701329754,0.28496801200078026,0.28494558109685475,0.28492634987583765,0.2849072414922957,0.2848913950253085,0.28491163426341815,0.2848902572754621,0.2849690829025269,0.2849274086115651,0.2849316614210606,0.2849648746084151,0.2849304524441414,0.28492750279000806,0.2849016427596328,0.2848726656089603,0.28490611566658497,0.2848721675365631,0.28496366314001953,0.284939104807791,0.28492067036864754,0.28496161570684686,0.284940973906378,0.2849188646155964,0.2849024150051083,0.28488652443120777,0.28490303716625526,0.2848856206928859
0.2849398871867585,0.2849368649946365,0.28492322791245517,0.2849195654787285,0.2849140759928015,0.2849175398667243,0.28489735679865613,0.28490116035620033,0.2848970385880385,0.28489400203045856,0.2848799276640517,0.2848767367343846,0.28487647731118915,0.2848786378384687,0.28485754327693746,0.284860701626232,0.2848642896901381,0.28486060811241576,0.28484870115193556,0.2848448334699222,0.0,0.0,0.2849336136573146,0.2849043674716685,0.2848918104668854,0.2849290057886798,0.28490678627083543,0.28488722651012316,0.2848679932670645,0.2848534188938618,0.2848724022359834,0.2848522770911502,0.2849296690855496,0.28488831752163546,0.28489167792999864,0.2849254451119466,0.28489137255556013,0.28488750363946747,0.28486178349737673,0.2848350833035569,0.2848662731450008,0.2848345834785585,0.28492428864768365,0.2849002690026195,0.2848818756217063,0.28492202214037393,0.2849023575212315,0.28487985881468925,0.2848626334308248,0.2848504009204234,0.284863380393436,0.28484929676048526
0.2849006783830702,0.2848976450220006,0.28488395766338115,0.2848802816960168,0.2848746628894715,0.2848781395983783,0.28485784107415624,0.28486165873846514,0.28485748058210725,0.284854432750979,0.28484030625498596,0.284837103479901,0.2848367889774748,0.28483895753600846,0.2848177846857837,0.28482095477417063,0.2848245293478509,0.2848208340767669,0.2848088829525313,0.28480500088634914,0.0,0.0,0.28489472972220053,0.2848648657324302,0.28485235743498033,0.2848901049762927,0.28486729350559153,0.2848477565138707,0.2848284017244864,0.28481238611085335,0.2848328270290512,0.28481123993009894,0.2848914213901497,0.2848489871080892,0.2848529345773899,0.2848871822044811,0.2848520534093058,0.28484874511663993,0.28482276176802507,0.28479367876278755,0.28482726780070877,0.2847931770074457,0.28488567330451187,0.284860684063277,0.28484198899583724,0.2848831852752779,0.2848629953497102,0.28483975902290926,0.2848231113369394,0.2848077974366037,0.28482398923750357,0.28480648484152365
0.2848659325302862,0.2848628892737588,0.2848491573719747,0.2848454694140958,0.2848397220515092,0.2848432101364727,0.2848228453036904,0.2848266754584053,0.2848224008158444,0.2848193429896362,0.28480517027651614,0.2848019569993443,0.28480158675136036,0.2848037624317579,0.28478252015833855,0.28478570065657416,0.2847892598247146,0.28478555240961506,0.2847735621193086,0.28476966729647596,0.0,0.0,0.28485955900888815,0.2848298903990446,0.2848170795451837,0.28485491900077425,0.2848323261161283,0.28481246345837136,0.28479298782925033,0.28477825853274846,0.2847974277424765,0.2847771087115261,0.2848555871488135,0.2848137284233755,0.2848167750154406,0.28485133371411864,0.2848168048231788,0.28481257139933625,0.28478673470665866,0.2847597944143582,0.2847912558635684,0.2847592910796354,0.28485011596699744,0.2848256753614899,0.2848070267754352,0.2848474061202266,0.28482821048712625,0.2848045819639266,0.2847871494316549,0.28477554394991467,0.2847881611565114,0.2847740200736905
0.2848298065322326,0.2848267529893634,0.2848129166476807,0.284809216205629,0.2848033968546451,0.28480689676387294,0.2847865040765162,0.2847903471990883,0.28478593374433225,0.28478286552998544,0.2847685083225277,0.2847652840895051,0.2847649938843188,0.28476717696633835,0.28474586254341255,0.2847490538604054,0.28475259773192546,0.28474887769603185,0.2847368467027161,0.2847329386224095,0.0,0.0,0.2848237622028958,0.2847934787413486,0.28478071951808026,0.2848191066641737,0.2847959227268253,0.2847760878037049,0.28475649458516367,0.28474031832555696,0.2847609495490676,0.2847391644580359,0.28482043205900004,0.2847775604140719,0.28478147491021427,0.2848161646482958,0.2847806471706977,0.2847772574781542,0.28475093205661917,0.284721485746242,0.2847554682403259,0.2847209806263017,0.2848145907191249,0.284789178820372,0.2847702311789957,0.2848116590712688,0.28479193916267787,0.28476757024861526,0.2847507197228235,0.28473602716848506,0.28475186794524876,0.28473428723405775
0.28479023990845104,0.28478717510211726,0.2847732878465608,0.2847695737563055,0.2847636220647233,0.2847671349181586,0.28474666693536177,0.2847505242700279,0.28474601091720664,0.2847429313328968,0.2847286580129773,0.28472542187403393,0.2847249377940153,0.2847271289763085,0.2847058809801758,0.28470908409422263,0.2847124682754832,0.28470873442833505,0.2846966588935517,0.28469273630526765,0.0,0.0,0.2847837661176143,0.28475366509851885,0.28474059525041334,0.28477909323033224,0.284756118122859,0.28473594629453985,0.2847162209703923,0.2847013333992886,0.2847206925402831,0.28470017537500525,0.2847797663443074,0.28473744765968456,0.2847404612975166,0.2847754827704861,0.2847405459001089,0.28473622781697266,0.28470992350010493,0.28468286238797985,0.284714476891645,0.28468235546857085,0.28477420041762247,0.2847493280098933,0.2847304186403612,0.28477104900758626,0.2847523147174347,0.28472754100414505,0.2847098819194125,0.28469892958437204,0.2847111709201622,0.2846969718478144
0.2847528008044905,0.28474972534278464,0.28473578992290743,0.2847320629212995,0.2847259797498506,0.2847295048506759,0.2847089242652937,0.28471279506172337,0.28470822332315376,0.28470513297948863,0.2846906724662821,0.2846874249811849,0.28468701969624727,0.2846892185446775,0.28466775043655645,0.28467096479886767,0.2846744783598199,0.28467073144082994,0.28465821117448814,0.28465427470966836,0.0,0.0,0.2847466601254069,0.28471593540380113,0.28470291602694914,0.28474197114686634,0.28471839699190477,0.2846982508839823,0.28467840148483875,0.2846620541541931,0.2846828886451724,0.28466089194274485,0.28474330629781447,0.2846999026708233,0.2847035016847578,0.28473900823581055,0.2847030116574347,0.284699253745414,0.28467279899713244,0.2846430856406362,0.28467736796306214,0.28464257686845534,0.28473736748766504,0.28471151181366994,0.28469229879523533,0.2847340050196566,0.28471472205500115,0.2846892083694712,0.28467211519520685,0.28465806676408384,0.28467354749752627,0.28465588296712807
0.2847132222086505,0.28471013548525415,0.28469620793088696,0.2846924673034758,0.28468619439672194,0.284689732439207,0.28466911793628674,0.2846730029272405,0.28466828987880965,0.28466518816743874,0.28465081253810187,0.28464755314975093,0.2846469507858847,0.28464915773340654,0.28462775711131155,0.28463098326863967,0.28463433472605615,0.28463057399738456,0.2846184117719726,0.2846144609461303,0.0,0.0,0.28470665325746924,0.28467611284336414,0.28466278218236213,0.2847019469336845,0.284678583468169,0.2846580998018017,0.28463811306108566,0.2846230624610057,0.2846426168257637,0.28462189609401845,0.28470238413688437,0.2846597197286551,0.2846626475062255,0.2846980698173416,0.2846628402138205,0.28465838358822565,0.2846317704926192,0.2846044586294965,0.28463635666671655,0.2846039480585202,0.2846969666649237,0.28467165335734174,0.28465247971012625,0.2846934088580601,0.2846750815101134,0.2846491840525389,0.2846312514739334,0.28462098052525675,0.2846328280132521,0.2846185687497114
0.2846680027907874,0.28466490320391746,0.2846508587365977,0.28464710250202574,0.2846407589649843,0.2846443117832689,0.2846235696472616,0.28462747087612655,0.28462269972561277,0.2846195850395751,0.2846050108934084,0.284601737830945,0.2846012139033879,0.28460343009329514,0.2845819399955972,0.2845851796620612,0.2845885164600756,0.28458473997365896,0.2845723134365504,0.28456834598107844,0.0,0.0,0.2846617381685449,0.2846305857735704,0.28461730198434404,0.2846570123764613,0.2846330667269364,0.2846126000749119,0.2845924692579439,0.2845759365745385,0.28459699182929066,0.28457476518640296,0.28465835827159297,0.28461442718283336,0.28461789252266156,0.28465402646590926,0.2846175606253871,0.28461361110481925,0.28458682282532377,0.28455665442433986,0.2845914278465257,0.2845561416277758,0.2846522926407015,0.2846260407904923,0.28460655133194374,0.2846485704624766,0.2846296750337146,0.2846030662068032,0.2845856521434735,0.28457225701928124,0.2845873746212855,0.28456961275582854,0.28463953840235123
0.2846249743671435,0.28462186254329713,0.2846078220130013,0.2846040509710327,0.28459749117205146,0.2846010580574795,0.28458027578452627,0.28458419244350264,0.28457924810504365,0.2845761210562467,0.2845616282777651,0.28455834226684895,0.28455761849683775,0.2845598434940335,0.2845381205049886,0.2845413730881256,0.28454484155838144,0.28454105005538516,0.28452878858951774,0.28452480543699527,0.0,0.0,0.28461828197121913,0.28458728366994834,0.2845736183740783,0.2846135373481665,0.2845897744444956,0.2845688977122204,0.2845486494830954,0.2845334189015382,0.28455319010472324,0.28453224298446317,0.284613978382726,0.2845707571411724,0.2845734828736234,0.2846096289549506,0.2845739030736209,0.28456918409560344,0.28454225528980215,0.28451453651703196,0.284546878993711,0.28451402176014107,0.2846084427437719,0.28458271129142804,0.2845631526038247,0.2846046027159503,0.2845865231664542,0.28455951235069077,0.2845412430943425,0.28453166060518426,0.28454311458045384,0.2845287812713885,0.28459527352520586,0.28455021971334693
0.2845868500832694,0.28458372741978083,0.2845695786483076,0.2845657944513645,0.2845591398318369,0.2845627191829383,0.2845418224048421,0.28454575276541205,0.28454075771214804,0.28453761971483393,0.28452293675284335,0.2845196391964655,0.28451899356232624,0.28452122636073995,0.284499575479038,0.28450283942129423,0.2845061426513096,0.2845023378458926,0.28448981838737936,0.28448582118389143,0.0,0.0,0.28458050875979907,0.2845488143402343,0.2845352484570131,0.2845757477723761,0.28455131383772814,0.28453051132782814,0.2845101236954936,0.28449340969184467,0.2845146801827903,0.284492229514082,0.2845771039431103,0.2845325352322749,0.28453584367429213,0.2845727398770191,0.284535692093742,0.28453153018634353,0.2845044351771425,0.28447398312263483,0.2845090747313332,0.28447346647870275,0.2845709601156188,0.28454413329634265,0.28452434405647054,0.2845670486048496,0.2845480771080599,0.2845205964161012,0.2845027591140598,0.2844900444222186,0.28450477956987236,0.28448692791947616,0.284558131609372,0.28451101026637354,0.2845472944430069
0.28454102306325874,0.28453788737333086,0.28452373942706527,0.28451993946629034,0.28451308576191375,0.28451668007859293,0.2844957382511754,0.28449968502815853,0.28449452889803717,0.28449137775436417,0.2844767735759513,0.2844734622480895,0.28447261534076795,0.28447485750397516,0.2844531159651082,0.2844563935953776,0.28445968155631585,0.28445586078436735,0.28444350493676507,0.28443949103892185,0.0,0.0,0.28453421367183,0.28450270315119436,0.28448895656687706,0.2845294326331781,0.2845052131017834,0.2844841995755073,0.2844635176235891,0.2844481120127525,0.2844680932992816,0.284446927012352,0.2845298773153267,0.28448628821862226,0.2844897333036902,0.2845254945046816,0.2844894583004306,0.2844854017996812,0.28445707433486006,0.28442921154004863,0.2844617337330027,0.2844286928133266,0.28452423150362305,0.2844979821113531,0.284477965730568,0.2845202742884947,0.28450201351511684,0.284474149878044,0.28445555698713476,0.28444667948856833,0.28445772667899294,0.2844433257076828,0.28451092223852215,0.284464750657684,0.2845011831492035,0.2845102360502415,0.2844642792458349
0.28449937560046956,0.2844962280752494,0.2844819669352594,0.2844781526129428,0.28447120821786465,0.28447481613935327,0.28445375284779834,0.2844577145771703,0.2844524971216586,0.28444933402831973,0.2844345339236586,0.2844312099981205,0.28443044432046805,0.2844326949966847,0.2844107217148359,0.2844140118320797,0.28441743333655956,0.28441359804970634,0.28440078332924745,0.2843967540358878,0.0,0.0,0.28449290267452204,0.28446077145087084,0.2844468755003126,0.2844881037480306,0.2844632909045901,0.2844421004582481,0.2844212837668073,0.2844057915306965,0.28442587682616904,0.284404602025809,0.2844894710001463,0.2844441157799609,0.2844474757584968,0.2844850721573505,0.2844472979141495,0.28444312774815583,0.28441493405537516,0.28438669137329436,0.2844196111051363,0.28438617066903543,0.28448319570052044,0.28445601389609426,0.28443581433288867,0.28447920986512976,0.28446009667815614,0.28443195752836786,0.2844130554735987,0.28440451514422427,0.2844153673727633,0.28440093082333684,0.28447021544385154,0.2844223406960855,0.2844592117974189,0.28446931661260794,0.28442166766127835,0.28445961596556757
0.28446835919899877,0.2844652028615178,0.28445096198833725,0.28444713700872537,0.2844400052202744,0.2844436232765018,0.2844225433707249,0.2844265162123864,0.2844211612393845,0.2844179892391899,0.2844032886362402,0.28439995539406965,0.28439899393675383,0.2844012509604186,0.28437936556531157,0.2843826649162821,0.28438591975762384,0.28438207364628043,0.2843696360915824,0.2843655955762295,0.0,0.0,0.28446183970774147,0.2844295114261723,0.28441549561140483,0.28445702733376804,0.2844320379629093,0.2844107071118839,0.28438978145388266,0.2843742184266104,0.284394387476892,0.284373025561904,0.2844581514922991,0.28441274812237977,0.28441627772391,0.2844537402254253,0.28441593921909586,0.2844119175299041,0.2843832956650477,0.2843551927605142,0.28438798596449194,0.2843546705916365,0.2844520768340626,0.2844247111096484,0.2844043748117721,0.2844480738359554,0.284428822832052,0.2844004952974806,0.2843813112894105,0.284373088665503,0.2843837518075348,0.28436929000945743,0.2844388508583342,0.2843910657275377,0.28442791751746166,0.28443773140487544,0.28439018132366223,0.2844285373232541
0.08,0.08,0.08,0.08,0.08,0.08,0.08,0.08,0.08,0.08,0.08,0.08,0.08,0.08,0.08,0.08,0.08,0.08,0.08,0.08,0.0,0.0,0.08,0.08,0.08,0.08,0.08,0.08,0.08,0.08,0.08,0.08,0.08,0.08,0.08,0.08,0.08,0.08,0.08,0.08,0.08,0.08,0.08,0.08,0.08,0.08,0.08,0.08,0.08,0.08,0.08,0.08,0.08,0.08,0.08,0.08,0.08,0.08
0.08,0.08,0.08,0.08,0.08,0.08,0.08,0.08,0.08,0.08,0.08,0.08,0.08,0.08,0.08,0.08,0.08,0.08,0.08,0.08,0.0,0.0,0.08,0.08,0.08,0.08,0.08,0.08,0.08,0.08,0.08,0.08,0.08,0.08,0.08,0.08,0.08,0.08,0.08,0.08,0.08,0.08,0.08,0.08,0.08,0.08,0.08,0.08,0.08,0.08,0.08,0.08,0.08,0.08,0.08,0.08,0.08,0.08
0.08,0.08,0.08,0.08,0.08,0.08,0.08,0.08,0.08,0.08,0.08,0.08,0.08,0.08,0.08,0.08,0.08,0.08,0.08,0.08,0.0,0.0,0.08,0.08,0.08,0.08,0.08,0.08,0.08,0.08,0.08,0.08,0.08,0.08,0.08,0.08,0.08,0.08,0.08,0.08,0.08,0.08,0.08,0.08,0.08,0.08,0.08,0.08,0.08,0.08,0.08,0.08,0.08,0.08,0.08,0.08,0.08,0.08
0.08,0.08,0.08,0.08,0.08,0.08,0.08,0.08,0.08,0.08,0.08,0.08,0.08,0.08,0.08,0.08,0.08,0.08,0.08,0.08,0.0,0.0,0.08,0.08,0.08,0.08,0.08,0.08,0.08,0.08,0.08,0.08,0.08,0.08,0.08,0.08,0.08,0.08,0.08,0.08,0.08,0.08,0.08,0.08,0.08,0.08,0.08,0.08,0.08,0.08,0.08,0.08,0.08,0.08,0.08,0.08,0.08,0.08
0.08,0.08,0.08,0.08,0.08,0.08,0.08,0.08,0.08,0.08,0.08,0.08,0.08,0.08,0.08,0.08,0.08,0.08,0.08,0.08,0.0,0.0,0.08,0.08,0.08,0.08,0.08,0.08,0.08,0.08,0.08,0.08,0.08,0.08,0.08,0.08,0.08,0.08,0.08,0.08,0.08,0.08,0.08,0.08,0.08,0.08,0.08,0.08,0.08,0.08,0.08,0.08,0.08,0.08,0.08,0.08,0.08,0.08
0.08,0.08,0.08,0.08,0.08,0.08,0.08,0.08,0.08,0.08,0.08,0.08,0.08,0.08,0.08,0.08,0.08,0.08,0.08,0.08,0.0,0.0,0.08,0.08,0.08,0.08,0.08,0.08,0.08,0.08,0.08,0.08,0.08,0.08,0.08,0.08,0.08,0.08,0.08,0.08,0.08,0.08,0.08,0.08,0.08,0.08,0.08,0.08,0.08,0.08,0.08,0.08,0.08,0.08,0.08,0.08,0.08,0.08
0.08,0.08,0.08,0.08,0.08,0.08,0.08,0.08,0.08,0.08,0.08,0.08,0.08,0.08,0.08,0.08,0.08,0.08,0.08,0.08,0.0,0.0,0.08,0.08,0.08,0.08,0.08,0.08,0.08,0.08,0.08,0.08,0.08,0.08,0.08,0.08,0.08,0.08,0.08,0.08,0.08,0.08,0.08,0.08,0.08,0.08,0.08,0.08,0.08,0.08,0.08,0.08,0.08,0.08,0.08,0.08,0.08,0.08
0.08,0.08,0.08,0.08,0.08,0.08,0.08,0.08,0.08,0.08,0.08,0.08,0.08,0.08,0.08,0.08,0.08,0.08,0.08,0.08,0.0,0.0,0.08,0.08,0.08,0.08,0.08,0.08,0.08,0.08,0.08,0.08,0.08,0.08,0.08,0.08,0.08,0.08,0.08,0.08,0.08,0.08,0.08,0.08,0.08,0.08,0.08,0.08,0.08,0.08,0.08,0.08,0.08,0.08,0.08,0.08,0.08,0.08
