0,1,1,1,1,1,1,1,1,1,1,1,1,1,1,1,1,1,1,1,1,1,1,1,1,1,1,1,1,1,1,1,1,1,1,1,1,1,1,1,1,1,1,1,1,1,0,2,2,50,50,50,50,2,2,56,56,56,56,2,2,62,62,62,62,2,2,68,68,68,68,2,74,74,74,74,2,80,80
0,1,1,1,1,1,1,1,1,1,1,1,1,1,1,1,1,1,1,1,1,1,1,1,1,1,1,1,1,1,1,1,1,1,1,1,1,1,1,1,1,1,1,1,1,1,0,2,2,50,50,50,50,2,2,56,56,56,56,2,2,62,62,62,62,2,2,68,68,68,68,2,2,74,74,74,74,2,80,80
0,1,1,1,1,1,1,1,1,1,1,1,1,1,1,1,1,1,1,1,1,1,1,1,1,1,1,1,1,1,1,1,1,1,1,1,1,1,1,1,1,1,1,1,1,1,0,2,2,50,50,50,50,2,2,56,56,56,56,2,2,62,62,62,62,2,2,68,68,68,68,2,2,74,74,74,74,2,80,80
0,1,1,1,1,1,1,1,1,1,1,1,1,1,1,1,1,1,1,1,1,1,1,1,1,1,1,1,1,1,1,1,1,1,1,1,1,1,1,1,1,1,1,1,1,1,0,2,2,50,50,50,50,2,2,56,56,56,56,2,2,62,62,62,62,2,2,68,68,68,68,2,2,74,74,74,74,2,80,80
0,1,1,1,1,1,1,1,1,1,1,1,1,1,1,1,1,1,1,1,1,1,1,1,1,1,1,1,1,1,1,1,1,1,1,1,1,1,1,1,1,1,1,1,1,1,0,2,2,50,50,50,50,2,2,56,56,56,56,2,2,62,62,62,62,2,2,68,68,68,68,2,2,74,74,74,74,2,80,80
0,1,1,1,1,1,1,1,1,1,1,1,1,1,1,1,1,1,1,1,1,1,1,1,1,1,1,1,1,1,1,1,1,1,1,1,1,1,1,1,1,1,1,1,1,1,0,2,2,50,50,50,50,2,2,56,56,56,56,2,2,62,62,62,62,2,2,68,68,68,68,2,2,74,74,74,74,2,80,80
0,1,1,1,1,1,1,1,1,1,1,1,1,1,1,1,1,1,1,1,1,1,1,1,1,1,1,1,1,1,1,1,1,1,1,1,1,1,1,1,1,1,1,1,1,1,0,2,2,50,50,50,50,2,2,56,56,56,56,2,2,62,62,62,62,2,2,68,68,68,68,2,2,74,74,74,74,2,80,80
0,1,1,1,1,1,1,1,1,1,1,1,1,1,1,1,1,1,1,1,1,1,1,1,1,1,1,1,1,1,1,1,1,1,1,1,1,1,1,1,1,1,1,1,1,1,1,0,2,2,50,50,50,50,2,2,56,56,56,56,2,2,62,62,62,62,2,2,68,68,68,68,2,2,74,74,74,74,2,80,80
0,1,1,1,1,1,1,1,1,1,1,1,1,1,1,1,1,1,1,1,1,1,1,1,1,1,1,1,1,1,1,1,1,1,1,1,1,1,1,1,1,1,1,1,1,1,1,0,2,2,50,50,50,50,2,2,56,56,56,56,2,2,62,62,62,62,2,2,68,68,68,68,2,2,74,74,74,74,2,80,80
0,1,1,1,1,1,1,1,1,1,1,1,1,1,1,1,1,1,1,1,1,1,1,1,1,1,1,1,1,1,1,1,1,1,1,1,1,1,1,1,1,1,1,1,1,1,1,0,2,2,50,50,50,50,2,2,56,56,56,56,2,2,62,62,62,62,2,2,68,68,68,68,2,2,74,74,74,74,2,80,80
0,1,1,1,1,1,1,1,1,1,1,1,1,1,1,1,1,1,1,1,1,1,1,1,1,1,1,1,1,1,1,1,1,1,1,1,1,1,1,1,1,1,1,1,1,1,1,0,2,2,50,50,50,50,2,2,56,56,56,56,2,2,62,62,62,62,2,2,68,68,68,68,2,2,74,74,74,74,2,80,80
0,1,1,1,1,1,1,1,1,1,1,1,1,1,1,1,1,1,1,1,1,1,1,1,1,1,1,1,1,1,1,1,1,1,1,1,1,1,1,1,1,1,1,1,1,1,1,0,2,2,50,50,50,50,2,2,56,56,56,56,2,2,62,62,62,62,2,2,68,68,68,68,2,2,74,74,74,74,2,80,80
0,1,1,1,1,1,1,1,1,1,1,1,1,1,1,1,1,1,1,1,1,1,1,1,1,1,1,1,1,1,1,1,1,1,1,1,1,1,1,1,1,1,1,1,1,1,1,0,2,2,50,50,50,50,2,2,56,56,56,56,2,2,62,62,62,62,2,2,68,68,68,68,2,2,74,74,74,74,2,80,80
0,1,1,1,1,1,1,1,1,1,1,1,1,1,1,1,1,1,1,1,1,1,1,1,1,1,1,1,1,1,1,1,1,1,1,1,1,1,1,1,1,1,1,1,1,1,1,0,2,2,50,50,50,50,2,2,56,56,56,56,2,2,62,62,62,62,2,2,68,68,68,68,2,2,74,74,74,74,2,80,80
0,1,1,1,1,1,1,1,1,1,1,1,1,1,1,1,1,1,1,1,1,1,1,1,1,1,1,1,1,1,1,1,1,1,1,1,1,1,1,1,1,1,1,1,1,1,1,0,2,2,50,50,50,50,2,2,56,56,56,56,2,2,62,62,62,62,2,2,68,68,68,68,2,2,74,74,74,74,2,80,80
0,1,1,1,1,1,1,1,1,1,1,1,1,1,1,1,1,1,1,1,1,1,1,1,1,1,1,1,1,1,1,1,1,1,1,1,1,1,1,1,1,1,1,1,1,1,1,0,2,2,50,50,50,50,2,2,56,56,56,56,2,2,62,62,62,62,2,2,68,68,68,68,2,2,74,74,74,74,2,80,80
0,1,1,1,1,1,1,1,1,1,1,1,1,1,1,1,1,1,1,1,1,1,1,1,1,1,1,1,1,1,1,1,1,1,1,1,1,1,1,1,1,1,1,1,1,1,1,0,2,2,50,50,50,50,2,2,56,56,56,56,2,2,62,62,62,62,2,2,68,68,68,68,2,2,74,74,74,74,2,80,80
0,1,1,1,1,1,1,1,1,1,1,1,1,1,1,1,1,1,1,1,1,1,1,1,1,1,1,1,1,1,1,1,1,1,1,1,1,1,1,1,1,1,1,1,1,1,1,0,2,2,50,50,50,50,2,2,56,56,56,56,2,2,62,62,62,62,2,2,68,68,68,68,2,2,74,74,74,74,2,80,80
0,1,1,1,1,1,1,1,1,1,1,1,1,1,1,1,1,1,1,1,1,1,1,1,1,1,1,1,1,1,1,1,1,1,1,1,1,1,1,1,1,1,1,1,1,1,1,0,2,2,50,50,50,50,2,2,56,56,56,56,2,2,62,62,62,62,2,2,68,68,68,68,2,2,74,74,74,74,2,80,80
0,1,1,1,1,1,1,1,1,1,1,1,1,1,1,1,1,1,1,1,1,1,1,1,1,1,1,1,1,1,1,1,1,1,1,1,1,1,1,1,1,1,1,1,1,1,1,0,2,49,2,50,50,50,50,2,2,56,56,56,56,2,61,2,62,62,62,62,2,2,68,68,68,68,2,2,74,74,74,74,2,80,80
0,1,1,1,1,1,1,1,1,1,1,1,1,1,1,1,1,1,1,1,1,1,1,1,1,1,1,1,1,1,1,1,1,1,1,1,1,1,1,1,1,1,1,1,1,1,1,0,2,49,2,50,50,50,50,2,55,2,56,56,56,56,2,61,2,62,62,62,62,2,2,68,68,68,68,2,2,74,74,74,74,2,80,80
0,1,1,1,1,1,1,1,1,1,1,1,1,1,1,1,1,1,1,1,1,1,1,1,1,1,1,1,1,1,1,1,1,1,1,1,1,1,1,1,1,1,1,1,1,1,1,0,2,49,2,50,50,50,50,2,55,2,56,56,56,56,2,61,2,62,62,62,62,2,2,68,68,68,68,2,2,74,74,74,74,2,80,80
0,1,1,1,1,1,1,1,1,1,1,1,1,1,1,1,1,1,1,1,1,1,1,1,1,1,1,1,1,1,1,1,1,1,1,1,1,1,1,1,1,1,1,1,1,1,1,0,2,49,2,50,50,50,50,2,55,2,56,56,56,56,2,61,2,62,62,62,62,2,2,68,68,68,68,2,2,74,74,74,74,2,80,80
0,1,1,1,1,1,1,1,1,1,1,1,1,1,1,1,1,1,1,1,1,1,1,1,1,1,1,1,1,1,1,1,1,1,1,1,1,1,1,1,1,1,1,1,1,1,1,0,2,49,2,50,50,50,50,2,55,2,56,56,56,56,2,61,2,62,62,62,62,2,2,68,68,68,68,2,2,74,74,74,74,2,80,80
0,1,1,1,1,1,1,1,1,1,1,1,1,1,1,1,1,1,1,1,1,1,1,1,1,1,1,1,1,1,1,1,1,1,1,1,1,1,1,1,1,1,1,1,1,1,1,0,2,49,2,50,50,50,50,2,55,2,56,56,56,56,2,61,2,62,62,62,62,2,2,68,68,68,68,2,2,74,74,74,74,2,80,80
0,1,1,1,1,1,1,1,1,1,1,1,1,1,1,1,1,1,1,1,1,1,1,1,1,1,1,1,1,1,1,1,1,1,1,1,1,1,1,1,1,1,1,1,1,1,1,0,2,49,2,50,50,50,50,2,55,2,56,56,56,56,2,61,2,62,62,62,62,2,2,68,68,68,68,2,2,74,74,74,74,2,80,80
0,1,1,1,1,1,1,1,1,1,1,1,1,1,1,1,1,1,1,1,1,1,1,1,1,1,1,1,1,1,1,1,1,1,1,1,1,1,1,1,1,1,1,1,1,1,1,0,2,49,2,50,50,50,50,2,55,2,56,56,56,56,2,61,2,62,62,62,62,2,2,68,68,68,68,2,2,74,74,74,74,2,80,80
0,1,1,1,1,1,1,1,1,1,1,1,1,1,1,1,1,1,1,1,1,1,1,1,1,1,1,1,1,1,1,1,1,1,1,1,1,1,1,1,1,1,1,1,1,1,1,0,2,49,2,50,50,50,50,2,55,2,56,56,56,56,2,61,2,62,62,62,62,2,2,68,68,68,68,2,2,74,74,74,74,2,80,80
0,1,1,1,1,1,1,1,1,1,1,1,1,1,1,1,1,1,1,1,1,1,1,1,1,1,1,1,1,1,1,1,1,1,1,1,1,1,1,1,1,1,1,1,1,1,1,0,2,49,87,2,50,50,50,50,2,55,91,2,56,56,56,56,2,61,89,2,62,62,62,62,2,2,68,68,68,68,2,2,74,74,74,74,2,80,80
0,1,1,1,1,1,1,1,1,1,1,1,1,1,1,1,1,1,1,1,1,1,1,1,1,1,1,1,1,1,1,1,1,1,1,1,1,1,1,1,1,1,1,1,1,1,1,0,2,49,87,2,50,50,50,50,2,55,91,2,56,56,56,56,2,61,89,2,62,62,62,62,2,2,68,68,68,68,2,2,74,74,74,74,2,80,80
0,1,1,1,1,1,1,1,1,1,1,1,1,1,1,1,1,1,1,1,1,1,1,1,1,1,1,1,1,1,1,1,1,1,1,1,1,1,1,1,1,1,1,1,1,1,1,0,2,49,87,2,50,50,50,50,2,55,91,2,56,56,56,56,2,61,89,2,62,62,62,62,2,2,68,68,68,68,2,2,74,74,74,74,2,80,80
0,1,1,1,1,1,1,1,1,1,1,1,1,1,1,1,1,1,1,1,1,1,1,1,1,1,1,1,1,1,1,1,1,1,1,1,1,1,1,1,1,1,1,1,1,1,1,0,2,49,87,87,2,50,50,50,50,2,55,91,91,2,56,56,56,56,2,61,89,89,2,62,62,62,62,2,2,68,68,68,68,2,2,74,74,74,74,2,80,80
0,1,1,1,1,1,1,1,1,1,1,1,1,1,1,1,1,1,1,1,1,1,1,1,1,1,1,1,1,1,1,1,1,1,1,1,1,1,1,1,1,1,1,1,1,1,1,0,2,49,87,87,2,50,50,50,50,2,55,91,91,2,56,56,56,56,2,61,89,89,2,62,62,62,62,2,2,68,68,68,68,2,2,74,74,74,74,2,80,80
0,1,1,1,1,1,1,1,1,1,1,1,1,1,1,1,1,1,1,1,1,1,1,1,1,1,1,1,1,1,1,1,1,1,1,1,1,1,1,1,1,1,1,1,1,1,1,0,2,49,87,87,2,50,50,50,50,2,55,91,91,2,56,56,56,56,2,61,89,89,2,62,62,62,62,2,2,68,68,68,68,2,2,74,74,74,74,2,80,80
0,1,1,1,1,1,1,1,1,1,1,1,1,1,1,1,1,1,1,1,1,1,1,1,1,1,1,1,1,1,1,1,1,1,1,1,1,1,1,1,1,1,1,1,1,1,1,0,2,49,87,87,2,50,50,50,50,2,55,91,91,2,56,56,56,56,2,61,89,89,2,62,62,62,62,2,2,68,68,68,68,2,2,74,74,74,74,2,80,80
0,1,1,1,1,1,1,1,1,1,1,1,1,1,1,1,1,1,1,1,1,1,1,1,1,1,1,1,1,1,1,1,1,1,1,1,1,1,1,1,1,1,1,1,1,1,1,0,2,49,87,87,2,50,50,50,50,2,55,91,91,2,56,56,56,56,2,61,89,89,2,62,62,62,62,2,2,68,68,68,68,2,2,74,74,74,74,2,80,80
0,1,1,1,1,1,1,1,1,1,1,1,1,1,1,1,1,1,1,1,1,1,1,1,1,1,1,1,1,1,1,1,1,1,1,1,1,1,1,1,1,1,1,1,1,1,1,0,2,49,87,87,2,50,50,50,50,2,55,91,91,2,56,56,56,56,2,61,89,89,2,62,62,62,62,2,2,68,68,68,68,2,2,74,74,74,74,2,80,80
0,1,1,1,1,1,1,1,1,1,1,1,1,1,1,1,1,1,1,1,1,1,1,1,1,1,1,1,1,1,1,1,1,1,1,1,1,1,1,1,1,1,1,1,1,1,1,0,2,49,87,87,2,50,50,50,50,2,55,91,91,2,56,56,56,56,2,61,89,89,2,62,62,62,62,2,67,2,68,68,68,68,2,73,2,74,74,74,74,2,80,80
0,1,1,1,1,1,1,1,1,1,1,1,1,1,1,1,1,1,1,1,1,1,1,1,1,1,1,1,1,1,1,1,1,1,1,1,1,1,1,1,1,1,1,1,1,1,1,1,0,2,49,87,87,2,50,50,50,50,2,55,91,91,2,56,56,56,56,2,61,89,89,2,62,62,62,62,2,67,2,68,68,68,68,2,73,2,74,74,74,74,2,80,80
0,1,1,1,1,1,1,1,1,1,1,1,1,1,1,1,1,1,1,1,1,1,1,1,1,1,1,1,1,1,1,1,1,1,1,1,1,1,1,1,1,1,1,1,1,1,1,1,0,2,49,87,87,2,50,50,50,50,2,55,91,91,2,56,56,56,56,2,61,89,89,2,62,62,62,62,2,67,2,68,68,68,68,2,73,2,74,74,74,74,2,80,80
0,1,1,1,1,1,1,1,1,1,1,1,1,1,1,1,1,1,1,1,1,1,1,1,1,1,1,1,1,1,1,1,1,1,1,1,1,1,1,1,1,1,1,1,1,1,1,1,0,2,49,87,87,2,50,50,50,50,2,55,91,91,2,56,56,56,56,2,61,89,89,2,62,62,62,62,2,67,106,2,68,68,68,68,2,73,108,2,74,74,74,74,2,80,80
0,1,1,1,1,1,1,1,1,1,1,1,1,1,1,1,1,1,1,1,1,1,1,1,1,1,1,1,1,1,1,1,1,1,1,1,1,1,1,1,1,1,1,1,1,1,1,1,0,2,49,87,87,2,50,50,50,50,2,55,91,91,2,56,56,56,56,2,61,89,89,2,62,62,62,62,2,67,106,2,68,68,68,68,2,73,108,2,74,74,74,74,2,80,80
0,1,1,1,1,1,1,1,1,1,1,1,1,1,1,1,1,1,1,1,1,1,1,1,1,1,1,1,1,1,1,1,1,1,1,1,1,1,1,1,1,1,1,1,1,1,1,1,0,2,49,87,87,2,50,50,50,50,2,55,91,91,2,56,56,56,56,2,61,89,89,2,62,62,62,62,2,67,106,2,68,68,68,68,2,73,108,2,74,74,74,74,2,80,80
0,1,1,1,1,1,1,1,1,1,1,1,1,1,1,1,1,1,1,1,1,1,1,1,1,1,1,1,1,1,1,1,1,1,1,1,1,1,1,1,1,1,1,1,1,1,1,1,0,2,49,87,87,2,50,50,50,50,2,55,91,91,2,56,56,56,56,2,61,89,89,2,62,62,62,62,2,67,106,2,68,68,68,68,2,73,108,2,74,74,74,74,2,80,80
0,1,1,1,1,1,1,1,1,1,1,1,1,1,1,1,1,1,1,1,1,1,1,1,1,1,1,1,1,1,1,1,1,1,1,1,1,1,1,1,1,1,1,1,1,1,1,1,0,2,49,87,87,2,50,50,50,50,2,55,91,91,2,56,56,56,56,2,61,89,89,2,62,62,62,62,2,67,106,2,68,68,68,68,2,73,108,2,74,74,74,74,2,80,80
0,1,1,1,1,1,1,1,1,1,1,1,1,1,1,1,1,1,1,1,1,1,1,1,1,1,1,1,1,1,1,1,1,1,1,1,1,1,1,1,1,1,1,1,1,1,1,1,0,2,49,87,87,2,50,50,50,50,2,55,91,91,2,56,56,56,56,2,61,89,89,2,62,62,62,62,2,67,106,2,68,68,68,68,2,73,108,2,74,74,74,74,2,80,80
0,1,1,1,1,1,1,1,1,1,1,1,1,1,1,1,1,1,1,1,1,1,1,1,1,1,1,1,1,1,1,1,1,1,1,1,1,1,1,1,1,1,1,1,1,1,1,1,0,2,49,87,87,2,50,50,50,50,2,55,91,91,2,56,56,56,56,2,61,89,89,2,62,62,62,62,2,67,106,2,68,68,68,68,2,73,108,2,74,74,74,74,2,80,80
0,1,1,1,1,1,1,1,1,1,1,1,1,1,1,1,1,1,1,1,1,1,1,1,1,1,1,1,1,1,1,1,1,1,1,1,1,1,1,1,1,1,1,1,1,1,1,1,0,2,49,87,87,2,50,50,50,50,2,55,91,91,2,56,56,56,56,2,61,89,89,2,62,62,62,62,2,67,106,2,68,68,68,68,2,73,108,2,74,74,74,74,2,80,80
0,1,1,1,1,1,1,1,1,1,1,1,1,1,1,1,1,1,1,1,1,1,1,1,1,1,1,1,1,1,1,1,1,1,1,1,1,1,1,1,1,1,1,1,1,1,1,1,0,2,49,87,87,2,50,50,50,50,2,55,91,91,2,56,56,56,56,2,61,89,89,2,62,62,62,62,2,67,106,2,68,68,68,68,2,73,108,2,74,74,74,74,2,80,80
0,1,1,1,1,1,1,1,1,1,1,1,1,1,1,1,1,1,1,1,1,1,1,1,1,1,1,1,1,1,1,1,1,1,1,1,1,1,1,1,1,1,1,1,1,1,1,1,0,2,49,87,87,2,50,50,50,50,2,55,91,91,2,56,56,56,56,2,61,89,89,2,62,62,62,62,2,67,106,2,68,68,68,68,2,73,108,2,74,74,74,74,2,80,80
0,1,1,1,1,1,1,1,1,1,1,1,1,1,1,1,1,1,1,1,1,1,1,1,1,1,1,1,1,1,1,1,1,1,1,1,1,1,1,1,1,1,1,1,1,1,1,1,0,2,49,87,87,2,50,50,50,50,2,55,91,91,2,56,56,56,56,2,61,89,89,2,62,62,62,62,2,67,106,2,68,68,68,68,2,73,108,2,74,74,74,74,2,80,80
0,1,1,1,1,1,1,1,1,1,1,1,1,1,1,1,1,1,1,1,1,1,1,1,1,1,1,1,1,1,1,1,1,1,1,1,1,1,1,1,1,1,1,1,1,1,1,1,0,2,49,87,87,2,50,50,50,50,2,55,91,91,2,56,56,56,56,2,61,89,89,2,62,62,62,62,2,67,106,106,2,68,68,68,68,2,73,108,108,2,74,74,74,74,2,80,80
0,1,1,1,1,1,1,1,1,1,1,1,1,1,1,1,1,1,1,1,1,1,1,1,1,1,1,1,1,1,1,1,1,1,1,1,1,1,1,1,1,1,1,1,1,1,1,1,0,2,49,87,87,2,50,50,50,50,2,55,91,91,2,56,56,56,56,2,61,89,89,2,62,62,62,62,2,67,106,106,2,68,68,68,68,2,73,108,108,2,74,74,74,74,2,80,80
0,1,1,1,1,1,1,1,1,1,1,1,1,1,1,1,1,1,1,1,1,1,1,1,1,1,1,1,1,1,1,1,1,1,1,1,1,1,1,1,1,1,1,1,1,1,1,1,0,2,49,87,87,2,50,50,50,50,2,55,91,91,2,56,56,56,56,2,61,89,89,2,62,62,62,62,2,67,106,106,2,68,68,68,68,2,73,108,108,2,74,74,74,74,2,80,80
0,1,1,1,1,1,1,1,1,1,1,1,1,1,1,1,1,1,1,1,1,1,1,1,1,1,1,1,1,1,1,1,1,1,1,1,1,1,1,1,1,1,1,1,1,1,1,1,0,2,49,87,87,2,50,50,50,50,2,55,91,91,2,56,56,56,56,2,61,89,89,2,62,62,62,62,2,67,106,106,2,68,68,68,68,2,73,108,108,2,74,74,74,74,2,80,80
0,1,1,1,1,1,1,1,1,1,1,1,1,1,1,1,1,1,1,1,1,1,1,1,1,1,1,1,1,1,1,1,1,1,1,1,1,1,1,1,1,1,1,1,1,1,1,1,0,2,49,87,87,2,50,50,50,50,2,55,91,91,2,56,56,56,56,2,61,89,89,2,62,62,62,62,2,67,106,106,2,68,68,68,68,2,73,108,108,2,74,74,74,74,2,80,80
0,1,1,1,1,1,1,1,1,1,1,1,1,1,1,1,1,1,1,1,1,1,1,1,1,1,1,1,1,1,1,1,1,1,1,1,1,1,1,1,1,1,1,1,1,1,1,1,0,2,49,87,87,2,50,50,50,50,2,55,91,91,2,56,56,56,56,2,61,89,89,2,62,62,62,62,2,67,106,106,2,68,68,68,68,2,73,108,108,2,74,74,74,74,2,80,80
0,1,1,1,1,1,1,1,1,1,1,1,1,1,1,1,1,1,1,1,1,1,1,1,1,1,1,1,1,1,1,1,1,1,1,1,1,1,1,1,1,1,1,1,1,1,1,1,0,2,49,87,87,2,50,50,50,50,2,55,91,91,2,56,56,56,56,2,61,89,89,2,62,62,62,62,2,67,106,106,2,68,68,68,68,2,73,108,108,2,74,74,74,74,2,80,80
0,1,1,1,1,1,1,1,1,1,1,1,1,1,1,1,1,1,1,1,1,1,1,1,1,1,1,1,1,1,1,1,1,1,1,1,1,1,1,1,1,1,1,1,1,1,1,1,1,0,2,49,87,87,2,50,50,50,50,2,55,91,91,2,56,56,56,56,2,61,89,89,2,62,62,62,62,2,67,106,106,2,68,68,68,68,2,73,108,108,2,74,74,74,74,2,80,80
0,1,1,1,1,1,1,1,1,1,1,1,1,1,1,1,1,1,1,1,1,1,1,1,1,1,1,1,1,1,1,1,1,1,1,1,1,1,1,1,1,1,1,1,1,1,1,1,1,0,2,49,87,87,2,50,50,50,50,2,55,91,91,2,56,56,56,56,2,61,89,89,2,62,62,62,62,2,67,106,106,2,68,68,68,68,2,73,108,108,2,74,74,74,74,2,80,80
0,1,1,1,1,1,1,1,1,1,1,1,1,1,1,1,1,1,1,1,1,1,1,1,1,1,1,1,1,1,1,1,1,1,1,1,1,1,1,1,1,1,1,1,1,1,1,1,1,0,2,49,87,87,2,50,50,50,50,2,55,91,91,2,56,56,56,56,2,61,89,89,2,62,62,62,62,2,67,106,106,2,68,68,68,68,2,73,108,108,2,74,74,74,74,2,80,80
0,1,1,1,1,1,1,1,1,1,1,1,1,1,1,1,1,1,1,1,1,1,1,1,1,1,1,1,1,1,1,1,1,1,1,1,1,1,1,1,1,1,1,1,1,1,1,1,1,0,2,49,87,87,2,50,50,50,50,2,55,91,91,2,56,56,56,56,2,61,89,89,2,62,62,62,62,2,67,106,106,2,68,68,68,68,2,73,108,108,2,74,74,74,74,2,80,80
0,1,1,1,1,1,1,1,1,1,1,1,1,1,1,1,1,1,1,1,1,1,1,1,1,1,1,1,1,1,1,1,1,1,1,1,1,1,1,1,1,1,1,1,1,1,1,1,1,0,2,49,87,87,2,50,50,50,50,2,55,91,91,2,56,56,56,56,2,61,89,89,2,62,62,62,62,2,67,106,106,2,68,68,68,68,2,73,108,108,2,74,74,74,74,2,80,80
0,1,1,1,1,1,1,1,1,1,1,1,1,1,1,1,1,1,1,1,1,1,1,1,1,1,1,1,1,1,1,1,1,1,1,1,1,1,1,1,1,1,1,1,1,1,1,1,1,0,2,49,87,87,2,50,50,50,50,2,55,91,91,2,56,56,56,56,2,61,89,89,2,62,62,62,62,2,67,106,106,2,68,68,68,68,2,73,108,108,2,74,74,74,74,2,80,80
0,1,1,1,1,1,1,1,1,1,1,1,1,1,1,1,1,1,1,1,1,1,1,1,1,1,1,1,1,1,1,1,1,1,1,1,1,1,1,1,1,1,1,1,1,1,1,1,1,0,2,49,87,87,2,50,50,50,50,2,55,91,91,2,56,56,56,56,2,61,89,89,2,62,62,62,62,2,67,106,106,2,68,68,68,68,2,73,108,108,2,74,74,74,74,2,80,80
0,1,1,1,1,1,1,1,1,1,1,1,1,1,1,1,1,1,1,1,1,1,1,1,1,1,1,1,1,1,1,1,1,1,1,1,1,1,1,1,1,1,1,1,1,1,1,1,1,0,2,49,87,87,2,50,50,50,50,2,55,91,91,2,56,56,56,56,2,61,89,89,2,62,62,62,62,2,67,106,106,2,68,68,68,68,2,73,108,108,2,74,74,74,74,2,80,80
0,1,1,1,1,1,1,1,1,1,1,1,1,1,1,1,1,1,1,1,1,1,1,1,1,1,1,1,1,1,1,1,1,1,1,1,1,1,1,1,1,1,1,1,1,1,1,1,1,0,2,49,87,87,2,50,50,50,50,2,55,91,91,2,56,56,56,56,2,61,89,89,2,62,62,62,62,2,67,106,106,2,68,68,68,68,2,73,108,108,2,74,74,74,74,2,80,80
0,1,1,1,1,1,1,1,1,1,1,1,1,1,1,1,1,1,1,1,1,1,1,1,1,1,1,1,1,1,1,1,1,1,1,1,1,1,1,1,1,1,1,1,1,1,1,1,1,0,2,49,87,87,2,50,50,50,50,2,55,91,91,2,56,56,56,56,2,61,89,89,2,62,62,62,62,2,67,106,106,2,68,68,68,68,2,73,108,108,2,74,74,74,74,2,80,80
0,1,1,1,1,1,1,1,1,1,1,1,1,1,1,1,1,1,1,1,1,1,1,1,1,1,1,1,1,1,1,1,1,1,1,1,1,1,1,1,1,1,1,1,1,1,1,1,1,0,2,49,87,87,2,50,50,50,50,2,55,91,91,2,56,56,56,56,2,61,89,89,2,62,62,62,62,2,67,106,106,2,68,68,68,68,2,73,108,108,2,74,74,74,74,2,80,80
0,1,1,1,1,1,1,1,1,1,1,1,1,1,1,1,1,1,1,1,1,1,1,1,1,1,1,1,1,1,1,1,1,1,1,1,1,1,1,1,1,1,1,1,1,1,1,1,1,0,2,49,87,87,2,50,50,50,50,2,55,91,91,2,56,56,56,56,2,61,89,89,2,62,62,62,62,2,67,106,106,2,68,68,68,68,2,73,108,108,2,74,74,74,74,2,80,80
0,1,1,1,1,1,1,1,1,1,1,1,1,1,1,1,1,1,1,1,1,1,1,1,1,1,1,1,1,1,1,1,1,1,1,1,1,1,1,1,1,1,1,1,1,1,1,1,1,0,2,49,87,87,2,50,50,50,50,2,55,91,91,2,56,56,56,56,2,61,89,89,2,62,62,62,62,2,67,106,106,2,68,68,68,68,2,73,108,108,2,74,74,74,74,2,80,80
0,1,1,1,1,1,1,1,1,1,1,1,1,1,1,1,1,1,1,1,1,1,1,1,1,1,1,1,1,1,1,1,1,1,1,1,1,1,1,1,1,1,1,1,1,1,1,1,1,0,2,49,87,87,2,50,50,50,50,2,55,91,91,2,56,56,56,56,2,61,89,89,2,62,62,62,62,2,67,106,106,2,68,68,68,68,2,73,108,108,2,74,74,74,74,2,80,80
0,1,1,1,1,1,1,1,1,1,1,1,1,1,1,1,1,1,1,1,1,1,1,1,1,1,1,1,1,1,1,1,1,1,1,1,1,1,1,1,1,1,1,1,1,1,1,1,1,0,2,49,87,87,2,50,50,50,50,2,55,91,91,2,56,56,56,56,2,61,89,89,2,62,62,62,62,2,67,106,106,2,68,68,68,68,2,73,108,108,2,74,74,74,74,2,80,80
0,1,1,1,1,1,1,1,1,1,1,1,1,1,1,1,1,1,1,1,1,1,1,1,1,1,1,1,1,1,1,1,1,1,1,1,1,1,1,1,1,1,1,1,1,1,1,1,1,0,2,49,87,87,2,50,50,50,50,2,55,91,91,2,56,56,56,56,2,61,89,89,2,62,62,62,62,2,67,106,106,2,68,68,68,68,2,73,108,108,2,74,74,74,74,2,80,80
0,1,1,1,1,1,1,1,1,1,1,1,1,1,1,1,1,1,1,1,1,1,1,1,1,1,1,1,1,1,1,1,1,1,1,1,1,1,1,1,1,1,1,1,1,1,1,1,1,0,2,49,87,87,2,50,50,50,50,2,55,91,91,2,56,56,56,56,2,61,89,89,2,62,62,62,62,2,67,106,106,2,68,68,68,68,2,73,108,108,2,74,74,74,74,2,80,80
0,1,1,1,1,1,1,1,1,1,1,1,1,1,1,1,1,1,1,1,1,1,1,1,1,1,1,1,1,1,1,1,1,1,1,1,1,1,1,1,1,1,1,1,1,1,1,1,1,0,2,49,87,87,2,50,50,50,50,2,55,91,91,2,56,56,56,56,2,61,89,89,2,62,62,62,62,2,67,106,106,2,68,68,68,68,2,73,108,108,2,74,74,74,74,2,80,80
0,1,1,1,1,1,1,1,1,1,1,1,1,1,1,1,1,1,1,1,1,1,1,1,1,1,1,1,1,1,1,1,1,1,1,1,1,1,1,1,1,1,1,1,1,1,1,1,1,1,0,2,49,87,87,2,50,50,50,50,2,55,91,91,2,56,56,56,56,2,61,89,89,2,62,62,62,62,2,67,106,106,2,68,68,68,68,2,73,108,108,2,74,74,74,74,2,80,80
0,1,1,1,1,1,1,1,1,1,1,1,1,1,1,1,1,1,1,1,1,1,1,1,1,1,1,1,1,1,1,1,1,1,1,1,1,1,1,1,1,1,1,1,1,1,1,1,1,1,0,2,49,87,87,2,50,50,50,50,2,55,91,91,2,56,56,56,56,2,61,89,89,2,62,62,62,62,2,67,106,106,2,68,68,68,68,2,73,108,108,2,74,74,74,74,2,80,80
0,1,1,1,1,1,1,1,1,1,1,1,1,1,1,1,1,1,1,1,1,1,1,1,1,1,1,1,1,1,1,1,1,1,1,1,1,1,1,1,1,1,1,1,1,1,1,1,1,1,0,2,49,87,87,87,2,50,50,50,50,2,55,91,91,2,56,56,56,56,2,61,89,89,2,62,62,62,62,2,67,106,106,2,68,68,68,68,2,73,108,108,2,74,74,74,74,2,80,80
0,1,1,1,1,1,1,1,1,1,1,1,1,1,1,1,1,1,1,1,1,1,1,1,1,1,1,1,1,1,1,1,1,1,1,1,1,1,1,1,1,1,1,1,1,1,1,1,1,1,0,2,49,87,87,87,2,50,50,50,50,2,55,91,91,91,2,56,56,56,56,2,61,89,89,89,2,62,62,62,62,2,67,106,106,2,68,68,68,68,2,73,108,108,2,74,74,74,74,2,80,80
0,1,1,1,1,1,1,1,1,1,1,1,1,1,1,1,1,1,1,1,1,1,1,1,1,1,1,1,1,1,1,1,1,1,1,1,1,1,1,1,1,1,1,1,1,1,1,1,1,1,0,2,49,87,87,87,2,50,50,50,50,2,55,91,91,91,2,56,56,56,56,2,61,89,89,89,2,62,62,62,62,2,67,106,106,2,68,68,68,68,2,73,108,108,2,74,74,74,74,2,80,80
0,1,1,1,1,1,1,1,1,1,1,1,1,1,1,1,1,1,1,1,1,1,1,1,1,1,1,1,1,1,1,1,1,1,1,1,1,1,1,1,1,1,1,1,1,1,1,1,1,1,0,2,49,87,87,87,2,50,50,50,50,2,55,91,91,91,2,56,56,56,56,2,61,89,89,89,2,62,62,62,62,2,67,106,106,2,68,68,68,68,2,73,108,108,2,74,74,74,74,2,80,80
0,1,1,1,1,1,1,1,1,1,1,1,1,1,1,1,1,1,1,1,1,1,1,1,1,1,1,1,1,1,1,1,1,1,1,1,1,1,1,1,1,1,1,1,1,1,1,1,1,1,0,2,49,87,87,87,87,2,50,50,50,50,2,55,91,91,91,91,2,56,56,56,56,2,61,89,89,89,89,2,62,62,62,62,2,67,106,106,2,68,68,68,68,2,73,108,108,2,74,74,74,74,2,80,80
0,1,1,1,1,1,1,1,1,1,1,1,1,1,1,1,1,1,1,1,1,1,1,1,1,1,1,1,1,1,1,1,1,1,1,1,1,1,1,1,1,1,1,1,1,1,1,1,1,1,0,2,49,87,87,87,87,2,50,50,50,50,2,55,91,91,91,91,2,56,56,56,56,2,61,89,89,89,89,2,62,62,62,62,2,67,106,106,2,68,68,68,68,2,73,108,108,2,74,74,74,74,2,80,80
0,1,1,1,1,1,1,1,1,1,1,1,1,1,1,1,1,1,1,1,1,1,1,1,1,1,1,1,1,1,1,1,1,1,1,1,1,1,1,1,1,1,1,1,1,1,1,1,1,1,0,2,49,87,87,87,87,2,50,50,50,50,2,55,91,91,91,91,2,56,56,56,56,2,61,89,89,89,89,2,62,62,62,62,2,67,106,106,2,68,68,68,68,2,73,108,108,2,74,74,74,74,2,80,80
0,1,1,1,1,1,1,1,1,1,1,1,1,1,1,1,1,1,1,1,1,1,1,1,1,1,1,1,1,1,1,1,1,1,1,1,1,1,1,1,1,1,1,1,1,1,1,1,1,1,0,2,49,87,87,87,87,2,50,50,50,50,2,55,91,91,91,91,2,56,56,56,56,2,61,89,89,89,89,2,62,62,62,62,2,67,106,106,2,68,68,68,68,2,73,108,108,2,74,74,74,74,2,80,80
0,1,1,1,1,1,1,1,1,1,1,1,1,1,1,1,1,1,1,1,1,1,1,1,1,1,1,1,1,1,1,1,1,1,1,1,1,1,1,1,1,1,1,1,1,1,1,1,1,1,0,2,49,87,87,87,87,2,50,50,50,50,2,55,91,91,91,91,2,56,56,56,56,2,61,89,89,89,89,2,62,62,62,62,2,67,106,106,2,68,68,68,68,2,73,108,108,2,74,74,74,74,2,80,80
0,1,1,1,1,1,1,1,1,1,1,1,1,1,1,1,1,1,1,1,1,1,1,1,1,1,1,1,1,1,1,1,1,1,1,1,1,1,1,1,1,1,1,1,1,1,1,1,1,1,0,2,49,87,87,87,87,2,50,50,50,50,2,55,91,91,91,91,2,56,56,56,56,2,61,89,89,89,89,2,62,62,62,62,2,67,106,106,2,68,68,68,68,2,73,108,108,2,74,74,74,74,2,80,80
0,1,1,1,1,1,1,1,1,1,1,1,1,1,1,1,1,1,1,1,1,1,1,1,1,1,1,1,1,1,1,1,1,1,1,1,1,1,1,1,1,1,1,1,1,1,1,1,1,1,1,0,2,49,87,87,87,87,2,50,50,50,50,2,55,91,91,91,91,2,56,56,56,56,2,61,89,89,89,89,2,62,62,62,62,2,67,106,106,106,2,68,68,68,68,2,73,108,108,108,2,74,74,74,74,2,80,80
0,1,1,1,1,1,1,1,1,1,1,1,1,1,1,1,1,1,1,1,1,1,1,1,1,1,1,1,1,1,1,1,1,1,1,1,1,1,1,1,1,1,1,1,1,1,1,1,1,1,1,0,2,49,87,87,87,87,2,50,50,50,50,2,55,91,91,91,91,2,56,56,56,56,2,61,89,89,89,89,2,62,62,62,62,2,67,106,106,106,2,68,68,68,68,2,73,108,108,108,2,74,74,74,74,2,80,80
0,1,1,1,1,1,1,1,1,1,1,1,1,1,1,1,1,1,1,1,1,1,1,1,1,1,1,1,1,1,1,1,1,1,1,1,1,1,1,1,1,1,1,1,1,1,1,1,1,1,1,0,2,49,87,87,87,87,2,50,50,50,50,2,55,91,91,91,91,2,56,56,56,56,2,61,89,89,89,89,2,62,62,62,62,2,67,106,106,106,2,68,68,68,68,2,73,108,108,108,2,74,74,74,74,2,80,80
0,1,1,1,1,1,1,1,1,1,1,1,1,1,1,1,1,1,1,1,1,1,1,1,1,1,1,1,1,1,1,1,1,1,1,1,1,1,1,1,1,1,1,1,1,1,1,1,1,1,1,0,2,49,87,87,87,87,2,50,50,50,50,2,55,91,91,91,91,2,56,56,56,56,2,61,89,89,89,89,2,62,62,62,62,2,67,106,106,106,2,68,68,68,68,2,73,108,108,108,2,74,74,74,74,2,80,80
0,1,1,1,1,1,1,1,1,1,1,1,1,1,1,1,1,1,1,1,1,1,1,1,1,1,1,1,1,1,1,1,1,1,1,1,1,1,1,1,1,1,1,1,1,1,1,1,1,1,1,0,2,49,87,87,87,87,2,50,50,50,50,2,55,91,91,91,91,2,56,56,56,56,2,61,89,89,89,89,2,62,62,62,62,2,67,106,106,106,2,68,68,68,68,2,73,108,108,108,2,74,74,74,74,2,80,80
0,1,1,1,1,1,1,1,1,1,1,1,1,1,1,1,1,1,1,1,1,1,1,1,1,1,1,1,1,1,1,1,1,1,1,1,1,1,1,1,1,1,1,1,1,1,1,1,1,1,1,0,2,49,87,87,87,87,2,50,50,50,50,2,55,91,91,91,91,2,56,56,56,56,2,61,89,89,89,89,2,62,62,62,62,2,67,106,106,106,2,68,68,68,68,2,73,108,108,108,2,74,74,74,74,2,80,80
0,1,1,1,1,1,1,1,1,1,1,1,1,1,1,1,1,1,1,1,1,1,1,1,1,1,1,1,1,1,1,1,1,1,1,1,1,1,1,1,1,1,1,1,1,1,1,1,1,1,1,0,2,49,87,87,87,87,2,50,50,50,50,2,55,91,91,91,91,2,56,56,56,56,2,61,89,89,89,89,2,62,62,62,62,2,67,106,106,106,2,68,68,68,68,2,73,108,108,108,2,74,74,74,74,2,80,80
0,1,1,1,1,1,1,1,1,1,1,1,1,1,1,1,1,1,1,1,1,1,1,1,1,1,1,1,1,1,1,1,1,1,1,1,1,1,1,1,1,1,1,1,1,1,1,1,1,1,1,0,2,49,87,87,87,87,2,50,50,50,50,2,55,91,91,91,91,2,56,56,56,56,2,61,89,89,89,89,2,62,62,62,62,2,67,106,106,106,2,68,68,68,68,2,73,108,108,108,2,74,74,74,74,2,80,80
0,1,1,1,1,1,1,1,1,1,1,1,1,1,1,1,1,1,1,1,1,1,1,1,1,1,1,1,1,1,1,1,1,1,1,1,1,1,1,1,1,1,1,1,1,1,1,1,1,1,1,0,2,49,87,87,87,87,2,50,50,50,50,2,55,91,91,91,91,2,56,56,56,56,2,61,89,89,89,89,2,62,62,62,62,2,67,106,106,106,2,68,68,68,68,2,73,108,108,108,2,74,74,74,74,2,80,80
0,1,1,1,1,1,1,1,1,1,1,1,1,1,1,1,1,1,1,1,1,1,1,1,1,1,1,1,1,1,1,1,1,1,1,1,1,1,1,1,1,1,1,1,1,1,1,1,1,1,1,0,2,49,87,87,87,87,2,50,50,50,50,2,55,91,91,91,91,2,56,56,56,56,2,61,89,89,89,89,2,62,62,62,62,2,67,106,106,106,2,68,68,68,68,2,73,108,108,108,2,74,74,74,74,2,80,80
0,1,1,1,1,1,1,1,1,1,1,1,1,1,1,1,1,1,1,1,1,1,1,1,1,1,1,1,1,1,1,1,1,1,1,1,1,1,1,1,1,1,1,1,1,1,1,1,1,1,1,0,2,49,87,87,87,87,2,50,50,50,50,2,55,91,91,91,91,2,56,56,56,56,2,61,89,89,89,89,2,62,62,62,62,2,67,106,106,106,2,68,68,68,68,2,73,108,108,108,2,74,74,74,74,2,80,80
0,1,1,1,1,1,1,1,1,1,1,1,1,1,1,1,1,1,1,1,1,1,1,1,1,1,1,1,1,1,1,1,1,1,1,1,1,1,1,1,1,1,1,1,1,1,1,1,1,1,1,0,2,49,87,87,87,87,2,50,50,50,50,2,55,91,91,91,91,2,56,56,56,56,2,61,89,89,89,89,2,62,62,62,62,2,67,106,106,106,106,2,68,68,68,68,2,73,108,108,108,108,2,74,74,74,74,2,80,80
0,1,1,1,1,1,1,1,1,1,1,1,1,1,1,1,1,1,1,1,1,1,1,1,1,1,1,1,1,1,1,1,1,1,1,1,1,1,1,1,1,1,1,1,1,1,1,1,1,1,1,0,2,49,87,87,87,87,2,50,50,50,50,2,55,91,91,91,91,2,56,56,56,56,2,61,89,89,89,89,2,62,62,62,62,2,67,106,106,106,106,2,68,68,68,68,2,73,108,108,108,108,2,74,74,74,74,2,80,80
0,1,1,1,1,1,1,1,1,1,1,1,1,1,1,1,1,1,1,1,1,1,1,1,1,1,1,1,1,1,1,1,1,1,1,1,1,1,1,1,1,1,1,1,1,1,1,1,1,1,1,0,2,49,87,87,87,87,2,50,50,50,50,2,55,91,91,91,91,2,56,56,56,56,2,61,89,89,89,89,2,62,62,62,62,2,67,106,106,106,106,2,68,68,68,68,2,73,108,108,108,108,2,74,74,74,74,2,80,80
0,1,1,1,1,1,1,1,1,1,1,1,1,1,1,1,1,1,1,1,1,1,1,1,1,1,1,1,1,1,1,1,1,1,1,1,1,1,1,1,1,1,1,1,1,1,1,1,1,1,1,0,2,49,87,87,87,87,2,50,50,50,50,2,55,91,91,91,91,2,56,56,56,56,2,61,89,89,89,89,2,62,62,62,62,2,67,106,106,106,106,2,68,68,68,68,2,73,108,108,108,108,2,74,74,74,74,2,80,80
0,1,1,1,1,1,1,1,1,1,1,1,1,1,1,1,1,1,1,1,1,1,1,1,1,1,1,1,1,1,1,1,1,1,1,1,1,1,1,1,1,1,1,1,1,1,1,1,1,1,1,0,2,49,87,87,87,87,2,50,50,50,50,2,55,91,91,91,91,2,56,56,56,56,2,61,89,89,89,89,2,62,62,62,62,2,67,106,106,106,106,2,68,68,68,68,2,73,108,108,108,108,2,74,74,74,74,2,80,80
0,1,1,1,1,1,1,1,1,1,1,1,1,1,1,1,1,1,1,1,1,1,1,1,1,1,1,1,1,1,1,1,1,1,1,1,1,1,1,1,1,1,1,1,1,1,1,1,1,1,1,0,2,49,87,87,87,87,2,50,50,50,50,2,55,91,91,91,91,2,56,56,56,56,2,61,89,89,89,89,2,62,62,62,62,2,67,106,106,106,106,2,68,68,68,68,2,73,108,108,108,108,2,74,74,74,74,2,80,80
0,1,1,1,1,1,1,1,1,1,1,1,1,1,1,1,1,1,1,1,1,1,1,1,1,1,1,1,1,1,1,1,1,1,1,1,1,1,1,1,1,1,1,1,1,1,1,1,1,1,1,0,2,49,87,87,87,87,2,50,50,50,50,2,55,91,91,91,91,2,56,56,56,56,2,61,89,89,89,89,2,62,62,62,62,2,67,106,106,106,106,2,68,68,68,68,2,73,108,108,108,108,2,74,74,74,74,2,80,80
0,1,1,1,1,1,1,1,1,1,1,1,1,1,1,1,1,1,1,1,1,1,1,1,1,1,1,1,1,1,1,1,1,1,1,1,1,1,1,1,1,1,1,1,1,1,1,1,1,1,1,1,0,2,49,87,87,87,87,2,50,50,50,50,2,55,91,91,91,91,2,56,56,56,56,2,61,89,89,89,89,2,62,62,62,62,2,67,106,106,106,106,2,68,68,68,68,2,73,108,108,108,108,2,74,74,74,74,2,80,80
0,1,1,1,1,1,1,1,1,1,1,1,1,1,1,1,1,1,1,1,1,1,1,1,1,1,1,1,1,1,1,1,1,1,1,1,1,1,1,1,1,1,1,1,1,1,1,1,1,1,1,1,0,2,49,87,87,87,87,2,50,50,50,50,2,55,91,91,91,91,2,56,56,56,56,2,61,89,89,89,89,2,62,62,62,62,2,67,106,106,106,106,2,68,68,68,68,2,73,108,108,108,108,2,74,74,74,74,2,80,80
0,1,1,1,1,1,1,1,1,1,1,1,1,1,1,1,1,1,1,1,1,1,1,1,1,1,1,1,1,1,1,1,1,1,1,1,1,1,1,1,1,1,1,1,1,1,1,1,1,1,1,1,0,2,49,87,87,87,87,2,50,50,50,50,2,55,91,91,91,91,2,56,56,56,56,2,61,89,89,89,89,2,62,62,62,62,2,67,106,106,106,106,2,68,68,68,68,2,73,108,108,108,108,2,74,74,74,74,2,80,80
0,1,1,1,1,1,1,1,1,1,1,1,1,1,1,1,1,1,1,1,1,1,1,1,1,1,1,1,1,1,1,1,1,1,1,1,1,1,1,1,1,1,1,1,1,1,1,1,1,1,1,1,0,2,49,87,87,87,87,2,50,50,50,50,2,55,91,91,91,91,2,56,56,56,56,2,61,89,89,89,89,2,62,62,62,62,2,67,106,106,106,106,2,68,68,68,68,2,73,108,108,108,108,2,74,74,74,74,2,80,80
0,1,1,1,1,1,1,1,1,1,1,1,1,1,1,1,1,1,1,1,1,1,1,1,1,1,1,1,1,1,1,1,1,1,1,1,1,1,1,1,1,1,1,1,1,1,1,1,1,1,1,1,0,2,49,87,87,87,87,2,50,50,50,50,2,55,91,91,91,91,2,56,56,56,56,2,61,89,89,89,89,2,62,62,62,62,2,67,106,106,106,106,2,68,68,68,68,2,73,108,108,108,108,2,74,74,74,74,2,80,80
0,1,1,1,1,1,1,1,1,1,1,1,1,1,1,1,1,1,1,1,1,1,1,1,1,1,1,1,1,1,1,1,1,1,1,1,1,1,1,1,1,1,1,1,1,1,1,1,1,1,1,1,0,2,49,87,87,87,87,2,50,50,50,50,2,55,91,91,91,91,2,56,56,56,56,2,61,89,89,89,89,2,62,62,62,62,2,67,106,106,106,106,2,68,68,68,68,2,73,108,108,108,108,2,74,74,74,74,2,80,80
0,1,1,1,1,1,1,1,1,1,1,1,1,1,1,1,1,1,1,1,1,1,1,1,1,1,1,1,1,1,1,1,1,1,1,1,1,1,1,1,1,1,1,1,1,1,1,1,1,1,1,1,0,2,49,87,87,87,87,2,50,50,50,50,2,55,91,91,91,91,2,56,56,56,56,2,61,89,89,89,89,2,62,62,62,62,2,67,106,106,106,106,2,68,68,68,68,2,73,108,108,108,108,2,74,74,74,74,2,80,80
0,1,1,1,1,1,1,1,1,1,1,1,1,1,1,1,1,1,1,1,1,1,1,1,1,1,1,1,1,1,1,1,1,1,1,1,1,1,1,1,1,1,1,1,1,1,1,1,1,1,1,1,0,2,49,87,87,87,87,2,50,50,50,50,2,55,91,91,91,91,2,56,56,56,56,2,61,89,89,89,89,2,62,62,62,62,2,67,106,106,106,106,2,68,68,68,68,2,73,108,108,108,108,2,74,74,74,74,2,80,80
0,1,1,1,1,1,1,1,1,1,1,1,1,1,1,1,1,1,1,1,1,1,1,1,1,1,1,1,1,1,1,1,1,1,1,1,1,1,1,1,1,1,1,1,1,1,1,1,1,1,1,1,0,2,49,87,87,87,87,2,50,50,50,50,2,55,91,91,91,91,2,56,56,56,56,2,61,89,89,89,89,2,62,62,62,62,2,67,106,106,106,106,2,68,68,68,68,2,73,108,108,108,108,2,74,74,74,74,2,80,80
0,1,1,1,1,1,1,1,1,1,1,1,1,1,1,1,1,1,1,1,1,1,1,1,1,1,1,1,1,1,1,1,1,1,1,1,1,1,1,1,1,1,1,1,1,1,1,1,1,1,1,1,0,2,49,87,87,87,87,2,50,50,50,50,2,55,91,91,91,91,2,56,56,56,56,2,61,89,89,89,89,2,62,62,62,62,2,67,106,106,106,106,2,68,68,68,68,2,73,108,108,108,108,2,74,74,74,74,2,80,80
0,1,1,1,1,1,1,1,1,1,1,1,1,1,1,1,1,1,1,1,1,1,1,1,1,1,1,1,1,1,1,1,1,1,1,1,1,1,1,1,1,1,1,1,1,1,1,1,1,1,1,1,0,2,49,87,87,87,87,2,50,50,50,50,2,55,91,91,91,91,2,56,56,56,56,2,61,89,89,89,89,2,62,62,62,62,2,67,106,106,106,106,2,68,68,68,68,2,73,108,108,108,108,2,74,74,74,74,2,80,80
0,1,1,1,1,1,1,1,1,1,1,1,1,1,1,1,1,1,1,1,1,1,1,1,1,1,1,1,1,1,1,1,1,1,1,1,1,1,1,1,1,1,1,1,1,1,1,1,1,1,1,1,0,2,49,87,87,87,87,2,50,50,50,50,2,55,91,91,91,91,2,56,56,56,56,2,61,89,89,89,89,2,62,62,62,62,2,67,106,106,106,106,2,68,68,68,68,2,73,108,108,108,108,2,74,74,74,74,2,80,80
0,1,1,1,1,1,1,1,1,1,1,1,1,1,1,1,1,1,1,1,1,1,1,1,1,1,1,1,1,1,1,1,1,1,1,1,1,1,1,1,1,1,1,1,1,1,1,1,1,1,1,1,0,2,49,87,87,87,87,2,50,50,50,50,2,55,91,91,91,91,2,56,56,56,56,2,61,89,89,89,89,2,62,62,62,62,2,67,106,106,106,106,2,68,68,68,68,2,73,108,108,108,108,2,74,74,74,74,2,80,80
0,1,1,1,1,1,1,1,1,1,1,1,1,1,1,1,1,1,1,1,1,1,1,1,1,1,1,1,1,1,1,1,1,1,1,1,1,1,1,1,1,1,1,1,1,1,1,1,1,1,1,1,0,2,49,87,87,87,87,2,50,50,50,50,2,55,91,91,91,91,2,56,56,56,56,2,61,89,89,89,89,2,62,62,62,62,2,67,106,106,106,106,2,68,68,68,68,2,73,108,108,108,108,2,74,74,74,74,2,80,80
0,1,1,1,1,1,1,1,1,1,1,1,1,1,1,1,1,1,1,1,1,1,1,1,1,1,1,1,1,1,1,1,1,1,1,1,1,1,1,1,1,1,1,1,1,1,1,1,1,1,1,1,0,2,49,87,87,87,87,2,50,50,50,50,2,55,91,91,91,91,2,56,56,56,56,2,61,89,89,89,89,2,62,62,62,62,2,67,106,106,106,106,2,68,68,68,68,2,73,108,108,108,108,2,74,74,74,74,2,80,80
0,1,1,1,1,1,1,1,1,1,1,1,1,1,1,1,1,1,1,1,1,1,1,1,1,1,1,1,1,1,1,1,1,1,1,1,1,1,1,1,1,1,1,1,1,1,1,1,1,1,1,1,0,2,49,87,87,87,87,2,50,50,50,50,2,55,91,91,91,91,2,56,56,56,56,2,61,89,89,89,89,2,62,62,62,62,2,67,106,106,106,106,2,68,68,68,68,2,73,108,108,108,108,2,74,74,74,74,2,80,80
0,1,1,1,1,1,1,1,1,1,1,1,1,1,1,1,1,1,1,1,1,1,1,1,1,1,1,1,1,1,1,1,1,1,1,1,1,1,1,1,1,1,1,1,1,1,1,1,1,1,1,1,0,2,49,87,87,87,87,2,50,50,50,50,2,55,91,91,91,91,2,56,56,56,56,2,61,89,89,89,89,2,62,62,62,62,2,67,106,106,106,106,2,68,68,68,68,2,73,108,108,108,108,2,74,74,74,74,2,80,80
0,1,1,1,1,1,1,1,1,1,1,1,1,1,1,1,1,1,1,1,1,1,1,1,1,1,1,1,1,1,1,1,1,1,1,1,1,1,1,1,1,1,1,1,1,1,1,1,1,1,1,1,0,2,49,87,87,87,87,2,50,50,50,50,2,55,91,91,91,91,2,56,56,56,56,2,61,89,89,89,89,2,62,62,62,62,2,67,106,106,106,106,2,68,68,68,68,2,73,108,108,108,108,2,74,74,74,74,2,80,80
0,1,1,1,1,1,1,1,1,1,1,1,1,1,1,1,1,1,1,1,1,1,1,1,1,1,1,1,1,1,1,1,1,1,1,1,1,1,1,1,1,1,1,1,1,1,1,1,1,1,1,1,0,2,49,87,87,87,87,2,50,50,50,50,2,55,91,91,91,91,2,56,56,56,56,2,61,89,89,89,89,2,62,62,62,62,2,67,106,106,106,106,2,68,68,68,68,2,73,108,108,108,108,2,74,74,74,74,2,80,80
0,1,1,1,1,1,1,1,1,1,1,1,1,1,1,1,1,1,1,1,1,1,1,1,1,1,1,1,1,1,1,1,1,1,1,1,1,1,1,1,1,1,1,1,1,1,1,1,1,1,1,1,1,0,2,49,87,87,87,87,2,50,50,50,50,2,55,91,91,91,91,2,56,56,56,56,2,61,89,89,89,89,2,62,62,62,62,2,67,106,106,106,106,2,68,68,68,68,2,73,108,108,108,108,2,74,74,74,74,2,80,80
0,1,1,1,1,1,1,1,1,1,1,1,1,1,1,1,1,1,1,1,1,1,1,1,1,1,1,1,1,1,1,1,1,1,1,1,1,1,1,1,1,1,1,1,1,1,1,1,1,1,1,1,1,0,2,49,87,87,87,87,49,2,50,50,50,50,2,55,91,91,91,91,2,56,56,56,56,2,61,89,89,89,89,2,62,62,62,62,2,67,106,106,106,106,2,68,68,68,68,2,73,108,108,108,108,2,74,74,74,74,2,80,80
0,1,1,1,1,1,1,1,1,1,1,1,1,1,1,1,1,1,1,1,1,1,1,1,1,1,1,1,1,1,1,1,1,1,1,1,1,1,1,1,1,1,1,1,1,1,1,1,1,1,1,1,1,0,2,49,87,87,87,87,49,2,50,50,50,50,2,55,91,91,91,91,55,2,56,56,56,56,2,61,89,89,89,89,61,2,62,62,62,62,2,67,106,106,106,106,2,68,68,68,68,2,73,108,108,108,108,2,74,74,74,74,2,80,80
0,1,1,1,1,1,1,1,1,1,1,1,1,1,1,1,1,1,1,1,1,1,1,1,1,1,1,1,1,1,1,1,1,1,1,1,1,1,1,1,1,1,1,1,1,1,1,1,1,1,1,1,1,0,2,49,87,87,87,87,49,2,50,50,50,50,2,55,91,91,91,91,55,2,56,56,56,56,2,61,89,89,89,89,61,2,62,62,62,62,2,67,106,106,106,106,2,68,68,68,68,2,73,108,108,108,108,2,74,74,74,74,2,80,80
0,1,1,1,1,1,1,1,1,1,1,1,1,1,1,1,1,1,1,1,1,1,1,1,1,1,1,1,1,1,1,1,1,1,1,1,1,1,1,1,1,1,1,1,1,1,1,1,1,1,1,1,1,0,2,49,87,87,87,87,49,88,2,50,50,50,50,2,55,91,91,91,91,55,2,56,56,56,56,2,61,89,89,89,89,61,2,62,62,62,62,2,67,106,106,106,106,2,68,68,68,68,2,73,108,108,108,108,2,74,74,74,74,2,80,80
0,1,1,1,1,1,1,1,1,1,1,1,1,1,1,1,1,1,1,1,1,1,1,1,1,1,1,1,1,1,1,1,1,1,1,1,1,1,1,1,1,1,1,1,1,1,1,1,1,1,1,1,1,0,2,49,87,87,87,87,49,88,2,50,50,50,50,2,55,91,91,91,91,55,92,2,56,56,56,56,2,61,89,89,89,89,61,90,2,62,62,62,62,2,67,106,106,106,106,2,68,68,68,68,2,73,108,108,108,108,2,74,74,74,74,2,80,80
0,1,1,1,1,1,1,1,1,1,1,1,1,1,1,1,1,1,1,1,1,1,1,1,1,1,1,1,1,1,1,1,1,1,1,1,1,1,1,1,1,1,1,1,1,1,1,1,1,1,1,1,1,0,2,49,87,87,87,87,49,88,88,2,50,50,50,50,2,55,91,91,91,91,55,92,2,56,56,56,56,2,61,89,89,89,89,61,90,2,62,62,62,62,2,67,106,106,106,106,2,68,68,68,68,2,73,108,108,108,108,2,74,74,74,74,2,80,80
0,1,1,1,1,1,1,1,1,1,1,1,1,1,1,1,1,1,1,1,1,1,1,1,1,1,1,1,1,1,1,1,1,1,1,1,1,1,1,1,1,1,1,1,1,1,1,1,1,1,1,1,1,0,2,49,87,87,87,87,49,88,88,2,50,50,50,50,2,55,91,91,91,91,55,92,92,2,56,56,56,56,2,61,89,89,89,89,61,90,90,2,62,62,62,62,2,67,106,106,106,106,2,68,68,68,68,2,73,108,108,108,108,2,74,74,74,74,2,80,80
0,1,1,1,1,1,1,1,1,1,1,1,1,1,1,1,1,1,1,1,1,1,1,1,1,1,1,1,1,1,1,1,1,1,1,1,1,1,1,1,1,1,1,1,1,1,1,1,1,1,1,1,1,0,2,49,87,87,87,87,49,88,88,2,50,50,50,50,2,55,91,91,91,91,55,92,92,2,56,56,56,56,2,61,89,89,89,89,61,90,90,2,62,62,62,62,2,67,106,106,106,106,67,2,68,68,68,68,2,73,108,108,108,108,73,2,74,74,74,74,2,80,80
0,1,1,1,1,1,1,1,1,1,1,1,1,1,1,1,1,1,1,1,1,1,1,1,1,1,1,1,1,1,1,1,1,1,1,1,1,1,1,1,1,1,1,1,1,1,1,1,1,1,1,1,1,0,2,49,87,87,87,87,49,88,88,2,50,50,50,50,2,55,91,91,91,91,55,92,92,2,56,56,56,56,2,61,89,89,89,89,61,90,90,2,62,62,62,62,2,67,106,106,106,106,67,2,68,68,68,68,2,73,108,108,108,108,73,2,74,74,74,74,2,80,80
0,1,1,1,1,1,1,1,1,1,1,1,1,1,1,1,1,1,1,1,1,1,1,1,1,1,1,1,1,1,1,1,1,1,1,1,1,1,1,1,1,1,1,1,1,1,1,1,1,1,1,1,1,0,2,49,87,87,87,87,49,88,88,2,50,50,50,50,2,55,91,91,91,91,55,92,92,2,56,56,56,56,2,61,89,89,89,89,61,90,90,2,62,62,62,62,2,67,106,106,106,106,67,107,2,68,68,68,68,2,73,108,108,108,108,73,109,2,74,74,74,74,2,80,80
0,1,1,1,1,1,1,1,1,1,1,1,1,1,1,1,1,1,1,1,1,1,1,1,1,1,1,1,1,1,1,1,1,1,1,1,1,1,1,1,1,1,1,1,1,1,1,1,1,1,1,1,1,1,0,2,49,87,87,87,87,49,88,88,2,50,50,50,50,2,55,91,91,91,91,55,92,92,2,56,56,56,56,2,61,89,89,89,89,61,90,90,2,62,62,62,62,2,67,106,106,106,106,67,107,2,68,68,68,68,2,73,108,108,108,108,73,109,2,74,74,74,74,2,80,80
0,1,1,1,1,1,1,1,1,1,1,1,1,1,1,1,1,1,1,1,1,1,1,1,1,1,1,1,1,1,1,1,1,1,1,1,1,1,1,1,1,1,1,1,1,1,1,1,1,1,1,1,1,1,0,2,49,87,87,87,87,49,88,88,2,50,50,50,50,2,55,91,91,91,91,55,92,92,2,56,56,56,56,2,61,89,89,89,89,61,90,90,2,62,62,62,62,2,67,106,106,106,106,67,107,2,68,68,68,68,2,73,108,108,108,108,73,109,2,74,74,74,74,2,80,80
0,1,1,1,1,1,1,1,1,1,1,1,1,1,1,1,1,1,1,1,1,1,1,1,1,1,1,1,1,1,1,1,1,1,1,1,1,1,1,1,1,1,1,1,1,1,1,1,1,1,1,1,1,1,0,2,49,87,87,87,87,49,88,88,2,50,50,50,50,2,55,91,91,91,91,55,92,92,2,56,56,56,56,2,61,89,89,89,89,61,90,90,2,62,62,62,62,2,67,106,106,106,106,67,107,2,68,68,68,68,2,73,108,108,108,108,73,109,2,74,74,74,74,2,80,80
0,1,1,1,1,1,1,1,1,1,1,1,1,1,1,1,1,1,1,1,1,1,1,1,1,1,1,1,1,1,1,1,1,1,1,1,1,1,1,1,1,1,1,1,1,1,1,1,1,1,1,1,1,1,0,2,49,87,87,87,87,49,88,88,2,50,50,50,50,2,55,91,91,91,91,55,92,92,2,56,56,56,56,2,61,89,89,89,89,61,90,90,2,62,62,62,62,2,67,106,106,106,106,67,107,2,68,68,68,68,2,73,108,108,108,108,73,109,2,74,74,74,74,2,80,80
0,1,1,1,1,1,1,1,1,1,1,1,1,1,1,1,1,1,1,1,1,1,1,1,1,1,1,1,1,1,1,1,1,1,1,1,1,1,1,1,1,1,1,1,1,1,1,1,1,1,1,1,1,1,0,2,49,87,87,87,87,49,88,88,2,50,50,50,50,2,55,91,91,91,91,55,92,92,2,56,56,56,56,2,61,89,89,89,89,61,90,90,2,62,62,62,62,2,67,106,106,106,106,67,107,2,68,68,68,68,2,73,108,108,108,108,73,109,2,74,74,74,74,2,80,80
0,1,1,1,1,1,1,1,1,1,1,1,1,1,1,1,1,1,1,1,1,1,1,1,1,1,1,1,1,1,1,1,1,1,1,1,1,1,1,1,1,1,1,1,1,1,1,1,1,1,1,1,1,1,0,2,49,87,87,87,87,49,88,88,2,50,50,50,50,2,55,91,91,91,91,55,92,92,2,56,56,56,56,2,61,89,89,89,89,61,90,90,2,62,62,62,62,2,67,106,106,106,106,67,107,2,68,68,68,68,2,73,108,108,108,108,73,109,2,74,74,74,74,2,80,80
0,1,1,1,1,1,1,1,1,1,1,1,1,1,1,1,1,1,1,1,1,1,1,1,1,1,1,1,1,1,1,1,1,1,1,1,1,1,1,1,1,1,1,1,1,1,1,1,1,1,1,1,1,1,0,2,49,87,87,87,87,49,88,88,2,50,50,50,50,2,55,91,91,91,91,55,92,92,2,56,56,56,56,2,61,89,89,89,89,61,90,90,2,62,62,62,62,2,67,106,106,106,106,67,107,2,68,68,68,68,2,73,108,108,108,108,73,109,2,74,74,74,74,2,80,80
0,1,1,1,1,1,1,1,1,1,1,1,1,1,1,1,1,1,1,1,1,1,1,1,1,1,1,1,1,1,1,1,1,1,1,1,1,1,1,1,1,1,1,1,1,1,1,1,1,1,1,1,1,1,0,2,49,87,87,87,87,49,88,88,2,50,50,50,50,2,55,91,91,91,91,55,92,92,2,56,56,56,56,2,61,89,89,89,89,61,90,90,2,62,62,62,62,2,67,106,106,106,106,67,107,2,68,68,68,68,2,73,108,108,108,108,73,109,2,74,74,74,74,2,80,80
0,1,1,1,1,1,1,1,1,1,1,1,1,1,1,1,1,1,1,1,1,1,1,1,1,1,1,1,1,1,1,1,1,1,1,1,1,1,1,1,1,1,1,1,1,1,1,1,1,1,1,1,1,1,0,2,49,87,87,87,87,49,88,88,2,50,50,50,50,2,55,91,91,91,91,55,92,92,2,56,56,56,56,2,61,89,89,89,89,61,90,90,2,62,62,62,62,2,67,106,106,106,106,67,107,2,68,68,68,68,2,73,108,108,108,108,73,109,2,74,74,74,74,2,80,80
0,1,1,1,1,1,1,1,1,1,1,1,1,1,1,1,1,1,1,1,1,1,1,1,1,1,1,1,1,1,1,1,1,1,1,1,1,1,1,1,1,1,1,1,1,1,1,1,1,1,1,1,1,1,0,2,49,87,87,87,87,49,88,88,2,50,50,50,50,2,55,91,91,91,91,55,92,92,2,56,56,56,56,2,61,89,89,89,89,61,90,90,2,62,62,62,62,2,67,106,106,106,106,67,107,107,2,68,68,68,68,2,73,108,108,108,108,73,109,109,2,74,74,74,74,2,80,80
0,1,1,1,1,1,1,1,1,1,1,1,1,1,1,1,1,1,1,1,1,1,1,1,1,1,1,1,1,1,1,1,1,1,1,1,1,1,1,1,1,1,1,1,1,1,1,1,1,1,1,1,1,1,0,2,49,87,87,87,87,49,88,88,2,50,50,50,50,2,55,91,91,91,91,55,92,92,2,56,56,56,56,2,61,89,89,89,89,61,90,90,2,62,62,62,62,2,67,106,106,106,106,67,107,107,2,68,68,68,68,2,73,108,108,108,108,73,109,109,2,74,74,74,74,2,80,80
0,1,1,1,1,1,1,1,1,1,1,1,1,1,1,1,1,1,1,1,1,1,1,1,1,1,1,1,1,1,1,1,1,1,1,1,1,1,1,1,1,1,1,1,1,1,1,1,1,1,1,1,1,1,0,2,49,87,87,87,87,49,88,88,2,50,50,50,50,2,55,91,91,91,91,55,92,92,2,56,56,56,56,2,61,89,89,89,89,61,90,90,2,62,62,62,62,2,67,106,106,106,106,67,107,107,2,68,68,68,68,2,73,108,108,108,108,73,109,109,2,74,74,74,74,2,80,80
0,1,1,1,1,1,1,1,1,1,1,1,1,1,1,1,1,1,1,1,1,1,1,1,1,1,1,1,1,1,1,1,1,1,1,1,1,1,1,1,1,1,1,1,1,1,1,1,1,1,1,1,1,1,0,2,49,87,87,87,87,49,88,88,2,50,50,50,50,2,55,91,91,91,91,55,92,92,2,56,56,56,56,2,61,89,89,89,89,61,90,90,2,62,62,62,62,2,67,106,106,106,106,67,107,107,2,68,68,68,68,2,73,108,108,108,108,73,109,109,2,74,74,74,74,2,80,80
0,1,1,1,1,1,1,1,1,1,1,1,1,1,1,1,1,1,1,1,1,1,1,1,1,1,1,1,1,1,1,1,1,1,1,1,1,1,1,1,1,1,1,1,1,1,1,1,1,1,1,1,1,1,0,2,49,87,87,87,87,49,88,88,2,50,50,50,50,2,55,91,91,91,91,55,92,92,2,56,56,56,56,2,61,89,89,89,89,61,90,90,2,62,62,62,62,2,67,106,106,106,106,67,107,107,2,68,68,68,68,2,73,108,108,108,108,73,109,109,2,74,74,74,74,2,80,80
0,1,1,1,1,1,1,1,1,1,1,1,1,1,1,1,1,1,1,1,1,1,1,1,1,1,1,1,1,1,1,1,1,1,1,1,1,1,1,1,1,1,1,1,1,1,1,1,1,1,1,1,1,1,0,2,49,87,87,87,87,49,88,88,2,50,50,50,50,2,55,91,91,91,91,55,92,92,2,56,56,56,56,2,61,89,89,89,89,61,90,90,2,62,62,62,62,2,67,106,106,106,106,67,107,107,2,68,68,68,68,2,73,108,108,108,108,73,109,109,2,74,74,74,74,2,80,80
0,1,1,1,1,1,1,1,1,1,1,1,1,1,1,1,1,1,1,1,1,1,1,1,1,1,1,1,1,1,1,1,1,1,1,1,1,1,1,1,1,1,1,1,1,1,1,1,1,1,1,1,1,1,0,2,49,87,87,87,87,49,88,88,2,50,50,50,50,2,55,91,91,91,91,55,92,92,2,56,56,56,56,2,61,89,89,89,89,61,90,90,2,62,62,62,62,2,67,106,106,106,106,67,107,107,2,68,68,68,68,2,73,108,108,108,108,73,109,109,2,74,74,74,74,2,80,80
0,1,1,1,1,1,1,1,1,1,1,1,1,1,1,1,1,1,1,1,1,1,1,1,1,1,1,1,1,1,1,1,1,1,1,1,1,1,1,1,1,1,1,1,1,1,1,1,1,1,1,1,1,1,0,2,49,87,87,87,87,49,88,88,2,50,50,50,50,2,55,91,91,91,91,55,92,92,2,56,56,56,56,2,61,89,89,89,89,61,90,90,2,62,62,62,62,2,67,106,106,106,106,67,107,107,2,68,68,68,68,2,73,108,108,108,108,73,109,109,2,74,74,74,74,2,80,80
0,1,1,1,1,1,1,1,1,1,1,1,1,1,1,1,1,1,1,1,1,1,1,1,1,1,1,1,1,1,1,1,1,1,1,1,1,1,1,1,1,1,1,1,1,1,1,1,1,1,1,1,1,1,0,2,49,87,87,87,87,49,88,88,2,50,50,50,50,2,55,91,91,91,91,55,92,92,2,56,56,56,56,2,61,89,89,89,89,61,90,90,2,62,62,62,62,2,67,106,106,106,106,67,107,107,2,68,68,68,68,2,73,108,108,108,108,73,109,109,2,74,74,74,74,2,80,80
0,1,1,1,1,1,1,1,1,1,1,1,1,1,1,1,1,1,1,1,1,1,1,1,1,1,1,1,1,1,1,1,1,1,1,1,1,1,1,1,1,1,1,1,1,1,1,1,1,1,1,1,1,1,1,0,2,49,87,87,87,87,49,88,88,88,2,50,50,50,50,2,55,91,91,91,91,55,92,92,2,56,56,56,56,2,61,89,89,89,89,61,90,90,2,62,62,62,62,2,67,106,106,106,106,67,107,107,2,68,68,68,68,2,73,108,108,108,108,73,109,109,2,74,74,74,74,2,80,80
0,1,1,1,1,1,1,1,1,1,1,1,1,1,1,1,1,1,1,1,1,1,1,1,1,1,1,1,1,1,1,1,1,1,1,1,1,1,1,1,1,1,1,1,1,1,1,1,1,1,1,1,1,1,1,0,2,49,87,87,87,87,49,88,88,88,2,50,50,50,50,2,55,91,91,91,91,55,92,92,2,56,56,56,56,2,61,89,89,89,89,61,90,90,90,2,62,62,62,62,2,67,106,106,106,106,67,107,107,2,68,68,68,68,2,73,108,108,108,108,73,109,109,2,74,74,74,74,2,80,80
0,1,1,1,1,1,1,1,1,1,1,1,1,1,1,1,1,1,1,1,1,1,1,1,1,1,1,1,1,1,1,1,1,1,1,1,1,1,1,1,1,1,1,1,1,1,1,1,1,1,1,1,1,1,1,0,2,49,87,87,87,87,49,88,88,88,2,50,50,50,50,2,55,91,91,91,91,55,92,92,92,2,56,56,56,56,2,61,89,89,89,89,61,90,90,90,2,62,62,62,62,2,67,106,106,106,106,67,107,107,2,68,68,68,68,2,73,108,108,108,108,73,109,109,2,74,74,74,74,2,80,80
0,1,1,1,1,1,1,1,1,1,1,1,1,1,1,1,1,1,1,1,1,1,1,1,1,1,1,1,1,1,1,1,1,1,1,1,1,1,1,1,1,1,1,1,1,1,1,1,1,1,1,1,1,1,1,0,2,49,87,87,87,87,49,88,88,88,88,2,50,50,50,50,2,55,91,91,91,91,55,92,92,92,2,56,56,56,56,2,61,89,89,89,89,61,90,90,90,90,2,62,62,62,62,2,67,106,106,106,106,67,107,107,2,68,68,68,68,2,73,108,108,108,108,73,109,109,2,74,74,74,74,2,80,80
0,1,1,1,1,1,1,1,1,1,1,1,1,1,1,1,1,1,1,1,1,1,1,1,1,1,1,1,1,1,1,1,1,1,1,1,1,1,1,1,1,1,1,1,1,1,1,1,1,1,1,1,1,1,1,0,2,49,87,87,87,87,49,88,88,88,88,2,50,50,50,50,2,55,91,91,91,91,55,92,92,92,92,2,56,56,56,56,2,61,89,89,89,89,61,90,90,90,90,2,62,62,62,62,2,67,106,106,106,106,67,107,107,2,68,68,68,68,2,73,108,108,108,108,73,109,109,2,74,74,74,74,2,80,80
0,1,1,1,1,1,1,1,1,1,1,1,1,1,1,1,1,1,1,1,1,1,1,1,1,1,1,1,1,1,1,1,1,1,1,1,1,1,1,1,1,1,1,1,1,1,1,1,1,1,1,1,1,1,1,0,2,49,87,87,87,87,49,88,88,88,88,2,50,50,50,50,2,55,91,91,91,91,55,92,92,92,92,2,56,56,56,56,2,61,89,89,89,89,61,90,90,90,90,2,62,62,62,62,2,67,106,106,106,106,67,107,107,2,68,68,68,68,2,73,108,108,108,108,73,109,109,2,74,74,74,74,2,80,80
0,1,1,1,1,1,1,1,1,1,1,1,1,1,1,1,1,1,1,1,1,1,1,1,1,1,1,1,1,1,1,1,1,1,1,1,1,1,1,1,1,1,1,1,1,1,1,1,1,1,1,1,1,1,1,0,2,49,87,87,87,87,49,88,88,88,88,2,50,50,50,50,2,55,91,91,91,91,55,92,92,92,92,2,56,56,56,56,2,61,89,89,89,89,61,90,90,90,90,2,62,62,62,62,2,67,106,106,106,106,67,107,107,2,68,68,68,68,2,73,108,108,108,108,73,109,109,2,74,74,74,74,2,80,80
0,1,1,1,1,1,1,1,1,1,1,1,1,1,1,1,1,1,1,1,1,1,1,1,1,1,1,1,1,1,1,1,1,1,1,1,1,1,1,1,1,1,1,1,1,1,1,1,1,1,1,1,1,1,1,0,2,49,87,87,87,87,49,88,88,88,88,2,50,50,50,50,2,55,91,91,91,91,55,92,92,92,92,2,56,56,56,56,2,61,89,89,89,89,61,90,90,90,90,2,62,62,62,62,2,67,106,106,106,106,67,107,107,2,68,68,68,68,2,73,108,108,108,108,73,109,109,2,74,74,74,74,2,80,80
0,1,1,1,1,1,1,1,1,1,1,1,1,1,1,1,1,1,1,1,1,1,1,1,1,1,1,1,1,1,1,1,1,1,1,1,1,1,1,1,1,1,1,1,1,1,1,1,1,1,1,1,1,1,1,0,2,49,87,87,87,87,49,88,88,88,88,2,50,50,50,50,2,55,91,91,91,91,55,92,92,92,92,2,56,56,56,56,2,61,89,89,89,89,61,90,90,90,90,2,62,62,62,62,2,67,106,106,106,106,67,107,107,2,68,68,68,68,2,73,108,108,108,108,73,109,109,2,74,74,74,74,2,80,80
0,1,1,1,1,1,1,1,1,1,1,1,1,1,1,1,1,1,1,1,1,1,1,1,1,1,1,1,1,1,1,1,1,1,1,1,1,1,1,1,1,1,1,1,1,1,1,1,1,1,1,1,1,1,1,0,2,49,87,87,87,87,49,88,88,88,88,2,50,50,50,50,2,55,91,91,91,91,55,92,92,92,92,2,56,56,56,56,2,61,89,89,89,89,61,90,90,90,90,2,62,62,62,62,2,67,106,106,106,106,67,107,107,2,68,68,68,68,2,73,108,108,108,108,73,109,109,2,74,74,74,74,2,80,80
0,1,1,1,1,1,1,1,1,1,1,1,1,1,1,1,1,1,1,1,1,1,1,1,1,1,1,1,1,1,1,1,1,1,1,1,1,1,1,1,1,1,1,1,1,1,1,1,1,1,1,1,1,1,1,0,2,49,87,87,87,87,49,88,88,88,88,2,50,50,50,50,2,55,91,91,91,91,55,92,92,92,92,2,56,56,56,56,2,61,89,89,89,89,61,90,90,90,90,2,62,62,62,62,2,67,106,106,106,106,67,107,107,2,68,68,68,68,2,73,108,108,108,108,73,109,109,2,74,74,74,74,2,80,80
0,1,1,1,1,1,1,1,1,1,1,1,1,1,1,1,1,1,1,1,1,1,1,1,1,1,1,1,1,1,1,1,1,1,1,1,1,1,1,1,1,1,1,1,1,1,1,1,1,1,1,1,1,1,1,0,2,49,87,87,87,87,49,88,88,88,88,2,50,50,50,50,2,55,91,91,91,91,55,92,92,92,92,2,56,56,56,56,2,61,89,89,89,89,61,90,90,90,90,2,62,62,62,62,2,67,106,106,106,106,67,107,107,2,68,68,68,68,2,73,108,108,108,108,73,109,109,2,74,74,74,74,2,80,80
0,1,1,1,1,1,1,1,1,1,1,1,1,1,1,1,1,1,1,1,1,1,1,1,1,1,1,1,1,1,1,1,1,1,1,1,1,1,1,1,1,1,1,1,1,1,1,1,1,1,1,1,1,1,1,0,2,49,87,87,87,87,49,88,88,88,88,2,50,50,50,50,2,55,91,91,91,91,55,92,92,92,92,2,56,56,56,56,2,61,89,89,89,89,61,90,90,90,90,2,62,62,62,62,2,67,106,106,106,106,67,107,107,2,68,68,68,68,2,73,108,108,108,108,73,109,109,2,74,74,74,74,2,80,80
0,1,1,1,1,1,1,1,1,1,1,1,1,1,1,1,1,1,1,1,1,1,1,1,1,1,1,1,1,1,1,1,1,1,1,1,1,1,1,1,1,1,1,1,1,1,1,1,1,1,1,1,1,1,1,0,2,49,87,87,87,87,49,88,88,88,88,2,50,50,50,50,2,55,91,91,91,91,55,92,92,92,92,2,56,56,56,56,2,61,89,89,89,89,61,90,90,90,90,2,62,62,62,62,2,67,106,106,106,106,67,107,107,2,68,68,68,68,2,73,108,108,108,108,73,109,109,2,74,74,74,74,2,80,80
