0.9601782802718097,0.9601675520221418,0.9601324427992801,0.9601195875542463,0.9601302051814973,0.9601322733568636,0.9601265381390607,0.9601286533650149
0.9601733496689686,0.9601626201217062,0.9601262491506537,0.9601133919547666,0.9601252292953397,0.9601273267146724,0.9601215917514705,0.9601237372254685
0.9601847717421188,0.9601740452008343,0.9601366636540463,0.9601238097384879,0.9601366281426702,0.9601387520808313,0.9601329297561054,0.9601351015722999
0.9601801037258757,0.9601693759560914,0.9601310045831812,0.9601181488851429,0.9601319174700502,0.9601340690735216,0.9601282516872693,0.9601304509993074
0.9601753761682632,0.9601646471543175,0.9601252341121038,0.9601123765965058,0.9601271467523957,0.9601293263409814,0.9601234179469658,0.9601256450696023
0.9601705788749217,0.9601598485984684,0.9601194514221418,0.9601065920851508,0.9601223057810959,0.9601245136765275,0.9601186096503365,0.960120864889749
0.9601812429805185,0.9601705155105569,0.9601290787991135,0.9601162224944981,0.9601329440877451,0.9601351797657056,0.9601291856062366,0.9601314684149604
0.9601911619826571,0.9601804371231273,0.9601380360717533,0.96012518258848,0.9601428359919137,0.9601450997965584,0.9601391116018627,0.9601414223089293
0.9601864012805992,0.9601756751681685,0.9601322064987659,0.9601193511793027,0.9601380303440343,0.960140323410205,0.9601342414662886,0.9601365812180778
0.9601815789476489,0.9601708515661038,0.9601264857996663,0.9601136286783196,0.9601331625427818,0.9601354852016823,0.9601294064871633,0.9601317755983321
0.9601766883838694,0.960165959715263,0.9601215362062971,0.9601086775259551,0.9601282259647719,0.960130578559405,0.9601244046312096,0.9601268034392065
0.9601717357897357,0.9601610058177461,0.9601166293657954,0.9601037691399354,0.9601232268222015,0.9601256096917714,0.9601194383888985,0.96012186721582
0.9601665196211404,0.9601557882764147,0.960111353715676,0.960098491828143,0.9601179633223145,0.960120376824257,0.9601141087868281,0.9601165679846733
0.9601783628444354,0.9601676346164991,0.9601191157429085,0.9601062563001885,0.9601297790698085,0.9601322225290603,0.9601259092700318,0.9601283981299593
0.9601732094428821,0.9601624798587161,0.9601129353000504,0.9601000739106662,0.9601245774731588,0.9601270522443917,0.9601206906216602,0.9601232105054671
0.9601679979248128,0.960157266969131,0.9601066887378122,0.9600938253809581,0.9601193172086187,0.9601218236463462,0.9601154131175493,0.9601179643676045
0.9601796137655902,0.9601688858668607,0.960117292973043,0.9601044329562012,0.9601309039296722,0.960133441336614,0.9601269840344049,0.9601295659228317
0.963430259504986,0.9634203887573629,0.9633747894914517,0.9633629575000395,0.9633853578141662,0.9633877218875373,0.9633817713890207,0.9633841761711923
0.9634295264941657,0.9634196555528778,0.9633731431983477,0.9633613106863657,0.9633845927064617,0.9633869867118536,0.9633809907446824,0.9633834251528863
0.9634322887782321,0.963422418566753,0.9633749955236037,0.9633631635973428,0.9633873267991409,0.9633897507969769,0.9633837094991675,0.9633861735794662
0.9634315891528062,0.9634217187564826,0.9633733850338317,0.9633615525983203,0.9633865945154192,0.9633890490167714,0.9633829614023539,0.9633854556589767
0.9634308832392007,0.9634210126563718,0.9633717615714656,0.9633599286226007,0.9633858556354078,0.9633883409272892,0.9633822065688469,0.9633847312782715
0.963432152393003,0.9634222821454903,0.9633721150796775,0.9633602822425955,0.9633870939000639,0.963389610140061,0.9633834289319532,0.9633859842390391
0.9634338869774843,0.9634240171882593,0.9633735452659207,0.963361712881075,0.9633887978574978,0.9633913452995073,0.9633851168944223,0.9633877030419946
0.963433102707828,0.9634232327113945,0.9633727597295405,0.9633609270963006,0.9633879796170957,0.9633905587221594,0.9633842822697989,0.9633868997108093
0.9601907922356907,0.9601800672788532,0.9601218903970434,0.9601090318282621,0.9601416875393034,0.9601445248717411,0.9601376074514489,0.9601404858622358
0.9601851102909873,0.9601743838388004,0.9601161988657874,0.960103338504332,0.9601359513283696,0.9601388239492643,0.9601319050131181,0.9601348182759013
0.9601937767807194,0.9601830526093458,0.9601247989910517,0.960111941338404,0.9601445803418331,0.9601474876128413,0.960140463196745,0.960143410652694
0.9601879806388953,0.9601772549421121,0.9601190740565304,0.9601062146006787,0.9601387287469294,0.9601416720742115,0.9601346454734669,0.9601376285213257
0.9601821133014672,0.9601713860605494,0.9601131158100478,0.9601002544775206,0.9601328053225404,0.9601357851081078,0.9601286488439198,0.9601316678790068
0.9601761713789989,0.9601654425743293,0.9601072448722625,0.9600943816905729,0.9601268066797468,0.9601298233221269,0.9601226841831083,0.9601257395815286
0.960169989183723,0.9601592587520786,0.9601009712125075,0.9600881060548241,0.9601205669130921,0.9601236208355299,0.9601163702268167,0.9601194624050728
0.960163713428684,0.9601529813454568,0.9600947659034456,0.9600818987913122,0.9601142329102104,0.9601173245270236,0.960110070297379,0.9601131996464571
0.9601714385078359,0.9601607084576123,0.9601024229850079,0.9600895582845823,0.9601219161804768,0.9601250448253031,0.960117679848917,0.9601208456827242
0.9601652056040502,0.9601544739135162,0.9600962605963259,0.9600833939549662,0.9601156239587068,0.9601187911054561,0.9601114218246511,0.9601146256058273
0.9601743862277909,0.9601636569533218,0.96010537568409,0.9600925119136658,0.9601247634434489,0.960127968298701,0.9601204867880342,0.9601237277022903
0.9601681896283554,0.9601574587231234,0.960099249654857,0.9600863839549445,0.9601185064338289,0.9601217506083852,0.9601142641038753,0.9601175437511429
0.9601617500058848,0.960151017405948,0.9600927181178476,0.9600798503607388,0.9601120055256631,0.9601152894570437,0.9601076860582158,0.9601110048691213
0.9601684084657023,0.9601576776180634,0.9600994688614142,0.9600866032305431,0.960118618092686,0.9601219411448787,0.9601143344423548,0.9601176917441785
0.9601619684418614,0.9601512358994115,0.9600929369225313,0.9600800692343359,0.9601121155933561,0.9601154792600326,0.9601078102656309,0.9601112075507792
0.9601554347983625,0.9601447005364769,0.9600863922429406,0.9600735224934269,0.9601055187438368,0.9601089234770113,0.960101191500687,0.9601046292039375
0.963425936437819,0.9634160645480232,0.9633655073399792,0.9633536724134819,0.9633801891892373,0.9633833576989512,0.9633762430893482,0.9633794416564203
0.9634249929236023,0.963415120784529,0.9633645622999716,0.9633527270746474,0.9633792046213758,0.9633824113705838,0.9633752391978647,0.963378475390869
0.9634240131518939,0.963414140753962,0.9633635809438321,0.9633517454081988,0.9633781834116364,0.9633814287266544,0.9633741985058348,0.9633774726385753
0.9634253640600552,0.9634154920190372,0.9633649340366037,0.9633530989288255,0.963379495400198,0.9633827794018188,0.9633754911055747,0.9633788032846327
0.9634265419280932,0.9634166701982709,0.9633661138094209,0.9633542790746927,0.9633806337998181,0.9633839568229645,0.9633766099444778,0.9633799604925852
0.9634275514165522,0.9634176799534424,0.9633671249303688,0.9633552905153624,0.963381603274335,0.9633849656557503,0.9633775596856968,0.963380948927373
0.963426574857815,0.9634167031366929,0.9633661467923942,0.9633543120680972,0.9633805839204568,0.9633839861608045,0.9633765202289111,0.9633799486539791
0.9634273746141617,0.9634175031043373,0.963366947842059,0.9633551133710578,0.9633813427296343,0.9633847849886308,0.9633772589738467,0.9633807267285566
0.9601969768815088,0.9601862535523293,0.9601280044974534,0.9601151478544594,0.9601465899078001,0.9601503736648522,0.9601420658471631,0.9601458759942318
0.9601905729121853,0.9601798478976269,0.9601215897105686,0.9601087310470799,0.9601401177150799,0.9601439462280656,0.9601355698330281,0.9601394239402972
0.9601840946806868,0.9601733679612177,0.9601151005361686,0.96010223982877,0.9601335705037668,0.9601374442563351,0.9601289985462249,0.960132897078217
0.960177534691053,0.9601668062451694,0.9601085294653438,0.9600956666882603,0.960126940768651,0.9601308602448013,0.9601222840167856,0.960126227443983
0.9601831310061522,0.9601724040330677,0.9601142162415399,0.9601013552556161,0.9601324817565025,0.9601364462627227,0.9601278622639378,0.960131849854188
0.960176362966388,0.9601656342121381,0.9601073557617181,0.9600944926149542,0.960125642368366,0.9601296535812365,0.9601209369027972,0.960124970331738
0.9601695234442762,0.9601587928900648,0.9601005857213989,0.9600877204423008,0.9601187307138888,0.9601227891381019,0.9601140612578472,0.9601181409974839
0.960184146726988,0.9601734200212153,0.9601151526703804,0.9601022919794036,0.960133307929939,0.9601374119012125,0.9601285537901953,0.960132678157114
0.9601769690416526,0.9601662404469058,0.9601080438807073,0.9600951809506799,0.9601260563204175,0.9601302085164063,0.9601213383060783,0.9601255099555714
0.9601697116910699,0.9601589811863995,0.9601006932513974,0.960087828006166,0.9601187242434703,0.9601229251745023,0.9601139178137055,0.9601181372477683
0.9601623644467281,0.9601516320084931,0.9600934146455664,0.9600805471078366,0.9601113014279281,0.9601155516268118,0.9601065312821537,0.960110798998496
0.9601697179840978,0.9601589874810825,0.9601006995547863,0.9600878343115391,0.9601185970828612,0.9601228955243692,0.9601137389995722,0.960118053957812
0.9601623571102449,0.960151624670081,0.9600934072966978,0.9600805397566552,0.9601111591874547,0.9601155079207724,0.9601063375585974,0.960110701778901
0.9601673631206111,0.9601566319978683,0.9600983407138726,0.9600854747276757,0.9601161029634557,0.9601205011912883,0.9601111918862459,0.9601156045574026
0.9601599925917403,0.9601492595293115,0.9600910387889321,0.9600781705028991,0.9601086539028165,0.9601131034918242,0.9601037794459872,0.9601082424017942
0.9601525350459983,0.960141800021002,0.9600834875928486,0.9600706169284894,0.9601011169591611,0.9601056184580721,0.9600961502696188,0.960100664049452
0.9634243610761206,0.9634144887701113,0.9633640039787756,0.9633521685769071,0.9633775472513728,0.9633817334857311,0.9633730330724699,0.9633772305020087
0.963424878659713,0.9634150064904499,0.9633644478512979,0.9633526125897851,0.9633780151634701,0.9633822494020707,0.9633735369015937,0.9633777813142099
0.9634237451908134,0.9634138727220856,0.9633633870987219,0.9633515515017945,0.9633768295724747,0.9633811123621079,0.963372266558294,0.9633765585006127
0.9634226030460373,0.9634127302755522,0.9633621685576457,0.96335033257541,0.9633756349177136,0.9633799666161884,0.9633711079731473,0.9633754477752619
0.9634233803794066,0.9634135078142945,0.963363021698094,0.9633511859856234,0.9633763617761679,0.9633807425181522,0.9633717492614751,0.963376137057919
0.9634222497978451,0.9634123769340308,0.9633618147382075,0.9633499786440924,0.9633751779460487,0.9633796083080677,0.9633706018646555,0.9633750382043855
0.9634249133827033,0.9634150412226159,0.963364557177439,0.9633527219504949,0.9633777926895439,0.9633822725736234,0.9633731302179218,0.9633776150034399
0.9634238317141499,0.9634139592682818,0.9633633992126831,0.9633515636195844,0.9633766570876341,0.9633811872917593,0.9633720314271552,0.9633765654287998
0.9601365972336,0.9601258580143792,0.9600676039602958,0.9600547282932939,0.960084498928311,0.9600894832545777,0.9600792744856617,0.9600842604051798
0.9601413674206216,0.9601306294567231,0.9600723011043237,0.9600594269167042,0.9600891992585705,0.9600942382640179,0.9600840146768645,0.9600890539965752
0.9601333772605307,0.9601226371939469,0.9600643785548768,0.9600515018720284,0.9600811221235845,0.9600862179605023,0.9600758383968153,0.9600809332596933
0.9601253020495812,0.9601145598579481,0.9600562085978719,0.9600433293418953,0.9600729589838157,0.960078112261397,0.9600677136805718,0.9600728646513141
0.9601171454146837,0.9601064010765974,0.9600481193249766,0.960035237521309,0.9600647134653251,0.9600699247959112,0.960059367534718,0.96006457521568
0.960108747541853,0.9600980009938505,0.9600396261291406,0.9600267416505972,0.960056225534877,0.9600614955608613,0.9600509181983015,0.960056183185763
0.9601002554531035,0.9600895066704176,0.960031200869667,0.9600183137376677,0.9600476423947466,0.9600529717454704,0.9600422328939111,0.9600475558067216
0.9601039034803538,0.9600931556576389,0.9600347738859976,0.9600218878792821,0.9600512141344848,0.960056601834776,0.9600458450249043,0.9600512248426394
0.9601077871447865,0.9600970403440565,0.9600387452671282,0.9600258605111627,0.9600550209612524,0.9600604675820423,0.9600495498447477,0.9600549871279915
0.9600991561554444,0.9600884070834816,0.960030018542908,0.9600171310385461,0.9600462961078247,0.9600518039303672,0.9600408639655749,0.9600463609445113
0.9600902276813497,0.9600794762598925,0.9600211561811633,0.960008265885719,0.9600372724571815,0.9600428421765177,0.9600317350652177,0.9600372924230625
0.9600810338366632,0.9600702799959098,0.9600118656161158,0.9599989723947648,0.9600279821661397,0.9600336144713757,0.960022483891458,0.9600281022664956
0.960071738413899,0.9600609821271489,0.9600026357230615,0.9599897395949417,0.9600185892708548,0.9600242848053135,0.9600129841177718,0.9600186641435993
0.9600619409204434,0.9600511820556092,0.9599927404531088,0.9599798412087113,0.9600086926719167,0.960014452196915,0.96000312678503,0.9600088691689019
0.9600765640196331,0.9600658090026899,0.9600074694693292,0.9599945748634968,0.960023247523422,0.9600290682457311,0.9600175764290211,0.9600233783764036
0.960086663074345,0.9600759107148851,0.9600175043610475,0.9600046129155213,0.9600332715549094,0.9600391547342189,0.960027642667344,0.9600335053833426
0.9634153028822074,0.9634054281830098,0.963354931154659,0.9633430928839319,0.963367144006833,0.9633726040697932,0.96336199016576,0.9633674319380159
0.9634138927441769,0.963404017672421,0.9633534441701241,0.9633416054292112,0.9633656691519361,0.9633711893958974,0.9633605544801549,0.9633660548860143
0.9634124502604089,0.963402574807551,0.9633520739255255,0.9633402347513389,0.9633641614918318,0.9633697423148293,0.9633589470343273,0.9633645064764909
0.9634109985780213,0.9634011227416295,0.963350545323773,0.9633387056662421,0.9633626442001593,0.9633682859998829,0.9633574693944178,0.963363088234291
0.9634095370412643,0.9633996608187378,0.9633491560011829,0.9633373159043503,0.963361116623269,0.9633668197945895,0.963355840766501,0.9633615194047451
0.963408065648552,0.9633981890372858,0.9633476076514322,0.9633357670650118,0.9633595787584699,0.9633653436971954,0.9633543430500091,0.9633600818457257
0.9634099244109413,0.9634000482907572,0.9633495439965092,0.9633377040223596,0.9633613749606269,0.9633672015360415,0.9633560374036867,0.9633618362356642
0.9634084929012614,0.963398616402876,0.9633480355950854,0.9633361951439801,0.9633598762169235,0.9633657653183354,0.9633545793276574,0.9633604390464026
0.9600340584644969,0.9600232922629233,0.959964892211435,0.9599519841971003,0.9599797683593463,0.9599862593342248,0.9599737384590681,0.959980192751527
0.960023831256984,0.9600130623643759,0.9599545664276548,0.9599416551616098,0.9599694324700585,0.9599759937389503,0.9599634441645633,0.9599699668355264
0.96002650393889,0.9600157357495269,0.9599573249422007,0.9599444145448397,0.9599720125533115,0.9599786427787347,0.9599659083223997,0.9599724980343673
0.9600157423599036,0.9600049713389271,0.9599464638702362,0.9599335500526289,0.9599611394337846,0.9599678415408788,0.9599550769410337,0.959961736541117
0.960004865716708,0.9599940918338776,0.9599356502203209,0.9599227329974473,0.9599501500402063,0.9599569247841715,0.9599439678051622,0.9599506980390082
0.9599938606932494,0.9599830839148269,0.9599245452502896,0.959911624530456,0.959939030945022,0.9599458791509559,0.9599328906612474,0.9599396922834753
0.9599825441256562,0.9599717643697083,0.9599132909782342,0.9599003667144741,0.9599275987606839,0.9599345212677242,0.9599213367753481,0.959928210610973
0.9599710919635149,0.959960309194404,0.9599017380703334,0.9598888101686585,0.9599160296579516,0.9599230272849646,0.9599098098069072,0.9599167566055553
0.9599593156036581,0.9599485297361323,0.9598900232762884,0.9598770916857737,0.9599041347719364,0.9599112083755388,0.9598977912233009,0.9599048118272244
0.9599808536925165,0.9599700734917984,0.9599115162841134,0.9598985914615137,0.9599255980598942,0.9599327426314241,0.959919301973037,0.9599263913479337
0.9599693394794724,0.9599585562492743,0.9599000640593882,0.9598871356305856,0.9599139634018223,0.9599211854820122,0.9599075417869591,0.9599147064151465
0.9599575504794455,0.9599467641475121,0.9598881737189104,0.959875241545997,0.9599020523977415,0.9599093528603733,0.959895673347315,0.9599029140288771
0.9599568889540473,0.9599461024480642,0.9598875925336734,0.9598746601777548,0.9599012827475151,0.9599086604199254,0.9598947778860836,0.9599020934509028
0.959944870370149,0.9599340807020742,0.9598754721971967,0.9598625360248034,0.959889139464168,0.9598965972138358,0.9598826773894249,0.9598900706125835
0.9599435907256046,0.9599328007208574,0.9598742718754767,0.9598613353251275,0.9598877484735469,0.9598952851949796,0.959881158488493,0.9598886282658647
0.9599314845389431,0.9599206913491074,0.9598620637622695,0.9598491233678683,0.9598755149971445,0.9598831335239761,0.9598689680381023,0.9598765171078878
0.9633900604199932,0.963380179051839,0.9633296479233378,0.9633178016581294,0.9633402099108073,0.9633472539819588,0.9633342668198879,0.9633412491964568
0.963388303545748,0.9633784217134422,0.9633278135916099,0.9633159667464017,0.963338372479682,0.9633454913000608,0.96333247304873,0.9633395279285137
0.9633891530530034,0.9633792714451312,0.9633287390908558,0.9633168925382818,0.9633391444464692,0.9633463379523475,0.9633331272112762,0.9633402545498937
0.9633873800150037,0.9633774979387091,0.9633268885674238,0.9633150414297311,0.9633372899004011,0.9633445590271994,0.9633313169704278,0.9633385176489369
0.9633855978753003,0.9633757153281817,0.9633251781712815,0.9633133304927783,0.9633354257794107,0.9633427709593854,0.9633293331188131,0.9633366075849201
0.9633837568410621,0.9633738738075603,0.963323259534578,0.9633114112494197,0.963333502226043,0.9633409238990349,0.9633274545267196,0.9633348031722999
0.963383482180654,0.9633735990745895,0.9633230590596502,0.9633112107111037,0.9633331466956867,0.9633406449756812,0.9633269777598594,0.9633344007129816
0.963381630381611,0.9633717467863194,0.9633211296365212,0.9633092806779135,0.9633312114676915,0.9633387870785572,0.9633250875284749,0.9633325854431269
0.9598489329858573,0.959838118078282,0.9597794544901737,0.9597664880855203,0.9597918093731794,0.9598001895059531,0.9597847622443725,0.9597930490534163
0.9598478749409973,0.9598370597550865,0.9597783129874562,0.9597653462234099,0.9597906308540891,0.9597990962817751,0.9597836298178053,0.9597919990954444
0.9598467562960076,0.9598359408158175,0.959777274129771,0.9597643070386479,0.9597893903078178,0.9597979419682747,0.9597822477096252,0.9597907003547774
0.9598333446469016,0.9598225256385766,0.959763758159861,0.9597507868133746,0.9597758382566619,0.9597844796527508,0.959768738821539,0.9597772781899709
0.9598197813048388,0.9598089587285314,0.9597502536476097,0.9597372780494382,0.9597621328949413,0.9597708650277643,0.959754886206079,0.959763513256674
0.9598183698777705,0.9598075469301763,0.9597487581078818,0.9597357820388659,0.9597605950771311,0.9597694163111383,0.9597533927889117,0.9597621057954302
0.9598045439801843,0.9597937173956055,0.9597349906272312,0.9597220102238182,0.9597466239358476,0.9597555379283385,0.959739270601315,0.95974807314185
0.9597905944868179,0.9597797642328048,0.9597209358224144,0.9597079509942188,0.9597325275409092,0.9597415353398253,0.9597252154142342,0.9597341084052184
0.9597768918838867,0.959766058025443,0.9597072919006566,0.9596943027771072,0.9597186768992243,0.9597277794717349,0.9597112097241829,0.9597201940839035
0.9597636449355309,0.959752807592575,0.9596939407728349,0.9596809474461769,0.9597052810531477,0.9597144793297943,0.9596978541336523,0.9597069306567443
0.959762289626017,0.9597514519265595,0.9596926650193767,0.9596796712910982,0.9597037921825955,0.9597130845248283,0.9596962082160987,0.9597053752464155
0.9597656183925896,0.9597547815687322,0.959695917561906,0.9596829248575633,0.9597069925838073,0.9597163789219627,0.9596994506899381,0.959708708029996
0.9597673324815481,0.9597564961085687,0.9596977163784908,0.9596847242404369,0.9597085745656642,0.9597180562563512,0.9597008718058859,0.9597102207521739
0.9597795431849332,0.9597687100239032,0.9597098658630063,0.9596968775497814,0.9597206666731457,0.959730242278451,0.9597130063182397,0.9597224453181521
0.9598404375888929,0.9598296204464649,0.9597709447665508,0.9597579756826842,0.9597815107093504,0.9597911697582409,0.9597736960903684,0.9597832147806398
0.9598567107981608,0.9598458979366888,0.9597871637634556,0.9597741997860259,0.9597976684659282,0.9598074222834789,0.9597898955155171,0.9597995049189185
0.9633783483948886,0.9633684639325331,0.9633178423426574,0.9633059923446448,0.963326427418665,0.9633354264148433,0.963319513461929,0.9633283845788283
0.9633831704294511,0.9633732872410252,0.9633226721747403,0.963310823703865,0.963331159245288,0.9633402490489822,0.9633241886248776,0.9633331468395232
0.9633847253836423,0.9633748426060198,0.9633242296433844,0.9633123816649647,0.9633326189539864,0.9633418008186407,0.9633255898254818,0.9633346363131985
0.9633867480868852,0.963376865843641,0.9633262556174684,0.9633144082796437,0.9633345465681484,0.9633438208380067,0.9633274577396398,0.9633365927784217
0.9633875347517844,0.96337765271637,0.9633270435544219,0.9633151964657347,0.9633352359261613,0.9633446033645643,0.9633280858389592,0.9633373101178486
0.9633915291016448,0.9633816481215038,0.9633310443634613,0.9633191985397975,0.9633391369719859,0.9633485972218678,0.9633319248735193,0.9633412379765354
0.9633903876416277,0.9633805063599237,0.9633299010575873,0.963318054872419,0.9633378945336941,0.9633474493386962,0.9633306180181278,0.9633400215955836
0.9633922471152727,0.9633823663248275,0.9633317635381407,0.9633199179418739,0.9633396567631096,0.9633493057984717,0.9633323149470052,0.9633418086112708
0.9599962756374127,0.9599854994943959,0.9599269642724164,0.9599140443143321,0.9599361388349803,0.9599467772749741,0.9599277412843927,0.9599381949913994
0.9599894592156517,0.9599786812791415,0.9599201363394034,0.9599072142312157,0.9599291649923134,0.9599399094620018,0.9599206854864417,0.9599312402272575
0.9599977920882066,0.9599870163441908,0.9599284832844275,0.9599155638046786,0.9599373608829922,0.9599482086458242,0.9599288001112602,0.9599394530544134
0.9600130406636322,0.9600022689317838,0.9599437576113405,0.9599308429415152,0.9599524811257687,0.9599634313861543,0.9599438381157999,0.9599545883459797
0.9600303497628875,0.9600195825854572,0.9599610959424774,0.9599481867326478,0.9599696634230559,0.9599807166475585,0.9599609360988082,0.9599717839366253
0.9600295470143771,0.9600187796257231,0.9599602918382479,0.9599473823751961,0.9599687053045669,0.9599798675798124,0.95995988704764,0.9599708383120862
0.9600206240004705,0.9600098542639581,0.9599513537549595,0.959938441477215,0.959959613085761,0.9599708878371194,0.959950699234515,0.9599617571294223
0.9600316400466709,0.9600208732087467,0.9599623884053277,0.959949479602511,0.9599704878409394,0.9599818707568921,0.959961479700963,0.9599726398349382
0.9600294054952023,0.960018638069311,0.9599601500800823,0.9599472405723899,0.9599680905085348,0.9599795864417542,0.95995898199897,0.9599702489611717
0.9600319391720515,0.9600211724128349,0.9599626880358938,0.9599497793274345,0.9599704667899438,0.9599820755774544,0.9599612556285826,0.9599726290841242
0.9600434556654578,0.9600326919365505,0.9599742239789462,0.9599613189033265,0.9599818376477487,0.9599935578897181,0.9599725223622169,0.9599840007577216
0.9600395146894205,0.9600287499235294,0.9599702763471416,0.9599573700283497,0.9599777259571036,0.9599895633279474,0.9599682992672225,0.9599798879635464
0.9600596154695933,0.9600488559928517,0.9599904110750777,0.959977511097104,0.9599976906456356,0.9600096392665862,0.9599881542551039,0.9599998473040219
0.9600705593440939,0.9600598027470848,0.9600013734328059,0.9599884769071554,0.9600084826915716,0.9600205465203449,0.9599988302407918,0.9600106312953447
0.9600672494458109,0.960056491977842,0.959998057944383,0.9599851603745981,0.96000499751861,0.9600171820063133,0.959995221194129,0.9600071353621584
0.9600805505758423,0.9600697966079246,0.9600113815388245,0.9599984881650223,0.9600181467972682,0.9600304482123436,0.9600082458630421,0.9600202692618769
0.9634075102896316,0.9633976335316425,0.9633470513944398,0.9633352106321302,0.963353094657657,0.9633644894778794,0.9633442790880509,0.9633554256793952
0.9634111217199521,0.9634012459160954,0.9633506686648339,0.9633388290463043,0.9633565917241351,0.9633680986685773,0.9633476588310774,0.9633589102717264
0.9634109072541803,0.9634010313936618,0.9633504538522513,0.9633386141657969,0.9633562567591514,0.9633678775172816,0.9633472013391142,0.9633585590872336
0.9634094284725097,0.9633995522212986,0.9633489726792268,0.963337132524426,0.9633546550902115,0.9633663905527867,0.9633454722789352,0.9633569370021053
0.9634094318381223,0.9633995555878005,0.9633489760502822,0.9633371358965475,0.9633545372071584,0.963366387400227,0.9633452225101511,0.9633567940193408
0.9634106645260347,0.9634007886013869,0.9633502107315839,0.9633383709682548,0.963355649917506,0.9633676149438681,0.9633463473344337,0.963358025455441
0.9634099264257066,0.9634000503060547,0.9633494714376669,0.9633376314405733,0.9633547884434133,0.9633668693878898,0.9633454976569835,0.9633572832986244
0.963411430829979,0.9634015551077877,0.9633509782747276,0.9633391387540957,0.9633561722767774,0.9633683688795986,0.9633468941197922,0.9633587867734883
0.9601368412182076,0.9601261020631928,0.9600677672568119,0.9600548916412415,0.960072917355614,0.960086327360713,0.960062352427397,0.9600754030704866
0.9601441079841857,0.960133370741497,0.9600750462966554,0.9600621729736496,0.9600800134870433,0.9600935483686739,0.9600694611891252,0.9600826262873781
0.960133352078782,0.9601226120055697,0.960064272223988,0.9600513955076497,0.9600690563540621,0.9600827236912677,0.9600585125894441,0.9600717990620122
0.9601216836617523,0.9601109405179222,0.9600525840984233,0.9600397037009198,0.9600571831796894,0.9600709846979547,0.9600466482771028,0.9600600573386333
0.9601219509029923,0.9601112078294887,0.9600528517907785,0.9600399714775831,0.9600572626175607,0.9600711955329906,0.960046740231602,0.9600602686978943
0.9601148031226718,0.9601040581682037,0.960045691937925,0.960032809369763,0.9600499131219988,0.9600639814547685,0.960039402004043,0.9600530532374765
0.9601126128916107,0.9601018673607804,0.9600434980075256,0.9600306147483999,0.9600475270188487,0.9600617304250416,0.9600370291287579,0.9600508022297229
0.960125810181963,0.9601150681240496,0.96005671758851,0.9600438384928385,0.9600605510954641,0.9600748854382997,0.9600500710957494,0.9600639614612101
0.960117849943531,0.9601071057908441,0.9600487439049288,0.9600358622979717,0.9600523820264022,0.96006685600484,0.9600419152672617,0.9600559306922478
0.9601169973027803,0.9601062529257169,0.9600478898240532,0.9600350079481064,0.9600513301865208,0.9600659424473079,0.9600379211233385,0.9600520606674576
0.9601086425216112,0.9600978959459749,0.9600396020869919,0.9600267176008748,0.9600427626949084,0.9600575170982608,0.9600288598837963,0.9600431241090464
0.9601162853371605,0.9601055407727421,0.9600471766559082,0.9600342945553522,0.960050216889403,0.9600651085382574,0.9600361415912673,0.960050526538536
0.9601110933605448,0.9601003474298464,0.9600420570608252,0.9600291733478834,0.9600448146686775,0.9600598487448118,0.96003017805952,0.9600446884437455
0.9601120247678012,0.9601012790822052,0.960042908890361,0.9600300254456966,0.9600455457152193,0.9600607197108284,0.9600306769833544,0.9600453103844178
0.9601139721088083,0.9601032269356577,0.9600449406656204,0.9600320578608512,0.9600472966030642,0.9600626078946266,0.960031782615411,0.9600465384214418
0.9601156898006213,0.960104945079485,0.9600465801134939,0.960033697825059,0.9600488276884072,0.9600642669696224,0.9600329914187635,0.960047868880606
0.9634069655586384,0.9633970886567311,0.9633465803653316,0.9633347394540834,0.9633495246921249,0.963363776875662,0.9633350236033653,0.9633488092915934
0.9634069249879218,0.9633970480752969,0.9633464651462313,0.9633346241985501,0.9633494515051657,0.9633637305298228,0.9633344966372848,0.9633483924459336
0.9634091807451208,0.9633993044284617,0.9633487991295864,0.9633369589199092,0.9633517025203648,0.9633659843943836,0.9633358240788112,0.9633498264722364
0.9634092840636732,0.9633994077743104,0.9633488280368943,0.9633369878363576,0.9633518022481042,0.9633660843825766,0.9633353074790549,0.963349413480302
0.9634116751338322,0.9634017994761865,0.963351297547024,0.9633394581273473,0.9633541939331309,0.9633684751849041,0.9633365723825775,0.9633507765588079
0.9634124534000719,0.9634025779480435,0.9633520024984323,0.9633401633016607,0.9633549705783908,0.9633692515434367,0.9633365181213283,0.9633508147346639
0.9634146974783449,0.9634048226191996,0.9633543247730196,0.9633424863105553,0.9633572155455465,0.9633714956599877,0.9633374044050167,0.9633517848895421
0.9634151462252367,0.9634052714846513,0.9633546996782165,0.963342861334296,0.9633576627475968,0.9633719426956122,0.9633380132945044,0.9633524670386326
0.9601789083766907,0.9601681802923228,0.9601099864877403,0.9600971241695735,0.9601118052339319,0.9601273209083985,0.960085351313569,0.9601011232041325
0.9601877433388382,0.9601770175796045,0.9601188363560993,0.9601059768253792,0.960120646446095,0.9601361587611692,0.960091985322258,0.9601078012251778
0.9601944147912826,0.9601836907878192,0.9601255190646407,0.9601126616387965,0.9601273235582484,0.960142833336197,0.9600961293460313,0.9601119735303547
0.9602155471225826,0.9602048286807459,0.9601466870508526,0.9601338362924741,0.9601484877676598,0.9601639895036396,0.9601145270541565,0.960130380003948
0.9602265316828791,0.9602158161320264,0.960157690145313,0.9601448428527419,0.9601594890799825,0.9601749866356051,0.960125003399771,0.9601408595185088
0.9602368879830199,0.9602261751578349,0.960168063919554,0.960155219894608,0.9601698618633308,0.9601853554773796,0.9601300892285034,0.9601459463725666
0.960249329222483,0.9602386196717465,0.9601804452751643,0.9601676051502617,0.9601823233476043,0.9601978122263228,0.960140446434572,0.9601563006030207
0.9602598922568768,0.9602491854862978,0.9601911070091866,0.9601782702427057,0.9601929036575152,0.9602083885156889,0.9601474261174427,0.960163277999952
0.9602695911559085,0.9602588869380788,0.9602007414378964,0.9601879077062747,0.960202618456214,0.9602180996226963,0.960155083917205,0.9601709329882362
0.9602762287660864,0.9602655262952942,0.9602073902614578,0.9601945586242453,0.9602092669602307,0.9602247456002078,0.9601589330441429,0.9601747806804333
0.9602898193991234,0.9602791205054637,0.9602210038544108,0.9602081765055961,0.9602228799081589,0.9602383533750045,0.9601697455392102,0.9601855890062083
0.9603020624432805,0.9602913667721109,0.9602332675822127,0.9602204440966369,0.9602351430539737,0.9602506118605596,0.960180463506711,0.9601963028296248
0.9603137419533032,0.9603030493563414,0.9602449668241642,0.9602321470240605,0.960246841736559,0.9602623060973299,0.9601921778329638,0.9602080126266586
0.9603200339636349,0.9603093430228349,0.9602513502002847,0.9602385324110791,0.9602531440805997,0.9602686060462484,0.960196920429985,0.9602127533867757
0.9603423615186324,0.9603316764549144,0.9602737154332859,0.9602609046897297,0.9602755082946333,0.9602909617609494,0.9602193154578467,0.9602351397213693
0.9603550961223364,0.9603444144107063,0.9602864715270252,0.9602736648020669,0.9602882638063857,0.9603037124249394,0.9602320885393727,0.9602479078484722
0.9634111678933412,0.9634012921016823,0.9633507894872757,0.9633389499069511,0.9633536735506298,0.9633679550234666,0.9633048118292247,0.9633194348726739,0.963369043969704,0.9633695740106827
0.9634093310566154,0.9633994547796692,0.9633488751057977,0.9633370349201442,0.9633518338661662,0.9633661160562994,0.9633044179622052,0.9633190413768771,0.963368967079866,0.9633694284925158
0.963407459906195,0.9633975831348931,0.9633470009295275,0.9633351601512621,0.9633499598349564,0.9633642427407996,0.9633025414858638,0.9633171657051385,0.9633656949837359,0.9633673653006742
0.9634055910268691,0.9633957137618154,0.9633452036135439,0.9633333622669698,0.963348088080366,0.9633623717006174,0.963299218771954,0.9633138443108702,0.9633655923285664,0.9633661731856831
0.9634037189742248,0.9633938412145824,0.9633432539480897,0.963331411985036,0.9633462131478847,0.9633604974837155,0.9632987900225356,0.963313415737727,0.9633623212257263,0.9633646816566515
0.9634018579511325,0.9633919796998143,0.9633413899155392,0.9633295473630841,0.9633443492622651,0.9633586343094107,0.9632969237744882,0.963311550220211,0.9633622285027728,0.9633633595349695
0.9633999925988859,0.9633901138547492,0.9633395961435272,0.963327753023888,0.9633424810408919,0.9633567668010246,0.9632936044022471,0.9633082321454562,0.9633589666912581,0.9633628601469497
0.9600724803259475,0.9600617242344234,0.9600033788866695,0.9599904829925947,0.9600051839512542,0.960020740154921,0.9599486180942296,0.9599645479100938,0.9600293073905952,0.9600314406566639
0.9600051443888622,0.9599943705793561,0.9599359293628162,0.9599230122278453,0.9599377374952791,0.9599533193221139,0.9598810787076573,0.9598970347601954,0.9599600455826112,0.9599644433586334,0.9599551555114116
0.9599852578734691,0.959974478831537,0.9599159279025398,0.9599030044691315,0.9599178183315673,0.9599334077253696,0.9598627131554975,0.9598786763788265,0.9599419763937096,0.9599450368556768,0.9599368756256432
0.9599651048662123,0.9599543205218646,0.9598958223035765,0.9598828925390963,0.9598976322072905,0.9599132292692869,0.9598409177698999,0.9598568897217659,0.9599201871171883,0.9599256196307846,0.9599148716664674
0.9599448064696148,0.9599340167847279,0.9598754081884715,0.9598624719959241,0.9598773004592427,0.959892905244563,0.959822140414637,0.9598381198578281,0.9599017102543463,0.9599053683779799,0.9598961781844397
0.9599243579230747,0.9599135628582756,0.9598549251120247,0.9598419824698556,0.9598568183394061,0.9598724309049813,0.9598016307497177,0.9598176182477598,0.9598796255833446,0.9598861544804331,0.9598738741236008
0.9599038020725672,0.9598930015997611,0.9598343345516451,0.9598213854261688,0.9598362287490114,0.9598518491354693,0.9597810135321112,0.9597970090805601,0.9598608948478673,0.9598640385160508,0.959854922275502
0.9598830712063404,0.9598722652796174,0.9598135686806826,0.9598006130168641,0.9598154638592802,0.959831092133014,0.9597602208035814,0.9597762244532302,0.9598385282458963,0.9598461751524658,0.9598323313618318
0.9598621894338746,0.9598513780136719,0.959792651649612,0.9597796894000243,0.9597945478181806,0.9598101840363997,0.9597392767336057,0.9597552885342753,0.9598194753707889,0.9598231507772617,0.9598130522688697
0.9598411501265027,0.9598303331715186,0.959771658505814,0.9597586896466628,0.9597734739893509,0.9597891182117861,0.9597165880070058,0.9597326086315765,0.9597968004194952,0.9598056665497161,0.9597901481360591
0.959819985719861,0.9598091631973262,0.9597503766781208,0.9597374011186823,0.9597522748498362,0.9597679271238748,0.9596969471365373,0.9597129753971896,0.9597774684353704,0.9597837373490177,0.9597705853279193
0.9597986412088537,0.9597878130715365,0.9597290779018,0.959716095636912,0.9597308953192116,0.9597465557131613,0.959673950665165,0.9596899878651945,0.9597544884280602,0.9597646477393524,0.959747371154591
0.9597771427588648,0.9597663089664143,0.9597074613843479,0.9596944723141538,0.9597093615906782,0.9597250301628901,0.9596539764024561,0.9596700213652802,0.959734826115223,0.959741983520614,0.9597274728562997
0.9597554803383324,0.959744640847767,0.9596858442495537,0.959672848374038,0.9596876636315139,0.9597033404441457,0.9596306594167778,0.9596467134399598,0.9597115282138835,0.9597222637426275,0.9597039357629278
0.9597336430748105,0.9597227978402885,0.9596639701636258,0.9596509674020781,0.9596657905398309,0.9596814756591758,0.9596087561936462,0.9596248187266445,0.9596915280553213,0.9596985521485404,0.9596836971212701
0.9597118858672182,0.9597010349099488,0.9596421762696938,0.9596291666475385,0.9596439976365145,0.9596596910319011,0.9595869332702913,0.9596030042816428,0.9596681261216982,0.9596804313510989,0.9596600615474298
0.9633421628178716,0.9633322687959189,0.9632816729651013,0.9632698115310225,0.9632845623054391,0.9632988701581031,0.9632356094282701,0.9632502604501731,0.9633059797120889,0.9633129822034538,0.9632982765136624
0.963338996055169,0.9633291011966338,0.9632785010881462,0.9632666386512043,0.9632813906693598,0.9632956997342801,0.9632324336262603,0.9632470859166637,0.9633014198296517,0.9633132590408098,0.9632935086515002
0.9633358199830486,0.9633259242854737,0.9632753198867763,0.9632634564440281,0.9632782097127908,0.9632925199912292,0.963229248516472,0.9632439020519814,0.9633000183452374,0.9633069626204058,0.9632919034636678
0.9633326630018084,0.9633227664702404,0.9632721578070822,0.9632602933645762,0.9632750478765033,0.9632893593610952,0.9632260825530816,0.963240737324949,0.963295459835928,0.9633072494180572,0.9632871451381002
0.9633295252517229,0.9633196278912459,0.9632690149896452,0.9632571495534741,0.9632719053010201,0.963286217984398,0.9632229358759119,0.9632375918763487,0.9632940879821554,0.9633009868547837,0.9632855787255874
0.9633264064936022,0.9633165083092339,0.9632658911948635,0.9632540247710477,0.9632687817467791,0.9632830956216474,0.9632198082451207,0.9632344654663689,0.963289558552626,0.9633013083724105,0.9632808585353727
0.9633158809907938,0.9633059800259036,0.9632553486939659,0.9632434789369695,0.9632582400579319,0.9632725579537251,0.9632092527999123,0.9632239141395549,0.9632807405192227,0.9632875693759644,0.9632718533234867,0.9632796137154824
0.9633117742426398,0.963301872192879,0.9632512353137075,0.9632393642562107,0.963254126994471,0.9632684464591275,0.9632051343689951,0.9632197973156902,0.9632752064200594,0.9632868883834929,0.963266137875584,0.9632787709517123
0.9594530477281122,0.9594421287008026,0.9593829017655746,0.9593698105389987,0.959384734912246,0.959400526752145,0.9593273134772629,0.9593434853368012,0.9594112763798448,0.9594176014658844,0.9594012550802089,0.9594087562578251
0.9594240981517488,0.9594131715125163,0.9593539033930618,0.9593408030410899,0.9593557378586262,0.9593715407066179,0.9592982765011013,0.9593144596328125,0.9593805810603908,0.9593922296454749,0.9593703613005022,0.9593832089956773
0.9593951280942117,0.9593841938379368,0.959324884507476,0.9593117750239721,0.9593267202931752,0.9593425341566617,0.9592692189871841,0.9592854133986457,0.9593533638876874,0.9593595843854472,0.9593429491771814,0.9593503878386158
0.9593658862253889,0.9593549442808778,0.9592955933539637,0.9592824746535786,0.9592974304720483,0.9593132554539889,0.9592398888439495,0.9592560946405915,0.9593223675254556,0.9593339210374496,0.9593117571707435,0.9593245489117157
0.9593364339583499,0.9593254842705587,0.9592660914495286,0.9592529634662752,0.9592679299095885,0.959283766089581,0.9592103476708458,0.959226564934176,0.9592946651051351,0.9593007842045926,0.9592838607130885,0.9592912340525785
0.9593066677416013,0.959295710228272,0.9592362750682197,0.9592231377034843,0.9592381148845737,0.9592539623815781,0.9591804916039217,0.9591967204557512,0.9592631361111832,0.9592745969720977,0.9592521370085183,0.9592648690605945
0.9592766405398063,0.9592656751326105,0.9592061972635992,0.9591930504354693,0.9592080384479753,0.9592238973608054,0.959150373766805,0.9591666143083148,0.9592348551347114,0.9592408748542287,0.959223662986884,0.9592309665268544
0.9592463535872684,0.9592353802182099,0.9591758592733302,0.9591627029002949,0.9591777018379053,0.9591935722648919,0.9591199954005865,0.959136247732467,0.9592027964602001,0.9592141666159508,0.9591914112557938,0.9592040787426455
0.9592158135848858,0.9592048321877398,0.9591452678084167,0.9591321018110797,0.9591471117645622,0.9591629938014765,0.9590893632234956,0.9591056274438159,0.9591739984941272,0.9591799204512212,0.9591624223559672,0.9591696505543363
0.9591850193841338,0.9591740298923783,0.9591144217188945,0.9591012460175137,0.9591162670782136,0.9591321608212555,0.9590584760847185,0.9590747522919811,0.9591414229192747,0.9591527038535139,0.9591296562395093,0.9591422531098426
0.9591539845957993,0.9591429869464976,0.9590833346385066,0.9590701491576328,0.9590851814119554,0.9591010869521384,0.9590273476361155,0.9590436359235175,0.9591121253348174,0.9591179505747403,0.9591001707521642,0.9591073167230257
0.9591226732220428,0.9591116673428055,0.9590519705088103,0.9590387751616607,0.959053818709015,0.9590697361510261,0.9589959417713438,0.959012242246083,0.9590790221424905,0.9590902146550606,0.9590668803256541,0.9590793990061097
0.9590911200074637,0.9590801058350407,0.9590203641329909,0.9590071588437414,0.9590222137709716,0.9590381432062811,0.9589642933399065,0.9589806060956447,0.9590492005390869,0.9590549292878632,0.9590368746081421,0.959043929722952
0.9590648929151235,0.9590538718496304,0.9589940928546277,0.9589808793017744,0.9589959436877089,0.959011883091522,0.9589379871062778,0.9589543100696456,0.9590211761256537,0.9590322786187435,0.9590086689304187,0.9590210982895881
0.9590329116488092,0.9590218821782162,0.9589620577100006,0.958948834080884,0.9589639100003824,0.9589798615593368,0.9589059093389567,0.9589222447490466,0.9589909199254267,0.9589965507087646,0.9589782337093136,0.9589851864243233
0.9590006413562651,0.9589896034049397,0.9589297330544881,0.9589164992584394,0.9589315868153505,0.9589475506388205,0.958873541677455,0.9588898896462619,0.9589568345784227,0.9589678473787544,0.9589439709107073,0.9589563009804669
0.9632375286374704,0.9632276069753303,0.9631768698128114,0.9631649752447835,0.9631797672229403,0.9631941150478587,0.9631306775753607,0.9631453695616781,0.9632048700812743,0.9632117206606554,0.9631930634093253,0.9632008744922824
0.9632329126420667,0.9632229897606441,0.9631722463636159,0.9631603503339614,0.9631751441287759,0.9631894937176977,0.9631260484416977,0.9631407422419642,0.9631987768757186,0.9632105226309604,0.9631868293273591,0.963199530727525
0.9632294490225797,0.9632195252262701,0.96316870221432,0.9631568050642463,0.9631716751833688,0.9631860260953724,0.963124030359114,0.9631387249470349,0.9631970136671051,0.963203892595953,0.9631849297770021,0.9631927550715864
0.9632248689618903,0.9632149439558018,0.9631641896948264,0.9631522911182113,0.963167088080424,0.9631814407419126,0.9631179818820259,0.963132678829127,0.9631909497436075,0.9632011846850868,0.963178731130075,0.9631899026588047
0.9632202830640808,0.963210356846679,0.9631595214367528,0.963147621384367,0.9631624951311633,0.9631768495443316,0.9631148386844874,0.9631295368576467,0.9631880589483077,0.9631949771758934,0.9631757082368166,0.9631835479409327
0.9632157195890851,0.9632057921662986,0.9631550255480559,0.9631431240743991,0.9631579246394213,0.9631722807957364,0.9631088064852493,0.9631235070112572,0.9631820070159067,0.9631922881838133,0.9631695256352237,0.963180712172887
0.9632111796983154,0.9632012510763812,0.9631504033532796,0.9631385004184292,0.9631533777680616,0.9631677356584794,0.9631057097783986,0.9631204115123713,0.9631791576586255,0.9631861272199695,0.9631665491860342,0.9631744028041003
0.9632066701160187,0.9631967403029478,0.9631459614625799,0.9631340571235458,0.9631488612520624,0.9631632208649741,0.9630997312729395,0.9631144353386338,0.9631731542135034,0.9631834933118457,0.9631604201743789,0.9631716211394701
