0.3885991155888094,0.3885960003544069,0.38858580544051974,0.3885820725685484,0.38858515568864027,0.3885857562397849,0.38858409086266943,0.38858470507633236
0.38859768385252846,0.3885945682406718,0.38858400694149586,0.3885802735020434,0.38858371080013515,0.38858431984319364,0.38858265453965274,0.3885832775367943
0.3886010005661334,0.3885978858286782,0.388587031086521,0.38858329860127966,0.3885870207763712,0.38858763751959297,0.38858594684907266,0.3885865774950837
0.3885996471292162,0.3885965320349592,0.3885853898710128,0.38858165686793195,0.3885856549525658,0.38858627972917864,0.3885845904926567,0.38858522912285015
0.38859827434900474,0.3885951588928357,0.3885837142494862,0.3885799807176965,0.38858426963680054,0.3885849025397828,0.38858318687632315,0.38858383358221654
0.38859688132693804,0.3885937655035223,0.3885820350875289,0.3885783010259178,0.38858286392875097,0.3885835050515313,0.3885817906560336,0.38858244552653615
0.38859997793498685,0.3885968629279422,0.3885848306599877,0.38858109748045866,0.3885859530518135,0.3885866022417124,0.38858486167434836,0.3885855245500529
0.3886028581799168,0.38859974393221114,0.3885874316471259,0.38858369928829073,0.3885888254341038,0.3885894827910699,0.38858774395648327,0.38858841493294427
0.3886014757840447,0.38859836117188745,0.3885857388723291,0.3885820059793686,0.38858742998411544,0.3885880958380952,0.3885863297805152,0.3885870091910414
0.3886000754914398,0.3885969605101143,0.38858407771133135,0.3885803442942247,0.3885860164856343,0.3885866909328072,0.3885849258126026,0.38858561374856543
0.38859865334029536,0.3885955379840289,0.38858263841148344,0.3885789045402213,0.38858458096761866,0.3885852641077115,0.38858347133890275,0.3885841678984216
0.38859721726829305,0.3885941015334418,0.388581215626364,0.38857748130619135,0.38858313137842726,0.38858382330970054,0.38858203130318153,0.3885827365795416
0.38859570261423615,0.38859258648007405,0.38857968369661705,0.3885759488930831,0.38858160297726796,0.3885823038036459,0.3885804837071897,0.38858119780274214
0.38859914161020315,0.3885960263826738,0.38858193761382454,0.38857820352145794,0.38858503400207944,0.38858574352702085,0.3885839103001674,0.3885846330085513
0.3885976451826446,0.3885945295606061,0.3885801429528073,0.388576408294179,0.38858352357662707,0.38858424219401533,0.3885823949230292,0.38858312664020683
0.3885961298250661,0.3885930138035174,0.3885783270327343,0.3885745918011266,0.38858199405853294,0.38858272187144655,0.38858086039847206,0.3885816012239975
0.38859950280602484,0.3885963876737061,0.388581406275151,0.3885776720151177,0.3885853585908651,0.3885860953961703,0.3885842203421898,0.38858497006403303
0.08,0.08,0.08,0.08,0.08,0.08,0.08,0.08
0.08,0.08,0.08,0.08,0.08,0.08,0.08,0.08
0.08,0.08,0.08,0.08,0.08,0.08,0.08,0.08
0.08,0.08,0.08,0.08,0.08,0.08,0.08,0.08
0.08,0.08,0.08,0.08,0.08,0.08,0.08,0.08
0.08,0.08,0.08,0.08,0.08,0.08,0.08,0.08
0.08,0.08,0.08,0.08,0.08,0.08,0.08,0.08
0.08,0.08,0.08,0.08,0.08,0.08,0.08,0.08
0.38860275082212903,0.3885996365461202,0.3885827433185954,0.3885790094804498,0.38858849195781925,0.38858931585413703,0.3885873071936316,0.38858814301830674
0.3886011009185094,0.38859798620752367,0.3885810906263603,0.38857735626674694,0.38858682629303465,0.3885876604365172,0.38858565133534895,0.3885864972804542
0.3886036174554932,0.38860050340796265,0.388583587900056,0.3885798543284002,0.3885893319530873,0.3885901761578575,0.3885881364284738,0.38858899230217936
0.3886019344003518,0.3885988199091027,0.3885819255169267,0.38857819142074285,0.3885876327920839,0.38858848746698255,0.3885864471027174,0.38858731331171437
0.3886002306554212,0.3885971157150022,0.3885801953689782,0.38857646072688884,0.38858591275715393,0.38858677801892505,0.3885847058103705,0.3885855824694631
0.3885985052598227,0.38859538986452935,0.38857849058060867,0.38857475540061936,0.38858417088759706,0.3885850468519716,0.38858297380809925,0.38858386102650383
0.3885967080422986,0.388593592173186,0.38857666679290404,0.3885729310374559,0.38858235694621523,0.3885832437362666,0.3885811383231535,0.3885820362219914
0.3885948877612434,0.3885917714122609,0.38857486696798665,0.3885711306446757,0.3885805197500372,0.38858141748576774,0.3885793110210516,0.3885802197135422
0.38859713094454046,0.388594015186932,0.3885770904129683,0.38857335479119604,0.38858275079776156,0.3885836592852898,0.3885815206629232,0.3885824399494553
0.3885953210539009,0.38859220481914764,0.3885753009929595,0.3885715648065913,0.3885809236786571,0.3885818433465194,0.3885797034736703,0.38858063377951013
0.3885979869014766,0.3885948713695269,0.38857794781829696,0.38857421246705404,0.3885835775861045,0.38858450820329626,0.38858233574228296,0.3885832768303634
0.3885961854914388,0.3885930694845653,0.3885761668892833,0.3885724309761062,0.38858175862779076,0.38858270066283723,0.38858052675072124,0.3885814790864153
0.38859431763642066,0.3885912011371361,0.38857427234441494,0.3885705358334904,0.38857987297546476,0.3885808265550911,0.3885786186993088,0.38857958240734136
0.3885962490371554,0.3885931330470352,0.38857623054239987,0.38857249464930627,0.3885817910514133,0.3885827559907382,0.3885805471758408,0.3885815220606643
0.3885943789974531,0.3885912625143328,0.3885743338070472,0.388570597315499,0.3885799028662076,0.38858087959933485,0.38857865269565645,0.3885796391910136
0.38859248177217104,0.38858936478888734,0.3885724333714743,0.3885686962803092,0.38857798728322324,0.38857897594141816,0.3885767307485659,0.3885777289807171
0.08,0.08,0.08,0.08,0.08,0.08,0.08,0.08
0.08,0.08,0.08,0.08,0.08,0.08,0.08,0.08
0.08,0.08,0.08,0.08,0.08,0.08,0.08,0.08
0.08,0.08,0.08,0.08,0.08,0.08,0.08,0.08
0.08,0.08,0.08,0.08,0.08,0.08,0.08,0.08
0.08,0.08,0.08,0.08,0.08,0.08,0.08,0.08
0.08,0.08,0.08,0.08,0.08,0.08,0.08,0.08
0.08,0.08,0.08,0.08,0.08,0.08,0.08,0.08
0.38860454668978345,0.3886014328872356,0.38858451870677485,0.38858078542881525,0.388589915485379,0.3885910142014624,0.3885886018019144,0.388589708181267
0.38860268712816626,0.388599572835365,0.388582655998459,0.3885789221327618,0.3885880361092131,0.3885891478216998,0.388586715508187,0.38858783465288604
0.3886008060016275,0.388597691212891,0.38858077168875915,0.3885770372285125,0.38858613494842076,0.38858725979776226,0.38858480735604745,0.38858593940099045
0.3885988990892052,0.3885957837977261,0.3885788615473487,0.3885751264843924,0.3885842077765127,0.38858534590346494,0.38858285556112765,0.38858400064314935
0.3886005261728778,0.38859741131036796,0.3885805149093116,0.3885767803680451,0.38858581880079035,0.3885869700029731,0.3885844774052646,0.3885856353107528
0.3885985608923525,0.38859544551172565,0.3885785227804371,0.3885747876106072,0.38858383279802994,0.38858499756310055,0.38858246643749494,0.3885836376538443
0.3885965748542912,0.38859345895007924,0.38857655691242976,0.38857282112232805,0.3885818258100216,0.38858300428454295,0.38858046990543416,0.38858165456970967
0.388600821114461,0.38859770632970847,0.3885807868271644,0.38857705237169454,0.3885860587027731,0.3885872504023801,0.3885846782088153,0.3885858758310971
0.388598736882743,0.3885956215485134,0.3885787225950046,0.38857498748822106,0.3885839530005867,0.38858515870392607,0.3885825829961972,0.38858379434863777
0.3885966295170204,0.38859351362721933,0.38857658813697105,0.38857285235672095,0.38858182393139573,0.38858304378666786,0.38858042825272787,0.38858165348111456
0.3885944960475513,0.3885913795953016,0.38857447459225236,0.38857073814514004,0.38857966851306575,0.3885809026750002,0.38857828337000755,0.38857952261887113
0.3885966292920761,0.38859351340220266,0.388576587909426,0.38857285212908826,0.3885817849515888,0.3885830331219226,0.3885803742735953,0.3885816272402763
0.3885944939251449,0.3885913774723363,0.38857447246626514,0.3885707360184827,0.388579627217585,0.3885808899917016,0.38857822712498824,0.3885794943964393
0.38859594754680965,0.38859283147721957,0.3885759050127858,0.3885721690169972,0.3885810627709904,0.3885823399169259,0.38857963670490353,0.3885809180451244
0.3885938073159023,0.38859069068208274,0.388573784696569,0.3885700480317836,0.38857889973149756,0.3885801917919704,0.3885774842986903,0.3885787802408524
0.38859164181666095,0.3885885246119556,0.3885715919969126,0.38856785464029814,0.38857671117209097,0.388578018306454,0.3885752689565038,0.3885765796572514
0.08,0.08,0.08,0.08,0.08,0.08,0.08,0.08
0.08,0.08,0.08,0.08,0.08,0.08,0.08,0.08
0.08,0.08,0.08,0.08,0.08,0.08,0.08,0.08
0.08,0.08,0.08,0.08,0.08,0.08,0.08,0.08
0.08,0.08,0.08,0.08,0.08,0.08,0.08,0.08
0.08,0.08,0.08,0.08,0.08,0.08,0.08,0.08
0.08,0.08,0.08,0.08,0.08,0.08,0.08,0.08
0.08,0.08,0.08,0.08,0.08,0.08,0.08,0.08
0.38858701384153105,0.3885838954167782,0.3885669797406548,0.3885632409288246,0.3885718856663652,0.3885733330039886,0.38857036860394467,0.3885718164045387
0.38858839899510417,0.3885852809355091,0.3885683436882693,0.388564605306776,0.3885732505381972,0.388574713753142,0.3885717450508178,0.3885732083573445
0.3885860788347533,0.3885829601635128,0.38856604315366283,0.3885623040463333,0.38857090511704795,0.38857238483509904,0.3885693708396071,0.38857085027515537
0.3885837339770954,0.3885806146877037,0.388563670776849,0.38855993092102276,0.3885685347215205,0.388570031119591,0.3885670116008874,0.38856850732944087
0.388581365475051,0.38857824556128157,0.3885613218282168,0.38855758123129264,0.38856614040429,0.3885676536602075,0.3885645880631304,0.3885661002596255
0.3885789269218974,0.38857580636528904,0.3885588555880721,0.38855511421305267,0.38856367569486194,0.3885652059951912,0.38856213456000144,0.3885636633976036
0.3885764610183851,0.38857333981173514,0.3885564090830238,0.38855266693614215,0.38856118334644074,0.3885627308739465,0.38855961254472315,0.3885611582031594
0.38857752032378046,0.38857439939637517,0.3885574466100167,0.3885537047904694,0.38856222050200434,0.38856378497271243,0.38856066142927237,0.38856222361141957
0.38857864593213054,0.38857552530143674,0.38855859768699363,0.3885548562305908,0.38856332379757447,0.38856490537754085,0.3885617351041452,0.38856331397306304
0.388576141798533,0.38857302050773346,0.3885560657523339,0.3885523234971327,0.3885607924055315,0.3885623917574584,0.3885592150291445,0.388560811232698
0.38857354916891806,0.3885704271946767,0.3885534923126091,0.38854974924550795,0.38855817213279814,0.38855978945883485,0.3885565641935464,0.3885581779304589
0.38857087948893776,0.3885677568109519,0.3885507945391725,0.3885470506209543,0.38855547444079064,0.3885571099410705,0.3885538778597181,0.388555509315355
0.38856818029529716,0.3885650569057946,0.38854811436590747,0.38854436960213296,0.3885527469370296,0.3885544007983837,0.3885511193200972,0.3885527686784754
0.388565333160946,0.3885622090209235,0.38854523882500247,0.38854149315403064,0.3885498710145398,0.3885515434584014,0.38854825479860894,0.3885499222654505
0.3885695815446551,0.38856645852452604,0.38854951798327514,0.38854577366232074,0.3885540995938211,0.3885557898067048,0.3885524528292642,0.3885541375907244
0.38857251195327525,0.3885693897056036,0.38855242976326804,0.3885486863609277,0.3885570082205514,0.3885587165691845,0.38855537371228555,0.3885570761192261
0.08,0.08,0.08,0.08,0.08,0.08,0.08,0.08
0.08,0.08,0.08,0.08,0.08,0.08,0.08,0.08
0.08,0.08,0.08,0.08,0.08,0.08,0.08,0.08
0.08,0.08,0.08,0.08,0.08,0.08,0.08,0.08
0.08,0.08,0.08,0.08,0.08,0.08,0.08,0.08
0.08,0.08,0.08,0.08,0.08,0.08,0.08,0.08
0.08,0.08,0.08,0.08,0.08,0.08,0.08,0.08
0.08,0.08,0.08,0.08,0.08,0.08,0.08,0.08
0.3885572388587356,0.3885541125851105,0.3885371544396144,0.38853340621823695,0.3885414741638413,0.38854335900719555,0.3885397232064358,0.3885415973984711
0.38855426690257616,0.388551139845562,0.3885341538441555,0.388530404676169,0.3885384706380207,0.388540375894495,0.38853673175767894,0.3885386258066033
0.388555042994838,0.38855191614239204,0.3885349548627751,0.38853120594748325,0.38853921984336104,0.38854114512316545,0.388537447300864,0.38853936081690515
0.3885519202544197,0.38854879257887487,0.38853180322823333,0.38852805331872653,0.3885360647103315,0.38853801086361917,0.3885343042873366,0.3885362380979744
0.3885487596950445,0.38854563118641444,0.38852866094543487,0.3885249100446433,0.3885328713992553,0.3885348386460944,0.38853107620427074,0.38853303052680366
0.38854556628213355,0.38854243693179813,0.3885254385064894,0.3885216865891724,0.38852964485857505,0.38853163343783237,0.3885278618449679,0.38852983689779214
0.3885422801883112,0.38853914997183825,0.38852217049222754,0.38851841754400496,0.38852632518422386,0.3885283353399933,0.38852450683005635,0.3885265028531737
0.3885389547190039,0.3885358236260258,0.38851881575843206,0.38851506175196227,0.38852296574984296,0.3885249977199399,0.3885211596297243,0.38852317684082976
0.3885355351076859,0.38853240311340276,0.38851541401438955,0.3885116589348576,0.3885195117127762,0.38852156574599583,0.38851766967240653,0.3885197083161376
0.38854178932189204,0.388538658976039,0.38852165515664144,0.388517902045856,0.3885257442211836,0.38852781886015,0.3885239159644635,0.3885259745760057
0.388538445843429,0.3885353146163269,0.3885183296683892,0.38851457550858415,0.38852236575995547,0.38852446290691417,0.3885205010514946,0.38852258151612445
0.38853502255216515,0.3885318904227894,0.38851487693961306,0.38851112169066476,0.3885189070329564,0.3885210269416874,0.38851705468340497,0.3885191572334865
0.3885348304587711,0.3885316982787657,0.388514708174843,0.3885109528726595,0.38851868354180363,0.38852082587078174,0.3885167946591674,0.38851891895393764
0.3885313405179152,0.3885282074180828,0.3885111886766326,0.3885074322642602,0.3885151573823433,0.3885173229652883,0.3885132809231336,0.38851542776945797
0.38853096893529143,0.3885278357375235,0.38851084012669485,0.38850708360437725,0.3885147534661227,0.38851694198103326,0.3885128398641585,0.3885150089404564
0.3885274535355832,0.3885243194112926,0.38850729511896825,0.38850353747843225,0.3885112010954875,0.3885134133662328,0.38850929998642764,0.3885114920888312
0.08,0.08,0.08,0.08,0.08,0.08,0.08,0.08
0.08,0.08,0.08,0.08,0.08,0.08,0.08,0.08
0.08,0.08,0.08,0.08,0.08,0.08,0.08,0.08
0.08,0.08,0.08,0.08,0.08,0.08,0.08,0.08
0.08,0.08,0.08,0.08,0.08,0.08,0.08,0.08
0.08,0.08,0.08,0.08,0.08,0.08,0.08,0.08
0.08,0.08,0.08,0.08,0.08,0.08,0.08,0.08
0.08,0.08,0.08,0.08,0.08,0.08,0.08,0.08
0.38850347982480526,0.38850033938230766,0.38848330456962116,0.38847953936203344,0.38848689220148475,0.38848932563689526,0.388484845844932,0.3884872521815914
0.38850317495968073,0.38850003443685627,0.38848297547525157,0.3884792101638849,0.3884865523567157,0.38848901055980517,0.388484519385034,0.38848694966867275
0.3885028501261704,0.3884997095177413,0.38848267380953605,0.38847890840302357,0.38848619212452495,0.38848867536813897,0.38848411804576105,0.38848657253792773
0.3884989532537246,0.3884958116183324,0.388478746626217,0.38847497998105696,0.38848225446756124,0.3884847637707186,0.3884801929207864,0.3884826725977412
0.3884950171025444,0.3884918744298842,0.3884748275526843,0.3884710596714906,0.3884782770713923,0.38848081272380425,0.3884761727641408,0.38847867790337504
0.38849460726095775,0.38849146448029437,0.38847439328509265,0.38847062526693443,0.3884778305272275,0.388480392053164,0.38847573911298455,0.38847826921241807
0.38849059246943995,0.3884874486307878,0.38847039544473744,0.388466626165707,0.38847377354952833,0.3884763620123976,0.38847163827287223,0.38847419437291747
0.3884865393660915,0.388483394459357,0.3884663117422178,0.38846254117523693,0.3884696777735694,0.3884722934782699,0.38846755446104947,0.3884701368283831
0.38848256281237953,0.3884794168577819,0.3884623522229819,0.3884585804072735,0.3884656582269409,0.3884683014532255,0.38846348989042184,0.3884660987906467
0.3884787136829406,0.3884755667140439,0.38845847282358875,0.38845469978440245,0.3884617658455484,0.38846443686472903,0.38845960919667244,0.38846224486158953
0.38847832259378445,0.3884751755218482,0.388458104841479,0.38845433168626065,0.3884613359766225,0.3884640343104008,0.3884591337244994,0.3884617956707651
0.38847928919640135,0.3884761423791722,0.3884590493128273,0.38845527645546807,0.38846226530659583,0.38846499093476816,0.3884600752719345,0.3884627634422006
0.38847978694733815,0.3884766402612713,0.38845957166872136,0.38845579897609883,0.3884627246972199,0.3884654780139009,0.38846048795004695,0.3884632027209922
0.38848333270158836,0.3884801869498665,0.38846309965669656,0.38845932807671085,0.3884662360222705,0.3884690166086569,0.3884640115898923,0.3884667525094025
0.3885010153050201,0.3884978742130561,0.38848083588857923,0.388477069902386,0.3884839040447334,0.3884867088542962,0.3884816348227274,0.3884843988756769
0.388505740722188,0.38850260087553196,0.3884855455776065,0.388481781076859,0.38848859594856855,0.3884914282752254,0.38848633882792266,0.3884891292203484
0.08,0.08,0.08,0.08,0.08,0.08,0.08,0.08
0.08,0.08,0.08,0.08,0.08,0.08,0.08,0.08
0.08,0.08,0.08,0.08,0.08,0.08,0.08,0.08
0.08,0.08,0.08,0.08,0.08,0.08,0.08,0.08
0.08,0.08,0.08,0.08,0.08,0.08,0.08,0.08
0.08,0.08,0.08,0.08,0.08,0.08,0.08,0.08
0.08,0.08,0.08,0.08,0.08,0.08,0.08,0.08
0.08,0.08,0.08,0.08,0.08,0.08,0.08,0.08
0.38854626530882663,0.3885431361427255,0.3885261387134476,0.3885223870169989,0.38852880282138924,0.3885318920080054,0.3885263643422865,0.388529399887304
0.3885442859565997,0.38854115626878466,0.38852415601265844,0.38852040369075647,0.38852677775214356,0.38852989772855895,0.3885243154741335,0.388527380358252
0.38854670787636225,0.3885435788269269,0.3885265820320117,0.3885228304754271,0.3885291599065355,0.3885323098754555,0.3885266740321132,0.3885297674305289
0.388551135739505,0.3885480078571739,0.38853101738608403,0.38852726722867315,0.3885335505160419,0.38853673024608043,0.388531040762935,0.38853416240949856
0.3885561619314538,0.3885530353739611,0.38853605208137226,0.38853230351223433,0.3885385399004447,0.3885417495267585,0.3885360056660695,0.38853915565356356
0.38855592883946144,0.3885528022205282,0.38853581859503566,0.3885320699522401,0.3885382616916439,0.3885415029841471,0.3885357010521925,0.38853888107277235
0.38855333777898154,0.3885502104770758,0.38853322315096167,0.38852947368939,0.388535621490738,0.3885388954452414,0.3885330330916508,0.38853624407677634
0.3885565366110767,0.38855341015234546,0.38853642739489336,0.3885326789441552,0.38853877930328284,0.3885420846649874,0.3885361635259107,0.3885394041976426
0.3885558877365037,0.388552761106736,0.38853577742253326,0.38853202876674925,0.38853808315876925,0.38854142133867337,0.3885354382358645,0.38853870992864764
0.38855662346184267,0.38855349702600434,0.38853651439259007,0.38853276596929703,0.3885387731816834,0.3885421441317731,0.38853609845108683,0.388539401067002
0.3885599676026828,0.3885568420483324,0.38853986419118086,0.38853611682465256,0.38854207504184574,0.38854547835431313,0.3885393700770645,0.38854270316374584
0.38855882323738367,0.3885556973813871,0.3885387178897952,0.38853497016164085,0.3885408811015671,0.38854431842640086,0.3885381437867961,0.3885415089031368
0.3885646600580209,0.38856153574058305,0.38854456458553827,0.3885408187018739,0.38854667841958035,0.38855014804612725,0.38854390925239357,0.38854730466764686
0.3885678379275509,0.3885647144477996,0.38854774783170487,0.3885440029522948,0.38854981220981827,0.3885533152886375,0.38854700934247643,0.3885504361187058
0.3885668767974109,0.3885637530643043,0.3885467850754186,0.3885430398922761,0.3885488001810342,0.3885523382971604,0.3885459613429552,0.38854942096547385
0.3885707370128762,0.38856761429732006,0.388550651819778,0.3885469078565174,0.3885526163070529,0.3885561883750395,0.388549741285759,0.3885532326252731
0.08,0.08,0.08,0.08,0.08,0.08,0.08,0.08
0.08,0.08,0.08,0.08,0.08,0.08,0.08,0.08
0.08,0.08,0.08,0.08,0.08,0.08,0.08,0.08
0.08,0.08,0.08,0.08,0.08,0.08,0.08,0.08
0.08,0.08,0.08,0.08,0.08,0.08,0.08,0.08
0.08,0.08,0.08,0.08,0.08,0.08,0.08,0.08
0.08,0.08,0.08,0.08,0.08,0.08,0.08,0.08
0.08,0.08,0.08,0.08,0.08,0.08,0.08,0.08
0.38858708468907865,0.3885839662830024,0.38856702715836405,0.38856328836149473,0.388568522633722,0.3885724166025422,0.38856545481070437,0.388569244430501
0.38858919271417863,0.38858607486381375,0.38856913874813204,0.38856540061747286,0.3885705811104673,0.3885745113401774,0.3885675169550925,0.3885713398096602
0.388586071530749,0.38858295285758254,0.38856601228572857,0.3885622731686598,0.38856740149204133,0.3885713701850476,0.3885643398139633,0.38856819791407105
0.3885826832876178,0.38857956372124564,0.3885626183095854,0.3885588781217032,0.3885639537824661,0.3885679614407284,0.3885608946761637,0.38856478837539615
0.3885827587811815,0.38857963923469785,0.3885626939286339,0.3885589537645936,0.3885639747363919,0.38856802055023576,0.3885609192637864,0.3885648476362509
0.3885806853263303,0.3885775652332625,0.3885606169677204,0.38855687614841233,0.3885618427078732,0.38856592784447574,0.38855879050715175,0.3885627545290466
0.3885800493326751,0.3885769290719505,0.3885599798979644,0.3885562388776619,0.3885611498354406,0.3885652741948274,0.38855810147549175,0.38856210088547105
0.38858388152728923,0.38858076227679494,0.388563818576701,0.3885600787675059,0.38856493174332085,0.3885690941215058,0.3885618885800585,0.3885659220388291
0.3885815700626181,0.3885784502027814,0.38856150320099353,0.38855776266129327,0.38856255963230935,0.38856676255906825,0.3885595203127555,0.3885635900874971
0.38858132246672744,0.3885782025416199,0.3885612551861621,0.3885575145682127,0.38856225419260537,0.3885664972737168,0.38855836049142656,0.38856246630836466
0.3885788943146861,0.38857577374946956,0.38855884648931593,0.38855510511140945,0.3885597642610785,0.3885640486196502,0.38855572718350556,0.3885598692075034
0.3885811157280199,0.3885779957484132,0.38856104809765213,0.3885573074143661,0.3885619309153781,0.38856625512485826,0.3885578437537611,0.3885620208307495
0.3885796080951105,0.38857648771806885,0.38855956147828413,0.3885558203259708,0.38856036222784807,0.38856472779610113,0.38855611207263147,0.3885603255748652
0.38857987855480036,0.3885767582490562,0.3885598088311324,0.38855606775685836,0.38856057450790593,0.3885649807055749,0.3885562569493821,0.3885605061729466
0.38858044401869424,0.3885773238620143,0.3885603988145853,0.38855665792645055,0.3885610829276876,0.388565528992761,0.3885565780010995,0.38856086276820695
0.3885809427979764,0.3885778227727822,0.38856087487501023,0.3885571341370721,0.388561527521941,0.38856601075210956,0.38855692901190264,0.38856124910499173
0.08,0.08,0.08,0.08,0.08,0.08,0.08,0.08
0.08,0.08,0.08,0.08,0.08,0.08,0.08,0.08
0.08,0.08,0.08,0.08,0.08,0.08,0.08,0.08
0.08,0.08,0.08,0.08,0.08,0.08,0.08,0.08
0.08,0.08,0.08,0.08,0.08,0.08,0.08,0.08
0.08,0.08,0.08,0.08,0.08,0.08,0.08,0.08
0.08,0.08,0.08,0.08,0.08,0.08,0.08,0.08
0.08,0.08,0.08,0.08,0.08,0.08,0.08,0.08
0.3885993000201005,0.3885961848343334,0.3885792866841472,0.3885755517553467,0.38857981480709497,0.3885843202079656,0.3885721331801168,0.38857671298553936
0.3886018654940004,0.38859875098458535,0.38858185649411137,0.3885781223761492,0.388582382103297,0.38858688652695783,0.38857405955656527,0.38857865214087506
0.38860380271905864,0.3886006887203709,0.38858379699341256,0.38858006348773133,0.3885843209773803,0.38858882466302547,0.38857526288076816,0.38857986367654374
0.38860993703898866,0.38860682465755764,0.3885899416794048,0.3885862101125571,0.3885904645654763,0.38859496591259973,0.3885806031446875,0.38858520648291284
0.388613128701289,0.38861001716134536,0.3885931387385721,0.38858940818053445,0.3885936611076266,0.38859816123795377,0.38858364725601,0.388588251511544
0.38861613592207245,0.3886130251749851,0.38859615104234435,0.38859242143481654,0.38859667312343327,0.3886011721072094,0.38858512406514234,0.3885897286173987
0.3886197485573444,0.3886166387627445,0.3885997462994535,0.3885960178263966,0.3886002916477524,0.38860478925408565,0.38858813156144967,0.3885927352476022
0.3886228158057887,0.3886197068198937,0.3886028422170483,0.3885991147209108,0.38860336392145134,0.3886078603582643,0.3885901583013867,0.38859476132237125
0.388625632128985,0.38862252388564467,0.38860563982792923,0.3886019132145902,0.3886061848696592,0.3886106802326119,0.38859238195010226,0.3885969841531808
0.38862755952812156,0.38862445179296656,0.38860757048888095,0.38860384448477614,0.38860811543766666,0.38861261006569553,0.3885934996477135,0.3885981014334138
0.3886315059127537,0.38862839921812864,0.3886115235522229,0.38860779879555146,0.38861206831338924,0.38861656143663054,0.38859663934565264,0.38860123991854517
0.38863506099590495,0.3886319552386508,0.3886150846519614,0.3886113610190519,0.3886156292438479,0.38862012101148713,0.3885997516006415,0.388604350968063
0.3886384524267086,0.3886353475636877,0.38861848182246683,0.3886147592616035,0.3886190262516496,0.3886235167260727,0.38860315315897825,0.3886077512089046
0.38864027946873725,0.38863717508746554,0.38862033540031393,0.38861661342439024,0.3886208562995997,0.38862534607731936,0.388604530297511,0.388609127813105
0.3886467628265129,0.3886436601547816,0.3886268297180307,0.3886231097915764,0.38862735032093154,0.3886318376263318,0.3886110332821664,0.3886156282690104
0.3886504587545491,0.3886473570573735,0.38863053189195,0.3886268131338333,0.3886310523248674,0.38863553822086705,0.3886147403922697,0.3886193339386936
0.08,0.08,0.08,0.08,0.08,0.08,0.08,0.08,0.08,0.08
0.08,0.08,0.08,0.08,0.08,0.08,0.08,0.08,0.08,0.08
0.08,0.08,0.08,0.08,0.08,0.08,0.08,0.08,0.08,0.08
0.08,0.08,0.08,0.08,0.08,0.08,0.08,0.08,0.08,0.08
0.08,0.08,0.08,0.08,0.08,0.08,0.08,0.08,0.08,0.08
0.08,0.08,0.08,0.08,0.08,0.08,0.08,0.08,0.08,0.08
0.08,0.08,0.08,0.08,0.08,0.08,0.08,0.08,0.08,0.08
0.38856839572991947,0.3885652723972062,0.38854833016459683,0.38854458546890397,0.3885488543171214,0.38855337150749947,0.3885324287709167,0.3885370544615603,0.3885558592490636,0.38855647870365145
0.3885488428378858,0.388545714351185,0.38852874423108286,0.3885249933565812,0.3885292692759834,0.38853379391992754,0.38851281669683985,0.38851745001955296,0.38853574708750843,0.3885370241108339,0.38853432711154756
0.38854306820372203,0.3885399381949505,0.38852293620198536,0.38851918349530684,0.3885234851446037,0.38852801198972897,0.38850748368997196,0.3885121190986131,0.3885305001566709,0.38853138885233357,0.38852901899751835
0.3885372161901082,0.3885340846389061,0.38851709793731715,0.38851334338896826,0.3885176234974581,0.38852215257321115,0.38850115473022817,0.38850579267782204,0.3885241729925,0.3885257504849205,0.38852262949242106
0.38853131967925125,0.38852818657391225,0.38851116780037137,0.38850741138139677,0.38851171727799994,0.38851624860131057,0.38849569985734494,0.3885003399849412,0.3885188054043182,0.3885198676505566,0.38851719900083925
0.3885253818162174,0.38852224714589323,0.3885052198927157,0.38850146159757165,0.3885057696486081,0.3885103032351609,0.38848974421519716,0.3884943866858806,0.388512392431652,0.3885142882951407,0.3885107223201125
0.3885194151133515,0.38851627887049406,0.388499243099073,0.3884954829187097,0.38849979313787864,0.3885043289985878,0.38848375967316445,0.3884884044847395,0.3885069556986128,0.3885078685588502,0.3885052213791575
0.38851339527038453,0.3885102574410114,0.38849321307333895,0.3884894509909939,0.3884937633975646,0.38849830155265225,0.388477721834594,0.3884823690027761,0.3885004608581078,0.38850268137331084,0.3884986614011304
0.38850733161188256,0.38850419218448473,0.3884871391582272,0.3884833751601038,0.38848768977041853,0.3884922302365272,0.38847164005390006,0.38847628959318714,0.38849492826527277,0.38849599553388353,0.3884930631174027
0.38850122220207417,0.388498081164634,0.388481043135164,0.38847727721433667,0.3884815703183962,0.38848611311290604,0.3884650516493878,0.38846970375552714,0.3884883438836333,0.3884909184425953,0.38848641218386787
0.38849507646076614,0.38849193380374814,0.38847486327848707,0.38847109540856056,0.3884754144733594,0.38847995961005966,0.3884593482835904,0.3884640026110533,0.38848273023248786,0.3884845506097848,0.38848073150403284
0.3884888784146465,0.3884857341243079,0.38846867849431016,0.3884649086737792,0.3884692062400729,0.38847375373883886,0.388452670503479,0.38845732743139777,0.38847605725642503,0.38847900733636553,0.38847399052838527
0.3884826356619111,0.38847948972651075,0.38846240143812405,0.38845862963793654,0.3884629532248328,0.3884675031026433,0.3884468703155851,0.3884515295016984,0.38847034767336,0.38847242605610915,0.38846821241757346
0.3884763452892552,0.3884731976962865,0.3884561241967708,0.3884523504169182,0.3884566525139882,0.38846120478892965,0.38844009945112945,0.3884447612729039,0.3884635823742654,0.38846669978304954,0.38846137765913513
0.38847000415039545,0.3884668548865229,0.38844977234629774,0.38844599656330114,0.3884503009527289,0.3884548556440865,0.3884337391245994,0.38843840342188346,0.3884577746869897,0.3884598143620777,0.38845550071856344
0.3884636862306332,0.38846053530201724,0.388443443754425,0.3884396659756691,0.3884439726490079,0.38844852974787253,0.3884274020879485,0.3884320688516033,0.3884509791552315,0.3884545523840521,0.3884486373393322
0.08,0.08,0.08,0.08,0.08,0.08,0.08,0.08,0.08,0.08,0.08
0.08,0.08,0.08,0.08,0.08,0.08,0.08,0.08,0.08,0.08,0.08
0.08,0.08,0.08,0.08,0.08,0.08,0.08,0.08,0.08,0.08,0.08
0.08,0.08,0.08,0.08,0.08,0.08,0.08,0.08,0.08,0.08,0.08
0.08,0.08,0.08,0.08,0.08,0.08,0.08,0.08,0.08,0.08,0.08
0.08,0.08,0.08,0.08,0.08,0.08,0.08,0.08,0.08,0.08,0.08
0.08,0.08,0.08,0.08,0.08,0.08,0.08,0.08,0.08,0.08,0.08,0.08
0.08,0.08,0.08,0.08,0.08,0.08,0.08,0.08,0.08,0.08,0.08,0.08
0.3883885237504706,0.38838535302010335,0.3883681543337259,0.3883643528158766,0.3883686866549342,0.3883732723917058,0.3883520122203223,0.3883567083212554,0.38837639393644774,0.38837823065417854,0.38837348388825194,0.38837566212763885
0.38838011438673165,0.3883769414412474,0.3883597307675249,0.3883559265941101,0.3883602634715654,0.3883648524117783,0.3883435774167029,0.388348276797945,0.38836747761163665,0.388370860204102,0.3883645099287674,0.3883682407283993
0.3883717046946485,0.38836852953407086,0.38835130687817065,0.38834750004922075,0.3883518399670514,0.3883564321106683,0.3883351422971116,0.38833984495862184,0.38835957692418266,0.38836138327543723,0.3883565526272743,0.38835871271825395
0.3883632132470369,0.38836003584988965,0.38834280109315394,0.38833899158292184,0.3883433345696171,0.38834792994769785,0.388326625169499,0.388331331143084,0.38835057597858186,0.3883539309715751,0.38834749486499853,0.3883512094255458
0.38835466069156827,0.3883514810418327,0.38833423409763485,0.3883304218869167,0.3883347679644708,0.3883393666001802,0.3883180467502033,0.38832275605958355,0.3883425315410455,0.3883443084520632,0.38833939407769624,0.38834153520549175
0.38834601695824816,0.3883428350319882,0.38832557577086685,0.38832176083096737,0.3883261100322418,0.3883307119601954,0.38830937687833156,0.38831408955895264,0.3883333759026401,0.3883367039994516,0.3883301818933485,0.38833387913050954
0.38833729445242515,0.3883341102289549,0.3883168385364676,0.38831302084258706,0.3883173731949549,0.3883219784450698,0.388300627990385,0.38830534407288203,0.3883251604580449,0.38832690851425944,0.3883219103860346,0.3883240312500236
0.3883285024555236,0.38832531591666053,0.3883080316996106,0.38830421122995445,0.3883085667604325,0.38831317535900006,0.3882918094150296,0.38829652892632277,0.3883158539630659,0.3883191557287888,0.38831254782575836,0.38831622632358914
0.38831963400547553,0.3883164451311493,0.38829914827843376,0.38829532500893876,0.38829968374406426,0.3883042957201107,0.38828291415004695,0.3882876371198604,0.3883074913649582,0.38830921103723176,0.3883041297784137,0.3883062287700098
0.38831069169635,0.3883075004671936,0.3882901908740586,0.3882863647815087,0.3882907267478652,0.38829534212939837,0.38827394480369254,0.38827867126070426,0.38829803174711974,0.3883013076126014,0.3882946148245108,0.3882982728258444
0.38830167952671046,0.38829848592441213,0.3882811634918445,0.38827733455428726,0.38828169977701976,0.3882863185905204,0.3882649053867126,0.3882696353580391,0.38828952402716105,0.3882912156183331,0.3882860525350839,0.38828812765426834
0.3882925870273682,0.3882893910308619,0.3882720556449312,0.38826822383711185,0.3882725923451495,0.38827721462108267,0.388255785398272,0.38826051891510915,0.38827991118447996,0.3882831613819946,0.3882763853164019,0.3882800206220595
0.388283424304067,0.38828022589494976,0.388262877456147,0.388259042756004,0.3882634145746197,0.38826804033959933,0.38824659497471364,0.3882513320643131,0.3882712512878899,0.38827291486352944,0.388267671950208,0.38826972069130083
0.3882758081910394,0.38827260777661227,0.38825524848856446,0.38825141138438407,0.38825578595468885,0.3882604146196887,0.3882389558378811,0.3882436958970827,0.38826311323495016,0.38826633729973625,0.3882594812553613,0.3882630906320466
0.3882665211259906,0.38826331826637756,0.3882459457492979,0.38824210571374235,0.38824648363935405,0.38825111584050864,0.38822964069875876,0.3882343843789607,0.3882543270969403,0.3882559622284366,0.3882506431264339,0.3882526621366709
0.3882571501349908,0.3882539448081863,0.38823655894308157,0.3882327159497704,0.3882370972609098,0.3882417330300418,0.388220241381184,0.3882249887149717,0.3882444290118221,0.3882476270395284,0.38824069350535423,0.3882442740592813
0.08,0.08,0.08,0.08,0.08,0.08,0.08,0.08,0.08,0.08,0.08,0.08
0.08,0.08,0.08,0.08,0.08,0.08,0.08,0.08,0.08,0.08,0.08,0.08
0.08,0.08,0.08,0.08,0.08,0.08,0.08,0.08,0.08,0.08,0.08,0.08
0.08,0.08,0.08,0.08,0.08,0.08,0.08,0.08,0.08,0.08,0.08,0.08
0.08,0.08,0.08,0.08,0.08,0.08,0.08,0.08,0.08,0.08,0.08,0.08
0.08,0.08,0.08,0.08,0.08,0.08,0.08,0.08,0.08,0.08,0.08,0.08
0.08,0.08,0.08,0.08,0.08,0.08,0.08,0.08,0.08,0.08,0.08,0.08
0.08,0.08,0.08,0.08,0.08,0.08,0.08,0.08,0.08,0.08,0.08,0.08
