1,3,4,5,6,7,8,9,10,11,12,13,14,15,16,17,18,19,20,21,22,23,24,25,26,27,28,29,30,31,32,33,34,35,36,37,38,2,39,40,41,42,43,44,45,46,47,48,49,50
1,3,4,5,6,7,8,9,10,11,12,13,14,15,16,17,18,19,20,21,22,23,24,25,26,27,28,29,30,31,32,33,34,35,36,37,38,2,39,40,41,42,43,44,45,46,47,48,49,50
1,3,4,5,6,7,8,9,10,11,12,13,14,15,16,17,18,19,20,21,22,23,24,25,26,27,28,29,30,31,32,33,34,35,36,37,38,2,39,40,41,42,43,44,45,46,47,48,49,50
1,3,4,5,6,7,8,9,10,11,12,13,14,15,16,17,18,19,20,21,22,23,24,25,26,27,28,29,30,31,32,33,34,35,36,37,38,2,39,40,41,42,43,44,45,46,47,48,49,50
1,3,4,5,6,7,8,9,10,11,12,13,14,15,16,17,18,19,20,21,22,23,24,25,26,27,28,29,30,31,32,33,34,35,36,37,38,2,39,40,41,42,43,44,45,46,47,48,49,50
1,3,4,5,6,7,8,9,10,11,12,13,14,15,16,17,18,19,20,21,22,23,24,25,26,27,28,29,30,31,32,33,34,35,36,37,38,2,39,40,41,42,43,44,45,46,47,48,49,50
1,3,4,5,6,7,8,9,10,11,12,13,14,15,16,17,18,19,20,21,22,23,24,25,26,27,28,29,30,31,32,33,34,35,36,37,38,2,39,40,41,42,43,44,45,46,47,48,49,50
1,3,4,5,6,7,8,9,10,11,12,13,14,15,16,17,18,19,20,21,22,23,24,25,26,27,28,29,30,31,32,33,34,35,36,37,38,2,39,40,41,42,43,44,45,46,47,48,49,50
1,3,4,5,6,7,8,9,10,11,12,13,14,15,16,17,18,19,20,21,22,23,24,25,26,27,28,29,30,31,32,33,34,35,36,37,38,2,39,40,41,42,43,44,45,46,47,48,49,50
1,3,4,5,6,7,8,9,10,11,12,13,14,15,16,17,18,19,20,21,22,23,24,25,26,27,28,29,30,31,32,33,34,35,36,37,38,2,39,40,41,42,43,44,45,46,47,48,49,50
1,3,4,5,6,7,8,9,10,11,12,13,14,15,16,17,18,19,20,21,22,23,24,25,26,27,28,29,30,31,32,33,34,35,36,37,38,2,39,40,41,42,43,44,45,46,47,48,49,50
1,3,4,5,6,7,8,9,10,11,12,13,14,15,16,17,18,19,20,21,22,23,24,25,26,27,28,29,30,31,32,33,34,35,36,37,38,2,39,40,41,42,43,44,45,46,47,48,49,50
1,3,4,5,6,7,8,9,10,11,12,13,14,15,16,17,18,19,20,21,22,23,24,25,26,27,28,29,30,31,32,33,34,35,36,37,38,2,39,40,41,42,43,44,45,46,47,48,49,50
1,3,4,5,6,7,8,9,10,11,12,13,14,15,16,17,18,19,20,21,22,23,24,25,26,27,28,29,30,31,32,33,34,35,36,37,38,2,39,40,41,42,43,44,45,46,47,48,49,50
1,3,4,5,6,7,8,9,10,11,12,13,14,15,16,17,18,19,20,21,22,23,24,25,26,27,28,29,30,31,32,33,34,35,36,37,38,2,39,40,41,42,43,44,45,46,47,48,49,50
1,3,4,5,6,7,8,9,10,11,12,13,14,15,16,17,18,19,20,21,22,23,24,25,26,27,28,29,30,31,32,33,34,35,36,37,38,2,39,40,41,42,43,44,45,46,47,48,49,50
1,3,4,5,6,7,8,9,10,11,12,13,14,15,16,17,18,19,20,21,22,23,24,25,26,27,28,29,30,31,32,33,34,35,36,37,38,2,39,40,41,42,43,44,45,46,47,48,49,50
1,3,4,5,6,7,8,9,10,11,12,13,14,15,16,17,18,19,20,21,22,23,24,25,26,27,28,29,30,31,32,33,34,35,36,37,38,2,39,40,41,42,43,44,45,46,47,48,49,50
1,3,4,5,6,7,8,9,10,11,12,13,14,15,16,17,18,19,20,21,22,23,24,25,26,27,28,29,30,31,32,33,34,35,36,37,38,2,39,40,41,42,43,44,45,46,47,48,49,50
1,3,4,5,6,7,8,9,10,11,12,13,14,15,16,17,18,19,20,21,22,23,24,25,26,27,28,29,30,31,32,33,34,35,36,37,38,2,39,40,41,42,43,44,45,46,47,48,49,50
1,3,4,5,6,7,8,9,10,11,12,13,14,15,16,17,18,19,20,21,22,23,24,25,26,27,28,29,30,31,32,33,34,35,36,37,38,2,39,40,41,42,43,44,45,46,47,48,49,50
1,3,4,5,6,7,8,9,10,11,12,13,14,15,16,17,18,19,20,21,22,23,24,25,26,27,28,29,30,31,32,33,34,35,36,37,38,2,39,40,41,42,43,44,45,46,47,48,49,50
1,3,4,5,6,7,8,9,10,11,12,13,14,15,16,17,18,19,20,21,22,23,24,25,26,27,28,29,30,31,32,33,34,35,36,37,38,63,64,2,39,40,41,42,43,44,45,46,47,48,49,50
1,3,4,5,6,7,8,9,10,11,12,13,14,15,16,17,18,19,20,21,22,23,24,25,26,27,28,29,30,31,32,33,34,35,36,37,38,63,64,2,39,40,41,42,43,44,45,46,47,48,49,50
1,3,4,5,6,7,8,9,10,11,12,13,14,15,16,17,18,19,20,21,22,23,24,25,26,27,28,29,30,31,32,33,34,35,36,37,38,63,64,2,39,40,41,42,43,44,45,46,47,48,49,50
1,3,4,5,6,7,8,9,10,11,12,13,14,15,16,17,18,19,20,21,22,23,24,25,26,27,28,29,30,31,32,33,34,35,36,37,38,63,64,2,39,40,41,42,43,44,45,46,47,48,49,50
1,3,4,5,6,7,8,9,10,11,12,13,14,15,16,17,18,19,20,21,22,23,24,25,26,27,28,29,30,31,32,33,34,35,36,37,38,63,64,2,39,40,41,42,43,44,45,46,47,48,49,50
1,3,4,5,6,7,8,9,10,11,12,13,14,15,16,17,18,19,20,21,22,23,24,25,26,27,28,29,30,31,32,33,34,35,36,37,38,63,64,2,39,40,41,42,43,44,45,46,47,48,49,50
1,3,4,5,6,7,8,9,10,11,12,13,14,15,16,17,18,19,20,21,22,23,24,25,26,27,28,29,30,31,32,33,34,35,36,37,38,63,64,2,39,40,41,42,43,44,45,46,47,48,49,50
1,3,4,5,6,7,8,9,10,11,12,13,14,15,16,17,18,19,20,21,22,23,24,25,26,27,28,29,30,31,32,33,34,35,36,37,38,63,64,2,39,40,41,42,43,44,45,46,47,48,49,50
1,3,4,5,6,7,8,9,10,11,12,13,14,15,16,17,18,19,20,21,22,23,24,25,26,27,28,29,30,31,32,33,34,35,36,37,38,63,64,2,39,40,41,42,43,44,45,46,47,48,49,50
1,3,4,5,6,7,8,9,10,11,12,13,14,15,16,17,18,19,20,21,22,23,24,25,26,27,28,29,30,31,32,33,34,35,36,37,38,63,64,2,39,40,41,42,43,44,45,46,47,48,49,50
1,3,4,5,6,7,8,9,10,11,12,13,14,15,16,17,18,19,20,21,22,23,24,25,26,27,28,29,30,31,32,33,34,35,36,37,38,63,64,2,39,40,41,42,43,44,45,46,47,48,49,50
1,3,4,5,6,7,8,9,10,11,12,13,14,15,16,17,18,19,20,21,22,23,24,25,26,27,28,29,30,31,32,33,34,35,36,37,38,63,64,2,39,40,41,42,43,44,45,46,47,48,49,50
1,3,4,5,6,7,8,9,10,11,12,13,14,15,16,17,18,19,20,21,22,23,24,25,26,27,28,29,30,31,32,33,34,35,36,37,38,63,64,2,39,40,41,42,43,44,45,46,47,48,49,50
1,3,4,5,6,7,8,9,10,11,12,13,14,15,16,17,18,19,20,21,22,23,24,25,26,27,28,29,30,31,32,33,34,35,36,37,38,63,64,2,39,40,41,42,43,44,45,46,47,48,49,50
1,3,4,5,6,7,8,9,10,11,12,13,14,15,16,17,18,19,20,21,22,23,24,25,26,27,28,29,30,31,32,33,34,35,36,37,38,63,64,2,39,40,41,42,43,44,45,46,47,48,49,50
1,3,4,5,6,7,8,9,10,11,12,13,14,15,16,17,18,19,20,21,22,23,24,25,26,27,28,29,30,31,32,33,34,35,36,37,38,63,64,2,39,40,41,42,43,44,45,46,47,48,49,50
1,3,4,5,6,7,8,9,10,11,12,13,14,15,16,17,18,19,20,21,22,23,24,25,26,27,28,29,30,31,32,33,34,35,36,37,38,63,64,2,39,40,41,42,43,44,45,46,47,48,49,50
1,3,4,5,6,7,8,9,10,11,12,13,14,15,16,17,18,19,20,21,22,23,24,25,26,27,28,29,30,31,32,33,34,35,36,37,38,63,64,2,39,40,41,42,43,44,45,46,47,48,49,50
1,3,4,5,6,7,8,9,10,11,12,13,14,15,16,17,18,19,20,21,22,23,24,25,26,27,28,29,30,31,32,33,34,35,36,37,38,63,64,2,39,40,41,42,43,44,45,46,47,48,49,50
1,3,4,5,6,7,8,9,10,11,12,13,14,15,16,17,18,19,20,21,22,23,24,25,26,27,28,29,30,31,32,33,34,35,36,37,38,63,64,2,39,40,41,42,43,44,45,46,47,48,49,50
1,3,4,5,6,7,8,9,10,11,12,13,14,15,16,17,18,19,20,21,22,23,24,25,26,27,28,29,30,31,32,33,34,35,36,37,38,63,64,2,39,40,41,42,43,44,45,46,47,48,49,50
1,3,4,5,6,7,8,9,10,11,12,13,14,15,16,17,18,19,20,21,22,23,24,25,26,27,28,29,30,31,32,33,34,35,36,37,38,63,64,2,39,40,41,42,43,44,45,46,47,48,49,50
1,3,4,5,6,7,8,9,10,11,12,13,14,15,16,17,18,19,20,21,22,23,24,25,26,27,28,29,30,31,32,33,34,35,36,37,38,63,64,2,39,40,41,42,43,44,45,46,47,48,49,50
1,3,4,5,6,7,8,9,10,11,12,13,14,15,16,17,18,19,20,21,22,23,24,25,26,27,28,29,30,31,32,33,34,35,36,37,38,63,64,2,39,40,41,42,43,44,45,46,47,48,49,50
1,3,4,5,6,7,8,9,10,11,12,13,14,15,16,17,18,19,20,21,22,23,24,25,26,27,28,29,30,31,32,33,34,35,36,37,38,63,64,2,39,40,41,42,43,44,45,46,47,48,49,50
1,3,4,5,6,7,8,9,10,11,12,13,14,15,16,17,18,19,20,21,22,23,24,25,26,27,28,29,30,31,32,33,34,35,36,37,38,63,64,2,39,40,41,42,43,44,45,46,47,48,49,50
1,3,4,5,6,7,8,9,10,11,12,13,14,15,16,17,18,19,20,21,22,23,24,25,26,27,28,29,30,31,32,33,34,35,36,37,38,63,64,2,39,40,41,42,43,44,45,46,47,48,49,50
1,3,4,5,6,7,8,9,10,11,12,13,14,15,16,17,18,19,20,21,22,23,24,25,26,27,28,29,30,31,32,33,34,35,36,37,38,63,64,2,39,40,41,42,43,44,45,46,47,48,49,50
1,3,4,5,6,7,8,9,10,11,12,13,14,15,16,17,18,19,20,21,22,23,24,25,26,27,28,29,30,31,32,33,34,35,36,37,38,63,64,2,39,40,41,42,43,44,45,46,47,48,49,50
1,3,4,5,6,7,8,9,10,11,12,13,14,15,16,17,18,19,20,21,22,23,24,25,26,27,28,29,30,31,32,33,34,35,36,37,38,63,64,2,39,40,41,42,43,44,45,46,47,48,49,50
1,3,4,5,6,7,8,9,10,11,12,13,14,15,16,17,18,19,20,21,22,23,24,25,26,27,28,29,30,31,32,33,34,35,36,37,38,63,64,2,39,40,41,42,43,44,45,46,47,48,49,50
1,3,4,5,6,7,8,9,10,11,12,13,14,15,16,17,18,19,20,21,22,23,24,25,26,27,28,29,30,31,32,33,34,35,36,37,38,63,64,2,39,40,41,42,43,44,45,46,47,48,49,50
1,3,4,5,6,7,8,9,10,11,12,13,14,15,16,17,18,19,20,21,22,23,24,25,26,27,28,29,30,31,32,33,34,35,36,37,38,63,64,2,39,40,41,42,43,44,45,46,47,48,49,50
1,3,4,5,6,7,8,9,10,11,12,13,14,15,16,17,18,19,20,21,22,23,24,25,26,27,28,29,30,31,32,33,34,35,36,37,38,63,64,2,39,40,41,42,43,44,45,46,47,48,49,50
1,3,4,5,6,7,8,9,10,11,12,13,14,15,16,17,18,19,20,21,22,23,24,25,26,27,28,29,30,31,32,33,34,35,36,37,38,63,64,70,71,2,39,40,41,42,43,44,45,46,47,48,49,50
1,3,4,5,6,7,8,9,10,11,12,13,14,15,16,17,18,19,20,21,22,23,24,25,26,27,28,29,30,31,32,33,34,35,36,37,38,63,64,70,71,2,39,40,41,42,43,44,45,46,47,48,49,50
1,3,4,5,6,7,8,9,10,11,12,13,14,15,16,17,18,19,20,21,22,23,24,25,26,27,28,29,30,31,32,33,34,35,36,37,38,63,64,70,71,2,39,40,41,42,43,44,45,46,47,48,49,50
1,3,4,5,6,7,8,9,10,11,12,13,14,15,16,17,18,19,20,21,22,23,24,25,26,27,28,29,30,31,32,33,34,35,36,37,38,63,64,70,71,2,39,40,41,42,43,44,45,46,47,48,49,50
1,3,4,5,6,7,8,9,10,11,12,13,14,15,16,17,18,19,20,21,22,23,24,25,26,27,28,29,30,31,32,33,34,35,36,37,38,63,64,70,71,2,39,40,41,42,43,44,45,46,47,48,49,50
1,3,4,5,6,7,8,9,10,11,12,13,14,15,16,17,18,19,20,21,22,23,24,25,26,27,28,29,30,31,32,33,34,35,36,37,38,63,64,70,71,2,39,40,41,42,43,44,45,46,47,48,49,50
1,3,4,5,6,7,8,9,10,11,12,13,14,15,16,17,18,19,20,21,22,23,24,25,26,27,28,29,30,31,32,33,34,35,36,37,38,63,64,70,71,2,39,40,41,42,43,44,45,46,47,48,49,50
1,3,4,5,6,7,8,9,10,11,12,13,14,15,16,17,18,19,20,21,22,23,24,25,26,27,28,29,30,31,32,33,34,35,36,37,38,63,64,70,71,2,39,40,41,42,43,44,45,46,47,48,49,50
1,3,4,5,6,7,8,9,10,11,12,13,14,15,16,17,18,19,20,21,22,23,24,25,26,27,28,29,30,31,32,33,34,35,36,37,38,63,64,70,71,2,39,40,41,42,43,44,45,46,47,48,49,50
1,3,4,5,6,7,8,9,10,11,12,13,14,15,16,17,18,19,20,21,22,23,24,25,26,27,28,29,30,31,32,33,34,35,36,37,38,63,64,70,71,2,39,40,41,42,43,44,45,46,47,48,49,50,51,52,72,73,74,75
1,3,4,5,6,7,8,9,10,11,12,13,14,15,16,17,18,19,20,21,22,23,24,25,26,27,28,29,30,31,32,33,34,35,36,37,38,63,64,70,71,2,39,40,41,42,43,44,45,46,47,48,49,50,51,52,72,73,74,75
1,3,4,5,6,7,8,9,10,11,12,13,14,15,16,17,18,19,20,21,22,23,24,25,26,27,28,29,30,31,32,33,34,35,36,37,38,63,64,70,71,2,39,40,41,42,43,44,45,46,47,48,49,50,51,52,72,73,74,75
1,3,4,5,6,7,8,9,10,11,12,13,14,15,16,17,18,19,20,21,22,23,24,25,26,27,28,29,30,31,32,33,34,35,36,37,38,63,64,70,71,2,39,40,41,42,43,44,45,46,47,48,49,50,51,52,72,73,74,75
1,3,4,5,6,7,8,9,10,11,12,13,14,15,16,17,18,19,20,21,22,23,24,25,26,27,28,29,30,31,32,33,34,35,36,37,38,63,64,70,71,2,39,40,41,42,43,44,45,46,47,48,49,50,51,52,72,73,74,75
1,3,4,5,6,7,8,9,10,11,12,13,14,15,16,17,18,19,20,21,22,23,24,25,26,27,28,29,30,31,32,33,34,35,36,37,38,63,64,70,71,2,39,40,41,42,43,44,45,46,47,48,49,50,51,52,72,73,74,75
1,3,4,5,6,7,8,9,10,11,12,13,14,15,16,17,18,19,20,21,22,23,24,25,26,27,28,29,30,31,32,33,34,35,36,37,38,63,64,70,71,2,39,40,41,42,43,44,45,46,47,48,49,50,51,52,72,73,74,75
1,3,4,5,6,7,8,9,10,11,12,13,14,15,16,17,18,19,20,21,22,23,24,25,26,27,28,29,30,31,32,33,34,35,36,37,38,63,64,70,71,2,39,40,41,42,43,44,45,46,47,48,49,50,51,52,72,73,74,75
1,3,4,5,6,7,8,9,10,11,12,13,14,15,16,17,18,19,20,21,22,23,24,25,26,27,28,29,30,31,32,33,34,35,36,37,38,63,64,70,71,2,39,40,41,42,43,44,45,46,47,48,49,50,51,52,72,73,74,75
1,3,4,5,6,7,8,9,10,11,12,13,14,15,16,17,18,19,20,21,22,23,24,25,26,27,28,29,30,31,32,33,34,35,36,37,38,63,64,70,71,2,39,40,41,42,43,44,45,46,47,48,49,50,51,52,72,73,74,75
1,3,4,5,6,7,8,9,10,11,12,13,14,15,16,17,18,19,20,21,22,23,24,25,26,27,28,29,30,31,32,33,34,35,36,37,38,63,64,70,71,2,39,40,41,42,43,44,45,46,47,48,49,50,51,52,72,73,74,75
1,3,4,5,6,7,8,9,10,11,12,13,14,15,16,17,18,19,20,21,22,23,24,25,26,27,28,29,30,31,32,33,34,35,36,37,38,63,64,70,71,2,39,40,41,42,43,44,45,46,47,48,49,50,51,52,72,73,74,75
1,3,4,5,6,7,8,9,10,11,12,13,14,15,16,17,18,19,20,21,22,23,24,25,26,27,28,29,30,31,32,33,34,35,36,37,38,63,64,70,71,2,39,40,41,42,43,44,45,46,47,48,49,50,51,52,72,73,74,75
1,3,4,5,6,7,8,9,10,11,12,13,14,15,16,17,18,19,20,21,22,23,24,25,26,27,28,29,30,31,32,33,34,35,36,37,38,63,64,70,71,2,39,40,41,42,43,44,45,46,47,48,49,50,51,52,72,73,74,75
1,3,4,5,6,7,8,9,10,11,12,13,14,15,16,17,18,19,20,21,22,23,24,25,26,27,28,29,30,31,32,33,34,35,36,37,38,63,64,70,71,2,39,40,41,42,43,44,45,46,47,48,49,50,51,52,72,73,74,75
1,3,4,5,6,7,8,9,10,11,12,13,14,15,16,17,18,19,20,21,22,23,24,25,26,27,28,29,30,31,32,33,34,35,36,37,38,63,64,70,71,2,39,40,41,42,43,44,45,46,47,48,49,50,51,52,72,73,74,75
1,3,4,5,6,7,8,9,10,11,12,13,14,15,16,17,18,19,20,21,22,23,24,25,26,27,28,29,30,31,32,33,34,35,36,37,38,63,64,70,71,2,39,40,41,42,43,44,45,46,47,48,49,50,51,52,72,73,74,75
1,3,4,5,6,7,8,9,10,11,12,13,14,15,16,17,18,19,20,21,22,23,24,25,26,27,28,29,30,31,32,33,34,35,36,37,38,63,64,70,71,2,39,40,41,42,43,44,45,46,47,48,49,50,51,52,72,73,74,75
1,3,4,5,6,7,8,9,10,11,12,13,14,15,16,17,18,19,20,21,22,23,24,25,26,27,28,29,30,31,32,33,34,35,36,37,38,63,64,70,71,2,39,40,41,42,43,44,45,46,47,48,49,50,51,52,72,73,74,75
1,3,4,5,6,7,8,9,10,11,12,13,14,15,16,17,18,19,20,21,22,23,24,25,26,27,28,29,30,31,32,33,34,35,36,37,38,63,64,70,71,2,39,40,41,42,43,44,45,46,47,48,49,50,51,52,72,73,74,75
1,3,4,5,6,7,8,9,10,11,12,13,14,15,16,17,18,19,20,21,22,23,24,25,26,27,28,29,30,31,32,33,34,35,36,37,38,63,64,70,71,2,39,40,41,42,43,44,45,46,47,48,49,50,51,52,72,73,74,75
1,3,4,5,6,7,8,9,10,11,12,13,14,15,16,17,18,19,20,21,22,23,24,25,26,27,28,29,30,31,32,33,34,35,36,37,38,63,64,70,71,2,39,40,41,42,43,44,45,46,47,48,49,50,51,52,72,73,74,75
1,3,4,5,6,7,8,9,10,11,12,13,14,15,16,17,18,19,20,21,22,23,24,25,26,27,28,29,30,31,32,33,34,35,36,37,38,63,64,70,71,2,39,40,41,42,43,44,45,46,47,48,49,50,51,52,72,73,74,75
1,3,4,5,6,7,8,9,10,11,12,13,14,15,16,17,18,19,20,21,22,23,24,25,26,27,28,29,30,31,32,33,34,35,36,37,38,63,64,70,71,76,77,2,39,40,41,42,43,44,45,46,47,48,49,50,51,52,72,73,74,75
1,3,4,5,6,7,8,9,10,11,12,13,14,15,16,17,18,19,20,21,22,23,24,25,26,27,28,29,30,31,32,33,34,35,36,37,38,63,64,70,71,76,77,2,39,40,41,42,43,44,45,46,47,48,49,50,51,52,72,73,74,75
1,3,4,5,6,7,8,9,10,11,12,13,14,15,16,17,18,19,20,21,22,23,24,25,26,27,28,29,30,31,32,33,34,35,36,37,38,63,64,70,71,76,77,2,39,40,41,42,43,44,45,46,47,48,49,50,51,52,72,73,74,75
1,3,4,5,6,7,8,9,10,11,12,13,14,15,16,17,18,19,20,21,22,23,24,25,26,27,28,29,30,31,32,33,34,35,36,37,38,63,64,70,71,76,77,2,39,40,41,42,43,44,45,46,47,48,49,50,51,52,72,73,74,75
1,3,4,5,6,7,8,9,10,11,12,13,14,15,16,17,18,19,20,21,22,23,24,25,26,27,28,29,30,31,32,33,34,35,36,37,38,63,64,70,71,76,77,2,39,40,41,42,43,44,45,46,47,48,49,50,51,52,72,73,74,75
1,3,4,5,6,7,8,9,10,11,12,13,14,15,16,17,18,19,20,21,22,23,24,25,26,27,28,29,30,31,32,33,34,35,36,37,38,63,64,70,71,76,77,2,39,40,41,42,43,44,45,46,47,48,49,50,51,52,72,73,74,75
1,3,4,5,6,7,8,9,10,11,12,13,14,15,16,17,18,19,20,21,22,23,24,25,26,27,28,29,30,31,32,33,34,35,36,37,38,63,64,70,71,76,77,2,39,40,41,42,43,44,45,46,47,48,49,50,51,52,72,73,74,75
1,3,4,5,6,7,8,9,10,11,12,13,14,15,16,17,18,19,20,21,22,23,24,25,26,27,28,29,30,31,32,33,34,35,36,37,38,63,64,70,71,76,77,2,39,40,41,42,43,44,45,46,47,48,49,50,51,52,72,73,74,75
1,3,4,5,6,7,8,9,10,11,12,13,14,15,16,17,18,19,20,21,22,23,24,25,26,27,28,29,30,31,32,33,34,35,36,37,38,63,64,70,71,76,77,2,39,40,41,42,43,44,45,46,47,48,49,50,51,52,72,73,74,75
1,3,4,5,6,7,8,9,10,11,12,13,14,15,16,17,18,19,20,21,22,23,24,25,26,27,28,29,30,31,32,33,34,35,36,37,38,63,64,70,71,76,77,2,39,40,41,42,43,44,45,46,47,48,49,50,51,52,72,73,74,75
1,3,4,5,6,7,8,9,10,11,12,13,14,15,16,17,18,19,20,21,22,23,24,25,26,27,28,29,30,31,32,33,34,35,36,37,38,63,64,70,71,76,77,2,39,40,41,42,43,44,45,46,47,48,49,50,51,52,72,73,74,75
1,3,4,5,6,7,8,9,10,11,12,13,14,15,16,17,18,19,20,21,22,23,24,25,26,27,28,29,30,31,32,33,34,35,36,37,38,63,64,70,71,76,77,2,39,40,41,42,43,44,45,46,47,48,49,50,51,52,72,73,74,75
1,3,4,5,6,7,8,9,10,11,12,13,14,15,16,17,18,19,20,21,22,23,24,25,26,27,28,29,30,31,32,33,34,35,36,37,38,63,64,70,71,76,77,2,39,40,41,42,43,44,45,46,47,48,49,50,51,52,72,73,74,75
1,3,4,5,6,7,8,9,10,11,12,13,14,15,16,17,18,19,20,21,22,23,24,25,26,27,28,29,30,31,32,33,34,35,36,37,38,63,64,70,71,76,77,2,39,40,41,42,43,44,45,46,47,48,49,50,51,52,72,73,74,75
1,3,4,5,6,7,8,9,10,11,12,13,14,15,16,17,18,19,20,21,22,23,24,25,26,27,28,29,30,31,32,33,34,35,36,37,38,63,64,70,71,76,77,2,39,40,41,42,43,44,45,46,47,48,49,50,51,52,72,73,74,75
1,3,4,5,6,7,8,9,10,11,12,13,14,15,16,17,18,19,20,21,22,23,24,25,26,27,28,29,30,31,32,33,34,35,36,37,38,63,64,70,71,76,77,2,39,40,41,42,43,44,45,46,47,48,49,50,51,52,72,73,74,75
1,3,4,5,6,7,8,9,10,11,12,13,14,15,16,17,18,19,20,21,22,23,24,25,26,27,28,29,30,31,32,33,34,35,36,37,38,63,64,70,71,76,77,2,39,40,41,42,43,44,45,46,47,48,49,50,51,52,72,73,74,75
1,3,4,5,6,7,8,9,10,11,12,13,14,15,16,17,18,19,20,21,22,23,24,25,26,27,28,29,30,31,32,33,34,35,36,37,38,63,64,70,71,76,77,2,39,40,41,42,43,44,45,46,47,48,49,50,51,52,72,73,74,75
1,3,4,5,6,7,8,9,10,11,12,13,14,15,16,17,18,19,20,21,22,23,24,25,26,27,28,29,30,31,32,33,34,35,36,37,38,63,64,70,71,76,77,2,39,40,41,42,43,44,45,46,47,48,49,50,51,52,72,73,74,75
1,3,4,5,6,7,8,9,10,11,12,13,14,15,16,17,18,19,20,21,22,23,24,25,26,27,28,29,30,31,32,33,34,35,36,37,38,63,64,70,71,76,77,2,39,40,41,42,43,44,45,46,47,48,49,50,51,52,72,73,74,75
1,3,4,5,6,7,8,9,10,11,12,13,14,15,16,17,18,19,20,21,22,23,24,25,26,27,28,29,30,31,32,33,34,35,36,37,38,63,64,70,71,76,77,2,39,40,41,42,43,44,45,46,47,48,49,50,51,52,72,73,74,75
1,3,4,5,6,7,8,9,10,11,12,13,14,15,16,17,18,19,20,21,22,23,24,25,26,27,28,29,30,31,32,33,34,35,36,37,38,63,64,70,71,76,77,2,39,40,41,42,43,44,45,46,47,48,49,50,51,52,72,73,74,75
1,3,4,5,6,7,8,9,10,11,12,13,14,15,16,17,18,19,20,21,22,23,24,25,26,27,28,29,30,31,32,33,34,35,36,37,38,63,64,70,71,76,77,2,39,40,41,42,43,44,45,46,47,48,49,50,51,52,72,73,74,75
1,3,4,5,6,7,8,9,10,11,12,13,14,15,16,17,18,19,20,21,22,23,24,25,26,27,28,29,30,31,32,33,34,35,36,37,38,63,64,70,71,76,77,2,39,40,41,42,43,44,45,46,47,48,49,50,51,52,72,73,74,75
1,3,4,5,6,7,8,9,10,11,12,13,14,15,16,17,18,19,20,21,22,23,24,25,26,27,28,29,30,31,32,33,34,35,36,37,38,63,64,70,71,76,77,2,39,40,41,42,43,44,45,46,47,48,49,50,51,52,72,73,74,75
1,3,4,5,6,7,8,9,10,11,12,13,14,15,16,17,18,19,20,21,22,23,24,25,26,27,28,29,30,31,32,33,34,35,36,37,38,63,64,70,71,76,77,2,39,40,41,42,43,44,45,46,47,48,49,50,51,52,72,73,74,75
1,3,4,5,6,7,8,9,10,11,12,13,14,15,16,17,18,19,20,21,22,23,24,25,26,27,28,29,30,31,32,33,34,35,36,37,38,63,64,70,71,76,77,2,39,40,41,42,43,44,45,46,47,48,49,50,51,52,72,73,74,75
1,3,4,5,6,7,8,9,10,11,12,13,14,15,16,17,18,19,20,21,22,23,24,25,26,27,28,29,30,31,32,33,34,35,36,37,38,63,64,70,71,76,77,78,2,39,40,41,42,43,44,45,46,47,48,49,50,51,52,72,73,74,75
1,3,4,5,6,7,8,9,10,11,12,13,14,15,16,17,18,19,20,21,22,23,24,25,26,27,28,29,30,31,32,33,34,35,36,37,38,63,64,70,71,76,77,78,2,39,40,41,42,43,44,45,46,47,48,49,50,51,52,72,73,74,75
1,3,4,5,6,7,8,9,10,11,12,13,14,15,16,17,18,19,20,21,22,23,24,25,26,27,28,29,30,31,32,33,34,35,36,37,38,63,64,70,71,76,77,78,2,39,40,41,42,43,44,45,46,47,48,49,50,51,52,72,73,74,75
1,3,4,5,6,7,8,9,10,11,12,13,14,15,16,17,18,19,20,21,22,23,24,25,26,27,28,29,30,31,32,33,34,35,36,37,38,63,64,70,71,76,77,78,2,39,40,41,42,43,44,45,46,47,48,49,50,51,52,72,73,74,75
1,3,4,5,6,7,8,9,10,11,12,13,14,15,16,17,18,19,20,21,22,23,24,25,26,27,28,29,30,31,32,33,34,35,36,37,38,63,64,70,71,76,77,78,2,39,40,41,42,43,44,45,46,47,48,49,50,51,52,72,73,74,75
1,3,4,5,6,7,8,9,10,11,12,13,14,15,16,17,18,19,20,21,22,23,24,25,26,27,28,29,30,31,32,33,34,35,36,37,38,63,64,70,71,76,77,78,2,39,40,41,42,43,44,45,46,47,48,49,50,51,52,72,73,74,75
1,3,4,5,6,7,8,9,10,11,12,13,14,15,16,17,18,19,20,21,22,23,24,25,26,27,28,29,30,31,32,33,34,35,36,37,38,63,64,70,71,76,77,78,2,39,40,41,42,43,44,45,46,47,48,49,50,51,52,72,73,74,75
1,3,4,5,6,7,8,9,10,11,12,13,14,15,16,17,18,19,20,21,22,23,24,25,26,27,28,29,30,31,32,33,34,35,36,37,38,63,64,70,71,76,77,78,2,39,40,41,42,43,44,45,46,47,48,49,50,51,52,72,73,74,75
1,3,4,5,6,7,8,9,10,11,12,13,14,15,16,17,18,19,20,21,22,23,24,25,26,27,28,29,30,31,32,33,34,35,36,37,38,63,64,70,71,76,77,78,2,39,40,41,42,43,44,45,46,47,48,49,50,51,52,72,73,74,75
1,3,4,5,6,7,8,9,10,11,12,13,14,15,16,17,18,19,20,21,22,23,24,25,26,27,28,29,30,31,32,33,34,35,36,37,38,63,64,70,71,76,77,78,2,39,40,41,42,43,44,45,46,47,48,49,50,51,52,72,73,74,75
1,3,4,5,6,7,8,9,10,11,12,13,14,15,16,17,18,19,20,21,22,23,24,25,26,27,28,29,30,31,32,33,34,35,36,37,38,63,64,70,71,76,77,78,2,39,40,41,42,43,44,45,46,47,48,49,50,51,52,72,73,74,75
1,3,4,5,6,7,8,9,10,11,12,13,14,15,16,17,18,19,20,21,22,23,24,25,26,27,28,29,30,31,32,33,34,35,36,37,38,63,64,70,71,76,77,78,2,39,40,41,42,43,44,45,46,47,48,49,50,51,52,72,73,74,75
1,3,4,5,6,7,8,9,10,11,12,13,14,15,16,17,18,19,20,21,22,23,24,25,26,27,28,29,30,31,32,33,34,35,36,37,38,63,64,70,71,76,77,78,2,39,40,41,42,43,44,45,46,47,48,49,50,51,52,72,73,74,75
1,3,4,5,6,7,8,9,10,11,12,13,14,15,16,17,18,19,20,21,22,23,24,25,26,27,28,29,30,31,32,33,34,35,36,37,38,63,64,70,71,76,77,78,2,39,40,41,42,43,44,45,46,47,48,49,50,51,52,72,73,74,75
1,3,4,5,6,7,8,9,10,11,12,13,14,15,16,17,18,19,20,21,22,23,24,25,26,27,28,29,30,31,32,33,34,35,36,37,38,63,64,70,71,76,77,78,2,39,40,41,42,43,44,45,46,47,48,49,50,51,52,72,73,74,75
1,3,4,5,6,7,8,9,10,11,12,13,14,15,16,17,18,19,20,21,22,23,24,25,26,27,28,29,30,31,32,33,34,35,36,37,38,63,64,70,71,76,77,78,2,39,40,41,42,43,44,45,46,47,48,49,50,51,52,72,73,74,75
1,3,4,5,6,7,8,9,10,11,12,13,14,15,16,17,18,19,20,21,22,23,24,25,26,27,28,29,30,31,32,33,34,35,36,37,38,63,64,70,71,76,77,78,2,39,40,41,42,43,44,45,46,47,48,49,50,51,52,72,73,74,75
1,3,4,5,6,7,8,9,10,11,12,13,14,15,16,17,18,19,20,21,22,23,24,25,26,27,28,29,30,31,32,33,34,35,36,37,38,63,64,70,71,76,77,78,2,39,40,41,42,43,44,45,46,47,48,49,50,51,52,72,73,74,75
1,3,4,5,6,7,8,9,10,11,12,13,14,15,16,17,18,19,20,21,22,23,24,25,26,27,28,29,30,31,32,33,34,35,36,37,38,63,64,70,71,76,77,78,2,39,40,41,42,43,44,45,46,47,48,49,50,51,52,72,73,74,75
1,3,4,5,6,7,8,9,10,11,12,13,14,15,16,17,18,19,20,21,22,23,24,25,26,27,28,29,30,31,32,33,34,35,36,37,38,63,64,70,71,76,77,78,2,39,40,41,42,43,44,45,46,47,48,49,50,51,52,72,73,74,75
1,3,4,5,6,7,8,9,10,11,12,13,14,15,16,17,18,19,20,21,22,23,24,25,26,27,28,29,30,31,32,33,34,35,36,37,38,63,64,70,71,76,77,78,2,39,40,41,42,43,44,45,46,47,48,49,50,51,52,72,73,74,75
1,3,4,5,6,7,8,9,10,11,12,13,14,15,16,17,18,19,20,21,22,23,24,25,26,27,28,29,30,31,32,33,34,35,36,37,38,63,64,70,71,76,77,78,79,2,39,40,41,42,43,44,45,46,47,48,49,50,51,52,72,73,74,75,53,54,80,81,82,83
1,3,4,5,6,7,8,9,10,11,12,13,14,15,16,17,18,19,20,21,22,23,24,25,26,27,28,29,30,31,32,33,34,35,36,37,38,63,64,70,71,76,77,78,79,2,39,40,41,42,43,44,45,46,47,48,49,50,51,52,72,73,74,75,53,54,80,81,82,83
1,3,4,5,6,7,8,9,10,11,12,13,14,15,16,17,18,19,20,21,22,23,24,25,26,27,28,29,30,31,32,33,34,35,36,37,38,63,64,70,71,76,77,78,79,2,39,40,41,42,43,44,45,46,47,48,49,50,51,52,72,73,74,75,53,54,80,81,82,83
1,3,4,5,6,7,8,9,10,11,12,13,14,15,16,17,18,19,20,21,22,23,24,25,26,27,28,29,30,31,32,33,34,35,36,37,38,63,64,70,71,76,77,78,79,2,39,40,41,42,43,44,45,46,47,48,49,50,51,52,72,73,74,75,53,54,80,81,82,83
1,3,4,5,6,7,8,9,10,11,12,13,14,15,16,17,18,19,20,21,22,23,24,25,26,27,28,29,30,31,32,33,34,35,36,37,38,63,64,70,71,76,77,78,79,2,39,40,41,42,43,44,45,46,47,48,49,50,51,52,72,73,74,75,53,54,80,81,82,83
1,3,4,5,6,7,8,9,10,11,12,13,14,15,16,17,18,19,20,21,22,23,24,25,26,27,28,29,30,31,32,33,34,35,36,37,38,63,64,70,71,76,77,78,79,2,39,40,41,42,43,44,45,46,47,48,49,50,51,52,72,73,74,75,53,54,80,81,82,83
1,3,4,5,6,7,8,9,10,11,12,13,14,15,16,17,18,19,20,21,22,23,24,25,26,27,28,29,30,31,32,33,34,35,36,37,38,63,64,70,71,76,77,78,79,2,39,40,41,42,43,44,45,46,47,48,49,50,51,52,72,73,74,75,53,54,80,81,82,83
1,3,4,5,6,7,8,9,10,11,12,13,14,15,16,17,18,19,20,21,22,23,24,25,26,27,28,29,30,31,32,33,34,35,36,37,38,63,64,70,71,76,77,78,79,2,39,40,41,42,43,44,45,46,47,48,49,50,51,52,72,73,74,75,53,54,80,81,82,83
1,3,4,5,6,7,8,9,10,11,12,13,14,15,16,17,18,19,20,21,22,23,24,25,26,27,28,29,30,31,32,33,34,35,36,37,38,63,64,70,71,76,77,78,79,84,2,39,40,41,42,43,44,45,46,47,48,49,50,51,52,72,73,74,75,53,54,80,81,82,83
1,3,4,5,6,7,8,9,10,11,12,13,14,15,16,17,18,19,20,21,22,23,24,25,26,27,28,29,30,31,32,33,34,35,36,37,38,63,64,70,71,76,77,78,79,84,2,39,40,41,42,43,44,45,46,47,48,49,50,51,52,72,73,74,75,53,54,80,81,82,83
1,3,4,5,6,7,8,9,10,11,12,13,14,15,16,17,18,19,20,21,22,23,24,25,26,27,28,29,30,31,32,33,34,35,36,37,38,63,64,70,71,76,77,78,79,84,2,39,40,41,42,43,44,45,46,47,48,49,50,51,52,72,73,74,75,53,54,80,81,82,83
1,3,4,5,6,7,8,9,10,11,12,13,14,15,16,17,18,19,20,21,22,23,24,25,26,27,28,29,30,31,32,33,34,35,36,37,38,63,64,70,71,76,77,78,79,84,2,39,40,41,42,43,44,45,46,47,48,49,50,51,52,72,73,74,75,53,54,80,81,82,83
1,3,4,5,6,7,8,9,10,11,12,13,14,15,16,17,18,19,20,21,22,23,24,25,26,27,28,29,30,31,32,33,34,35,36,37,38,63,64,70,71,76,77,78,79,84,2,39,40,41,42,43,44,45,46,47,48,49,50,51,52,72,73,74,75,53,54,80,81,82,83
1,3,4,5,6,7,8,9,10,11,12,13,14,15,16,17,18,19,20,21,22,23,24,25,26,27,28,29,30,31,32,33,34,35,36,37,38,63,64,70,71,76,77,78,79,84,2,39,40,41,42,43,44,45,46,47,48,49,50,51,52,72,73,74,75,53,54,80,81,82,83
1,3,4,5,6,7,8,9,10,11,12,13,14,15,16,17,18,19,20,21,22,23,24,25,26,27,28,29,30,31,32,33,34,35,36,37,38,63,64,70,71,76,77,78,79,84,2,39,40,41,42,43,44,45,46,47,48,49,50,51,52,72,73,74,75,53,54,80,81,82,83
1,3,4,5,6,7,8,9,10,11,12,13,14,15,16,17,18,19,20,21,22,23,24,25,26,27,28,29,30,31,32,33,34,35,36,37,38,63,64,70,71,76,77,78,79,84,2,39,40,41,42,43,44,45,46,47,48,49,50,51,52,72,73,74,75,53,54,80,81,82,83
1,3,4,5,6,7,8,9,10,11,12,13,14,15,16,17,18,19,20,21,22,23,24,25,26,27,28,29,30,31,32,33,34,35,36,37,38,63,64,70,71,76,77,78,79,84,85,2,39,40,41,42,43,44,45,46,47,48,49,50,51,52,72,73,74,75,53,54,80,81,82,83
1,3,4,5,6,7,8,9,10,11,12,13,14,15,16,17,18,19,20,21,22,23,24,25,26,27,28,29,30,31,32,33,34,35,36,37,38,63,64,70,71,76,77,78,79,84,85,2,39,40,41,42,43,44,45,46,47,48,49,50,51,52,72,73,74,75,53,54,80,81,82,83
1,3,4,5,6,7,8,9,10,11,12,13,14,15,16,17,18,19,20,21,22,23,24,25,26,27,28,29,30,31,32,33,34,35,36,37,38,63,64,70,71,76,77,78,79,84,85,2,39,40,41,42,43,44,45,46,47,48,49,50,51,52,72,73,74,75,53,54,80,81,82,83
1,3,4,5,6,7,8,9,10,11,12,13,14,15,16,17,18,19,20,21,22,23,24,25,26,27,28,29,30,31,32,33,34,35,36,37,38,63,64,70,71,76,77,78,79,84,85,2,39,40,41,42,43,44,45,46,47,48,49,50,51,52,72,73,74,75,53,54,80,81,82,83
1,3,4,5,6,7,8,9,10,11,12,13,14,15,16,17,18,19,20,21,22,23,24,25,26,27,28,29,30,31,32,33,34,35,36,37,38,63,64,70,71,76,77,78,79,84,85,2,39,40,41,42,43,44,45,46,47,48,49,50,51,52,72,73,74,75,53,54,80,81,82,83
1,3,4,5,6,7,8,9,10,11,12,13,14,15,16,17,18,19,20,21,22,23,24,25,26,27,28,29,30,31,32,33,34,35,36,37,38,63,64,70,71,76,77,78,79,84,85,2,39,40,41,42,43,44,45,46,47,48,49,50,51,52,72,73,74,75,53,54,80,81,82,83
1,3,4,5,6,7,8,9,10,11,12,13,14,15,16,17,18,19,20,21,22,23,24,25,26,27,28,29,30,31,32,33,34,35,36,37,38,63,64,70,71,76,77,78,79,84,85,2,39,40,41,42,43,44,45,46,47,48,49,50,51,52,72,73,74,75,53,54,80,81,82,83
1,3,4,5,6,7,8,9,10,11,12,13,14,15,16,17,18,19,20,21,22,23,24,25,26,27,28,29,30,31,32,33,34,35,36,37,38,63,64,70,71,76,77,78,79,84,85,2,39,40,41,42,43,44,45,46,47,48,49,50,51,52,72,73,74,75,53,54,80,81,82,83
1,3,4,5,6,7,8,9,10,11,12,13,14,15,16,17,18,19,20,21,22,23,24,25,26,27,28,29,30,31,32,33,34,35,36,37,38,63,64,70,71,76,77,78,79,84,85,2,39,40,41,42,43,44,45,46,47,48,49,50,51,52,72,73,74,75,53,54,80,81,82,83
1,3,4,5,6,7,8,9,10,11,12,13,14,15,16,17,18,19,20,21,22,23,24,25,26,27,28,29,30,31,32,33,34,35,36,37,38,63,64,70,71,76,77,78,79,84,85,86,2,39,40,41,42,43,44,45,46,47,48,49,50,51,52,72,73,74,75,53,54,80,81,82,83
1,3,4,5,6,7,8,9,10,11,12,13,14,15,16,17,18,19,20,21,22,23,24,25,26,27,28,29,30,31,32,33,34,35,36,37,38,63,64,70,71,76,77,78,79,84,85,86,2,39,40,41,42,43,44,45,46,47,48,49,50,51,52,72,73,74,75,53,54,80,81,82,83
1,3,4,5,6,7,8,9,10,11,12,13,14,15,16,17,18,19,20,21,22,23,24,25,26,27,28,29,30,31,32,33,34,35,36,37,38,63,64,70,71,76,77,78,79,84,85,86,2,39,40,41,42,43,44,45,46,47,48,49,50,51,52,72,73,74,75,53,54,80,81,82,83
1,3,4,5,6,7,8,9,10,11,12,13,14,15,16,17,18,19,20,21,22,23,24,25,26,27,28,29,30,31,32,33,34,35,36,37,38,63,64,70,71,76,77,78,79,84,85,86,2,39,40,41,42,43,44,45,46,47,48,49,50,51,52,72,73,74,75,53,54,80,81,82,83
1,3,4,5,6,7,8,9,10,11,12,13,14,15,16,17,18,19,20,21,22,23,24,25,26,27,28,29,30,31,32,33,34,35,36,37,38,63,64,70,71,76,77,78,79,84,85,86,2,39,40,41,42,43,44,45,46,47,48,49,50,51,52,72,73,74,75,53,54,80,81,82,83
1,3,4,5,6,7,8,9,10,11,12,13,14,15,16,17,18,19,20,21,22,23,24,25,26,27,28,29,30,31,32,33,34,35,36,37,38,63,64,70,71,76,77,78,79,84,85,86,2,39,40,41,42,43,44,45,46,47,48,49,50,51,52,72,73,74,75,53,54,80,81,82,83
1,3,4,5,6,7,8,9,10,11,12,13,14,15,16,17,18,19,20,21,22,23,24,25,26,27,28,29,30,31,32,33,34,35,36,37,38,63,64,70,71,76,77,78,79,84,85,86,2,39,40,41,42,43,44,45,46,47,48,49,50,51,52,72,73,74,75,53,54,80,81,82,83
1,3,4,5,6,7,8,9,10,11,12,13,14,15,16,17,18,19,20,21,22,23,24,25,26,27,28,29,30,31,32,33,34,35,36,37,38,63,64,70,71,76,77,78,79,84,85,86,2,39,40,41,42,43,44,45,46,47,48,49,50,51,52,72,73,74,75,53,54,80,81,82,83
1,3,4,5,6,7,8,9,10,11,12,13,14,15,16,17,18,19,20,21,22,23,24,25,26,27,28,29,30,31,32,33,34,35,36,37,38,63,64,70,71,76,77,78,79,84,85,86,2,39,40,41,42,43,44,45,46,47,48,49,50,51,52,72,73,74,75,53,54,80,81,82,83
1,3,4,5,6,7,8,9,10,11,12,13,14,15,16,17,18,19,20,21,22,23,24,25,26,27,28,29,30,31,32,33,34,35,36,37,38,63,64,70,71,76,77,78,79,84,85,86,87,2,39,40,41,42,43,44,45,46,47,48,49,50,51,52,72,73,74,75,53,54,80,81,82,83
1,3,4,5,6,7,8,9,10,11,12,13,14,15,16,17,18,19,20,21,22,23,24,25,26,27,28,29,30,31,32,33,34,35,36,37,38,63,64,70,71,76,77,78,79,84,85,86,87,2,39,40,41,42,43,44,45,46,47,48,49,50,51,52,72,73,74,75,53,54,80,81,82,83
1,3,4,5,6,7,8,9,10,11,12,13,14,15,16,17,18,19,20,21,22,23,24,25,26,27,28,29,30,31,32,33,34,35,36,37,38,63,64,70,71,76,77,78,79,84,85,86,87,2,39,40,41,42,43,44,45,46,47,48,49,50,51,52,72,73,74,75,53,54,80,81,82,83
1,3,4,5,6,7,8,9,10,11,12,13,14,15,16,17,18,19,20,21,22,23,24,25,26,27,28,29,30,31,32,33,34,35,36,37,38,63,64,70,71,76,77,78,79,84,85,86,87,2,39,40,41,42,43,44,45,46,47,48,49,50,51,52,72,73,74,75,53,54,80,81,82,83
1,3,4,5,6,7,8,9,10,11,12,13,14,15,16,17,18,19,20,21,22,23,24,25,26,27,28,29,30,31,32,33,34,35,36,37,38,63,64,70,71,76,77,78,79,84,85,86,87,2,39,40,41,42,43,44,45,46,47,48,49,50,51,52,72,73,74,75,53,54,80,81,82,83
1,3,4,5,6,7,8,9,10,11,12,13,14,15,16,17,18,19,20,21,22,23,24,25,26,27,28,29,30,31,32,33,34,35,36,37,38,63,64,70,71,76,77,78,79,84,85,86,87,2,39,40,41,42,43,44,45,46,47,48,49,50,51,52,72,73,74,75,53,54,80,81,82,83
1,3,4,5,6,7,8,9,10,11,12,13,14,15,16,17,18,19,20,21,22,23,24,25,26,27,28,29,30,31,32,33,34,35,36,37,38,63,64,70,71,76,77,78,79,84,85,86,87,2,39,40,41,42,43,44,45,46,47,48,49,50,51,52,72,73,74,75,53,54,80,81,82,83
1,3,4,5,6,7,8,9,10,11,12,13,14,15,16,17,18,19,20,21,22,23,24,25,26,27,28,29,30,31,32,33,34,35,36,37,38,63,64,70,71,76,77,78,79,84,85,86,87,2,39,40,41,42,43,44,45,46,47,48,49,50,51,52,72,73,74,75,53,54,80,81,82,83
1,3,4,5,6,7,8,9,10,11,12,13,14,15,16,17,18,19,20,21,22,23,24,25,26,27,28,29,30,31,32,33,34,35,36,37,38,63,64,70,71,76,77,78,79,84,85,86,87,88,2,39,40,41,42,43,44,45,46,47,48,49,50,51,52,72,73,74,75,53,54,80,81,82,83
1,3,4,5,6,7,8,9,10,11,12,13,14,15,16,17,18,19,20,21,22,23,24,25,26,27,28,29,30,31,32,33,34,35,36,37,38,63,64,70,71,76,77,78,79,84,85,86,87,88,2,39,40,41,42,43,44,45,46,47,48,49,50,51,52,72,73,74,75,53,54,80,81,82,83
1,3,4,5,6,7,8,9,10,11,12,13,14,15,16,17,18,19,20,21,22,23,24,25,26,27,28,29,30,31,32,33,34,35,36,37,38,63,64,70,71,76,77,78,79,84,85,86,87,88,2,39,40,41,42,43,44,45,46,47,48,49,50,51,52,72,73,74,75,53,54,80,81,82,83
1,3,4,5,6,7,8,9,10,11,12,13,14,15,16,17,18,19,20,21,22,23,24,25,26,27,28,29,30,31,32,33,34,35,36,37,38,63,64,70,71,76,77,78,79,84,85,86,87,88,2,39,40,41,42,43,44,45,46,47,48,49,50,51,52,72,73,74,75,53,54,80,81,82,83
1,3,4,5,6,7,8,9,10,11,12,13,14,15,16,17,18,19,20,21,22,23,24,25,26,27,28,29,30,31,32,33,34,35,36,37,38,63,64,70,71,76,77,78,79,84,85,86,87,88,2,39,40,41,42,43,44,45,46,47,48,49,50,51,52,72,73,74,75,53,54,80,81,82,83
1,3,4,5,6,7,8,9,10,11,12,13,14,15,16,17,18,19,20,21,22,23,24,25,26,27,28,29,30,31,32,33,34,35,36,37,38,63,64,70,71,76,77,78,79,84,85,86,87,88,2,39,40,41,42,43,44,45,46,47,48,49,50,51,52,72,73,74,75,53,54,80,81,82,83
1,3,4,5,6,7,8,9,10,11,12,13,14,15,16,17,18,19,20,21,22,23,24,25,26,27,28,29,30,31,32,33,34,35,36,37,38,63,64,70,71,76,77,78,79,84,85,86,87,88,2,39,40,41,42,43,44,45,46,47,48,49,50,51,52,72,73,74,75,53,54,80,81,82,83
1,3,4,5,6,7,8,9,10,11,12,13,14,15,16,17,18,19,20,21,22,23,24,25,26,27,28,29,30,31,32,33,34,35,36,37,38,63,64,70,71,76,77,78,79,84,85,86,87,88,2,39,40,41,42,43,44,45,46,47,48,49,50,51,52,72,73,74,75,53,54,80,81,82,83
1,3,4,5,6,7,8,9,10,11,12,13,14,15,16,17,18,19,20,21,22,23,24,25,26,27,28,29,30,31,32,33,34,35,36,37,38,63,64,70,71,76,77,78,79,84,85,86,87,88,2,39,40,41,42,43,44,45,46,47,48,49,50,51,52,72,73,74,75,53,54,80,81,82,83
1,3,4,5,6,7,8,9,10,11,12,13,14,15,16,17,18,19,20,21,22,23,24,25,26,27,28,29,30,31,32,33,34,35,36,37,38,63,64,70,71,76,77,78,79,84,85,86,87,88,2,39,40,41,42,43,44,45,46,47,48,49,50,51,52,72,73,74,75,53,54,80,81,82,83
1,3,4,5,6,7,8,9,10,11,12,13,14,15,16,17,18,19,20,21,22,23,24,25,26,27,28,29,30,31,32,33,34,35,36,37,38,63,64,70,71,76,77,78,79,84,85,86,87,88,89,2,39,40,41,42,43,44,45,46,47,48,49,50,51,52,72,73,74,75,53,54,80,81,82,83
1,3,4,5,6,7,8,9,10,11,12,13,14,15,16,17,18,19,20,21,22,23,24,25,26,27,28,29,30,31,32,33,34,35,36,37,38,63,64,70,71,76,77,78,79,84,85,86,87,88,89,2,39,40,41,42,43,44,45,46,47,48,49,50,51,52,72,73,74,75,53,54,80,81,82,83
1,3,4,5,6,7,8,9,10,11,12,13,14,15,16,17,18,19,20,21,22,23,24,25,26,27,28,29,30,31,32,33,34,35,36,37,38,63,64,70,71,76,77,78,79,84,85,86,87,88,89,2,39,40,41,42,43,44,45,46,47,48,49,50,51,52,72,73,74,75,53,54,80,81,82,83
1,3,4,5,6,7,8,9,10,11,12,13,14,15,16,17,18,19,20,21,22,23,24,25,26,27,28,29,30,31,32,33,34,35,36,37,38,63,64,70,71,76,77,78,79,84,85,86,87,88,89,2,39,40,41,42,43,44,45,46,47,48,49,50,51,52,72,73,74,75,53,54,80,81,82,83
1,3,4,5,6,7,8,9,10,11,12,13,14,15,16,17,18,19,20,21,22,23,24,25,26,27,28,29,30,31,32,33,34,35,36,37,38,63,64,70,71,76,77,78,79,84,85,86,87,88,89,2,39,40,41,42,43,44,45,46,47,48,49,50,51,52,72,73,74,75,53,54,80,81,82,83
1,3,4,5,6,7,8,9,10,11,12,13,14,15,16,17,18,19,20,21,22,23,24,25,26,27,28,29,30,31,32,33,34,35,36,37,38,63,64,70,71,76,77,78,79,84,85,86,87,88,89,2,39,40,41,42,43,44,45,46,47,48,49,50,51,52,72,73,74,75,53,54,80,81,82,83
1,3,4,5,6,7,8,9,10,11,12,13,14,15,16,17,18,19,20,21,22,23,24,25,26,27,28,29,30,31,32,33,34,35,36,37,38,63,64,70,71,76,77,78,79,84,85,86,87,88,89,2,39,40,41,42,43,44,45,46,47,48,49,50,51,52,72,73,74,75,53,54,80,81,82,83
1,3,4,5,6,7,8,9,10,11,12,13,14,15,16,17,18,19,20,21,22,23,24,25,26,27,28,29,30,31,32,33,34,35,36,37,38,63,64,70,71,76,77,78,79,84,85,86,87,88,89,2,39,40,41,42,43,44,45,46,47,48,49,50,51,52,72,73,74,75,53,54,80,81,82,83
1,3,4,5,6,7,8,9,10,11,12,13,14,15,16,17,18,19,20,21,22,23,24,25,26,27,28,29,30,31,32,33,34,35,36,37,38,63,64,70,71,76,77,78,79,84,85,86,87,88,89,90,2,39,40,41,42,43,44,45,46,47,48,49,50,51,52,72,73,74,75,53,54,80,81,82,83
1,3,4,5,6,7,8,9,10,11,12,13,14,15,16,17,18,19,20,21,22,23,24,25,26,27,28,29,30,31,32,33,34,35,36,37,38,63,64,70,71,76,77,78,79,84,85,86,87,88,89,90,2,39,40,41,42,43,44,45,46,47,48,49,50,51,52,72,73,74,75,53,54,80,81,82,83
1,3,4,5,6,7,8,9,10,11,12,13,14,15,16,17,18,19,20,21,22,23,24,25,26,27,28,29,30,31,32,33,34,35,36,37,38,63,64,70,71,76,77,78,79,84,85,86,87,88,89,90,2,39,40,41,42,43,44,45,46,47,48,49,50,51,52,72,73,74,75,53,54,80,81,82,83
1,3,4,5,6,7,8,9,10,11,12,13,14,15,16,17,18,19,20,21,22,23,24,25,26,27,28,29,30,31,32,33,34,35,36,37,38,63,64,70,71,76,77,78,79,84,85,86,87,88,89,90,2,39,40,41,42,43,44,45,46,47,48,49,50,51,52,72,73,74,75,53,54,80,81,82,83
1,3,4,5,6,7,8,9,10,11,12,13,14,15,16,17,18,19,20,21,22,23,24,25,26,27,28,29,30,31,32,33,34,35,36,37,38,63,64,70,71,76,77,78,79,84,85,86,87,88,89,90,2,39,40,41,42,43,44,45,46,47,48,49,50,51,52,72,73,74,75,53,54,80,81,82,83
1,3,4,5,6,7,8,9,10,11,12,13,14,15,16,17,18,19,20,21,22,23,24,25,26,27,28,29,30,31,32,33,34,35,36,37,38,63,64,70,71,76,77,78,79,84,85,86,87,88,89,90,2,39,40,41,42,43,44,45,46,47,48,49,50,51,52,72,73,74,75,53,54,80,81,82,83
1,3,4,5,6,7,8,9,10,11,12,13,14,15,16,17,18,19,20,21,22,23,24,25,26,27,28,29,30,31,32,33,34,35,36,37,38,63,64,70,71,76,77,78,79,84,85,86,87,88,89,90,2,39,40,41,42,43,44,45,46,47,48,49,50,51,52,72,73,74,75,53,54,80,81,82,83
1,3,4,5,6,7,8,9,10,11,12,13,14,15,16,17,18,19,20,21,22,23,24,25,26,27,28,29,30,31,32,33,34,35,36,37,38,63,64,70,71,76,77,78,79,84,85,86,87,88,89,90,2,39,40,41,42,43,44,45,46,47,48,49,50,51,52,72,73,74,75,53,54,80,81,82,83
1,3,4,5,6,7,8,9,10,11,12,13,14,15,16,17,18,19,20,21,22,23,24,25,26,27,28,29,30,31,32,33,34,35,36,37,38,63,64,70,71,76,77,78,79,84,85,86,87,88,89,90,2,39,40,41,42,43,44,45,46,47,48,49,50,51,52,72,73,74,75,53,54,80,81,82,83
1,3,4,5,6,7,8,9,10,11,12,13,14,15,16,17,18,19,20,21,22,23,24,25,26,27,28,29,30,31,32,33,34,35,36,37,38,63,64,70,71,76,77,78,79,84,85,86,87,88,89,90,2,39,40,41,42,43,44,45,46,47,48,49,50,51,52,72,73,74,75,53,54,80,81,82,83
1,3,4,5,6,7,8,9,10,11,12,13,14,15,16,17,18,19,20,21,22,23,24,25,26,27,28,29,30,31,32,33,34,35,36,37,38,63,64,70,71,76,77,78,79,84,85,86,87,88,89,90,2,39,40,41,42,43,44,45,46,47,48,49,50,51,52,72,73,74,75,53,54,80,81,82,83
1,3,4,5,6,7,8,9,10,11,12,13,14,15,16,17,18,19,20,21,22,23,24,25,26,27,28,29,30,31,32,33,34,35,36,37,38,63,64,70,71,76,77,78,79,84,85,86,87,88,89,90,2,39,40,41,42,43,44,45,46,47,48,49,50,51,52,72,73,74,75,53,54,80,81,82,83
1,3,4,5,6,7,8,9,10,11,12,13,14,15,16,17,18,19,20,21,22,23,24,25,26,27,28,29,30,31,32,33,34,35,36,37,38,63,64,70,71,76,77,78,79,84,85,86,87,88,89,90,2,39,65,92,93,94,95,40,41,42,43,44,45,46,47,48,49,50,51,52,72,73,74,75,53,54,80,81,82,83,55,56,96,97,98,99
1,3,4,5,6,7,8,9,10,11,12,13,14,15,16,17,18,19,20,21,22,23,24,25,26,27,28,29,30,31,32,33,34,35,36,37,38,63,64,70,71,76,77,78,79,84,85,86,87,88,89,90,2,39,65,92,93,94,95,40,41,42,43,44,45,46,47,48,49,50,51,52,72,73,74,75,53,54,80,81,82,83,55,56,96,97,98,99
1,3,4,5,6,7,8,9,10,11,12,13,14,15,16,17,18,19,20,21,22,23,24,25,26,27,28,29,30,31,32,33,34,35,36,37,38,63,64,70,71,76,77,78,79,84,85,86,87,88,89,90,2,39,65,92,93,94,95,40,41,42,43,44,45,46,47,48,49,50,51,52,72,73,74,75,53,54,80,81,82,83,55,56,96,97,98,99
1,3,4,5,6,7,8,9,10,11,12,13,14,15,16,17,18,19,20,21,22,23,24,25,26,27,28,29,30,31,32,33,34,35,36,37,38,63,64,70,71,76,77,78,79,84,85,86,87,88,89,90,91,2,39,65,92,93,94,95,40,41,42,43,44,45,46,47,48,49,50,51,52,72,73,74,75,53,54,80,81,82,83,55,56,96,97,98,99
1,3,4,5,6,7,8,9,10,11,12,13,14,15,16,17,18,19,20,21,22,23,24,25,26,27,28,29,30,31,32,33,34,35,36,37,38,63,64,70,71,76,77,78,79,84,85,86,87,88,89,90,91,2,39,65,92,93,94,95,40,41,42,43,44,45,46,47,48,49,50,51,52,72,73,74,75,53,54,80,81,82,83,55,56,96,97,98,99
1,3,4,5,6,7,8,9,10,11,12,13,14,15,16,17,18,19,20,21,22,23,24,25,26,27,28,29,30,31,32,33,34,35,36,37,38,63,64,70,71,76,77,78,79,84,85,86,87,88,89,90,91,2,39,65,92,93,94,95,40,41,42,43,44,45,46,47,48,49,50,51,52,72,73,74,75,53,54,80,81,82,83,55,56,96,97,98,99
1,3,4,5,6,7,8,9,10,11,12,13,14,15,16,17,18,19,20,21,22,23,24,25,26,27,28,29,30,31,32,33,34,35,36,37,38,63,64,70,71,76,77,78,79,84,85,86,87,88,89,90,91,2,39,65,92,93,94,95,40,41,42,43,44,45,46,47,48,49,50,51,52,72,73,74,75,53,54,80,81,82,83,55,56,96,97,98,99
1,3,4,5,6,7,8,9,10,11,12,13,14,15,16,17,18,19,20,21,22,23,24,25,26,27,28,29,30,31,32,33,34,35,36,37,38,63,64,70,71,76,77,78,79,84,85,86,87,88,89,90,91,2,39,65,92,93,94,95,40,41,42,43,44,45,46,47,48,49,50,51,52,72,73,74,75,53,54,80,81,82,83,55,56,96,97,98,99
1,3,4,5,6,7,8,9,10,11,12,13,14,15,16,17,18,19,20,21,22,23,24,25,26,27,28,29,30,31,32,33,34,35,36,37,38,63,64,70,71,76,77,78,79,84,85,86,87,88,89,90,91,2,39,65,92,93,94,95,40,41,42,43,44,45,46,47,48,49,50,51,52,72,73,74,75,53,54,80,81,82,83,55,56,96,97,98,99
1,3,4,5,6,7,8,9,10,11,12,13,14,15,16,17,18,19,20,21,22,23,24,25,26,27,28,29,30,31,32,33,34,35,36,37,38,63,64,70,71,76,77,78,79,84,85,86,87,88,89,90,91,2,39,65,92,93,94,95,40,41,42,43,44,45,46,47,48,49,50,51,52,72,73,74,75,53,54,80,81,82,83,55,56,96,97,98,99
1,3,4,5,6,7,8,9,10,11,12,13,14,15,16,17,18,19,20,21,22,23,24,25,26,27,28,29,30,31,32,33,34,35,36,37,38,63,64,70,71,76,77,78,79,84,85,86,87,88,89,90,91,2,39,65,92,93,94,95,40,41,42,43,44,45,46,47,48,49,50,51,52,72,73,74,75,53,54,80,81,82,83,55,56,96,97,98,99
1,3,4,5,6,7,8,9,10,11,12,13,14,15,16,17,18,19,20,21,22,23,24,25,26,27,28,29,30,31,32,33,34,35,36,37,38,63,64,70,71,76,77,78,79,84,85,86,87,88,89,90,91,2,39,65,92,93,94,95,40,41,42,43,44,45,46,47,48,49,50,51,52,72,73,74,75,53,54,80,81,82,83,55,56,96,97,98,99
1,3,4,5,6,7,8,9,10,11,12,13,14,15,16,17,18,19,20,21,22,23,24,25,26,27,28,29,30,31,32,33,34,35,36,37,38,63,64,70,71,76,77,78,79,84,85,86,87,88,89,90,91,2,39,65,92,93,94,95,40,41,42,43,44,45,46,47,48,49,50,51,52,72,73,74,75,53,54,80,81,82,83,55,56,96,97,98,99
1,3,4,5,6,7,8,9,10,11,12,13,14,15,16,17,18,19,20,21,22,23,24,25,26,27,28,29,30,31,32,33,34,35,36,37,38,63,64,70,71,76,77,78,79,84,85,86,87,88,89,90,91,2,39,65,92,93,94,95,40,41,42,43,44,45,46,47,48,49,50,51,52,72,73,74,75,53,54,80,81,82,83,55,56,96,97,98,99
1,3,4,5,6,7,8,9,10,11,12,13,14,15,16,17,18,19,20,21,22,23,24,25,26,27,28,29,30,31,32,33,34,35,36,37,38,63,64,70,71,76,77,78,79,84,85,86,87,88,89,90,91,2,39,65,92,93,94,95,40,41,42,43,44,45,46,47,48,49,50,51,52,72,73,74,75,53,54,80,81,82,83,55,56,96,97,98,99
1,3,4,5,6,7,8,9,10,11,12,13,14,15,16,17,18,19,20,21,22,23,24,25,26,27,28,29,30,31,32,33,34,35,36,37,38,63,64,70,71,76,77,78,79,84,85,86,87,88,89,90,91,2,39,65,92,93,94,95,40,41,42,43,44,45,46,47,48,49,50,51,52,72,73,74,75,53,54,80,81,82,83,55,56,96,97,98,99
1,3,4,5,6,7,8,9,10,11,12,13,14,15,16,17,18,19,20,21,22,23,24,25,26,27,28,29,30,31,32,33,34,35,36,37,38,63,64,70,71,76,77,78,79,84,85,86,87,88,89,90,91,2,39,65,92,93,94,95,40,41,42,43,44,45,46,47,48,49,50,51,52,72,73,74,75,53,54,80,81,82,83,55,56,96,97,98,99
1,3,4,5,6,7,8,9,10,11,12,13,14,15,16,17,18,19,20,21,22,23,24,25,26,27,28,29,30,31,32,33,34,35,36,37,38,63,64,70,71,76,77,78,79,84,85,86,87,88,89,90,91,2,39,65,92,93,94,95,40,41,42,43,44,45,46,47,48,49,50,51,52,72,73,74,75,53,54,80,81,82,83,55,56,96,97,98,99
1,3,4,5,6,7,8,9,10,11,12,13,14,15,16,17,18,19,20,21,22,23,24,25,26,27,28,29,30,31,32,33,34,35,36,37,38,63,64,70,71,76,77,78,79,84,85,86,87,88,89,90,91,2,39,65,92,93,94,95,40,41,42,43,44,45,46,47,48,49,50,51,52,72,73,74,75,53,54,80,81,82,83,55,56,96,97,98,99
1,3,4,5,6,7,8,9,10,11,12,13,14,15,16,17,18,19,20,21,22,23,24,25,26,27,28,29,30,31,32,33,34,35,36,37,38,63,64,70,71,76,77,78,79,84,85,86,87,88,89,90,91,2,39,65,92,93,94,95,40,41,42,43,44,45,46,47,48,49,50,51,52,72,73,74,75,53,54,80,81,82,83,55,56,96,97,98,99
1,3,4,5,6,7,8,9,10,11,12,13,14,15,16,17,18,19,20,21,22,23,24,25,26,27,28,29,30,31,32,33,34,35,36,37,38,63,64,70,71,76,77,78,79,84,85,86,87,88,89,90,91,2,39,65,92,93,94,95,40,41,42,43,44,45,46,47,48,49,50,51,52,72,73,74,75,53,54,80,81,82,83,55,56,96,97,98,99
1,3,4,5,6,7,8,9,10,11,12,13,14,15,16,17,18,19,20,21,22,23,24,25,26,27,28,29,30,31,32,33,34,35,36,37,38,63,64,70,71,76,77,78,79,84,85,86,87,88,89,90,91,2,39,65,92,93,94,95,40,41,42,43,44,45,46,47,48,49,50,51,52,72,73,74,75,53,54,80,81,82,83,55,56,96,97,98,99
1,3,4,5,6,7,8,9,10,11,12,13,14,15,16,17,18,19,20,21,22,23,24,25,26,27,28,29,30,31,32,33,34,35,36,37,38,63,64,70,71,76,77,78,79,84,85,86,87,88,89,90,91,2,39,65,92,93,94,95,40,41,42,43,44,45,46,47,48,49,50,51,52,72,73,74,75,53,54,80,81,82,83,55,56,96,97,98,99
1,3,4,5,6,7,8,9,10,11,12,13,14,15,16,17,18,19,20,21,22,23,24,25,26,27,28,29,30,31,32,33,34,35,36,37,38,63,64,70,71,76,77,78,79,84,85,86,87,88,89,90,91,2,39,65,92,93,94,95,40,41,42,43,44,45,46,47,48,49,50,51,52,72,73,74,75,53,54,80,81,82,83,55,56,96,97,98,99
1,3,4,5,6,7,8,9,10,11,12,13,14,15,16,17,18,19,20,21,22,23,24,25,26,27,28,29,30,31,32,33,34,35,36,37,38,63,64,70,71,76,77,78,79,84,85,86,87,88,89,90,91,2,39,65,92,93,94,95,40,41,42,43,44,45,46,47,48,49,50,51,52,72,73,74,75,53,54,80,81,82,83,55,56,96,97,98,99
1,3,4,5,6,7,8,9,10,11,12,13,14,15,16,17,18,19,20,21,22,23,24,25,26,27,28,29,30,31,32,33,34,35,36,37,38,63,64,70,71,76,77,78,79,84,85,86,87,88,89,90,91,2,39,65,92,93,94,95,40,41,42,43,44,45,46,47,48,49,50,51,52,72,73,74,75,53,54,80,81,82,83,55,56,96,97,98,99
1,3,4,5,6,7,8,9,10,11,12,13,14,15,16,17,18,19,20,21,22,23,24,25,26,27,28,29,30,31,32,33,34,35,36,37,38,63,64,70,71,76,77,78,79,84,85,86,87,88,89,90,91,2,39,65,92,93,94,95,40,41,42,43,44,45,46,47,48,49,50,51,52,72,73,74,75,53,54,80,81,82,83,55,56,96,97,98,99
1,3,4,5,6,7,8,9,10,11,12,13,14,15,16,17,18,19,20,21,22,23,24,25,26,27,28,29,30,31,32,33,34,35,36,37,38,63,64,70,71,76,77,78,79,84,85,86,87,88,89,90,91,2,39,65,92,93,94,95,40,41,42,43,44,45,46,47,48,49,50,51,52,72,73,74,75,53,54,80,81,82,83,55,56,96,97,98,99
1,3,4,5,6,7,8,9,10,11,12,13,14,15,16,17,18,19,20,21,22,23,24,25,26,27,28,29,30,31,32,33,34,35,36,37,38,63,64,70,71,76,77,78,79,84,85,86,87,88,89,90,91,2,39,65,92,93,94,95,40,41,42,43,44,45,46,47,48,49,50,51,52,72,73,74,75,53,54,80,81,82,83,55,56,96,97,98,99
1,3,4,5,6,7,8,9,10,11,12,13,14,15,16,17,18,19,20,21,22,23,24,25,26,27,28,29,30,31,32,33,34,35,36,37,38,63,64,70,71,76,77,78,79,84,85,86,87,88,89,90,91,2,39,65,92,93,94,95,40,41,42,43,44,45,46,47,48,49,50,51,52,72,73,74,75,53,54,80,81,82,83,55,56,96,97,98,99
1,3,4,5,6,7,8,9,10,11,12,13,14,15,16,17,18,19,20,21,22,23,24,25,26,27,28,29,30,31,32,33,34,35,36,37,38,63,64,70,71,76,77,78,79,84,85,86,87,88,89,90,91,2,39,65,92,93,94,95,40,41,42,43,44,45,46,47,48,49,50,51,52,72,73,74,75,53,54,80,81,82,83,55,56,96,97,98,99
1,3,4,5,6,7,8,9,10,11,12,13,14,15,16,17,18,19,20,21,22,23,24,25,26,27,28,29,30,31,32,33,34,35,36,37,38,63,64,70,71,76,77,78,79,84,85,86,87,88,89,90,91,2,39,65,92,93,94,95,40,41,42,43,44,45,46,47,48,49,50,51,52,72,73,74,75,53,54,80,81,82,83,55,56,96,97,98,99
1,3,4,5,6,7,8,9,10,11,12,13,14,15,16,17,18,19,20,21,22,23,24,25,26,27,28,29,30,31,32,33,34,35,36,37,38,63,64,70,71,76,77,78,79,84,85,86,87,88,89,90,91,2,39,65,92,93,94,95,40,41,42,43,44,45,46,47,48,49,50,51,52,72,73,74,75,53,54,80,81,82,83,55,56,96,97,98,99
1,3,4,5,6,7,8,9,10,11,12,13,14,15,16,17,18,19,20,21,22,23,24,25,26,27,28,29,30,31,32,33,34,35,36,37,38,63,64,70,71,76,77,78,79,84,85,86,87,88,89,90,91,2,39,65,92,93,94,95,40,41,42,43,44,45,46,47,48,49,50,51,52,72,73,74,75,53,54,80,81,82,83,55,56,96,97,98,99
1,3,4,5,6,7,8,9,10,11,12,13,14,15,16,17,18,19,20,21,22,23,24,25,26,27,28,29,30,31,32,33,34,35,36,37,38,63,64,70,71,76,77,78,79,84,85,86,87,88,89,90,91,2,39,65,92,93,94,95,40,41,42,43,44,45,46,47,48,49,50,51,52,72,73,74,75,53,54,80,81,82,83,55,56,96,97,98,99
1,3,4,5,6,7,8,9,10,11,12,13,14,15,16,17,18,19,20,21,22,23,24,25,26,27,28,29,30,31,32,33,34,35,36,37,38,63,64,70,71,76,77,78,79,84,85,86,87,88,89,90,91,2,39,65,92,93,94,95,40,41,42,43,44,45,46,47,48,49,50,51,52,72,73,74,75,53,54,80,81,82,83,55,56,96,97,98,99
1,3,4,5,6,7,8,9,10,11,12,13,14,15,16,17,18,19,20,21,22,23,24,25,26,27,28,29,30,31,32,33,34,35,36,37,38,63,64,70,71,76,77,78,79,84,85,86,87,88,89,90,91,2,39,65,92,93,94,95,40,41,42,43,44,45,46,47,48,49,50,51,52,72,73,74,75,53,54,80,81,82,83,55,56,96,97,98,99
1,3,4,5,6,7,8,9,10,11,12,13,14,15,16,17,18,19,20,21,22,23,24,25,26,27,28,29,30,31,32,33,34,35,36,37,38,63,64,70,71,76,77,78,79,84,85,86,87,88,89,90,91,2,39,65,92,93,94,95,40,41,42,43,44,45,46,47,48,49,50,51,52,72,73,74,75,53,54,80,81,82,83,55,56,96,97,98,99
1,3,4,5,6,7,8,9,10,11,12,13,14,15,16,17,18,19,20,21,22,23,24,25,26,27,28,29,30,31,32,33,34,35,36,37,38,63,64,70,71,76,77,78,79,84,85,86,87,88,89,90,91,2,39,65,92,93,94,95,40,41,42,43,44,45,46,47,48,49,50,51,52,72,73,74,75,53,54,80,81,82,83,55,56,96,97,98,99
1,3,4,5,6,7,8,9,10,11,12,13,14,15,16,17,18,19,20,21,22,23,24,25,26,27,28,29,30,31,32,33,34,35,36,37,38,63,64,70,71,76,77,78,79,84,85,86,87,88,89,90,91,2,39,65,92,93,94,95,40,41,42,43,44,45,46,47,48,49,50,51,52,72,73,74,75,53,54,80,81,82,83,55,56,96,97,98,99
1,3,4,5,6,7,8,9,10,11,12,13,14,15,16,17,18,19,20,21,22,23,24,25,26,27,28,29,30,31,32,33,34,35,36,37,38,63,64,70,71,76,77,78,79,84,85,86,87,88,89,90,91,2,39,65,92,93,94,95,40,41,42,43,44,45,46,47,48,49,50,51,52,72,73,74,75,53,54,80,81,82,83,55,56,96,97,98,99
1,3,4,5,6,7,8,9,10,11,12,13,14,15,16,17,18,19,20,21,22,23,24,25,26,27,28,29,30,31,32,33,34,35,36,37,38,63,64,70,71,76,77,78,79,84,85,86,87,88,89,90,91,2,39,65,92,93,94,95,40,41,42,43,44,45,46,47,48,49,50,51,52,72,73,74,75,53,54,80,81,82,83,55,56,96,97,98,99
1,3,4,5,6,7,8,9,10,11,12,13,14,15,16,17,18,19,20,21,22,23,24,25,26,27,28,29,30,31,32,33,34,35,36,37,38,63,64,70,71,76,77,78,79,84,85,86,87,88,89,90,91,2,39,65,92,93,94,95,40,41,42,43,44,45,46,47,48,49,50,51,52,72,73,74,75,53,54,80,81,82,83,55,56,96,97,98,99
1,3,4,5,6,7,8,9,10,11,12,13,14,15,16,17,18,19,20,21,22,23,24,25,26,27,28,29,30,31,32,33,34,35,36,37,38,63,64,70,71,76,77,78,79,84,85,86,87,88,89,90,91,2,39,65,92,93,94,95,40,41,42,43,44,45,46,47,48,49,50,51,52,72,73,74,75,53,54,80,81,82,83,55,56,96,97,98,99
1,3,4,5,6,7,8,9,10,11,12,13,14,15,16,17,18,19,20,21,22,23,24,25,26,27,28,29,30,31,32,33,34,35,36,37,38,63,64,70,71,76,77,78,79,84,85,86,87,88,89,90,91,2,39,65,92,93,94,95,40,41,42,43,44,45,46,47,48,49,50,51,52,72,73,74,75,53,54,80,81,82,83,55,56,96,97,98,99
1,3,4,5,6,7,8,9,10,11,12,13,14,15,16,17,18,19,20,21,22,23,24,25,26,27,28,29,30,31,32,33,34,35,36,37,38,63,64,70,71,76,77,78,79,84,85,86,87,88,89,90,91,2,39,65,92,93,94,95,40,41,42,43,44,45,46,47,48,49,50,51,52,72,73,74,75,53,54,80,81,82,83,55,56,96,97,98,99
1,3,4,5,6,7,8,9,10,11,12,13,14,15,16,17,18,19,20,21,22,23,24,25,26,27,28,29,30,31,32,33,34,35,36,37,38,63,64,70,71,76,77,78,79,84,85,86,87,88,89,90,91,2,39,65,92,93,94,95,40,41,42,43,44,45,46,47,48,49,50,51,52,72,73,74,75,53,54,80,81,82,83,55,56,96,97,98,99
1,3,4,5,6,7,8,9,10,11,12,13,14,15,16,17,18,19,20,21,22,23,24,25,26,27,28,29,30,31,32,33,34,35,36,37,38,63,64,70,71,76,77,78,79,84,85,86,87,88,89,90,91,2,39,65,92,93,94,95,40,41,42,43,44,45,46,47,48,49,50,51,52,72,73,74,75,53,54,80,81,82,83,55,56,96,97,98,99
1,3,4,5,6,7,8,9,10,11,12,13,14,15,16,17,18,19,20,21,22,23,24,25,26,27,28,29,30,31,32,33,34,35,36,37,38,63,64,70,71,76,77,78,79,84,85,86,87,88,89,90,91,2,39,65,92,93,94,95,40,41,42,43,44,45,46,47,48,49,50,51,52,72,73,74,75,53,54,80,81,82,83,55,56,96,97,98,99
1,3,4,5,6,7,8,9,10,11,12,13,14,15,16,17,18,19,20,21,22,23,24,25,26,27,28,29,30,31,32,33,34,35,36,37,38,63,64,70,71,76,77,78,79,84,85,86,87,88,89,90,91,2,39,65,92,93,94,95,40,41,42,43,44,45,46,47,48,49,50,51,52,72,73,74,75,53,54,80,81,82,83,55,56,96,97,98,99
1,3,4,5,6,7,8,9,10,11,12,13,14,15,16,17,18,19,20,21,22,23,24,25,26,27,28,29,30,31,32,33,34,35,36,37,38,63,64,70,71,76,77,78,79,84,85,86,87,88,89,90,91,2,39,65,92,93,94,95,40,41,42,43,44,45,46,47,48,49,50,51,52,72,73,74,75,53,54,80,81,82,83,55,56,96,97,98,99
1,3,4,5,6,7,8,9,10,11,12,13,14,15,16,17,18,19,20,21,22,23,24,25,26,27,28,29,30,31,32,33,34,35,36,37,38,63,64,70,71,76,77,78,79,84,85,86,87,88,89,90,91,2,39,65,92,93,94,95,40,41,42,43,44,45,46,47,48,49,50,51,52,72,73,74,75,53,54,80,81,82,83,55,56,96,97,98,99
1,3,4,5,6,7,8,9,10,11,12,13,14,15,16,17,18,19,20,21,22,23,24,25,26,27,28,29,30,31,32,33,34,35,36,37,38,63,64,70,71,76,77,78,79,84,85,86,87,88,89,90,91,2,39,65,92,93,94,95,40,41,42,43,44,45,46,47,48,49,50,51,52,72,73,74,75,53,54,80,81,82,83,55,56,96,97,98,99
1,3,4,5,6,7,8,9,10,11,12,13,14,15,16,17,18,19,20,21,22,23,24,25,26,27,28,29,30,31,32,33,34,35,36,37,38,63,64,70,71,76,77,78,79,84,85,86,87,88,89,90,91,2,39,65,92,93,94,95,40,41,42,43,44,45,46,47,48,49,50,51,52,72,73,74,75,53,54,80,81,82,83,55,56,96,97,98,99
1,3,4,5,6,7,8,9,10,11,12,13,14,15,16,17,18,19,20,21,22,23,24,25,26,27,28,29,30,31,32,33,34,35,36,37,38,63,64,70,71,76,77,78,79,84,85,86,87,88,89,90,91,2,39,65,92,93,94,95,40,41,42,43,44,45,46,47,48,49,50,51,52,72,73,74,75,53,54,80,81,82,83,55,56,96,97,98,99
1,3,4,5,6,7,8,9,10,11,12,13,14,15,16,17,18,19,20,21,22,23,24,25,26,27,28,29,30,31,32,33,34,35,36,37,38,63,64,70,71,76,77,78,79,84,85,86,87,88,89,90,91,2,39,65,92,93,94,95,40,41,42,43,44,45,46,47,48,49,50,51,52,72,73,74,75,53,54,80,81,82,83,55,56,96,97,98,99
