0.05807183458172375,0.9045822196680094,0.9945037074118169
0.058188442009093566,0.9155737812902489,0.9960059263266786
0.05830522915543534,0.9265684816357672,0.9975252860025274
0.05842257652530541,0.9376113647020369,0.9990615641846212
0.05853967554131826,0.9486170840351265,1.000614820018888
0.058657290065961445,0.9596541882578654,1.0021853516721617
0.05877478454731097,0.9706811500076299,1.0037731972694537
0.058892549380481746,0.981714469588122,1.0053786493454269
0.05901076340045123,0.9927675350648152,1.0070015851208904
0.059129209431873046,1.0038286304935804,1.0086426152008943
0.059248138057881386,1.0149301071583718,1.0103015315467494
0.05936720245370119,1.0260478669906818,1.011978662831093
0.059485844085584216,1.037100133279692,1.0136742824409286
0.059604254790198576,1.0481324994748427,1.015388466609805
0.059723665608230406,1.0592308601407388,1.0171213218229347
0.05984325513570119,1.0703330563829323,1.018872788208684
0.059962810370086106,1.0814265758298065,1.0206436307147841
0.06009312140275868,1.0925442245798969,1.0224391149301144
0.06022368686044593,1.1036850128696565,1.0242515137097248
0.060353262200427665,1.1147251472439383,1.0260809546801914
0.060483907776119034,1.1258310890135965,1.0279272782736744
0.06061465167497853,1.1369320885699503,1.029790721015959
0.0607511861836658,1.148007821749175,1.0316711827214158
0.06088797948359395,1.1590887526398796,1.0335688008024726
0.06102521037349783,1.1701982759923877,1.0354834925142578
0.06115154471371786,1.18133733264106,1.0374097177471289
0.06127653279197557,1.192348869793272,1.0393563654290483
0.06140247215648212,1.2034318223264375,1.0413235030651262
0.061528880043453686,1.2145355569282026,1.0433116592003269
0.06165548174599267,1.2256438269060317,1.0453206076661279
0.06178229230755577,1.236757844754143,1.0473509948540551
0.0619079956569738,1.2476821272026948,1.049402891849339
0.06203657394584952,1.2588389167024054,1.0514763136098535
0.062164929500239025,1.2699875289649447,1.0535716863698725
0.062293551173004724,1.2811586426643666,1.0556891250280505
0.062421915020296405,1.292321185208254,1.0578285421388538
0.06255063912168195,1.3035127672430564,1.0599900000203437
0.06267948502020004,1.314719318337272,1.0621741876432516
0.06280808309237845,1.3259146700174225,1.0643815116650959
0.06293612406581835,1.3370535410437558,1.0666122398417606
0.06306486280077216,1.3482377297692034,1.0688663249014398
0.06320553651493409,1.3594073641427753,1.071150633627946
0.06334658917288032,1.3705912352594904,1.0734539114090083
0.06348775279028011,1.3817716955883839,1.075776302813558
0.0636289333846052,1.3929566896205856,1.07811773549404
0.0637697861093557,1.404091560505525,1.0804783126636683
0.06391096996611706,1.41524554353162,1.0828579123123243
0.06405254570048229,1.4264115234796988,1.0852564935926028
0.06419394713124249,1.4375582807174414,1.0876740259861888
0.06432293000606813,1.448704176891117,1.090103854282739
0.06445259850746908,1.4598872412585626,1.0925587695399663
0.06458255908699433,1.4710957906443602,1.095038718578767
0.06471190302406567,1.4822646480700017,1.0975443590625362
0.06484107865997073,1.4933883213750532,1.1000756081971346
0.06497126919913651,1.5045813418328873,1.1026329737342768
0.06510163179776852,1.5157797109153195,1.1052163795887742
0.06523734476552653,1.5269537268885367,1.1078263842052196
0.06537371811662113,1.5381581067200336,1.110462663736192
0.06551037939262137,1.5493847513048917,1.1131263384683192
0.06564721439070365,1.5606314340207121,1.11581743304075
0.06578338409633776,1.5717937349169275,1.1185354698303316
0.06592049559215304,1.583020377766731,1.121281549070883
0.06605773273551088,1.5942546659988082,1.124056220597059
0.06619541366887353,1.6055095314861259,1.126859043649669
0.06633326897010783,1.6167698621432458,1.1296902216302784
0.06648398818239358,1.627946631052664,1.1325585577756605
0.06663553837856243,1.639176679157599,1.135448071266987
0.06678757840322742,1.6504382116250202,1.1383584723540787
0.06693963983576284,1.6617070213553544,1.1412899296610006
0.06709254445664581,1.6728635241086758,1.1442421930328937
0.06724871521885582,1.6840716109408462,1.1472153523550792
0.0674064259961069,1.6952418307076689,1.1502092470909058
0.06756646660425719,1.706436999233844,1.1532236952788986
0.06771406214411273,1.717656498909994,1.156251105467781
0.06786236148384747,1.7288603252066872,1.1593093883919556
0.06801162203984754,1.7400406903830454,1.1623987626448968
0.06816208178674092,1.7512468824343455,1.1655193844956473
0.06831332277870004,1.7624576766215285,1.1686717104157645
0.06846523425219463,1.7736733860781717,1.1718559953207714
0.06861772291018421,1.784894152909002,1.175072685903287
0.06877049259051671,1.7961078499719656,1.17832237528596
0.0689238539896284,1.8073560903754669,1.1816046530179942
0.06907722505635117,1.8185572621259904,1.1849207785827374
0.06923140935126133,1.8297984870636759,1.1882705726537144
0.06938589081595559,1.8410431876479614,1.191652719688864
0.06954070208414372,1.852295307190894,1.1950704550547495
0.06969579315887382,1.8635527059192627,1.1985233319839692
0.0698505402413602,1.8747840976523162,1.2020113438158366
0.07001371767614799,1.8860182488084591,1.2055343612282832
0.07019308201301648,1.8972642892167326,1.2091025485819036
0.07037290424436872,1.9084894859501493,1.2126936476257677
0.07055332013837372,1.919743875373608,1.2163078405145478
0.07073389294301567,1.9309949466664247,1.2199449544032008
0.07091462089093921,1.942242915184539,1.2236050412405755
0.07109550869134595,1.9534883079912722,1.2272877529834405
0.07127600902803406,1.9647159492296706,1.230992727437358
0.07145726016663388,1.975987935569598,1.2347202517682587
0.07162184942480351,1.987210875446448,1.2384599876406392
0.07178671067656059,1.998453869251488,1.2422381801251685
0.07195152204669363,2.0096871164234584,1.2460557277628301
0.07211681017768615,2.0209407849748646,1.2499107652103225
0.07228231251386837,2.0322016445725652,1.253806720587972
0.07244820500144783,2.043498985083724,1.2577426739528852
0.07261363701476377,2.0547338266629516,1.2617190158605682
0.07277974017417048,2.066008164817071,1.26573594613695
0.07294604246117743,2.07728615237439,1.269793326325867
0.07311163201122609,2.088522115639508,1.2738932104973113
0.07327830068645498,2.099806963998906,1.2780348654169689
0.07344516298409895,2.111095158753929,1.2822184487455062
0.07361186809508316,2.1223713540645486,1.286444709112164
0.0737793050942704,2.133701321951692,1.2907148008334197
0.07394593431807049,2.144961261048484,1.2950285214519657
0.07411349686554934,2.156271070145857,1.2993847006418244
0.07429836370878164,2.167542304162638,1.3037970483756187
0.07448406798716604,2.1788494354795755,1.308234799345654
0.07467420884073918,2.190122688598768,1.312697779350274
0.07486514312914773,2.201436402566792,1.3171857202326387
0.07505614336823066,2.212762511992309,1.3216984773615466
0.07524658246983595,2.22400486724933,1.326235712212727
0.07543746396903758,2.2352799277470954,1.3307961704248024
0.07562881224304739,2.2465663685698214,1.3353798896780038
0.07580211628680532,2.257895376732978,1.339976555698365
0.0759745121749349,2.2691749544962128,1.3446214683287545
0.07614733368841432,2.280489675233583,1.3493142893880123
0.07631991673170625,2.2917612540086885,1.3540547772465172
0.07649317732682552,2.303072849641226,1.35884284156471
0.07666650991332152,2.3144047519413085,1.363681125254849
0.07686279401595825,2.3254521025265253,1.3685694363652372
0.07710134897656845,2.3362174947923635,1.3735076866156124
0.07740419040263292,2.3464369217380496,1.378496378365836
0.07780316015494732,2.3553895285949156,1.3835360830312613
0.07832015082668471,2.361701980688311,1.3886271528489436
0.07894839941917565,2.3647988433274243,1.393770011552344
0.07964710580920736,2.365776154651393,1.3989651163864165
0.08038335052150078,2.3660289937649663,1.4042129667515146
0.08113905196625504,2.366131376485141,1.4095139653281548
0.08192107845287652,2.3662125795407216,1.4148685668054584
0.08271142589315199,2.3662933605865404,1.420287898770228
0.08350681603919057,2.3663752410879053,1.4257337246387067
0.08430595546040656,2.3664587513933397,1.4312055685453082
0.08510763705337313,2.3665439940012,1.4367031396910726
0.08591117065935296,2.36663103359303,1.442226045660769
0.08671575590730111,2.3667199297517167,1.447773854237078
0.08752135389219097,2.366810748519581,1.4533460269945326
0.0883429689767127,2.366903555835647,1.458942314631165
0.08916416922173263,2.3669980734888965,1.4645464911706865
0.0899858104510573,2.367095391192815,1.4702141928704189
0.09080711950831134,2.367195513979187,1.4759376737690915
0.09162791974755369,2.3672985701676246,1.4817171625684764
0.09244837701730796,2.3674048176735467,1.487559570867213
0.09326837911679177,2.367514354490782,1.4934619851877846
0.09408788297961432,2.367627338144461,1.4994242716840622
0.09492173828178913,2.367743941739446,1.5054464928346967
0.09575484718374473,2.367864333186516,1.5115277388343626
0.0965871078894363,2.367988718418489,1.5176683355743092
0.09741849963545685,2.36811739367909,1.5238722152980904
0.09824892640220767,2.3682504383692966,1.5301316163358107
0.0990784373288604,2.368388373084968,1.5364592249862494
0.09990692813897345,2.368531366246733,1.5428493121675633
0.10073445416260295,2.3686797000684274,1.549300580447992
0.10156086632190375,2.3688337739871344,1.5558156387419213
0.10240534538184978,2.368994234200855,1.5624065442052582
0.10324854615908681,2.369160208842097,1.5690225827757294
0.10409080232347295,2.369332087078304,1.5756617450649157
0.10493211802855942,2.369510256566229,1.5823233458660928
0.10577230812817856,2.369695164672247,1.5890075262219439
0.10661137919501769,2.369887416004029,1.5957142970120834
0.10744936024835379,2.3700874108182597,1.6024412168006983
0.10828612710728985,2.3702956842725937,1.6091858808476383
0.10912139779610588,2.3705125014827977,1.615924017732602
0.10997102463035575,2.3707408411276893,1.6227359985924892
0.1108195024059125,2.3709813530835646,1.6296086043745353
0.11166677296851704,2.3712349636609686,1.636534082706058
0.11251283260440215,2.3715034707427485,1.6435245020671534
0.11335767745580178,2.3717882105361,1.650572076645544
0.11420123841466051,2.3720908537064744,1.6576717464659663
0.11504339766405292,2.3724136439567216,1.6648246608652237
0.1158843247547013,2.3727588520854064,1.6720228124559722
0.11674157222826483,2.3731259626174355,1.679221300142444
0.11759756737236551,2.373525976624748,1.6864959787808886
0.11845214869313488,2.37395884008548,1.693794332269577
0.11930546082116651,2.3744296267876908,1.7010974689946776
0.12015740077027624,2.3749446557580076,1.7083678463565957
0.1210079836973319,2.3755118295798208,1.715493407714252
0.1218572111178775,2.3761411210034598,1.7220155514404585
0.12270529439052935,2.3768439797247995,1.727461047830058
0.12355212352695757,2.3776338416282283,1.731766420592903
0.12439755420606587,2.378530946204486,1.7351319359034383
0.1252625328366967,2.3795620110734768,1.7381144107793487
0.12612610801579474,2.380762367996939,1.7408803732907883
0.12698837500263196,2.3821779977002637,1.7433985534102021
0.12784924648580753,2.3838659945295158,1.7455961305887209
0.12870886108736695,2.3858992172182165,1.747397374843298
0.12956710818949066,2.3882725270681973,1.7486789255418502
0.13042398675461628,2.3910244263354588,1.7495013761265694
0.13127954876373246,2.3940649444729707,1.7499391752836932
0.13214965300973266,2.397298063068447,1.7501384650141152
0.13301837375254758,2.400677688143864,1.7502211187915213
0.1338857109656944,2.4040437161100723,1.7502500002187327
0.1347516663827818,2.407471766120507,1.7502617385341062
0.1356162415737517,2.410922328707615,1.7502662594379879
0.13647943833498283,2.4143802820233358,1.750267938046249
0.13734130691550245,2.417851660996317,1.750268823875147
0.13820175672332083,2.421332970460923,1.75026939383256
0.13906078653547313,2.424842828265528,1.750270021775922
0.13991840982198211,2.428327455091648,1.7502701919479773
0.14077471121852073,2.4318345470633216,1.750270459647747
0.14162951296424614,2.435352091871108,1.7502707250983314
0.1418176635353578,2.4441147233765728,1.8396937422152453
0.1418495056934029,2.4507078816808914,1.848448547527389
0.1418828814703532,2.457345657676486,1.8573984995464603
0.1419171927580052,2.463960402022959,1.8663652567178617
0.1419516360852607,2.470573287640812,1.8753596187808768
0.1419861656242157,2.4771308020800884,1.8843410213738387
0.14202093895450418,2.4836782330702505,1.8933636757579533
0.14205585833291898,2.490200433244031,1.9024040140846097
0.14205619935522587,2.4967675500230757,1.9115532078033621
0.1420562138449909,2.501922737560971,1.9206364775328622
0.1420562316584565,2.505556878285242,1.9298388497769978
0.14205625244615125,2.508673105090159,1.9391019231564475
0.14205627517253225,2.5117032687850713,1.9484302965144868
0.14205630165469596,2.5147123961561175,1.957803402272289
0.14205633172524287,2.5177257543281315,1.9672519701789097
0.14205636671255503,2.5207407919144935,1.9767649142030521
0.14205640727019408,2.523761766090295,1.9863457836826957
0.14205645405412912,2.526779514800791,1.9959779117129508
0.1420565096596848,2.5298041874906323,2.0056888723886366
0.14205657277409384,2.5328311143569837,2.015463918379832
0.14205664528223103,2.535862823728928,2.0253102717400693
0.14205672630334626,2.538936935426724,2.035230397252025
0.1420568237784555,2.5390769417007473,2.048068779819927
0.14205694355009932,2.5392200309005934,2.061063215649819
0.14209582475824367,2.539361744289752,2.0739841507225933
0.14213600158407919,2.53950609621951,2.086991945519354
0.1421765367517013,2.5396527680922523,2.0999894899691998
0.14221743773520795,2.539801793622265,2.112977359930253
0.14225871429474482,2.5399532204145947,2.125957286007208
0.1423003475645298,2.5401069740193387,2.138921127603589
0.14234201546896358,2.5402627927809474,2.151808709465319
0.14238434390408977,2.5404218013859996,2.164742143158152
0.14238508390514207,2.5405874792938206,2.177836624624565
0.14238540459431304,2.540757108081602,2.1909322646113725
0.14238584454224557,2.540933305037159,2.2041425249146873
0.14238641416927855,2.541116029356002,2.2174402841917096
0.14238715620230943,2.541306305152511,2.2308715670141863
0.14238808463082583,2.541504201366849,2.244412725056323
0.142389402838045,2.5417101323623643,2.258063159784345
0.14239125487980717,2.5419245085186533,2.2718199926524503
0.14239381868900486,2.5421478162705213,2.285683388999439
0.1423973495766677,2.542380489880694,2.2996484519306155
0.14240223710738817,2.5426233598592147,2.3137311354085024
0.14240879350203553,2.5428767845727194,2.327917614585559
0.1424172863411836,2.543141605342658,2.342219085133971
0.14242772028141693,2.5434179960434418,2.3566088477712843
0.14244047742830088,2.543707388916021,2.3711246284045213
0.14245558181734366,2.544010200816579,2.385747803517923
0.14252404817067174,2.544321399964268,2.40029219942293
0.1425963508659489,2.544649330493784,2.414913643780909
0.1426717677118992,2.5449981431731397,2.429404433220772
0.1427520884761392,2.5453747191736595,2.443926075737501
0.14283727119166498,2.5457806860257697,2.458381276815548
0.1429280923103435,2.546220733444658,2.472765733254636
0.14302552068224186,2.5467007143636065,2.487072255971754
0.14313072248039094,2.547227710474429,2.501280541307638
