0.13390193133852799,0.13390068275661812,0.13389659699206213,0.13389510111863406,0.017852845603648426,0.01785287769210421,0.017852788708807313,0.01785282152683714
0.13390135749670035,0.1339001087860681,0.13389587627327823,0.13389438020632452,0.01810301203884587,0.018100651984661743,0.018105820285672074,0.01810587046144233
0.13390268685540196,0.13390143844296495,0.13389708815700724,0.13389559241546403,0.01833721152767588,0.018332590291642515,0.01833340177325712,0.01833346900668079
0.1339021431887856,0.13390089465467964,0.13389642926135067,0.13389493334322336,0.018573852407957926,0.018566918517294775,0.0185633103131085,0.01856339503616245
0.13390159297512236,0.13390034431759432,0.1338957577891235,0.13389426169069302,0.018813167771572114,0.01880386987933634,0.01879574670172721,0.018795849339336416
0.1339010346534376,0.1338997858706684,0.13389508490762478,0.13389358862851167,0.01905516714644785,0.019043453494080317,0.019030722264738398,0.019030843249335055
0.13390227578325634,0.13390102727889214,0.1338962051696449,0.13389470919134422,0.019300158541029087,0.019285975972790578,0.01926853884635816,0.019268678612651125
0.13390343023830117,0.13390218199289294,0.13389724749211,0.13389575179368707,0.01954788281671735,0.019531177986025338,0.019508939519538988,0.019509098521018606
0.13390287614348598,0.13390162777378942,0.13389656912391595,0.13389507324334254,0.019798145936602233,0.019778864581279604,0.019751724895027332,0.019751903608859894
0.13390231488528964,0.13390106638969648,0.13389590343896257,0.1338944073796419,0.020051174632004332,0.0200292624657368,0.01999712430275694,0.019997323199706214
0.1339017460676016,0.13390049744413268,0.1338953278652375,0.13389383165102578,0.020307065117683824,0.020282465633178502,0.02024522608270369,0.02024544565502352
0.1339011692973087,0.1338999205447424,0.1338947565344753,0.13389326016718636,0.020565785182642796,0.02053844233590148,0.020496001623382512,0.020496242365648128
0.1339005622343016,0.13389931334555938,0.13389414267134336,0.13389264613921611,0.020827383404058285,0.02079723982663192,0.020749493115964,0.020749755538311133
0.1339019405772448,0.13390069199768923,0.13389504584798492,0.13389354955838353,0.021092220972456048,0.021059217643713116,0.021006060340371613,0.021006344954227978
0.13390134080467267,0.13390009209057863,0.1338943266998681,0.13389283021715734,0.021359689049312406,0.021323767502671155,0.021265095097533753,0.02126540244918346
0.13390073465263783,0.13389948580228941,0.13389360024666394,0.13389210356854042,0.021630112439156128,0.02159121301503414,0.0215269183276175,0.021527248961730534
0.13390208653712019,0.13390083799002364,0.13389483412162548,0.13389333777483312,0.021903803515336325,0.021861865974317204,0.02179184087415183,0.021792195329239927
0.020260731858455946,0.020260704899483558,0.0202605804512356,0.020260548184561328,0.003356231208453649,0.0033494098820289323,0.0033379464911613174,0.003337997318249843
0.020260729986904126,0.020260703027933324,0.02026057609189948,0.020260543825228662,0.0033986628332921156,0.0033913630981238707,0.0033789990551808015,0.00337905407588941
0.02026073753239752,0.0202607105734227,0.020260581144040966,0.020260548877366953,0.003441502134037354,0.003433715841729483,0.003420435395698858,0.0034204946993835568
0.02026073562127874,0.020260708662304942,0.020260576751532894,0.02026054448486168,0.003484748910255116,0.003476467856457766,0.0034622553082065593,0.0034623189859515464
0.020260733692938963,0.02026070673396618,0.020260572323754313,0.02026054005708591,0.0035284009521034236,0.003519617016269048,0.0035044567174389823,0.003504524860895871
0.020260737159844833,0.020260710200870207,0.020260573287894202,0.020260541021225174,0.0035724648725396456,0.0035631698100238255,0.0035470459381917864,0.0035471186413680903
0.02026074189830792,0.02026071493933078,0.02026057718851654,0.020260544921845033,0.0036169375847075413,0.0036071232087176216,0.0035900199863655555,0.0035900973440850005
0.020260739755846063,0.020260712796870056,0.020260575046061817,0.020260542779391683,0.003661820926911445,0.0036514789820934115,0.0036333805117676446,0.0036334626207649707
0.13390338720188769,0.13390213894682726,0.13389536870680152,0.133893872503896,0.024499453083056105,0.024427616444526828,0.024301199973471802,0.024301826780995083
0.13390272588636015,0.13390147748296033,0.13389470644062584,0.13389321005988672,0.02480052622958487,0.02472509312051779,0.0245918919617345,0.024592548275157375
0.13390373457692983,0.133902486399787,0.13389570715739946,0.1338942110453737,0.02510514857825863,0.025026050123748107,0.024885942107164844,0.024886628610031665
0.13390305996141036,0.13390181163294698,0.13389504099591462,0.13389354470501158,0.025412706119303054,0.025329875025627148,0.0251827439435239,0.025183461354382337
0.133902377076769,0.1339011285951261,0.1338943477035192,0.1338928512264486,0.02572359349110183,0.025636959158094063,0.025482679655584425,0.025483428707462875
0.13390168552475137,0.1339004368879836,0.13389366458345778,0.13389216792295003,0.0260377750906553,0.025947267735827874,0.02578571948403414,0.025786500914250367
0.13390096639696467,0.13389971759860111,0.13389293499192556,0.13389143813515966,0.02635534998065776,0.0262608969232769,0.02609195143903243,0.026092766014903755
0.13390023565147902,0.1338989866894772,0.1338922126258928,0.1338907155754845,0.026676332764678186,0.026577860901216718,0.026401393618262506,0.026402242120311337
0.13390113469903273,0.13389988593870564,0.1338931035377032,0.13389160672653666,0.02700105743869182,0.026898492139697576,0.026714370693197407,0.0267152539026144
0.1339004093095138,0.13389916038646726,0.13389238653357577,0.13389088952986827,0.02732893907221043,0.02722220624492229,0.027030305046446452,0.027031223791831024
0.133901477760954,0.1339002290775828,0.1338934470933814,0.133891950374472,0.02766069123777777,0.02754971338207677,0.027349895838125842,0.02735085093939333
0.13390075696319131,0.13389950811784757,0.13389273468555546,0.13389123777500012,0.027995563830094772,0.027880266657023832,0.027672406505846927,0.027673398818632185
0.13390000715021855,0.1338987581369598,0.13389197436604128,0.13389047725165232,0.02833392649757151,0.028214233867273907,0.02799819626172219,0.02799922664363783
0.1339007824315545,0.13389953359192416,0.13389276019053148,0.13389126328682519,0.028676222010329946,0.028552053187058512,0.02832770219791059,0.028328771528644308
0.13390003294666697,0.13389878393891,0.1338920001981288,0.13389050309033504,0.029021865481401437,0.02889314060947172,0.028660338461124226,0.02866144766901684
0.13389927258424533,0.13389802340591914,0.13389123874131323,0.13388974142903565,0.029371220421605553,0.029237856978767074,0.028996462907448894,0.02899761293170159
0.020260720181120573,0.02026069322215498,0.020260555268130486,0.020260523001472935,0.0044978676607757406,0.004476961252019879,0.004439138036508399,0.004439306871236627
0.020260717604197235,0.02026069064523302,0.020260552691215763,0.02026052042455986,0.004552038592545705,0.004530405130011005,0.004491238125729542,0.004491414132923915
0.020260714928299603,0.020260687969336805,0.020260550015327058,0.020260517748672855,0.004606665410020562,0.004584295340415207,0.004543766471785103,0.004543949792291014
0.020260718617918873,0.02026069165895411,0.020260553704934084,0.02026052143827754,0.0046617529483731195,0.004638636649731256,0.0045967279239957385,0.004596918701358797
0.020260721834864458,0.02026069487589799,0.020260556921868848,0.02026052465521025,0.0047172979071700505,0.004693425835142474,0.00465011933309348,0.004650317712320972
0.020260724592119944,0.020260697633152004,0.02026055967911512,0.02026052741245477,0.004773302736354151,0.004748665300955683,0.004703943055092163,0.0047041491837027756
0.020260721924814214,0.020260694965847693,0.02026055701181829,0.020260524745159648,0.004829763270633341,0.004804351005116233,0.004758195182338173,0.0047584092090449375
0.020260724109208015,0.02026069715024033,0.020260559196204796,0.020260526929544755,0.0048866809407213385,0.004860484404009724,0.004812877200493276,0.004813099275836593
0.1339041070432429,0.13390285894964613,0.1338960801597593,0.13389458414789143,0.032674260487309974,0.032495979371075324,0.03217144366780227,0.03217305685641251
0.1339033616761988,0.13390211341541167,0.13389533371999404,0.13389383750769265,0.03305522895805674,0.0328716386431639,0.032537280137503725,0.03253894314802348
0.13390260768335144,0.1339013592534365,0.1338945786419964,0.1338930822269387,0.03344017885511752,0.03325118797066441,0.03290685470733943,0.032908568690785886
0.13390184456436954,0.13390059596299497,0.13389381442323928,0.13389231780263025,0.033829102485037885,0.03363461975028693,0.03328015644518189,0.03328192256817958
0.13390249552409036,0.13390124706901674,0.133894475747201,0.13389297930451363,0.03422246927625986,0.03402239789668247,0.03365764636364402,0.03365946582130362
0.13390170782245858,0.13390045919069254,0.1338936774859968,0.13389218082895363,0.034619540373312996,0.034413788211787234,0.03403859081639982,0.034040464842455626
0.1339009118209609,0.13389966301063788,0.13389288976742222,0.13389139289885124,0.03502075900196746,0.03480922908486991,0.03442342809155001,0.03442535794406802
0.1339026137409168,0.1339013653123605,0.13389458470827925,0.13389308829485064,0.035426776914517726,0.03520936847302329,0.03481279154006753,0.03481477847204359
0.13390177835998804,0.13390052974404468,0.13389375755214955,0.1338922609166067,0.03583635754856905,0.03561297512693686,0.035205467967210115,0.035207513313038744
0.13390093372930967,0.13389968492390125,0.13389290227873196,0.1338914054135206,0.036250111114446135,0.036020656678185006,0.03560205194920337,0.03560415703010792
0.133900078659156,0.13389882966193725,0.13389205540787835,0.13389055831525076,0.03666821682949697,0.036432586578746366,0.036002717093489164,0.0360048832910405
0.13390093483441506,0.13389968602897148,0.13389290338394888,0.13389140651869508,0.03709115613112735,0.03684924300185694,0.036407927543930615,0.036410156246193225
0.13390007780388985,0.13389882880648057,0.13389205455138742,0.1338905574585314,0.037517908599753076,0.03726961389219387,0.036816692851718395,0.036818985480058464
0.13390066040086548,0.13389941153414403,0.13389262855689485,0.13389113161817967,0.0379495287987034,0.03769474239217985,0.03723003022174446,0.03723238823158503
0.13389980262818135,0.13389855356904237,0.13389177898008198,0.1338902818132227,0.03838529263602135,0.038123907013715534,0.0376472319764854,0.03764965689157617
0.13389893475186437,0.13389768549803804,0.13389090042417426,0.13388940302138488,0.03882553081259295,0.03855743776137915,0.038068617592945025,0.038071110930542815
0.020260715878535007,0.020260688919571702,0.020260551168830417,0.020260518902175482,0.005942389991613283,0.005900770529815404,0.005824979169965562,0.005825347234654373
0.020260717292130144,0.020260690333166093,0.0202605523791497,0.020260520112494,0.006010616445166956,0.00596794824035516,0.005890262896767219,0.005890642972317071
0.020260714196494268,0.020260687237531865,0.020260549486795287,0.020260517220141418,0.006079350815907451,0.006035622815563937,0.005956023268833763,0.005956415575223559
0.020260711077230764,0.02026068411827002,0.020260546164271087,0.020260513897619348,0.006148587229926045,0.006103788617663387,0.006022255399177095,0.006022660157210772
0.020260713200156665,0.02026068624119479,0.020260548490461012,0.02026051622380778,0.006218331313327065,0.006172451180877575,0.006088964520119682,0.006089381954645288
0.020260710112587038,0.020260683153626804,0.02026054519963066,0.02026051293297953,0.006288573763106556,0.006241601460020126,0.006156142102950042,0.006156572439714531
0.020260717253134303,0.020260690294169693,0.020260552543268272,0.020260520276611765,0.006359321487273153,0.006311246284380491,0.0062237947064465345,0.006224238174944846
0.020260714432796728,0.0202606874738342,0.02026054951982583,0.02026051725317195,0.006430564217610394,0.006381375609521127,0.006291912805159564,0.006292369636150363
0.13389708005791154,0.13389583038801703,0.13388905249573615,0.13388755459668436,0.04297011992054768,0.04263779172609513,0.042032842077963053,0.042036107036137575
0.13389763515651268,0.13389638561114645,0.13388959895826563,0.13388810120596858,0.04344647721940936,0.04310664584259061,0.04248815379120992,0.042491501226971894
0.1338967053604702,0.13389545560651703,0.13388867725959827,0.13388717925977442,0.043927271246776124,0.04357981700456413,0.04294758719195538,0.04295101899040297
0.13389576569448253,0.1338945157297239,0.13388772680536312,0.13388622855028506,0.04441301213109243,0.04405781021967548,0.043411647127434706,0.04341516519640494
0.13389481658147007,0.13389356640378292,0.13388678576507154,0.1338852872572626,0.044903724568575214,0.044540649690761686,0.04388034649861256,0.04388395277982351
0.13389383942705593,0.13389258903014467,0.13388579776519655,0.13388429899204007,0.045399476943411135,0.04502840047608672,0.044353756115378874,0.04435745260047767
0.13389285133845719,0.13389160071986583,0.13388481769649668,0.13388331866011857,0.045900315197676594,0.04552110742941464,0.044831908689168955,0.04483569740883827
0.1338932757966796,0.13389202527331748,0.13388523332349528,0.13388373439874518,0.046406805322910236,0.04601932979253527,0.045315363121118564,0.04531924614017469
0.13389372806144878,0.13389247763926182,0.13388569567849776,0.13388419687757477,0.046918573299688925,0.04652269414287071,0.04580373704210293,0.045807716496212146
0.13389272343471847,0.1338914727874301,0.13388468016641186,0.13388318109309438,0.04743502735041803,0.04703061530473534,0.0462964668284855,0.04630054488272293
0.1338916846093442,0.1338904337289856,0.13388364928984042,0.13388214993964787,0.0479568630767198,0.04754377784961946,0.04679420945260927,0.04679838834379178
0.13389061494161195,0.1338893638212598,0.1338825686380823,0.1338810689976413,0.048484052899239176,0.048062154959857564,0.04729695020212987,0.04730123219212994
0.13388953349476304,0.133888282131767,0.13388149508225783,0.1338799951534649,0.049016391637131694,0.04858554833996786,0.04780448869952268,0.047808876025098826
0.1338883940623717,0.13388714244342023,0.13388034456012982,0.13387884432195132,0.04955438321087647,0.04911444447213556,0.048317298740171696,0.04832179381611473
0.13389009491101928,0.1338888436739882,0.13388205730576475,0.13388055752798256,0.050099040853340195,0.04964984914270397,0.04883635929229564,0.04884096451588811
0.13389127026266828,0.13389001928905261,0.13388322490095414,0.13388172543642507,0.05064912402614622,0.05019053261339286,0.04936047246708957,0.04936519030914928
0.020260691142510914,0.02026066418356078,0.020260526432888903,0.020260494166249716,0.007748653895323264,0.0076777779446745124,0.007549690058547346,0.007550388083591467
0.02026068729218202,0.02026066033323393,0.020260522379301763,0.020260490112665164,0.00783375721503508,0.0077614145481113075,0.0076307471124987345,0.007631464886957165
0.02026068335383198,0.020260656394885977,0.02026051864423595,0.020260486377601736,0.007919411589533179,0.007845589854334083,0.007712321155837276,0.007713059014546388
0.02026067939043789,0.020260652431494004,0.020260514477584108,0.02026048221095253,0.00800562121850587,0.007930307967543123,0.0077944168133217044,0.007795175096424146
0.020260675400235767,0.020260648441293994,0.020260510690666183,0.020260478424037026,0.008092381814579953,0.008015564799626689,0.007877029962152324,0.007877809012409928
0.02026067138334662,0.020260644424406987,0.020260506470519492,0.02026047420389302,0.008179694567020498,0.008101361526492153,0.007960162122138782,0.00796096228679535
0.020260676457763815,0.020260649498821483,0.0202605117481907,0.02026047948156086,0.00826755460859345,0.00818769360034158,0.008043808881962202,0.008044630509504023
0.02026067240831786,0.020260645449377113,0.020260507495326614,0.020260475228698796,0.00835594564420768,0.008274545148286858,0.008127955286306974,0.008128798725330824
0.1338851501039984,0.1338838977574522,0.13387710538839054,0.13387560428048814,0.05580259697961636,0.055254730687954653,0.05426756262204557,0.05427354346544442
0.13388396084744744,0.1338827082337377,0.13387590496277205,0.13387440353204536,0.05639175432502338,0.055833562614879095,0.05482827155415488,0.05483438671285911
0.13388427173492717,0.1338830191909796,0.13387622575461322,0.13387472441006,0.05698768785659493,0.05641899539612911,0.05539530188732242,0.05540155434690197
0.13388301956627918,0.13388176674164878,0.13387496232798432,0.1338734606443994,0.0575892450737386,0.05700988437794604,0.05596753710874088,0.0559739299815284
0.13388175485352233,0.13388050174478144,0.13387370525373393,0.13387220323208998,0.05819677037507056,0.05760657838345967,0.05654532930441506,0.05655186562315704
0.13388047446456186,0.1338792210687939,0.13387241356182444,0.13387091119354153,0.058810831825317246,0.05820962519948828,0.057129183117394414,0.057135866154722346
0.1338791582897616,0.13387790459862378,0.13387110495734916,0.1338696022375104,0.059431263525264566,0.058818864524319524,0.05771894539463136,0.05772577841215357
0.1338778263990532,0.13387657240901038,0.13386976168343417,0.13386825860271612,0.06005813744469446,0.05943436574738515,0.058314697794308507,0.05832168412114068
0.13387645686109972,0.13387520256369523,0.13386839964344616,0.13386689619679717,0.06069147559671183,0.060056149753195426,0.05891644307439552,0.058923586098407615
0.13387896168830835,0.13387770795304943,0.13387089860738718,0.13386939583211185,0.061333049533592206,0.06068596964545055,0.05952591835841426,0.05953322145572481
0.13387762258762986,0.1338763685518483,0.13386956704657432,0.1338680639135667,0.06197967012389211,0.06132066170879091,0.060139990844522574,0.06014745765441568
0.1338762515900027,0.13387499724652915,0.13386818460676467,0.13386668110234223,0.06263294842538081,0.06196182300347687,0.06076024885795175,0.06076788298074113
0.133876174659768,0.13387492029902884,0.13386811703623583,0.13386661351365936,0.0632935368858193,0.062610097951487,0.0613873061890922,0.061395111266443994
0.13387477702231024,0.1338735223478935,0.1338667079157353,0.1338652040145679,0.0639603256434412,0.06326438556160104,0.06202009600025636,0.062028075805040765
0.13387462821656088,0.1338733735087465,0.13386656836880978,0.13386506443014937,0.06463472356152808,0.06392607450021233,0.06265995539331796,0.06266811377773011
0.13387322046251016,0.13387196543873542,0.13386514911445685,0.13386364479446788,0.0653154918731983,0.06459394053801494,0.06330570349388036,0.063314044391715
0.02026062209197933,0.020260595133065346,0.02026045738242259,0.02026042511582668,0.009989547795661424,0.009878302394393053,0.009680038724399499,0.009681274288145131
0.02026061729740054,0.020260590338489107,0.020260452384588627,0.020260420117995906,0.010095060445598146,0.00998180084959473,0.009780091681483525,0.009781359200115941
0.020260619766340127,0.020260592807427962,0.020260455056956204,0.020260422790362474,0.010201186410561074,0.010085898811804665,0.009880722668354368,0.009882022650973201
0.02026061492855376,0.020260587969644167,0.020260450015915157,0.020260417749324633,0.010307916546662523,0.010190587218000492,0.009981918806279215,0.009983251772642539
0.020260610066243235,0.020260583107336222,0.020260445356891574,0.020260413090304026,0.010415246090980853,0.010295861526951802,0.010083679000720276,0.010085045470197666
0.02026060504350715,0.02026057808460281,0.020260440130901575,0.020260407864317348,0.010523171548667672,0.010401717839209559,0.010186000545519843,0.01018740104159674
0.020260604294183433,0.020260577335279497,0.02026043958485104,0.020260407318267153,0.010631694478704623,0.010508158002870218,0.010288877108197663,0.010290298177721235
0.020260599242335166,0.020260572283433913,0.02026043432974895,0.020260402063168412,0.010740786248220923,0.010615154350850097,0.01039226377501804,0.010393705161532568
0.13386362308328717,0.13386236590489473,0.13385554740337866,0.13385404050291724,0.0716868634848715,0.07084335231430848,0.06934578704739039,0.06935587079345598
0.13386349966852895,0.1338622424627561,0.13385541432084147,0.13385390738500483,0.07241356409813894,0.07155602795574202,0.07003398342706092,0.0700441749551835
0.1338633696300527,0.13386211239508738,0.13385529358725565,0.1338537866189732,0.07314809873806685,0.07227630382978234,0.07072922085258383,0.0707395194021266
0.13386181103565398,0.13386055345046857,0.13385372325402733,0.13385221586333898,0.07388963400831372,0.07300335791510452,0.07143070524088162,0.07144110992101245
0.13386023403874295,0.1338589760998482,0.13385215348489662,0.1338506456727234,0.07463890005224476,0.07373791240100168,0.07213911004989622,0.07214961978372719
0.13386006997997435,0.13385881200424918,0.1338519796923221,0.13385047183344287,0.07539669546572768,0.07448075623976104,0.07285521880545535,0.07286583232527338
0.133858462975005,0.13385720463849302,0.13385037987308054,0.13384887158423248,0.07616185267034184,0.0752307253386389,0.0735778404735595,0.07358855649686231
0.13385684211144877,0.13385558341069623,0.13384874717243353,0.13384723844436874,0.07693514536957993,0.0759885846162369,0.07430773468764339,0.0743185517240994
0.13385524916361488,0.133853990105542,0.13384716143767172,0.133845652283796,0.07771659047123557,0.07675435090544196,0.07504487923633814,0.07505579561234839
0.13385371010745362,0.13385245070348192,0.13384561065665526,0.1338441010855498,0.07850629317079244,0.07752812598753643,0.075789380239684,0.07580039411214257
0.13385355217003708,0.13385229273094038,0.13384546200235845,0.13384395239170027,0.07930514236130093,0.07831078477789526,0.07654204873577564,0.07655315804762944
0.13385393901458414,0.1338526796623449,0.13384583989534846,0.13384433038626223,0.08011272837834425,0.07910192118636873,0.07730249300551395,0.07731369553099299
0.13385413821217668,0.13385287890466527,0.1338460488877419,0.13384453943483204,0.0809286955169752,0.07990118217700626,0.07807032140193634,0.07808161474113763
0.13385555729224205,0.1338542983033519,0.13384746050421512,0.13384595143072267,0.08175398555205633,0.08070949523084446,0.07884644557227748,0.07885782707369558
0.13386263511036547,0.13386137771050843,0.13385455801087526,0.13385305084491575,0.08259145559030366,0.08152967789186946,0.07963356632384,0.07964503295858857
0.13386452682425282,0.13386326984906255,0.13385644295597182,0.13385493629656497,0.08343452108469639,0.08235522904550406,0.08042533649793027,0.0804368854009014
0.02026059028946652,0.020260563330570032,0.0202604253769102,0.020260393110335374,0.012757260645092125,0.012591118936166882,0.0122939426222365,0.012295613676736069
0.020260603289974248,0.020260576331070253,0.020260438377207923,0.02026040611062412,0.012887626168372787,0.012718756084188244,0.01241621768565271,0.012417903891690524
0.020260607532877756,0.020260580573971527,0.020260442620097633,0.020260410353511133,0.013018658870966465,0.012847043914379432,0.012539051892623132,0.012540752482324263
0.020260613052366514,0.020260586093457336,0.020260448139568423,0.02026041587297841,0.01315035456633381,0.012975978638739507,0.01266243959661801,0.012664153768879194
0.02026061535074983,0.02026058839184,0.02026045043810982,0.020260418171519034,0.013282704636492216,0.013105551973222076,0.012786370062873956,0.012788096982718362
0.020260626099830308,0.0202605991409142,0.020260461186989764,0.020260428920391434,0.013415708668293854,0.013235763804373373,0.012910840368731044,0.012912579168243964
0.020260623134962127,0.02026059617604817,0.020260458222296128,0.020260425955700382,0.013549342980710224,0.013366591097154133,0.013035825187506305,0.013037574962166839
0.020260628208929633,0.020260601250012975,0.020260463296246693,0.02026043102964771,0.0136836104295428,0.013498037022360646,0.013161324757187252,0.01316308456879662
0.13388075574021263,0.1338795024072609,0.13387269524084974,0.13387119294787314,0.09130750710971612,0.0900632844021948,0.08779714928660187,0.0878095214113584
0.13387996294315724,0.13387870943229074,0.13387190130228718,0.13387039879602045,0.09219987494838525,0.09093679010839648,0.08863002746474977,0.08864242965639156
0.13388093171846158,0.1338796784253065,0.13387287147409274,0.1338713692288258,0.0931040437134479,0.0918218051408558,0.0894730904857253,0.08948551766047898
0.1338827053155732,0.1338814524204244,0.13387464762482942,0.13387314585670476,0.0940181435274314,0.09271643622578254,0.09032460198837988,0.09033704824031527
0.1338847186948123,0.13388346625146114,0.1338766639028253,0.1338751626763302,0.09494184225070233,0.09362037051351633,0.09118420318960822,0.09119666234507154
0.1338846253154173,0.13388337285111368,0.1338765703889953,0.13387506913738176,0.095874623677309,0.09453306565148407,0.09205126499467695,0.09206373075481439
0.13388358738718176,0.13388233468997005,0.1338755309664124,0.13387402943558133,0.09681682393792848,0.0954548778086217,0.09292610752018395,0.09293857311932556
0.133884868782876,0.1338836163732047,0.13387681420697853,0.13387531302086006,0.09777082046879393,0.09638814435403524,0.09381095363321407,0.09382341169270353
0.13388460885517747,0.13388335638717905,0.1338765539050523,0.13387505264900942,0.09873385233616791,0.09733014382555566,0.0947030942392279,0.09471553727996702
0.1338849035797433,0.13388365117787887,0.13387684905393826,0.13387534787717909,0.0997073313083849,0.09828227203218434,0.09560383363146789,0.09561625362190244
0.13388624324527149,0.1338849911440136,0.13387819064817655,0.13387668983179388,0.10069172673891105,0.09924499027957921,0.09651355028980657,0.09652593874749434
0.13388578480015487,0.13388453259602917,0.1338777315430494,0.13387623060334536,0.10168558271760364,0.10021684941726317,0.09743072793874345,0.0974430762043085
0.13388812314133108,0.13388687146188788,0.13388007325062845,0.13387857293993088,0.10269115236681432,0.1012000998059401,0.0983575437732622,0.09836984236659556
0.1338893963204888,0.13388814492671597,0.1338813482626675,0.1338798482944406,0.1037076332519558,0.10219390383540256,0.09929298463862657,0.0993052239309789
0.13388901125213865,0.13388775977196582,0.13388096263997099,0.13387946256816516,0.104733643374135,0.10319692140362523,0.10023570487958947,0.10024787487538936
0.133890559104653,0.13388930797147752,0.1338825127191893,0.13388101306337483,0.10577182226760021,0.10421176076039279,0.10118814798275508,0.10120023786625178
0.02026066986726312,0.020260642908324304,0.02026050495444106,0.020260472687815546,0.016165030237605345,0.015925218436569674,0.015458148744259437,0.01545982469454661
0.02026067972657959,0.020260652767635525,0.020260514813724602,0.020260482547092826,0.01632561075485691,0.01608217007067136,0.015604993328978389,0.015606656307398896
0.020260679141117368,0.020260652182173614,0.02026051422826441,0.020260481961633003,0.016486921484870336,0.016239836861076325,0.015752265218597596,0.015753913188842977
0.020260675103906584,0.02026064814496498,0.02026051019106711,0.02026047792443828,0.01664892602704315,0.016398184565535094,0.015899917304352158,0.01590154817882961
0.02026067511309711,0.02026064815415549,0.020260510200257608,0.020260477933628764,0.016811622323259695,0.016557212425303554,0.016047931198540796,0.01604954283987209
0.02026067847835978,0.02026065151941638,0.020260513565508943,0.02026048129887796,0.016975023308321277,0.016716934017914045,0.016196299586769124,0.01619788980555154
0.020260676463273324,0.020260649504330996,0.02026051155042923,0.02026047928379952,0.017139063894808588,0.016877287836244162,0.016345071784349036,0.016346638325380067
0.020260680570490828,0.02026065361154631,0.02026051565763301,0.02026048339100069,0.017303770429279875,0.017038300976319684,0.01649412672282696,0.0164956672980837
0.1338971084497607,0.13389585878623536,0.13388907149339022,0.13388757359944045,0.11544269999673888,0.1136650831809478,0.1099853015836471,0.10999636500853106
0.13389795445224872,0.13389670497822484,0.1338899187120812,0.1338884210453117,0.11653626448180131,0.11473425751346818,0.11097001570091358,0.11098086698369558
0.13389670242866744,0.13389545267405745,0.13388866488788403,0.1338871668847389,0.11764158711039245,0.11581488023256034,0.11196219675126057,0.11197282092377184
0.13389534465080843,0.1338940945915925,0.1338873051556365,0.13388580678731993,0.11875831561902286,0.11690668306216656,0.11296144475844734,0.11297182641104146
0.13389537612863658,0.13389412607619244,0.1338873366772533,0.13388583831705442,0.11988663418670326,0.1180099147567691,0.11396776671403451,0.11397788996415956
0.13389454403553905,0.13389329379670656,0.13388650338793096,0.13388500480428406,0.12102671182595613,0.11912475460084714,0.11498079206670027,0.11499064051205747
0.13389428918528937,0.13389303888928175,0.1338862481708382,0.13388474951864793,0.12217869964668279,0.12025145997641436,0.11600044530507007,0.1160100020966209
0.1338958248221109,0.1338945748706173,0.13388778601810017,0.13388628777892433,0.1233430390145983,0.12139060121950423,0.11702687015729364,0.11703611796891401
0.13389489855842288,0.13389364839912815,0.1338868584211335,0.13388535993283912,0.12451614714423073,0.12253883269650646,0.11805628703719015,0.11806520891538728
0.1338947993472961,0.13389354916574234,0.1338867590671937,0.13388526055221467,0.12569978519883845,0.1236982058243403,0.11908990503945878,0.11909848345827947
0.13389382758911156,0.13389257718925388,0.13388579534925896,0.1338842965751049,0.12689248096286274,0.12486776722266633,0.1201126434856784,0.12012086572911164
0.13389471650373444,0.13389346630359508,0.1338866761043843,0.13388517756712395,0.12809465363016642,0.12604886633674578,0.12115167954183789,0.12115952348808741
0.13389411237733526,0.13389286204166062,0.1338860805484661,0.13388458185125718,0.12930013467827434,0.12723728020065334,0.12218984641550441,0.12219729518747122
0.13389422075289628,0.1338929704415359,0.13388617963993962,0.13388468096934378,0.1305048163425178,0.12843319677381154,0.12322747488509013,0.12323451160658772
0.13389444734043546,0.1338931970799097,0.1338864159931618,0.13388491738604352,0.1316925452530432,0.12963271472208804,0.12426188563993065,0.12426849438300412
0.13389464720784647,0.13389339699216068,0.13388660670874938,0.1338851081528515,0.1328070565915242,0.13082823989904244,0.1252903727441244,0.12529653882784247
0.020260668380291797,0.020260641421353774,0.020260503670745722,0.02026047140412104,0.020216172258955813,0.019974584472601007,0.01911405341279784,0.019114703939314602
0.020260668269467555,0.02026064131052959,0.02026050335665082,0.020260471090026336,0.020254432259548916,0.020135899271056593,0.01926649610024077,0.019267074329734863
0.02026067442753391,0.02026064746859267,0.02026050971796758,0.020260477451339035,0.020259879018838557,0.020232380951131584,0.01941499804813598,0.019415502998794316
0.02026067456682583,0.02026064760788393,0.020260509653827564,0.02026047738719838,0.020260352437517417,0.020257165019982246,0.019558414303219543,0.019558845831255285
0.020260681237485575,0.020260654278540704,0.020260516527896524,0.02026048426126365,0.02026040719206031,0.020260166261477572,0.019695234614287457,0.0196955937136165
0.02026068336232967,0.02026065640338367,0.02026051844946253,0.02026048618282844,0.020260423318585564,0.020260420704694245,0.019823404670280022,0.019823693870863104
0.020260689348935955,0.020260662389986195,0.020260524639160612,0.020260492372521876,0.02026043749929132,0.020260458172397758,0.019940198014548754,0.019940421889531375
0.020260690714697695,0.02026066375574779,0.02026052580180601,0.020260493535167227,0.02026044477841049,0.020260471630216034,0.02004213053981428,0.020042296245913853
0.13390200406901473,0.1339007555037012,0.13389398358564247,0.1338924870107963,0.13389363579314226,0.13389538221716188,0.1330002896747388,0.13300262843674998
0.1339030323423122,0.1339017840076538,0.13389501333711357,0.13389351703878352,0.13389466453983806,0.13389641063015245,0.13339392171051884,0.1333960383236108
0.13390380883590372,0.1339025606754177,0.13389579094690957,0.13389429485738283,0.13389544150025898,0.1338971873385499,0.13364652863050955,0.13364850350004884
0.13390626892361632,0.13390502131465132,0.1338982545694447,0.13389675914109792,0.1338979046892369,0.1338996497289634,0.13378287704244396,0.13378477675536782
0.1339075471924703,0.13390629987048752,0.1338995346771254,0.13389803959282204,0.1338991845923319,0.1339009292165211,0.13384518900418677,0.1338470550847809
0.13390875274270478,0.13390750569110982,0.13390074196017687,0.13389924720002302,0.13390039176287957,0.1339021359955331,0.13387111881010608,0.13387297141820623
0.13391020105532384,0.1339089543285563,0.13390218294165931,0.13390068856839132,0.1339018420735846,0.1339035858358548,0.13388117777321543,0.1338830252897345
0.13391143077326254,0.13391018432228843,0.13390342383989845,0.13390192979978713,0.13390307349808497,0.13390481686097455,0.13388558834473202,0.13388743389401092
0.13391255993267093,0.13391131373493118,0.13390454521335587,0.13390305147430406,0.1339042042287965,0.1339059472249722,0.1338878653074195,0.13388970997442498
0.13391333271549002,0.1339120866910576,0.13390531910815073,0.13390382557686534,0.13390497808843183,0.13390672083363706,0.1338888277836836,0.1338906721049879
0.13391491506124661,0.13391366939166852,0.13390690373072967,0.13390541062485548,0.1339065626400969,0.13390830487142902,0.1338903575540245,0.13389220140223274
0.13391634057410756,0.13391509522420378,0.13390833129468974,0.13390683857205193,0.1339079901400668,0.13390973190847064,0.13389177954654352,0.1338936229613801
0.13391770053399848,0.133916455489058,0.1339096932112978,0.13390820085426022,0.13390935199514584,0.1339110933219252,0.13389333531837086,0.13389517827202993
0.1339184331977239,0.13391718831707602,0.13391043632806138,0.13390894417050606,0.13391008568043541,0.13391182951192307,0.13389393805488234,0.13389578082417847
0.1339210332321928,0.13391978893455683,0.13391304009887736,0.13391154864025528,0.1339126893387241,0.13391443929451582,0.13389662313011286,0.13389846503570138
0.13392251661187413,0.13392127264658635,0.1339145256088091,0.13391303454861622,0.13391417478455375,0.13391593091299928,0.13389818822944358,0.13390002964335218
0.020260679852632923,0.020260652893688787,0.020260515143048483,0.02026048287641649,0.0202604383552833,0.02026047178562433,0.02025888725572454,0.020258927071808337,0.004328007967253048,0.003957862094075917
0.020260674837888785,0.020260647878947328,0.02026050992505012,0.020260477658421452,0.020260455405363652,0.02026049313119003,0.020259187700395618,0.020259227517453782,0.004598810672838406,0.004222036637655891
0.020260669729729914,0.020260642770791155,0.020260504816908307,0.02026047255028289,0.020260451514543396,0.02026048944196101,0.02025928330513678,0.020259323122444776,0.004877043855885018,0.004489407516791332
0.020260664628087243,0.020260637669151208,0.02026049991855368,0.02026046765193138,0.020260447018864494,0.02026048501652676,0.020259306981881237,0.020259346799241296,0.0051570762408587765,0.004754500406739624
0.02026065951791491,0.020260632558981598,0.020260494605127428,0.020260462338508506,0.02026044245478032,0.02026048051129952,0.020259318341901904,0.020259358159279012,0.0054383676176063414,0.005019302418041395
0.02026065443814466,0.02026062747921405,0.020260489525374122,0.02026045725875844,0.02026043785260321,0.02026047595848172,0.020259316866373448,0.020259356683748394,0.005721225996255312,0.005279402807184446
0.020260649346836163,0.020260622387908257,0.02026048463735349,0.020260452370740922,0.020260433269083385,0.020260471425266463,0.020259311670127227,0.02025935148749891,0.006006494387486621,0.005538092709305247
0.13388961980903744,0.13388836846540791,0.1338815815206421,0.13388008161506648,0.13388140302571025,0.13388320756093222,0.13386829960296018,0.13387015202286393,0.04158776626853922,0.03829256405032305
0.13388178686783114,0.13388053376658,0.13387373731569419,0.1338722353030291,0.1338735591494706,0.13387536622678206,0.1338604468948571,0.13386230191729132,0.04350030774665906,0.04001881388572777,0.015195289582548888
0.1338794739076945,0.1338782202873869,0.13387141156430374,0.13386990892683545,0.13387124295884212,0.13387305078687722,0.13385862046046457,0.13386047619757147,0.04541346515276164,0.04171673367078685,0.01713956181062691
0.13387713011918115,0.13387587597287548,0.1338690738698375,0.13386757060433027,0.13386889589290962,0.1338707044817094,0.13385828665043878,0.1338601432850596,0.047356718042687054,0.04342300241031914,0.01911402589063253
0.13387476999922718,0.13387351532292105,0.13386670088087677,0.13386519697744398,0.13386653247155336,0.13386834182690652,0.13385775988761928,0.13385961729080106,0.04931967692506062,0.04512823194603032,0.021107948184851413
0.13387239218871624,0.13387113697872313,0.1338643196462323,0.13386281510299894,0.13386415133893798,0.1338659614661753,0.1338561155993129,0.1338579738129945,0.051301254799550125,0.04683767928860161,0.02312039178689585
0.13387000166223698,0.1338687459159959,0.13386192567884642,0.1338604204927422,0.13386175747489437,0.13386356837771912,0.13385407261149107,0.13385593162897474,0.053300876498994745,0.048539285090194194,0.025150583633360854
0.1338675913764235,0.1338663350891559,0.1338595119218257,0.13385800608712187,0.13385934382263726,0.13386115550796115,0.13385186575445285,0.13385372557886832,0.055322550706194795,0.050242994822554086,0.02720274019334248
0.13386516372405688,0.13386390689183955,0.13385708077308398,0.13385557428507747,0.13385691277960574,0.13385872525310255,0.13384956805557335,0.13385142869070588,0.057364135230419014,0.05194645817757009,0.029274507071853348
0.1338627179402767,0.13386146055901288,0.13385464095994207,0.1338531338162731,0.13385446358022882,0.1338562768478241,0.13384702990511693,0.13384889141711886,0.05942516703662076,0.05365251890750119,0.031365575086325675
0.13386025779895785,0.13385899986539732,0.13385216778183395,0.133850659973503,0.13385200000227446,0.13385381406866864,0.13384481377749216,0.13384667604802347,0.06150399347026288,0.05535449954502547,0.03347412885112854
0.13385777691028836,0.13385651841974602,0.13384969282128073,0.13384818434777632,0.13384951564873446,0.133851330520704,0.1338422100854687,0.13384407324384898,0.06360521064593253,0.057059660030703827,0.035604894828128654
0.1338552783196463,0.1338540192681199,0.1338471811297507,0.13384567198116762,0.13384701356747822,0.1338488292508114,0.1338399356528919,0.13384179958205528,0.06572605047061825,0.05876498797290352,0.037754948662148104
0.13385276086521422,0.13385150124844042,0.13384466955892377,0.13384315973526104,0.1338444925968369,0.13384630909769993,0.13383726977404864,0.1338391346026592,0.06786757518703837,0.06047231539605756,0.03992548801379266
0.13385022328585436,0.13384896309928707,0.1338421283281377,0.1338406178213907,0.13384195147256345,0.13384376879753104,0.13383475769372835,0.1338366233670014,0.07000561479524824,0.0622022181885902,0.042122013850027035
0.1338476952087258,0.1338464344544673,0.13383959661306866,0.1338380854257573,0.13383941986361936,0.13384123800965114,0.13383225465930296,0.13383412117411478,0.07209005362228268,0.06394624218602848,0.044332653746792315
0.020260491631605135,0.02026046467276113,0.020260326922648515,0.020260294656136366,0.02026027600059027,0.02026031419907222,0.0202600649976982,0.020260104817539672,0.011224526025367913,0.009949521539900242,0.007052334985107526
0.020260483002243587,0.02026045604340418,0.02026031829331585,0.020260286026809193,0.02026027095384828,0.02026030949458858,0.020260097608385003,0.02026013742838119,0.011531170007607805,0.010215183420173354,0.007399366359197549
0.02026047416832343,0.020260447209488143,0.020260309459247488,0.020260277192745778,0.02026026245654651,0.020260301019446758,0.02026009264307782,0.02026013246308279,0.011832674622217395,0.010483320317334068,0.007752048667759163
0.020260465746825294,0.020260438787995053,0.020260301037955116,0.020260268771459446,0.020260254280377164,0.020260292856053345,0.020260086323969948,0.020260126143975554,0.012127599447279515,0.010748474373928733,0.008108830586023661
0.02026045719852372,0.02026043023969805,0.02026029248968197,0.02026026022319175,0.020260245951172946,0.020260284537894857,0.020260079517091124,0.02026011933709685,0.012415973540383022,0.011010549872731245,0.008469761106001825
0.020260448702752537,0.020260421743931376,0.02026028399393912,0.02026025172745431,0.020260237625243677,0.020260276220362805,0.02026007231501218,0.02026011213501625,0.012697831487463769,0.011269515901886214,0.008834905960505198
0.020260420035601488,0.020260393076795568,0.02026025532688367,0.02026022306041711,0.020260209240277733,0.0202602478489674,0.02026004567001812,0.020260085490007497,0.012973013665535608,0.011525076088899952,0.009204074102972807,0.0022748647824021454
0.020260408852697954,0.02026038189389799,0.020260244144017454,0.02026021187755801,0.020260198207977566,0.020260236823754642,0.020260035535518774,0.02026007535550344,0.013240811062309468,0.011776747579662536,0.009576250233046988,0.0025748594250467804
0.13381763440616926,0.1338163668994696,0.13380949253934465,0.13380797325702146,0.13380935125276505,0.13381118198102004,0.13380249971474095,0.13380437623957203,0.0891853467109928,0.0794294069805388,0.06574502037979864,0.019025341301175117
0.13381427445957572,0.13381300619751552,0.13380612775265516,0.13380460756478546,0.1338059866067091,0.13380781842738743,0.1337991311139002,0.13380100875730488,0.09087203333914294,0.08110121622033827,0.06827032501813211,0.02113152365586359
0.13381091151000216,0.13380964249262076,0.13380275996253901,0.13380123886917053,0.13380261895694648,0.1338044518699902,0.13379575950887257,0.13379763827079058,0.09252796421744157,0.08276027683655511,0.0707917093513444,0.023285036232352098
0.1338075178403195,0.1338062480602821,0.13379936140568063,0.13379783939802012,0.13379922054195048,0.1338010545579678,0.13379235710056928,0.13379423699186332,0.09417535623696521,0.08443043754152109,0.07329938382446598,0.025519130618808245
0.13380410010285204,0.13380282955469922,0.1337959387460667,0.1337944158175691,0.1337957980252187,0.13379763315210505,0.13378893056195817,0.1337908115907126,0.09581031392863595,0.08610576292565515,0.07578733475716552,0.027832718888136244
0.1338006462899686,0.133799374965541,0.1337924799587667,0.13379095609965067,0.13379233938232427,0.1337941756318795,0.13378546785447742,0.13378735003277445,0.09743624067220891,0.08779245689546679,0.07826131474922407,0.030238863354979318
0.1337971630618745,0.13379589095410643,0.13378899171135128,0.1337874669131458,0.13378885128077198,0.13379068866321558,0.13378197565170924,0.13378385899001297,0.09904950379713437,0.08948474129009497,0.0807156734623145,0.03273775767530244
0.13379364905637733,0.13379237615910183,0.13378547264631177,0.13378394690162496,0.13378533236247053,0.13378717088672004,0.13377845259921187,0.13378033710665269,0.1006479015637228,0.09118222137349369,0.08314771822402497,0.035334717821236934
0.133790106571317,0.13378883287767823,0.13378192505814715,0.13378039835875932,0.13378178492246248,0.1337836245984333,0.13377490098947456,0.13377678667620543,0.10223012125510544,0.09288175415001616,0.08555524119434799,0.03803415360423247
0.13378653498542473,0.1337852604888217,0.13377834832687402,0.1337768206648724,0.13377820834058232,0.1337800491778208,0.1337713202033259,0.13377320707912135,0.10379388025670877,0.09458279300620623,0.08793539004251393,0.04084229721840811
0.13378293587799758,0.13378166057218935,0.1337747440340883,0.13377321540199127,0.13377460419835344,0.13377644620588494,0.13376771182416464,0.13376959989826612,0.1053375281648138,0.0962816246864675,0.09028540509972749,0.04376371819489105
0.1337793050860795,0.1337780289638861,0.13377110801081663,0.13376957840001655,0.1337709683269817,0.13377281151519027,0.13376407167828192,0.13376596096132193,0.10686022133523905,0.09797946715817459,0.09260456954662188,0.046808998003038754
0.13377564664491753,0.1337743697000672,0.133767444298124,0.13376591370110227,0.13376730476735968,0.13376914914531576,0.13376040381132256,0.13376229431258846,0.10835920325130105,0.09967104327525442,0.09488840550080609,0.049981576083548154
0.13377260604948957,0.13377132842086684,0.13376439932114775,0.13376286790440237,0.13376425991761903,0.1337661052844643,0.13375735538144798,0.1337592468952732,0.10983340145409928,0.10135707371209951,0.09713547185220675,0.05329240465011576
0.13376889872114747,0.13376762025876615,0.13376068665017066,0.13375915423389495,0.13376054740178986,0.1337623939744379,0.13375363850018876,0.13375553124867903,0.11127760463119248,0.10302944625694431,0.09933817301394784,0.05674195161646834
0.13376515829838742,0.1337638789947475,0.13375694083673018,0.13375540741193323,0.133756801744898,0.13375864953419492,0.13374988843861255,0.13375178243287353,0.11269320889092291,0.10469154552851292,0.10149878270569651,0.06034850911911993
0.020260206889118722,0.020260179930426205,0.020260042181111878,0.020260009914781035,0.020259996438186302,0.020260035062706447,0.02025983485195399,0.020259874671784934,0.017279207655855073,0.016106780211403285,0.01569419943151232,0.0097116906751639
0.02026019434595421,0.02026016738726835,0.0202600296379893,0.020259997371666442,0.020259985139356597,0.020260023843252616,0.02025983422235424,0.020259874042221633,0.017484760487416585,0.016348841471760186,0.016007225691348836,0.010294692429649279
0.020260184935026595,0.020260157976345755,0.020260020023823995,0.020259987757507265,0.020259975911054433,0.020260014621816085,0.02025982961959802,0.020259869439464548,0.017685548690087767,0.016589181324055978,0.01631326492284155,0.010898225816522455
0.020260172251614014,0.020260145292939343,0.020260007543519365,0.020259975277209887,0.020259963377457963,0.020260002092941484,0.02025981348988839,0.020259853309744603,0.017881791979445897,0.016829163544461716,0.01661265951159187,0.011501219877452716
0.020260160034793404,0.02026013307612581,0.020259995123673952,0.020259962857373075,0.020259951272503195,0.02025998999141658,0.02025980557875365,0.020259845398603954,0.018075584684593183,0.01707147514102574,0.016908586291441874,0.01211064391346496
0.020260147639938744,0.020260120681277742,0.020259982932129522,0.020259950665836406,0.020259939051011713,0.020259977775146376,0.020259789796698843,0.02025982961653859,0.018265625918173947,0.01731443484778386,0.01719906623660718,0.012722465105636438
0.02026013531064079,0.020260108351986345,0.020259970399603904,0.020259938133318764,0.02025992685655922,0.020259965584660755,0.02025978184241203,0.020259821662246803,0.018451864861764276,0.017557906767287086,0.017484002395245175,0.01333657293677737
0.020260122813891945,0.020260095855243573,0.020259958105957994,0.020259925839679994,0.020259914463226947,0.020259953194324956,0.02025976573309348,0.020259805552917457,0.01863419042000461,0.01780173270536008,0.01776322114972041,0.013952742962479024
