0.582939374078448,9.007792590124982,10.074310168821556
0.5866939275468205,9.110025895630447,10.219971786580807
0.5904452766114348,9.212259201135911,10.365633404340057
0.5941934240262684,9.314492506641376,10.51129502209931
0.5979383725429163,9.416725812146844,10.65695663985856
0.6016801249105935,9.518959117652308,10.802618257617812
0.6054186838761366,9.621192423157774,10.948279875377061
0.6091540521840085,9.723425728663239,11.093941493136313
0.6129714962553275,9.825659034168705,11.239603110895564
0.6169426588339944,9.92789233967417,11.385264728654816
0.6209104215179845,10.030125645179638,11.530926346414068
0.6248747872381352,10.132358950685102,11.676587964173317
0.62883575892274,10.234592256190567,11.822249581932569
0.6327933394975545,10.336825561696033,11.96791119969182
0.6367475318857945,10.439058867201497,12.113572817451072
0.6406983390081415,10.541292172706962,12.25923443521032
0.6446457637827429,10.643525478212432,12.404896052969574
0.6485898091252154,10.745758783717898,12.550557670728825
0.6525304779486463,10.84799208922336,12.696219288488077
0.6564677731635967,10.950225394728825,12.84188090624733
0.6604016976781033,11.052458700234293,12.98754252400658
0.6643322543976797,11.154692005739763,13.13320414176583
0.6682594462253196,11.256925311245226,13.278865759525083
0.6722253682331477,11.359158616750692,13.424527377284333
0.6763641390917563,11.461391922256158,13.570188995043587
0.6804993799995612,11.563625227761623,13.715850612802837
0.6846310939903322,11.66585853326709,13.86151223056209
0.6887592840952143,11.768091838772555,14.007173848321342
0.6928839533427291,11.870325144278022,14.152835466080592
0.6970051047587786,11.972558449783486,14.298497083839843
0.7011227413666448,12.074791755288956,14.444158701599095
0.7052368661869945,12.17702506079442,14.589820319358346
0.7093474822378809,12.279258366299887,14.735481937117596
0.7134545925347451,12.381491671805351,14.88114355487685
0.7175582000904188,12.483724977310816,15.0268051726361
0.7216583079151281,12.585958282816282,15.172466790395353
0.7257549190164924,12.68819158832175,15.318128408154605
0.7298480363995297,12.790424893827216,15.463790025913855
0.7339376630666572,12.892658199332681,15.609451643673108
0.7381649619941302,12.994891504838144,15.755113261432358
0.742418819559722,13.097124810343614,15.900774879191609
0.7466690683481939,13.199358115849078,16.046436496950857
0.750915711445897,13.301591421354544,16.19209811471011
0.755158751936523,13.40382472686001,16.33775973246936
0.7593981929011087,13.506058032365477,16.48342135022861
0.763634037418035,13.608291337870943,16.629082967987863
0.7678662885630312,13.710524643376406,16.77474458574711
0.7720949494091776,13.812757948881874,16.920406203506364
0.7763200230269055,13.914991254387337,17.066067821265616
0.7805415124840027,14.017224559892805,17.211729439024865
0.7847594208456133,14.119457865398271,17.357391056784117
0.7889737511742412,14.221691170903735,17.503052674543365
0.793184506529752,14.323924476409202,17.503052674543365
0.797391689969375,14.426157781914668,17.503052674543365
0.8016167466827179,14.528391087420133,17.503052674543365
0.8059062090864105,14.6306243929256,17.503052674543365
0.8101920373160764,14.732857698431065,17.503052674543365
0.8144742344754609,14.835091003936535,17.503052674543365
0.8187528036656411,14.937324309441996,17.503052674543365
0.8230277479850248,15.039557614947462,17.503052674543365
0.8272990705293556,15.14179092045293,17.503052674543365
0.8315667743917132,15.244024225958396,17.503052674543365
0.8358308626625167,15.346257531463861,17.503052674543365
0.8400913384295264,15.448490836969325,17.503052674543365
0.8443482047778474,15.571929812241178,17.64864516513918
0.8486014647899284,15.69536878751303,17.794237655735
0.8528511215455694,15.81880776278488,17.93983014633082
0.8570971781219182,15.942246738056735,18.085422636926634
0.8613396375934778,16.065685713328584,18.231015127522454
0.8655785030321053,16.18912468860044,18.376607618118275
0.869813777507016,16.312563663872293,18.52220010871409
0.8740863179126549,16.436002639144142,18.667792599309912
0.8784257206906348,16.55944161441599,18.81338508990573
0.8827614365321655,16.682880589687844,18.958977580501546
0.8870934685952809,16.806319564959693,19.104570071097367
0.8914218200352904,16.92975854023155,19.25016256169318
0.89574649400478,17.053197515503395,19.395755052289
0.9000674936536169,17.176636490775245,19.541347542884825
0.9043848221289499,17.300075466047094,19.68694003348064
0.9086984825752105,17.423514441318947,19.83253252407646
0.913008478134119,17.546953416590803,19.978125014672273
0.9173148119446857,17.67039239186265,20.123717505268093
0.9216174871432101,17.793831367134498,20.269309995863914
0.9259165068632869,17.917270342406347,20.41490248645973
0.9302118742358068,18.040709317678203,20.56049497705555
0.9345035923889595,18.164148292950053,20.70608746765137
0.9387916644482355,18.287587268221902,20.851679958247185
0.9431045335649556,18.41102624349375,20.997272448843002
0.947474888041071,18.534465218765604,21.142864939438823
0.9518415412781795,18.657904194037453,21.28845743003464
0.9562044964374541,18.781343169309306,21.43404992063046
0.9605637566773507,18.90478214458116,21.57964241122628
0.9649193251536031,19.028221119853008,21.7252349018221
0.9692712050192323,19.151660095124857,21.870827392417915
0.9736193994245436,19.275099070396706,22.01641988301374
0.9779639115171312,19.39853804566856,22.162012373609553
0.9823047444418811,19.52197702094041,22.30760486420537
0.9866419013409721,19.64541599621226,22.45319735480119
0.990975385353878,19.76885497148411,22.59878984539701
0.9953051996173717,19.892293946755963,22.744382335992828
0.9996313472655263,20.015732922027816,22.88997482658865
1.0039538314297163,20.139171897299665,23.03556731718447
1.0082726552386234,20.26261087257152,23.181159807780283
1.0125878218182351,20.386049847843367,23.326752298376103
1.0170236683894638,20.509488823115216,23.47234478897192
1.02146178492664,20.63292779838707,23.61793727956774
1.0258961251744216,20.75636677365892,23.76352977016356
1.0303266923746615,20.879805748930774,23.909122260759375
1.0347534897664117,21.003244724202624,24.0547147513552
1.0391765205859163,21.126683699474476,24.20030724195102
1.0435957880666233,21.250122674746322,24.345899732546833
1.0480112954391763,21.373561650018175,24.49149222314265
1.0524230459314277,21.497000625290024,24.637084713738474
1.056831042768434,21.620439600561877,24.782677204334288
1.0612352891724623,21.743878575833723,24.92826969493011
1.065635788362988,21.867317551105575,25.073862185525922
1.0700325435567037,21.990756526377425,25.219454676121746
1.0744255579675148,22.114195501649284,25.365047166717563
1.078814834806548,22.23763447692113,25.510639657313376
1.0832003772821497,22.361073452192976,25.6562321479092
1.0875821885998893,22.484512427464832,25.801824638505014
1.0919748802562668,22.607951402736678,25.947417129100835
1.0964650141471846,22.731390378008534,26.09300961969665
1.1009513300168914,22.854829353280376,26.238602110292465
1.1054338311402483,22.978268328552232,26.238602110292465
1.1099125207892844,23.10170730382409,26.238602110292465
1.1143874022332008,23.22514627909593,26.238602110292465
1.1188584787383702,23.34858525436779,26.238602110292465
1.123325753568342,23.47202422963963,26.238602110292465
1.1277892299838452,23.595463204911486,26.238602110292465
1.132248911242787,23.718902180183328,26.238602110292465
1.13670480060026,23.842341155455184,26.238602110292465
1.1411569013085416,23.96578013072704,26.238602110292465
1.1456052166170991,24.08921910599888,26.238602110292465
1.150049749772587,24.21265808127074,26.238602110292465
1.154490504018856,24.336097056542588,26.238602110292494
1.1589274825969502,24.475656422061704,26.384379623677066
1.163360688745115,24.61521578758082,26.530157137061646
1.1677901256987917,24.75477515309993,26.675934650446223
1.172244374403523,24.894334518619054,26.821712163830803
1.1767415966464003,25.03389388413816,26.967489677215383
1.1812350001527196,25.17345324965728,27.11326719059996
1.1857245881933358,25.313012615176397,27.25904470398454
1.1902103640362767,25.452571980695506,27.40482221736912
1.1946923309467492,25.59213134621463,27.550599730753696
1.1991704921871433,25.731690711733744,27.696377244138272
1.2036448510170283,25.871250077252856,27.842154757522852
1.2081154106931622,26.010809442771972,27.987932270907432
1.212582174469491,26.150368808291084,28.133709784292012
1.2170451455971505,26.289928173810203,28.279487297676585
1.2215043273244697,26.429487539329315,28.42526481106117
1.2259597228969734,26.56904690484843,28.571042324445745
1.2304113355573847,26.70860627036754,28.71681983783032
1.2348591685456256,26.84816563588666,28.86259735121491
1.2393032250988227,26.98772500140577,29.008374864599485
1.2437435084513073,27.127284366924894,29.15415237798406
1.2482178480484651,27.26684373244401,29.29992989136864
1.2527727177826302,27.406403097963118,29.44570740475322
1.2573237292168367,27.545962463482233,29.591484918137798
1.2618708856478291,27.685521829001353,29.737262431522375
1.2664141903695099,27.825081194520468,29.883039944906958
1.2709536466729487,27.96464056003958,30.028817458291535
1.2754892578463761,28.104199925558696,30.17459497167611
1.2800210271751948,28.24375929107781,30.32037248506069
1.2845489579419724,28.383318656596927,30.466149998445275
1.2890730534264523,28.522878022116043,30.611927511829848
1.2935933169055531,28.662437387635165,30.757705025214428
1.29810975165337,28.801996753154274,30.90348253859901
1.3026223609411787,28.941556118673386,31.049260051983584
1.3071311480374361,29.081115484192505,31.195037565368168
1.3116361162077865,29.22067484971162,31.340815078752748
1.3161372687150579,29.360234215230733,31.486592592137324
1.3206346088192713,29.499793580749852,31.632370105521904
1.3251281397776393,29.639352946268964,31.77814761890648
1.329617864844567,29.778912311788083,31.923925132291064
1.3341743336153704,29.918471677307192,32.06970264567564
1.3387625237018916,30.058031042826315,32.21548015906021
1.343346846072282,30.197590408345427,32.3612576724448
1.3479273040180457,30.337149773864542,32.50703518582937
1.3525039008278603,30.476709139383658,32.65281269921395
1.3570766397875813,30.616268504902777,32.79859021259853
1.3616455241802392,30.755827870421882,32.94436772598311
1.3662105572860521,30.895387235941,33.09014523936769
1.3707717423824157,31.03494660146012,33.235922752752266
1.3753290827439177,31.17450596697923,33.38170026613685
1.3798825816423312,31.314065332498352,33.52747777952143
1.384432242346622,31.45362469801746,33.673255292906006
1.3889780681229476,31.59318406353658,33.819032806290586
1.3935200622346637,31.73274342905569,33.964810319675166
1.398058227942325,31.872302794574807,34.11058783305974
1.4025925685036857,32.01186216009392,34.25636534644432
1.4071230871737022,32.15142152561304,34.40214285982889
1.4116521599559058,32.29098089113214,34.54792037321348
1.4162464573396671,32.43054025665126,34.69369788659805
1.4208368836889858,32.57009962217039,34.83947539998263
1.4254234422962238,32.709658987689494,34.98525291336719
1.4300061364509162,32.84921835320861,34.98525291336719
1.4345849694397779,32.98877771872772,34.98525291336719
1.439159944546704,33.128337084246844,34.98525291336719
1.4437310650527697,33.26789644976595,34.98525291336719
1.4482983342362388,33.40745581528507,34.98525291336719
1.452861755372561,33.54701518080419,34.98525291336719
1.457421331734376,33.6865745463233,34.98525291336719
1.4619770665915168,33.82613391184242,34.98525291336719
1.4665289632110114,33.965693277361524,34.98525291336719
1.4710770248570828,34.105252642880636,34.98525291336719
1.4756212547911558,34.24481200839976,34.98525291336719
1.480161656271859,34.38437137391888,34.98525291336725
1.48469823255502,34.54587257530849,35.27703996236087
1.4892309868936806,34.7073737766981,35.56882701135463
1.4937694371140602,34.86887497808772,35.86061406034838
1.4983804862992127,35.03037617947733,36.15240110934212
1.5029876380087004,35.19187738086695,36.444188158335876
1.507590895569035,35.35337858225655,36.73597520732962
1.5121902623038659,35.51487978364617,37.02776225632337
1.51678574153398,35.67638098503579,37.31954930531712
1.5213773365773031,35.83788218642539,37.611336354310865
1.5259650507489035,35.999383387815016,37.90312340330462
1.5305488873609954,36.16088458920463,38.19491045229837
1.5351288497229392,36.32238579059424,38.48669750129212
1.5397049411412465,36.48388699198385,38.77848455028587
1.544277164919582,36.645388193373456,39.070271599279614
1.5488455243587635,36.80688939476309,39.362058648273354
1.553410022756767,36.968390596152695,39.65384569726711
1.5579706634087283,37.12989179754231,39.94563274626086
1.5625274496069441,37.291392998931926,40.23741979525461
1.5670803846408803,37.45289420032154,40.529206844248364
1.5716294717971664,37.61439540171115,40.820993893242104
1.5761747143595999,37.77589660310077,41.11278094223585
1.5807161156091556,37.93739780449038,41.404567991229605
1.585369445887066,38.09889900587999,41.69635504022335
1.5900334642653895,38.260400207269605,41.9881420892171
1.5946935417230637,38.42190140865922,42.27992913821085
1.5993496816216919,38.58340261004884,42.57171618720459
1.6040018873199795,38.744903811438455,42.86350323619835
1.608650162173748,38.90640501282807,43.1552902851921
1.6132945095359266,39.06790621421768,43.44707733418585
1.6179349327565613,39.22940741560729,43.738864383179596
1.6225714351828144,39.39090861699692,44.03065143217335
1.6272040201589688,39.55240981838652,44.32243848116709
1.6318326910264296,39.71391101977613,44.61422553016084
1.6364574511237255,39.875412221165746,44.90601257915459
1.6410783037865124,40.036913422555365,45.197799628148346
1.645695252347579,40.19841462394498,45.48958667714209
1.6503083001368417,40.35991582533459,45.78137372613584
1.6549174504813553,40.52141702672421,46.073160775129594
1.65952270670531,40.663201063527445,46.364947824123334
1.664124072130034,40.76555077115754,46.65673487311709
1.6687215500740047,40.86790047878766,46.94852192211084
1.6733151438528344,40.97025018641777,47.24030897110459
1.6780103970175233,41.07259989404789,47.53209602009834
1.6827134444012142,41.174949601677994,47.82388306909209
1.6874125199443097,41.27729930930811,48.11567011808584
1.692107627032309,41.379649016938224,48.40745716707959
1.6967987690478006,41.48199872456833,48.699244216073346
1.7014859493704622,41.58434843219844,48.99103126506709
1.70616917137707,41.68669813982855,49.28281831406084
1.7108484384414933,41.78904784745867,49.574605363054594
1.7155237539347046,41.89139755508878,49.86639241204833
1.7201951212247746,41.993747262718884,50.15817946104209
1.7248625436768805,42.096096970349,50.449966510035836
1.7295260246533048,42.1984466779791,50.741753559029576
1.7341855675134423,42.30079638560922,51.03354060802333
1.7388411756137974,42.403146093239336,51.32532765701707
