0.14775531721460217,0.14775482447661648,0.14775263990220858,0.14775203423482852,0.14775233773686935,0.14775300099811356,0.14775007705845244,0.14775076965513903,0.14775025994187133,0.14774990225591156,0.14774731996566365,0.14774689599138763,0.14774756660695013,0.1477482069711558,0.14774561428942,0.14774631417700274,0.14774566279192014,0.1477453326955847,0.14774431871275087,0.14774396223837244,0.0,0.0
0.14775585879599162,0.14775536621264468,0.14775317184910336,0.14775256636811684,0.14775287989474076,0.14775354294798315,0.14775062902325733,0.14775132139911762,0.14775080239281863,0.1477504448189476,0.1477478633375424,0.14774743949611566,0.1477481095432962,0.1477487497069756,0.147746034189714,0.14774673390799786,0.1477462046968822,0.14774587331583108,0.14774484559412526,0.14774448757408387,0.0,0.0
0.1477561809583408,0.14775568846698278,0.14775349451301587,0.1477528891450919,0.147753201990794,0.14775386492046066,0.14775095153859344,0.14775164378542224,0.14775112425300177,0.1477507667456389,0.14774818574416188,0.1477477619815616,0.14774843128059298,0.14774907132544157,0.14774621703405588,0.14774691667861867,0.14774652359697332,0.14774618946624396,0.14774510597120316,0.14774474559367862,0.0,0.0
0.1477565074935714,0.14775601509545186,0.14775382155662362,0.14775321630329788,0.1477535284217837,0.14775419122621036,0.14775127839451332,0.14775197051057284,0.1477514504077827,0.14775109296781608,0.14774851245267592,0.1477480887699547,0.1477487572735548,0.14774939719799957,0.14774647071787222,0.14774717026015094,0.14774684663883414,0.14774650967887953,0.14774535215088164,0.14774498908223221,0.0,0.0
0.14775682321029024,0.14775633090232104,0.1477541377648812,0.1477535326223581,0.14775384397692487,0.1477545066602829,0.14775159436043184,0.14775228635007764,0.1477517656349271,0.14775140826009933,0.14774882821500712,0.14774840460948935,0.14774907228309125,0.14774971209118754,0.1477467861429248,0.1477474855580248,0.14774715870676083,0.14774681898098227,0.14774557829161455,0.1477452120839773,0.0,0.0
0.14775749052442627,0.1477569984070059,0.14775480611797365,0.1477542012096521,0.1477545117198404,0.14775517414700257,0.1477522629726019,0.14775295469474087,0.14775243345671862,0.14775207621989245,0.1477494971706303,0.14774907372867402,0.14774974041976208,0.1477503799810791,0.14774745516092141,0.14774815430627034,0.14774782453238358,0.14774748239090701,0.14774614317837398,0.14774577341186435,0.0,0.0
0.1477575527959496,0.14775706069631075,0.1477548684864498,0.14775426359998345,0.14775457333086334,0.1477552357343866,0.14775232466382981,0.14775301636128607,0.14775249437290153,0.14775213714866345,0.14774955819023883,0.14774913476320217,0.14774980066069227,0.14775044019975875,0.14774754877757704,0.14774824788517876,0.14774788206192915,0.1477475377322335,0.14774615384287088,0.14774577955123408,0.0,0.0
0.14775758257398952,0.14775709048285388,0.1477548983108528,0.14775429343483742,0.1477546023303522,0.14775526472274897,0.1477523537010701,0.14775304538690873,0.1477525225763032,0.14775216535789318,0.14774958644152508,0.14774916302139599,0.14774982807576317,0.14775046760470367,0.1477475762282835,0.1477482753248171,0.1477479071002449,0.14774756105052617,0.14774594649380057,0.14774556647432352,0.0,0.0
0.1477576055679173,0.14775711348334758,0.14775493180434082,0.14775432694006238,0.1477546244963758,0.14775528688026793,0.14775236680678933,0.14775305848738438,0.1477525439003301,0.14775218668632678,0.14774962992207546,0.14774920651257756,0.14774984856300374,0.14775048808437696,0.1477475634468145,0.1477482625485016,0.14774792561257521,0.1477475783318133,0.14774578226210905,0.14774539557765892,0.0,0.0
0.1477577566317736,0.14775726459034025,0.14775508310247853,0.14775447829121824,0.1477547754509849,0.14775543777695865,0.1477525179587061,0.14775320957882537,0.147752694665983,0.147752337483135,0.1477497809417741,0.14774935756920163,0.14774999919240794,0.14775063865814475,0.14774771427491432,0.14774841331578578,0.1477480755893561,0.14774772784737011,0.14774583795941915,0.14774544841782966,0.0,0.0
0.14775764608899766,0.14775715401599865,0.1477549723882643,0.1477543675382072,0.14775466436761353,0.14775532673620778,0.14775240673014106,0.14775309839476286,0.14775258309884787,0.14775222589294468,0.14774966918664423,0.14774924578674686,0.1477498871007795,0.14775052660791854,0.14774760203542533,0.14774830112155307,0.1477479626972939,0.14774761457661545,0.14774562971150895,0.14774523728002534,0.0,0.0
0.14775753990255125,0.14775704779923077,0.14775486603713614,0.14775426114981152,0.14775455765572604,0.14775522006526354,0.14775229987877456,0.14775299158614733,0.14775247591609642,0.14775211868804422,0.14774956182328566,0.1477491383971373,0.14774977940801873,0.14775041895493507,0.14774749420060723,0.14774819333021488,0.1477478543054364,0.1477475059042672,0.1477455192093691,0.14774512386394922,0.0,0.0
0.1477574360705674,0.14775694393759783,0.14775476204412294,0.1477541571203571,0.14775445330656706,0.14775511575614103,0.1477521953932252,0.14775288714240228,0.14775237110311984,0.14775201385340864,0.14774945683369645,0.1477490333818776,0.14774967409293568,0.14775031367875102,0.1477473887466037,0.1477480879187314,0.14774774836658572,0.14774739976045742,0.14774522982910507,0.14774483147629958,0.0,0.0
0.14775733540192892,0.1477568432402136,0.147754661219361,0.14775405626026428,0.14775435213320504,0.1477550146215969,0.1477520940876241,0.14775278587733304,0.14775226947675912,0.1477519122060472,0.14774935503609288,0.14774893155938396,0.14774957197644173,0.1477502115999746,0.14774728649540889,0.14774798570876513,0.14774764568361992,0.14774729692440008,0.14774500927195583,0.14774460793034333,0.0,0.0
0.14775723662514048,0.14775674443521977,0.14775456228938377,0.14775395729562024,0.1477542528547645,0.1477549153812472,0.14775199467942168,0.14775268650890333,0.14775216974740302,0.14775181245608263,0.14774925513869125,0.14774883163755717,0.14774947175971134,0.1477501114202598,0.1477471861464843,0.14774788540030176,0.14774754493737763,0.14774719606386919,0.14774477802204683,0.1477443736397313,0.0,0.0
0.14775714556200342,0.14775665334607985,0.14775447108502107,0.1477538660592982,0.14775416131019767,0.14775482387180366,0.14775190301520214,0.1477525948813581,0.14775207776813476,0.14775172045780727,0.14774916300443652,0.14774873948077538,0.14774937931206403,0.14775001900675827,0.14774709357689125,0.14774779286803313,0.14774745200212958,0.1477471030447855,0.14774455742819273,0.1477441500361008,0.0,0.0
0.14775706317468154,0.14775657093523273,0.1477543885699289,0.14775378351529134,0.14775407847221134,0.14775474106560008,0.14775182006894289,0.14775251196828498,0.14775199452172383,0.14775163719419407,0.14774907961775463,0.1477486560737052,0.14774929562670716,0.1477499353523111,0.14774700978114705,0.14774770910607568,0.14774736787386727,0.1477470188554091,0.1477444709483784,0.14774406069986748,0.0,0.0
0.08,0.08,0.08,0.08,0.08,0.08,0.08,0.08,0.08,0.08,0.08,0.08,0.08,0.08,0.08,0.08,0.08,0.08,0.08,0.08,0.0,0.0
0.08,0.08,0.08,0.08,0.08,0.08,0.08,0.08,0.08,0.08,0.08,0.08,0.08,0.08,0.08,0.08,0.08,0.08,0.08,0.08,0.0,0.0
0.08,0.08,0.08,0.08,0.08,0.08,0.08,0.08,0.08,0.08,0.08,0.08,0.08,0.08,0.08,0.08,0.08,0.08,0.08,0.08,0.0,0.0
0.08,0.08,0.08,0.08,0.08,0.08,0.08,0.08,0.08,0.08,0.08,0.08,0.08,0.08,0.08,0.08,0.08,0.08,0.08,0.08,0.0,0.0
0.08,0.08,0.08,0.08,0.08,0.08,0.08,0.08,0.08,0.08,0.08,0.08,0.08,0.08,0.08,0.08,0.08,0.08,0.08,0.08,0.0,0.0
0.08,0.08,0.08,0.08,0.08,0.08,0.08,0.08,0.08,0.08,0.08,0.08,0.08,0.08,0.08,0.08,0.08,0.08,0.08,0.08,0.0,0.0
0.08,0.08,0.08,0.08,0.08,0.08,0.08,0.08,0.08,0.08,0.08,0.08,0.08,0.08,0.08,0.08,0.08,0.08,0.08,0.08,0.0,0.0
0.08,0.08,0.08,0.08,0.08,0.08,0.08,0.08,0.08,0.08,0.08,0.08,0.08,0.08,0.08,0.08,0.08,0.08,0.08,0.08,0.0,0.0
0.14775724527683215,0.14775675308938183,0.14775456048854557,0.147753955494151,0.14775426059224378,0.14775492311575786,0.14775201151809012,0.14775270334083476,0.14775217656391723,0.14775181927400538,0.14774923984167215,0.14774881633679776,0.14774947765510715,0.1477501173134781,0.1477472253521294,0.14774792459013886,0.14774754977949572,0.14774720076775216,0.1477446113460058,0.14774419838456743,0.0,0.0
0.1477574123204765,0.14775692018072517,0.14775473825719848,0.14775413332509726,0.1477544276729921,0.14775509013240112,0.14775216972614552,0.14775286148559208,0.14775234359400527,0.1477519863386093,0.14774942927822826,0.14774900581967187,0.14774964469337587,0.14775028429005022,0.14774735930826344,0.14774805849226097,0.14774771673402992,0.14774736773728758,0.14774481639968434,0.147744401150598,0.0,0.0
0.1477573768794599,0.14775688472958845,0.14775469229606938,0.14775408734786238,0.14775439195479428,0.1477550544279076,0.14775214305164672,0.14775283482176543,0.14775230761659935,0.14775195035376876,0.1477493711168575,0.14774894764408047,0.1477496084433318,0.1477502480533953,0.14774735631035996,0.14774805549556624,0.1477476802144158,0.14774733119665956,0.14774473858001969,0.147744321303298,0.0,0.0
0.1477573622137371,0.14775687005967786,0.14775468807275044,0.14775408312306362,0.14775437709792044,0.14775503957673397,0.14775211908496996,0.14775281086467773,0.14775229257582212,0.14775193530988334,0.14774937817407835,0.14774895470302682,0.14774959321284095,0.14775023282852995,0.14774730775982098,0.14774800696460313,0.14774766479197232,0.14774731576175482,0.1477447615693724,0.14774434275405945,0.0,0.0
0.14775784346160492,0.147757351444966,0.14775517006697222,0.1477545652861863,0.14775485905600905,0.14775552134990502,0.14775260167300797,0.147753293259633,0.14775277499275224,0.14775241782650356,0.1477498614038981,0.14774943805099913,0.14775007626020614,0.14775071569747705,0.147747791444373,0.14774849045412877,0.1477481482484656,0.14774779930867898,0.14774524494168112,0.14774482511054687,0.0,0.0
0.14775786827024184,0.14775737626068702,0.14775519491408495,0.14775459014200604,0.14775488382521976,0.1477555461096121,0.14775262647459375,0.14775331805129577,0.14775279970939365,0.14775244254825268,0.14774988616218773,0.14774946281534246,0.1477501009328593,0.14775074036101693,0.14774781614957205,0.14774851514936643,0.14774817286143577,0.14774782392167263,0.14774526899139187,0.14774484839970914,0.0,0.0
0.14775790723630056,0.14775741523787278,0.14775522347864742,0.14775461871657825,0.14775492280506541,0.147755585074502,0.1477526745929788,0.1477533661504285,0.14775283868257055,0.14775248152948334,0.1477499030844895,0.1477494797417818,0.14775013991309927,0.14775077932685907,0.14774788847096937,0.1477485874416028,0.14774821182768128,0.14774786289182146,0.14774526798711127,0.14774484689720083,0.0,0.0
0.14775795598142313,0.14775746399691458,0.14775528276129657,0.14775467802000142,0.1477549716005319,0.14775563385124646,0.1477527143646351,0.1477534059061721,0.14775288750286247,0.1477525303598639,0.1477499741035933,0.14774955077825058,0.14775018877553225,0.147750828171244,0.147747904108119,0.14774860307244722,0.14774826070739633,0.1477479117780568,0.1477453563456947,0.1477449349630533,0.0,0.0
0.1477580116269749,0.14775751965835604,0.1477553280318537,0.14775472330642248,0.14775502731893164,0.14775568954826795,0.14775277924290225,0.1477534707584813,0.14775294326502503,0.1477525861335497,0.1477500078445093,0.14774958452741643,0.1477502446012566,0.14775088397634836,0.14774799329520943,0.1477486922235762,0.14774831656695514,0.14774796764354176,0.14774537249340364,0.14774495090202472,0.0,0.0
0.14775835840785195,0.14775786653825823,0.14775567535265982,0.1477550707489392,0.1477553746845819,0.1477560367806386,0.14775312706076132,0.14775381843717644,0.1477532910344806,0.1477529339748722,0.14775035620442917,0.14774993297251393,0.14775059289842174,0.1477512321448644,0.14774834204512416,0.14774904083286877,0.14774866523112618,0.14774831637149244,0.14774572165216496,0.14774530001557873,0.0,0.0
0.14775843495469138,0.14775794310695617,0.14775575201868102,0.14775514744182655,0.14775545135563375,0.14775611342227243,0.14775320383162574,0.14775389517732418,0.14775336778978648,0.14775301074603975,0.14775043309005578,0.14775000987694004,0.14775066976531542,0.1477513089833659,0.1477484190119371,0.1477491177686472,0.14774874217022696,0.14774839332040585,0.14774579867209248,0.1477453769850083,0.0,0.0
0.14775851715003932,0.14775802532577564,0.1477558343420063,0.14775522979400033,0.1477555336890481,0.14775619572409632,0.14775328627222462,0.14775397758493777,0.14775345021837166,0.14775309319165902,0.14775051565859487,0.1477500924656681,0.1477507523184377,0.14775139150599548,0.14774850167237052,0.14774920039575015,0.1477488248076128,0.14774847597052507,0.1477458814271467,0.1477454597271693,0.0,0.0
0.14775884762257468,0.14775835589268066,0.1477561653290869,0.1477555608970696,0.1477558647309875,0.1477565266390173,0.14775361774512885,0.1477543089252158,0.14775378165728417,0.1477534246990646,0.14775084766025323,0.14775042454850573,0.14775108427244524,0.14775172333738845,0.14774883405789022,0.147749532647244,0.1477491571270682,0.14774880835458026,0.14774621430129645,0.147745792667401,0.0,0.0
0.14775912569177985,0.14775863404129255,0.14775644383127146,0.14775583949685225,0.1477561432801543,0.14775680508130484,0.14775389665694813,0.147754587725437,0.1477540605412978,0.14775370364071203,0.14775112701780818,0.1477507039743689,0.14775136359067548,0.1477520025524445,0.14774911373923547,0.14774981221581301,0.14774943675422403,0.14774908803680809,0.1477464943993681,0.1477460728271146,0.0,0.0
0.14775921187638022,0.14775872025050354,0.1477565301500414,0.1477559258458706,0.14775622961318377,0.14775689138120943,0.14775398310235,0.1477546741362516,0.14775414697781375,0.14775379009509018,0.1477512136010633,0.14775079057879442,0.14775145016150826,0.1477520890913009,0.14774920042258263,0.14774989886420783,0.1477495234200692,0.1477491747191676,0.1477465812107629,0.14774615965650667,0.0,0.0
0.08,0.08,0.08,0.08,0.08,0.08,0.08,0.08,0.08,0.08,0.08,0.08,0.08,0.08,0.08,0.08,0.08,0.08,0.08,0.08,0.0,0.0
0.08,0.08,0.08,0.08,0.08,0.08,0.08,0.08,0.08,0.08,0.08,0.08,0.08,0.08,0.08,0.08,0.08,0.08,0.08,0.08,0.0,0.0
0.08,0.08,0.08,0.08,0.08,0.08,0.08,0.08,0.08,0.08,0.08,0.08,0.08,0.08,0.08,0.08,0.08,0.08,0.08,0.08,0.0,0.0
0.08,0.08,0.08,0.08,0.08,0.08,0.08,0.08,0.08,0.08,0.08,0.08,0.08,0.08,0.08,0.08,0.08,0.08,0.08,0.08,0.0,0.0
0.08,0.08,0.08,0.08,0.08,0.08,0.08,0.08,0.08,0.08,0.08,0.08,0.08,0.08,0.08,0.08,0.08,0.08,0.08,0.08,0.0,0.0
0.08,0.08,0.08,0.08,0.08,0.08,0.08,0.08,0.08,0.08,0.08,0.08,0.08,0.08,0.08,0.08,0.08,0.08,0.08,0.08,0.0,0.0
0.08,0.08,0.08,0.08,0.08,0.08,0.08,0.08,0.08,0.08,0.08,0.08,0.08,0.08,0.08,0.08,0.08,0.08,0.08,0.08,0.0,0.0
0.08,0.08,0.08,0.08,0.08,0.08,0.08,0.08,0.08,0.08,0.08,0.08,0.08,0.08,0.08,0.08,0.08,0.08,0.08,0.08,0.0,0.0
0.14775951177902938,0.14775902023879461,0.1477568409718345,0.14775623677658828,0.14775653003400813,0.147757191686762,0.14775428391428358,0.14775497482782404,0.14775444776033264,0.1477540909397682,0.1477515148942884,0.14775109194569164,0.14775175141292346,0.1477523902314398,0.1477495020656075,0.14775020038560044,0.14774982500582315,0.14774947636491087,0.14774688330803584,0.1477464618255254,0.0,0.0
0.14775991677007738,0.1477594253454955,0.14775723614128738,0.14775663208452589,0.14775693572517126,0.14775759722225945,0.14775468105661815,0.1477553718112522,0.1477548539402928,0.14775449720366968,0.1477519438546792,0.14775152101097283,0.14775215822645948,0.14775279689470544,0.14774987615705595,0.14775057432620156,0.14775023227212053,0.14774988371321351,0.1477473308634253,0.14774690948966585,0.0,0.0
0.1477604942948762,0.14776000303522008,0.14775782501155477,0.14775722116116255,0.1477575142483845,0.1477581755234868,0.14775526941000694,0.14775595992922258,0.14775543316058132,0.1477550765436623,0.14775250196770706,0.14775207926047398,0.1477527383502606,0.14775337680421474,0.14775049028593323,0.14775118820743552,0.14775081304162024,0.1477504645996558,0.14774787302179299,0.1477474517797739,0.0,0.0
0.14776077026456333,0.14776027908371836,0.1477580909647539,0.14775748720756698,0.14775779069526218,0.14775845186428657,0.14775553714432738,0.1477562275564118,0.14775570994062143,0.14775535338090415,0.14775280129754614,0.14775237866350838,0.14775301556209983,0.1477536539136527,0.14775073462372662,0.1477514324466992,0.1477510905620128,0.14775074217593062,0.1477481905913387,0.1477477694264882,0.0,0.0
0.1477608260374096,0.14776033487249163,0.147758157268629,0.14775755353467784,0.14775784656443214,0.14775850771201937,0.14775560215870537,0.147756292544776,0.14775576587704287,0.14775540932888526,0.14775283524911964,0.1477524126233835,0.14775307158572468,0.14775370991658346,0.14775082395460248,0.14775152174155315,0.1477511466479826,0.14775079827319354,0.14774820719472373,0.14774778603390717,0.0,0.0
0.14775996132154645,0.14775946990968714,0.14775728076212544,0.1477566767210013,0.14775697794864173,0.14775763942952838,0.14775472333528106,0.1477554140729983,0.14775489621463772,0.14775453948675144,0.14775198620026334,0.14775156336691148,0.14775220056674648,0.1477528392193525,0.14774991855319825,0.14775061670524797,0.14775027465953233,0.1477499261091602,0.14774737332185284,0.14774695195841034,0.0,0.0,0.14775608497394618
0.14776018171018956,0.14775969036126713,0.14775751194204667,0.14775690798193888,0.14775719861246922,0.14775786000868515,0.14775495336316138,0.14775564400883767,0.14775511714435435,0.14775476046212604,0.14775218541489138,0.14775176263025247,0.14775242184108645,0.14775306041195646,0.1477501733653024,0.14775087141460133,0.14775049618016795,0.1477501476744007,0.14774755562221603,0.14774713430307085,0.0,0.0,0.14775630378279334
0.14776065481602266,0.14776016360220748,0.1477579753364274,0.14775737153871704,0.14775767242839216,0.1477583336427984,0.14775541872283862,0.1477561091823088,0.14775559153117013,0.1477552349469811,0.14775268268852912,0.14775226002548733,0.1477528969678873,0.14775353536324926,0.14775061587303995,0.14775131374389955,0.14775097183577424,0.14775062342578477,0.14774807166615922,0.14774765047240984,0.0,0.0,0.14775677583105354
0.14776067432240786,0.14776018311416333,0.14775800531831296,0.1477574015311099,0.14775769185954402,0.14775835306649432,0.14775544725240236,0.1477561377004569,0.14775561098574763,0.14775525440557913,0.1477526800948189,0.14775225743114298,0.14775291645281505,0.14775355484097916,0.14775066862002,0.14775136646960949,0.14775099134240616,0.1477506429363446,0.14774805162538895,0.14774763042676964,0.0,0.0,0.14775678813403031
0.1477609881300895,0.14776049701146185,0.14775830916949878,0.14775770548878236,0.14775800609665046,0.14775866718302189,0.14775575282726722,0.1477564431530494,0.14775592560147335,0.14775556908632584,0.14775301732180973,0.1477525947405961,0.14775323155930775,0.1477538698310726,0.14775095090586468,0.147751648641622,0.14775130679960388,0.14775095845706332,0.1477484071912033,0.14774798607898548,0.0,0.0,0.14775710042620277
0.14776142904456419,0.14776093805185386,0.14775875077053163,0.14775814724457886,0.1477584476615072,0.1477591085784402,0.14775619496934334,0.14775688511820517,0.14775636769838976,0.14775601127461066,0.1477534601637604,0.14775303769083667,0.14775367434586134,0.14775431245406007,0.14775139427656409,0.14775209183352978,0.14775175007899735,0.14775140182571755,0.14774885121329812,0.14774843020897793,0.0,0.0,0.1477575401306503
0.14776058250680696,0.14776009127234202,0.147757902914619,0.14775729909152824,0.14775759723208695,0.14775825847534724,0.14775534342823768,0.14775603391783593,0.1477555162442596,0.14775515964451114,0.14775260727474504,0.1477521845932624,0.14775282156353742,0.14775345998675327,0.1477505403692146,0.147751238270521,0.14775089634749772,0.14775054792230782,0.1477479960514067,0.1477475748392832,0.0,0.0,0.14775668483523013,0.1477567816923089
0.14776088431765275,0.14776039316937836,0.14775820519541458,0.1477576014782597,0.14775789916060283,0.14775856028800793,0.14775564575143257,0.14775633612006,0.14775581853657566,0.14775546199930115,0.14775291007648467,0.14775248746904618,0.14775312432739868,0.14775376263877477,0.14775084353249093,0.14775154131154689,0.14775119944834253,0.14775085108418545,0.1477482996600803,0.14774787852173266,0.0,0.0,0.14775698326037007,0.14775708744638724
0.14776099329878326,0.14776050218163223,0.14775831434626213,0.1477577106673607,0.14775800791952112,0.14775866900519247,0.14775575465254182,0.14775644497759263,0.14775592742661953,0.1477555709118497,0.14775301915005384,0.14775259656928796,0.14775323338735563,0.14775387165844434,0.14775095273634525,0.14775165047136352,0.14775130862971478,0.14775096028754325,0.147748409024403,0.1477479879126313,0.0,0.0,0.14775708832366669,0.14775719995621675
0.1477611036866313,0.14776061260100443,0.1477584249059754,0.14775782126581988,0.14775811808200717,0.14775877912540764,0.147755864959012,0.1477565552399255,0.14775603772176532,0.14775568122978971,0.1477531296310491,0.14775270707729882,0.14775334385449795,0.14775398208478105,0.1477510633491994,0.14775176103961363,0.14775141921978277,0.1477510708998796,0.14774851979973824,0.14774809871488426,0.0,0.0,0.14775719471098986,0.1477573138850326
0.14776120701639386,0.1477607159602759,0.14775852839663475,0.14775792479274857,0.14775822116947315,0.14775888217331662,0.14775596818123493,0.14775665842084487,0.14775614093344608,0.14775578446280116,0.14775323301666488,0.14775281048819577,0.14775344722718112,0.1477540854192782,0.1477511668582569,0.14775186450693054,0.14775152270752415,0.14775117440845964,0.1477486234608698,0.14774820240120554,0.0,0.0,0.14775729394756845,0.14775742074877163
0.08,0.08,0.08,0.08,0.08,0.08,0.08,0.08,0.08,0.08,0.08,0.08,0.08,0.08,0.08,0.08,0.08,0.08,0.08,0.08,0.0,0.0,0.08,0.08
0.08,0.08,0.08,0.08,0.08,0.08,0.08,0.08,0.08,0.08,0.08,0.08,0.08,0.08,0.08,0.08,0.08,0.08,0.08,0.08,0.0,0.0,0.08,0.08
0.08,0.08,0.08,0.08,0.08,0.08,0.08,0.08,0.08,0.08,0.08,0.08,0.08,0.08,0.08,0.08,0.08,0.08,0.08,0.08,0.0,0.0,0.08,0.08
0.08,0.08,0.08,0.08,0.08,0.08,0.08,0.08,0.08,0.08,0.08,0.08,0.08,0.08,0.08,0.08,0.08,0.08,0.08,0.08,0.0,0.0,0.08,0.08
0.08,0.08,0.08,0.08,0.08,0.08,0.08,0.08,0.08,0.08,0.08,0.08,0.08,0.08,0.08,0.08,0.08,0.08,0.08,0.08,0.0,0.0,0.08,0.08
0.08,0.08,0.08,0.08,0.08,0.08,0.08,0.08,0.08,0.08,0.08,0.08,0.08,0.08,0.08,0.08,0.08,0.08,0.08,0.08,0.0,0.0,0.08,0.08
0.08,0.08,0.08,0.08,0.08,0.08,0.08,0.08,0.08,0.08,0.08,0.08,0.08,0.08,0.08,0.08,0.08,0.08,0.08,0.08,0.0,0.0,0.08,0.08
0.08,0.08,0.08,0.08,0.08,0.08,0.08,0.08,0.08,0.08,0.08,0.08,0.08,0.08,0.08,0.08,0.08,0.08,0.08,0.08,0.0,0.0,0.08,0.08
0.1477613866181701,0.14776089561334405,0.14775870827809529,0.1477581047372512,0.14775840064699458,0.14775906158196728,0.14775614789339325,0.1477568380610914,0.1477563206273052,0.14775596419379836,0.14775341301337144,0.14775299052891844,0.1477536272014031,0.1477542653270164,0.14775134706993145,0.1477520446459326,0.14775170288209297,0.1477513546193099,0.14774880393733855,0.1477483829215308,0.0,0.0,0.14775746946022264,0.14775760413905678
0.14776032834520036,0.1477598370381531,0.14775764835726127,0.14775704444496035,0.14775734013500985,0.14775800147692186,0.14775508599508838,0.14775577658769445,0.14775525883740365,0.14775490218445803,0.14775234943411036,0.1477519266895785,0.1477525637551565,0.14775320227360478,0.14775028222072856,0.14775098022613212,0.14775063825217238,0.14775028977501248,0.14774773752366083,0.14774731624871645,0.0,0.0,0.14775640457567857,0.1477565466698055,0.1477590808466972
0.14776038990475546,0.14775989861528793,0.14775771001266955,0.1477571061219758,0.14775740137368212,0.14775806269209607,0.1477551563883513,0.14775584695279065,0.14775532014987527,0.14775496350960077,0.14775238876511063,0.14775196603019636,0.1477526251632711,0.14775326365903568,0.1477503769518021,0.14775107491900588,0.14775069972865207,0.14775035126387095,0.14774775951638527,0.14774733824678493,0.0,0.0,0.14775646693288164,0.14775661676464663,0.14775909244023044
0.14776025968890238,0.14775976836224852,0.14775759004170486,0.14775698610896715,0.1477572704825199,0.14775793185115846,0.1477550162515503,0.1477557068720629,0.1477551891009892,0.1477548324336316,0.14775227958017764,0.14775185681856462,0.14775249390996198,0.14775313245421037,0.1477502122833929,0.14775091031699839,0.1477505683292396,0.14775021983800007,0.1477476674835777,0.14774724619161414,0.0,0.0,0.14775632660030683,0.14775648458379242,0.14775901133558583
0.1477601297084333,0.14775963834466063,0.1477574494112019,0.14775684542918036,0.1477571398229427,0.14775780124171684,0.14775489449709678,0.14775558516632714,0.1477550582839927,0.1477547015895999,0.14775212645458688,0.14775170365553064,0.14775236288891025,0.14775300148155646,0.14775011433648977,0.1477508124095916,0.14775043716237773,0.1477500886447268,0.14774749650419683,0.14774707517068653,0.0,0.0,0.14775619667329115,0.14775636288287253,0.14775883124115718
0.14775999416173408,0.14775950275925298,0.14775732410270426,0.14775672007676854,0.14775700358352814,0.14775766505457855,0.14775474900367677,0.14775543973112337,0.14775492188041167,0.14775456515782937,0.14775201190928822,0.14775158908222277,0.14775222627255535,0.147752864915666,0.147749944292918,0.1477506424345883,0.14775030039395154,0.14774995184876127,0.14774739909938783,0.14774697774220896,0.0,0.0,0.14775605087793187,0.14775622538541683,0.1477587448088279
0.14776002637925867,0.14775953498597805,0.14775734592113693,0.1477567419028475,0.14775703539560547,0.14775769685444923,0.14775478993380503,0.14775548064487426,0.14775495373083142,0.1477545970148314,0.14775202172389806,0.14775159889923262,0.14775225817266033,0.14775289680398745,0.14775000948411168,0.14775070759949444,0.14775033232957852,0.14774998379081877,0.14774739149336186,0.14774697013433474,0.0,0.0,0.14775608340932772,0.147756266262708,0.1477587270257651
0.14775988930236317,0.14775939786993725,0.1477572190806979,0.14775661501795762,0.14775689761605534,0.1477575591277663,0.14775464289768758,0.14775533366759003,0.14775481578525979,0.14775445904075157,0.14775190563534907,0.14775148278229705,0.14775212001191024,0.14775275869427218,0.14774983789209456,0.14775053607667005,0.14775019401503883,0.14774984544842834,0.1477472925422475,0.14774687115917634,0.0,0.0,0.14775593597469558,0.1477561272563185,0.14775863906351153
0.14775887046884983,0.1477583787454798,0.1477561882109339,0.14775558378693526,0.14775587654655423,0.14775653845005063,0.1477536295760778,0.1477543207514309,0.1477537934855187,0.1477534365297436,0.14775085950857098,0.14775043639972044,0.14775109611755857,0.14775173517812662,0.14774884591840143,0.14774954450297278,0.14774916898113502,0.14774882020813115,0.1477462261692646,0.14774580452707953,0.0,0.0,0.147754914945253,0.14775511481840922,0.14775756705912346,0.14775750847112823
0.14775863472724127,0.14775814293655337,0.1477559625598085,0.14775535805673498,0.14775563992326524,0.1477563019175515,0.1477533835609492,0.14775407483473513,0.14775355657720549,0.14775319957247263,0.14775064430539664,0.14775022114392644,0.14775085883977013,0.1477514979879811,0.14774857505627875,0.1477492737500674,0.14774893143927934,0.14774858261844714,0.1477460278512354,0.14774560616086332,0.0,0.0,0.14775466850685623,0.14775487696253717,0.1477573799035175,0.14775731626025781
0.14775839503037547,0.1477579031712397,0.14775571203220378,0.14775510744133669,0.1477553993357324,0.14775606142233072,0.14775315174400327,0.14775384311054252,0.14775331569973565,0.1477529586452244,0.14775038091156256,0.14774995768568847,0.1477506175865294,0.14775125682385298,0.1477483667653236,0.14774906554310052,0.14774868991752516,0.14774834104806267,0.14774574629210713,0.1477453245333213,0.0,0.0,0.14775442831331598,0.14775464538489255,0.14775708945556532,0.14775702075778893
0.1477583340780357,0.1477578422014944,0.14775566144429927,0.14775505683570486,0.1477553377942462,0.14775599990445729,0.14775308103699553,0.14775377243182503,0.1477532540840908,0.14775289701684655,0.14775034130253437,0.1477499180669754,0.14775055587477517,0.14775119513489318,0.1477482716916104,0.147748970507723,0.14774862813707237,0.1477482792551707,0.14774572404087616,0.14774530227668375,0.0,0.0,0.14775436205052928,0.14775458787462048,0.14775702752566147,0.14775695374125183
0.14775825258851255,0.14775776068870142,0.1477555693685617,0.14775496472770128,0.1477552556759788,0.14775591781769773,0.1477530078972296,0.14775369932132282,0.14775317186689743,0.14775281478266272,0.14775023683451516,0.14774981357341266,0.14775047352934434,0.1477511128198781,0.14774822252087905,0.147748921356818,0.14774854570001353,0.1477481968015134,0.14774560182968738,0.14774518003580042,0.0,0.0,0.1477542751506551,0.14775450980122168,0.14775694502786824,0.147756866145121
0.14775800444694082,0.14775751247627172,0.14775533130197888,0.14775472657769367,0.14775500660748164,0.14775566884476457,0.14775274941734157,0.14775344094485388,0.1477529224983068,0.14775256536254014,0.1477500091580068,0.1477495858412351,0.1477502237717942,0.1477508631545798,0.1477479391505455,0.14774863810074412,0.14774829566448316,0.1477479467156398,0.1477453910112935,0.14774496916618257,0.0,0.0,0.147754015987584,0.1477542596476199,0.14775674541437983,0.14775666141186763
0.14775792992997544,0.14775743793802776,0.14775524620765523,0.14775464145355077,0.1477549314694276,0.14775559373553987,0.1477526832686204,0.14775337482259882,0.14775284726972068,0.147752490118408,0.14774991168621932,0.14774948834561494,0.1477501484258551,0.14775078783647072,0.147747896994791,0.14774859596198747,0.1477482202346901,0.14774787127065936,0.14774531545513314,0.14774489359166398,0.0,0.0,0.1477539411320848,0.1477541936961798,0.14775662020377262,0.14775653115642606
0.14775768227456132,0.1477571902118951,0.14775500862994695,0.14775440379258992,0.14775468289193983,0.14775534525342676,0.14775242527868035,0.14775311693588072,0.14775259839276822,0.1477522411900256,0.14774968450633513,0.14774926111018338,0.14774989916074902,0.14775053866343352,0.14774761411130322,0.14774831319256182,0.1477479706921891,0.14774762167791483,0.1477450258454036,0.14774460391156685,0.0,0.0,0.14775368247941045,0.14775394398036773,0.14775642108483533,0.14775632702304703
0.08,0.08,0.08,0.08,0.08,0.08,0.08,0.08,0.08,0.08,0.08,0.08,0.08,0.08,0.08,0.08,0.08,0.08,0.08,0.08,0.0,0.0,0.08,0.08,0.08,0.08
0.08,0.08,0.08,0.08,0.08,0.08,0.08,0.08,0.08,0.08,0.08,0.08,0.08,0.08,0.08,0.08,0.08,0.08,0.08,0.08,0.0,0.0,0.08,0.08,0.08,0.08
0.08,0.08,0.08,0.08,0.08,0.08,0.08,0.08,0.08,0.08,0.08,0.08,0.08,0.08,0.08,0.08,0.08,0.08,0.08,0.08,0.0,0.0,0.08,0.08,0.08,0.08
0.08,0.08,0.08,0.08,0.08,0.08,0.08,0.08,0.08,0.08,0.08,0.08,0.08,0.08,0.08,0.08,0.08,0.08,0.08,0.08,0.0,0.0,0.08,0.08,0.08,0.08
0.08,0.08,0.08,0.08,0.08,0.08,0.08,0.08,0.08,0.08,0.08,0.08,0.08,0.08,0.08,0.08,0.08,0.08,0.08,0.08,0.0,0.0,0.08,0.08,0.08,0.08
0.08,0.08,0.08,0.08,0.08,0.08,0.08,0.08,0.08,0.08,0.08,0.08,0.08,0.08,0.08,0.08,0.08,0.08,0.08,0.08,0.0,0.0,0.08,0.08,0.08,0.08
0.08,0.08,0.08,0.08,0.08,0.08,0.08,0.08,0.08,0.08,0.08,0.08,0.08,0.08,0.08,0.08,0.08,0.08,0.08,0.08,0.0,0.0,0.08,0.08,0.08,0.08
0.08,0.08,0.08,0.08,0.08,0.08,0.08,0.08,0.08,0.08,0.08,0.08,0.08,0.08,0.08,0.08,0.08,0.08,0.08,0.08,0.0,0.0,0.08,0.08,0.08,0.08
0.14775743328604296,0.14775694115227822,0.14775474879047373,0.14775414386206362,0.1477544329714317,0.14775509542880788,0.14775217503151072,0.14775286678883448,0.14775234817115745,0.14775199091670735,0.14774943386309308,0.1477490104056578,0.14774964854885855,0.14775028814410873,0.1477473631688318,0.1477480623512726,0.14774771980139026,0.14774737073660127,0.14774477452855606,0.14774435253365625,0.0,0.0,0.14775343264815757,0.14775370322137538,0.14775612118835568,0.14775602179011454
0.14775735190595923,0.14775685974895664,0.14775466728368664,0.1477540623267149,0.14775435097547782,0.14775501346431402,0.14775209292838323,0.14775278471855607,0.14775226607641584,0.14775190880500116,0.14774935163001976,0.14774892815247814,0.14774956632607122,0.14775020595169108,0.14774728083758548,0.14774798005322287,0.14774763748709685,0.14774728840573456,0.1477446920744815,0.14774427005954777,0.0,0.0,0.14775334082553804,0.14775361999458209,0.14775608848080254,0.1477559841723815
0.14775709172393187,0.1477565994926351,0.14775440669657508,0.1477538016482894,0.14775408984681232,0.14775475243583702,0.1477518314584111,0.14775252335319633,0.14775200463314814,0.1477516473077078,0.14774908974621703,0.147748666204644,0.1477493044750254,0.14774994419736115,0.1477470186411367,0.1477477179624929,0.14774737534463767,0.14774702621049585,0.14774442948687147,0.14774400740813706,0.0,0.0,0.14775307981093438,0.14775336796668365,0.14775577738866535,0.14775566792120667
0.14775635029008927,0.1477558578470819,0.1477536641083937,0.14775305879989675,0.14775334395055378,0.14775400682575568,0.14775108458724728,0.1477517767808459,0.14775125515767365,0.14775089767736072,0.1477483390078866,0.14774791528275855,0.1477485511458108,0.14774919114638788,0.14774626431823545,0.1477469639437334,0.1477466184892712,0.14774626920274742,0.14774367134628927,0.14774324908335282,0.0,0.0,0.14775232346425748,0.14775262072870532,0.14775508409070665,0.14775496943017924,0.1477454287600187
0.14775621051081944,0.14775571802789988,0.14775352411150428,0.14775291875395163,0.14775320328328614,0.1477538662124569,0.1477509437361263,0.14775163598607682,0.1477511141751036,0.14775075666565834,0.14774819778776632,0.14774777402811068,0.14774840979729081,0.14774904985007414,0.14774612278327112,0.14774682246583498,0.14774647683722267,0.14774612752217953,0.14774352945370534,0.14774310715629427,0.0,0.0,0.14775218292128317,0.14775248924106277,0.147754893444409,0.14775477360890796,0.14774538963291342
0.14775588480517662,0.14775539222925627,0.1477531978987808,0.14775259242692212,0.14775287636479006,0.14775353941938663,0.1477506163903488,0.14775130877126338,0.14775078671728292,0.1477504291401727,0.1477478697781953,0.1477474459383432,0.14774808168304351,0.14774872185701288,0.14774579423623116,0.14774649405126164,0.14774614821196486,0.1477457988307591,0.1477432002704211,0.1477427778930316,0.0,0.0,0.1477518457335156,0.14775216118016019,0.14775461618581437,0.14775449115896916,0.14774496513783064
0.14775555501593268,0.14775506234584646,0.14775286759610387,0.147752262008507,0.14775254535458388,0.14775320853617477,0.14775028494751774,0.14775097746103394,0.14775045516382418,0.14775009751820348,0.1477475376660919,0.14774711374504126,0.14774774946777486,0.14774838976444366,0.14774546158276464,0.1477461615319163,0.1477458154821254,0.14774546603393135,0.1477428669755917,0.14774244451722574,0.0,0.0,0.14775151468267733,0.14775183929125826,0.1477542353532008,0.14775410511710635,0.14774473479710454
0.14775522331198476,0.14775473054718702,0.14775253537574734,0.14775192967174178,0.1477522124254954,0.1477528757348156,0.14774995158330106,0.14775064423018644,0.14775012169033483,0.14774976397580775,0.14774720363072796,0.14774677962800936,0.14774741533064709,0.14774805575072397,0.14774512700490902,0.14774582708895612,0.14774548082945457,0.1477451313138856,0.1477425317546719,0.1477421092148623,0.0,0.0,0.14775117142533695,0.1477515052344257,0.1477539520934395,0.14775381664359336,0.14774430417848147
0.1477539773805573,0.1477534842600174,0.14775128750465913,0.14775068136341465,0.14775096118328823,0.14775162497263894,0.14774869870579932,0.14774939185391106,0.14774886630033368,0.14774850832640873,0.1477459461255558,0.1477455218153988,0.14774615533815816,0.14774679622358067,0.1477438653505278,0.14774456594323765,0.14774421678727845,0.14774386701722966,0.14774126556617323,0.14774084271874421,0.0,0.0,0.14774991954271788,0.14775026275899467,0.14775265438041962,0.14775251362189407,0.14774313942244097,0.1477430467362631
0.14775349865283993,0.14775300539561573,0.14775080803168086,0.14775020172243963,0.14775048058712784,0.14775114456085114,0.14774821748154765,0.1477489108221729,0.14774838459679654,0.1477480265233411,0.14774546361043234,0.147745039182312,0.14774567235412117,0.14774631341791655,0.1477433817294674,0.14774408251715399,0.14774373273593322,0.14774338286843675,0.14774078069294008,0.14774035772771482,0.0,0.0,0.14774942848154538,0.1477497809815062,0.14775222401425409,0.14775207799095863,0.147742561203133,0.1477424616732312
0.14775301199270796,0.14775251859653704,0.14775032061395055,0.1477497141339313,0.14774999204206432,0.1477506562032067,0.1477477282980141,0.14774842183433387,0.14774789493199902,0.14774753675736974,0.14774497312064777,0.1477445485726162,0.14774518139362464,0.14774582263873592,0.14774289012143693,0.14774359110731727,0.14774324069646233,0.1477428907299115,0.14774028781803056,0.14773986473306688,0.0,0.0,0.14774893973326947,0.14774930151482507,0.1477516860843585,0.14775153477136865,0.14774217365467204,0.14774206718637184
0.14775252193648974,0.1477520284004043,0.1477498297948594,0.14774922314287312,0.1477495000987199,0.1477501644485823,0.14774723571176868,0.14774792944514126,0.14774740186839375,0.14774704359188984,0.14774447922634223,0.14774405455756898,0.14774468703259414,0.14774532846027424,0.14774239510839735,0.14774309629384103,0.14774274525624798,0.1477423951899598,0.14773979153661668,0.1477393683310888,0.0,0.0,0.147748437304768,0.14774880836806525,0.14775124439181175,0.1477510877818476,0.14774158410910107,0.14774147067902335
0.14775202809224328,0.14775153441516425,0.14774933518185485,0.14774872835657488,0.14774900436453037,0.1477496689045638,0.1477467393297338,0.14774743326167444,0.1477469050130309,0.14774654663387074,0.14774398153390414,0.1477435567434626,0.14774418887755544,0.14774483048920267,0.1477418962963566,0.14774259768289214,0.14774224602146613,0.14774189585467823,0.147739331234297,0.14773890791694733,0.0,0.0,0.1477479413562491,0.14774832169765878,0.14775069922693412,0.14775053729444587,0.14774118944951564,0.14774106907175394
0.14775152571169656,0.14775103189118893,0.1477488425199446,0.14774823552205724,0.1477485000558395,0.1477491647893305,0.14774624348340193,0.14774693761369329,0.14774639954946187,0.1477460410658683,0.1477434530198396,0.14774302810019696,0.14774368207746527,0.14774432387626935,0.14774142224177356,0.14774212381941726,0.14774173810857683,0.1477413878395439,0.1477387826789674,0.1477383592283586,0.0,0.0,0.14774742654097608,0.147747816164594,0.14775024521204233,0.1477500779473958,0.1477405876665533,0.1477404599753555
0.14775120208645515,0.1477507081735544,0.14774850789026633,0.1477479007751406,0.14774817481330302,0.14774883967155855,0.14774590869443954,0.14774660295865302,0.14774607336665324,0.14774571481566845,0.14774314848644285,0.1477427234923548,0.1477433548366429,0.14774399675629257,0.14774106115547475,0.14774176287868307,0.14774140995364776,0.14774105961855655,0.14773849376610398,0.1477380702453111,0.0,0.0,0.14774710118838097,0.1477475000371399,0.14774987035230153,0.14774969775195956,0.14774036459386344,0.14774022955474447
0.14775069667366364,0.14775020261647231,0.1477480121964445,0.1477474049076537,0.1477476674648579,0.1477483325177318,0.14774540980878004,0.14774610427255486,0.14774556485591867,0.1477452061998736,0.14774261690942386,0.14774219178538933,0.14774284498088372,0.14774348708881346,0.14774058405730317,0.1477412859728417,0.14774089897792636,0.14774054853997634,0.14773794212364705,0.14773751846884875,0.0,0.0,0.14774658333241303,0.14774699143681652,0.1477494133137836,0.14774923536504264,0.14773975980601461,0.14773961733416296
0.08,0.08,0.08,0.08,0.08,0.08,0.08,0.08,0.08,0.08,0.08,0.08,0.08,0.08,0.08,0.08,0.08,0.08,0.08,0.08,0.0,0.0,0.08,0.08,0.08,0.08,0.08,0.08
0.08,0.08,0.08,0.08,0.08,0.08,0.08,0.08,0.08,0.08,0.08,0.08,0.08,0.08,0.08,0.08,0.08,0.08,0.08,0.08,0.0,0.0,0.08,0.08,0.08,0.08,0.08,0.08
0.08,0.08,0.08,0.08,0.08,0.08,0.08,0.08,0.08,0.08,0.08,0.08,0.08,0.08,0.08,0.08,0.08,0.08,0.08,0.08,0.0,0.0,0.08,0.08,0.08,0.08,0.08,0.08
0.08,0.08,0.08,0.08,0.08,0.08,0.08,0.08,0.08,0.08,0.08,0.08,0.08,0.08,0.08,0.08,0.08,0.08,0.08,0.08,0.0,0.0,0.08,0.08,0.08,0.08,0.08,0.08
0.08,0.08,0.08,0.08,0.08,0.08,0.08,0.08,0.08,0.08,0.08,0.08,0.08,0.08,0.08,0.08,0.08,0.08,0.08,0.08,0.0,0.0,0.08,0.08,0.08,0.08,0.08,0.08
0.08,0.08,0.08,0.08,0.08,0.08,0.08,0.08,0.08,0.08,0.08,0.08,0.08,0.08,0.08,0.08,0.08,0.08,0.08,0.08,0.0,0.0,0.08,0.08,0.08,0.08,0.08,0.08
0.08,0.08,0.08,0.08,0.08,0.08,0.08,0.08,0.08,0.08,0.08,0.08,0.08,0.08,0.08,0.08,0.08,0.08,0.08,0.08,0.0,0.0,0.08,0.08,0.08,0.08,0.08,0.08
0.08,0.08,0.08,0.08,0.08,0.08,0.08,0.08,0.08,0.08,0.08,0.08,0.08,0.08,0.08,0.08,0.08,0.08,0.08,0.08,0.0,0.0,0.08,0.08,0.08,0.08,0.08,0.08
0.14775018080337254,0.14774968659890758,0.14774748501745166,0.14774687754396798,0.14774714960540447,0.1477478148569257,0.14774489127533263,0.14774558594652484,0.1477450458012426,0.14774468703796073,0.14774209697368357,0.14774167172255048,0.14774232454444913,0.14774296684456345,0.14774006294452546,0.14774076507013417,0.14774037738942336,0.14774002684647988,0.14773741964961423,0.147736995867898,0.0,0.0,0.1477460650966086,0.14774648272900287,0.14774884598771784,0.14774866249143237,0.14773924405220834,0.14773909385707762
0.14774967419788662,0.14774917984879518,0.14774697762340155,0.1477463699721594,0.14774664105927796,0.14774730650587087,0.1477443820673447,0.14774507694222075,0.14774453610763005,0.14774417723904712,0.14774158641491075,0.1477411610389735,0.14774181352025306,0.14774245600907307,0.14773955125622912,0.14774025358810544,0.1477398652602464,0.14773951461421517,0.14773690665098138,0.14773648274465112,0.0,0.0,0.14774555099404574,0.14774597822728747,0.1477483378977587,0.1477481492399778,0.14773873739426358,0.1477385799415294
0.14774915061867583,0.14774865612011484,0.14774646374430692,0.14774585591303696,0.14774611546620836,0.1477467811144086,0.14774384665628953,0.14774454174532736,0.14774400932402693,0.14774365034661385,0.1477410809666611,0.14774065546717075,0.14774128535688028,0.14774192804073186,0.14773898894651938,0.1477396915050656,0.14773933595024152,0.14773898519766593,0.14773641628899942,0.14773599226355566,0.0,0.0,0.14774501961681524,0.1477454568380202,0.14774781276777263,0.14774761871458822,0.14773821380498214,0.14773804877055657
0.14774862269370131,0.14774812804443244,0.14774592448252236,0.14774531646233566,0.1477455855157651,0.1477462513672408,0.14774332515009928,0.1477440204477335,0.14774347817584216,0.1477431190886992,0.1477405266874213,0.14774010105244373,0.14774075282014,0.14774139570063471,0.14773848917772037,0.1477391919377226,0.14773880226004538,0.14773845140004543,0.14773584184614008,0.14773541768116133,0.0,0.0,0.14774448385244066,0.14774493110026182,0.14774728326063322,0.14774708370009837,0.14773768586998837,0.14773751320824025
0.14774828787485456,0.14774779313000547,0.14774559966285672,0.147744991528879,0.14774524900549213,0.14774591498604278,0.14774297906337702,0.14774367449943993,0.1477431407001914,0.1477427815433302,0.1477402108795809,0.14773978516740877,0.14774041425732226,0.1477410572628321,0.14773811669822498,0.147738819608371,0.14773846275895053,0.14773811183061478,0.14773554163528985,0.14773511739738932,0.0,0.0,0.14774414162715027,0.14774459888363123,0.1477469469994456,0.14774674193001386,0.14773735228274548,0.14773717197059627
0.14774775741948065,0.14774726252320652,0.1477450578615473,0.14774444953776936,0.14774471651299906,0.1477453826977934,0.14774245501643324,0.14774315066210195,0.14774260700309283,0.14774224773597872,0.14773965403604178,0.14773922818776009,0.14773987916386008,0.1477405223669506,0.14773761438617133,0.14773831749879196,0.14773792650531067,0.1477375754690382,0.14773496460472235,0.14773454022666271,0.0,0.0,0.14774360327191632,0.14774407061876488,0.1477464149410418,0.14774620431604835,0.1477368218502988,0.14773663382635566
0.14774722517794614,0.14774673012973755,0.1477445353183564,0.14774392681152554,0.14774418222772612,0.14774484861745069,0.14774191089170557,0.14774260675500916,0.1477420715092604,0.14774171213152293,0.1477391398875947,0.14773871391364013,0.14773934226914578,0.14773998567048097,0.14773704329643966,0.1477377466392566,0.14773738844672654,0.14773703730215465,0.1477344655238662,0.14773404102458182,0.0,0.0,0.14774306310024463,0.14774354056768074,0.14774588108559517,0.1477456648803916,0.14773628963868615,0.1477360938682107
0.147747563524153,0.14774706857252834,0.14774486366440415,0.14774425527259577,0.14774452005340924,0.14774518631355865,0.1477422583011489,0.14774295402549942,0.14774240918375853,0.14774204987577788,0.14773945588092363,0.1477390299842064,0.14773967991120526,0.14774032318786962,0.14773741487457148,0.14773811806761303,0.14773772590486256,0.14773737482821303,0.14773476366370716,0.14773433923683918,0.0,0.0,0.14774339558254135,0.1477438829537467,0.1477462184837614,0.14774599678533518,0.14773663350118105,0.1477364300734086
0.14774766028380298,0.14774716535979932,0.14774497109878926,0.14774436274461622,0.14774461586880133,0.1477452820921999,0.14774234509939227,0.14774304078902595,0.14774250455487759,0.14774214526659885,0.1477395736626712,0.1477391477947433,0.1477397748704829,0.14774041811208416,0.14773747646823315,0.1477381796364473,0.14773782040859143,0.14773746935096338,0.1477348583278654,0.1477344339239909,0.0,0.0,0.14774348588245018,0.14774398324265306,0.14774631409970934,0.14774608685811172,0.14773673426026784,0.1477365231408467
0.14774735893147384,0.1477468639214471,0.14774466927927696,0.1477440608193747,0.14774431286355003,0.14774497920316748,0.14774204169824756,0.14774273750923173,0.14774220061169652,0.14774184126062953,0.14773926920752806,0.1477388432651834,0.14773946987945613,0.14774011323367156,0.14773717107505077,0.1477378743663617,0.14773751450363565,0.14773716338443665,0.147734551903634,0.14773412742533154,0.0,0.0,0.14774317708424717,0.14774368456982032,0.14774601128552206,0.14774577842568332,0.14773643447822804,0.14773621547058563
0.14774702757796687,0.14774653247335223,0.14774433741202678,0.1477437288358682,0.14774397980067938,0.1477446462680455,0.14774170820016247,0.14774240414453588,0.14774186657184057,0.14774150715176726,0.14773893460496432,0.14773850858083346,0.14773913474202802,0.14773977821998996,0.14773683549566582,0.14773753892224212,0.14773717841599962,0.14773682722915404,0.14773421524543576,0.14773379068536105,0.0,0.0,0.14774283819114697,0.1477433558323209,0.14774567843852116,0.14774543993687284,0.14773610452605473,0.14773587758454104
0.14774688947804965,0.1477463943340136,0.1477441990980063,0.1477435904733959,0.1477438403271138,0.14774450684797508,0.14774156854435866,0.14774226454458933,0.14774172635402955,0.14774136690499037,0.14773879415096192,0.14773836809250096,0.14773899372840985,0.14773963725843886,0.14773669429610065,0.14773739777959077,0.14773703666766555,0.14773668545228968,0.14773407325647459,0.14773364866191213,0.0,0.0,0.14774269299891418,0.14774322075597096,0.14774553899121412,0.14774529487339508,0.14773596906151076,0.14773573417230462
0.1477463836089459,0.14774588832050867,0.14774369244463748,0.14774308364254624,0.147743332436151,0.14774399915181247,0.14774105998978368,0.14774175619341565,0.14774121726943307,0.1477408577152296,0.14773828420884205,0.14773785802574024,0.14773848326718278,0.14773912698568986,0.1477361831617635,0.14773688685127623,0.14773652505500495,0.14773617373665604,0.1477335607753273,0.14773313605628952,0.0,0.0,0.14774217913108673,0.14774271713300158,0.1477450314840785,0.1477447816965471,0.14773546353447597,0.147735220609115
0.1477458768976589,0.1477453814645823,0.14774318494779204,0.1477425759679274,0.14774282369851333,0.14774349060929648,0.14774055058743854,0.1477412469948077,0.14774070733477945,0.14774034767523775,0.14773777341524674,0.14773734710729824,0.14773797195221022,0.14773861585950757,0.14773567117256564,0.14773637506844214,0.14773601258527908,0.1477356611637864,0.14773304743567373,0.1477326225919543,0.0,0.0,0.147741664403886,0.14774221266297866,0.14774452312939496,0.14774426766828735,0.14773495717837576,0.1477347061772602
0.14774536768604085,0.14774487210761345,0.14774267494675258,0.14774206578824023,0.14774231245363179,0.14774297956049523,0.14774003867458438,0.14774073528669152,0.14774019488749957,0.14773983512210215,0.14773726010480698,0.14773683367139856,0.1477374581183283,0.14773810221534306,0.14773515666114845,0.14773586076440218,0.14773549759147003,0.14773514606632718,0.14773253156766641,0.14773210659865316,0.0,0.0,0.14774114716051231,0.14774170568107212,0.14774401226775932,0.14774375112892005,0.14773444832437266,0.14773418920839293
0.1477450347949038,0.14774453912145624,0.14774234153954702,0.14774173226424733,0.14774197783856285,0.14774264507376123,0.1477397036223263,0.14774040036843483,0.14773985928431782,0.14773949944959627,0.14773692393634708,0.14773649742077571,0.14773712140584028,0.1477377656271741,0.14773481950468131,0.1477355237438263,0.1477351599176702,0.14773480832456629,0.147732193320676,0.14773176826951037,0.0,0.0,0.14774080666016015,0.1477413753852908,0.1477436778596774,0.1477434110661226,0.1477341169008259,0.14773384968697442
0.08,0.08,0.08,0.08,0.08,0.08,0.08,0.08,0.08,0.08,0.08,0.08,0.08,0.08,0.08,0.08,0.08,0.08,0.08,0.08,0.0,0.0,0.08,0.08,0.08,0.08,0.08,0.08
0.08,0.08,0.08,0.08,0.08,0.08,0.08,0.08,0.08,0.08,0.08,0.08,0.08,0.08,0.08,0.08,0.08,0.08,0.08,0.08,0.0,0.0,0.08,0.08,0.08,0.08,0.08,0.08
0.08,0.08,0.08,0.08,0.08,0.08,0.08,0.08,0.08,0.08,0.08,0.08,0.08,0.08,0.08,0.08,0.08,0.08,0.08,0.08,0.0,0.0,0.08,0.08,0.08,0.08,0.08,0.08
0.08,0.08,0.08,0.08,0.08,0.08,0.08,0.08,0.08,0.08,0.08,0.08,0.08,0.08,0.08,0.08,0.08,0.08,0.08,0.08,0.0,0.0,0.08,0.08,0.08,0.08,0.08,0.08
0.08,0.08,0.08,0.08,0.08,0.08,0.08,0.08,0.08,0.08,0.08,0.08,0.08,0.08,0.08,0.08,0.08,0.08,0.08,0.08,0.0,0.0,0.08,0.08,0.08,0.08,0.08,0.08
0.08,0.08,0.08,0.08,0.08,0.08,0.08,0.08,0.08,0.08,0.08,0.08,0.08,0.08,0.08,0.08,0.08,0.08,0.08,0.08,0.0,0.0,0.08,0.08,0.08,0.08,0.08,0.08
0.08,0.08,0.08,0.08,0.08,0.08,0.08,0.08,0.08,0.08,0.08,0.08,0.08,0.08,0.08,0.08,0.08,0.08,0.08,0.08,0.0,0.0,0.08,0.08,0.08,0.08,0.08,0.08
0.08,0.08,0.08,0.08,0.08,0.08,0.08,0.08,0.08,0.08,0.08,0.08,0.08,0.08,0.08,0.08,0.08,0.08,0.08,0.08,0.0,0.0,0.08,0.08,0.08,0.08,0.08,0.08
0.14774452386070824,0.1477440280414221,0.14774182981328055,0.14774122035873338,0.14774146483549783,0.14774213226744562,0.14773919910743266,0.14773989605531507,0.14773934505962966,0.14773898511868827,0.14773638655636023,0.14773595990944965,0.1477366057746392,0.1477372501863487,0.14773433674351769,0.1477350411772375,0.14773464310739,0.1477342914102731,0.14773171558706386,0.14773129041986954,0.0,0.0,0.14774028749017942,0.14774086675780274,0.14774316522621211,0.14774289257184184,0.1477336064187943,0.1477333308435247
0.1477440220738009,0.14774352611128921,0.1477413167022803,0.14774070706800368,0.14774096106494433,0.1477416286900974,0.14773868552027764,0.1477393826735589,0.1477388401176883,0.14773848007244605,0.147735903053106,0.14773547628802589,0.14773609947985805,0.14773674407849344,0.14773379623124672,0.1477345008828142,0.14773413568312768,0.14773378388388847,0.14773116734756436,0.14773074204721937,0.0,0.0,0.14773977785932182,0.1477403671209257,0.1477426618308703,0.1477423837109637,0.147733104899406,0.1477328214961135
0.1477437209977851,0.14774322494933828,0.14774102570575243,0.14774041596954857,0.1477406583189815,0.1477413260602418,0.14773839154144808,0.14773908881229883,0.14773853642479146,0.14773817631681918,0.14773557654919023,0.14773514970431254,0.14773579473020265,0.14773643944135123,0.14773352464528774,0.1477342294063137,0.1477338300105257,0.14773347814976878,0.1477309011286292,0.14773047576362872,0.0,0.0,0.14773946919077152,0.1477400687251007,0.14774235925007104,0.1477420754730962,0.14773280546944145,0.14773251399238554
0.14774352335200278,0.14774302724714294,0.1477408172043414,0.1477402073951064,0.14774045918599593,0.1477411270036259,0.14773818298563265,0.14773888033988936,0.14773833647170234,0.14773797632242863,0.14773539855883522,0.14773497167045704,0.1477355938841682,0.14773623866946817,0.14773328996892401,0.1477339948245318,0.14773362835917858,0.14773327645783885,0.14773065916248795,0.14773023373872257,0.0,0.0,0.1477392642016338,0.14773987397234706,0.14774216017730757,0.14774187076192968,0.14773261011207597,0.1477323105856112
0.14774340317674944,0.14774290703758874,0.14774070739203654,0.1477400975443381,0.14774033766157427,0.14774100552580988,0.1477380704667975,0.14773876786605286,0.14773821422301525,0.1477378540484905,0.1477352538006163,0.1477348268768598,0.14773547086604275,0.14773611569676037,0.1477332003603371,0.14773390525205976,0.14773350462471221,0.14773315269847082,0.14773057519795124,0.14773014975379398,0.0,0.0,0.14773913170662276,0.14773975168228587,0.14774203863425847,0.1477417435892724,0.14773259255456572,0.14773228502679836
0.1477429025378041,0.14774240625575072,0.1477402059770207,0.14773959595369562,0.14773983500517984,0.14774050306218678,0.14773756715634878,0.14773826475688598,0.14773771038019792,0.14773735010160316,0.14773474910275597,0.14773432205565434,0.1477349656556916,0.147735610672928,0.14773269449358437,0.14773339958918402,0.1477329982696649,0.14773264624152002,0.147730067995014,0.14772964242767694,0.0,0.0,0.14773862814237512,0.1477392584612491,0.14774158635578616,0.14774128524058977,0.14773199242748014,0.14773167681181887
0.14774261813712158,0.1477421217738954,0.14773992113547682,0.1477393110123839,0.1477395489695489,0.14774021713625057,0.14773728074853407,0.14773797846360887,0.1477374234230987,0.14773706308523288,0.14773446165868398,0.14773403454133355,0.1477346776732879,0.1477353227968433,0.14773240613702057,0.14773311134883363,0.14773270938831434,0.14773235730203316,0.14772973863180622,0.14772931298448075,0.0,0.0,0.14773833101467304,0.14773897159250965,0.14774125023454654,0.1477409429908761,0.14773180963767268,0.14773148602542635
0.14774227193500322,0.1477417754729659,0.1477395638398657,0.14773895359162864,0.14773920097662363,0.1477398692767794,0.14773692313247666,0.1477376209905646,0.14773707438583106,0.14773671397587224,0.1477341343473078,0.14773370714996636,0.1477343274656029,0.14773497271844854,0.1477320218806206,0.14773272724729525,0.14773235816406094,0.1477320060070977,0.14772942681757495,0.1477290010945236,0.0,0.0,0.14773797705447275,0.14773862790555042,0.14774090236693338,0.14774058896228612,0.1477314650995301,0.1477311328101923
0.1477417518393449,0.14774125522886772,0.1477390534948691,0.14773844306788508,0.1477386787829772,0.14773934728338842,0.14773640942974253,0.14773710749325952,0.1477365509334872,0.14773619041541258,0.14773358768849454,0.14773316035755846,0.14773380256629248,0.14773444801291744,0.14773152989309357,0.1477322354580429,0.14773183204920493,0.14773147978636608,0.14772885980361525,0.1477284339428644,0.0,0.0,0.1477374487815057,0.1477381099465876,0.1477403804591235,0.14774006083710445,0.14773094559827085,0.14773060456814202
0.14774123120702742,0.1477407344479579,0.14773852149235067,0.14773791087903518,0.14773815605111962,0.14773882475199196,0.14773587684188294,0.14773657511838048,0.14773602694000115,0.14773566631369925,0.14773308513739203,0.14773265768364097,0.14773327712279488,0.1477339227633996,0.14773097015301553,0.14773167594354347,0.14773130538738852,0.14773095301856431,0.1477283722781113,0.14772794629896507,0.0,0.0,0.14773691998476263,0.14773759143228488,0.14773985800410078,0.14773953213802843,0.14773042556995297,0.14773007576715258
0.14774095315257751,0.14774045631415061,0.14773825357005174,0.14773764286289942,0.1477378763254287,0.14773854513357018,0.14773560592807208,0.14773630431290538,0.14773574624697292,0.14773538556269689,0.14773278163644127,0.14773235410852137,0.1477329953606694,0.14773364110529114,0.14773072163873008,0.14773142752940904,0.14773102267962168,0.14773067025390652,0.1477280490602924,0.1477276230026546,0.0,0.0,0.14773663438827575,0.14773731598120116,0.1477395783083154,0.1477392462176263,0.1477301496359768,0.14772979108035952
0.1477406109329425,0.1477401139968462,0.14773790025304562,0.14773728942214903,0.1477375323228493,0.1477382012629077,0.14773525229879636,0.147735950825041,0.1477354011970252,0.14773504044148367,0.14773245834058107,0.14773203073365537,0.14773264913868156,0.14773329501111554,0.1477303413409752,0.14773104738491225,0.14773067543764096,0.14773032294204896,0.14772774127359126,0.14772731514120974,0.0,0.0,0.14773628449923437,0.14773697620567863,0.14773923438684772,0.14773889603400303,0.14772980915131037,0.14772944180319375
0.14774009783632625,0.1477396007537945,0.1477373969280335,0.14773678592085693,0.14773701714456228,0.1477376862821767,0.14773474562933728,0.1477354443581893,0.14773488476109725,0.14773452389889397,0.1477319186887096,0.14773149094990784,0.14773213125936083,0.14773277732297377,0.14772985641482095,0.14773056265417794,0.1477301563432313,0.14772980374318145,0.14772718125354473,0.14772675498516855,0.0,0.0,0.147735763355053,0.14773646516421574,0.14773871944327588,0.1477383747687842,0.1477292967445558,0.14772892054175385
0.1477395845901167,0.14773908736110913,0.14773687231315025,0.14773626112224025,0.14773650182079962,0.14773717115602264,0.14773422045057125,0.1477349193894285,0.14773436817785235,0.14773400720895846,0.14773142358171176,0.14773099572192144,0.14773161323084674,0.14773225948569071,0.14772930406744755,0.14773001052939094,0.1477296370977797,0.14772928439324307,0.14772670119520426,0.14772627481025286,0.0,0.0,0.14773524212630007,0.14773595392890915,0.1477382043398479,0.14773785331703768,0.14772878420129276,0.14772839911835245
0.14773907339157188,0.14773857601667514,0.14773637089540576,0.1477357595288893,0.14773598855475972,0.14773665808679917,0.14773370651405332,0.14773440565841706,0.14773385365331226,0.14773349257815488,0.14773090819068746,0.14773048020495383,0.14773109726274125,0.14773174370805267,0.14772878741913065,0.14772949408927077,0.1477291199135315,0.14772876710492464,0.14772618314503955,0.1477257566342896,0.0,0.0,0.14773472303843355,0.1477354446892551,0.1477376912756441,0.14773733387865978,0.14772827373346847,0.1477278797470059
0.14773877457682616,0.14773827711665294,0.14773607161751123,0.14773546014618305,0.14773568805557005,0.14773635770283722,0.1477334056223271,0.14773410488700617,0.14773355215374273,0.14773319101631815,0.14773060618338477,0.1477301781238522,0.14773079465361233,0.14773144121062903,0.14772848441107117,0.14772919120331468,0.14772881632751003,0.14772846345781507,0.14772587905073348,0.14772545246614088,0.0,0.0,0.14773441696919942,0.14773514820945777,0.1477373907536068,0.14773702699993305,0.14772797697826823,0.14772757411467036
0.08,0.08,0.08,0.08,0.08,0.08,0.08,0.08,0.08,0.08,0.08,0.08,0.08,0.08,0.08,0.08,0.08,0.08,0.08,0.08,0.0,0.0,0.08,0.08,0.08,0.08,0.08,0.08
0.08,0.08,0.08,0.08,0.08,0.08,0.08,0.08,0.08,0.08,0.08,0.08,0.08,0.08,0.08,0.08,0.08,0.08,0.08,0.08,0.0,0.0,0.08,0.08,0.08,0.08,0.08,0.08
0.08,0.08,0.08,0.08,0.08,0.08,0.08,0.08,0.08,0.08,0.08,0.08,0.08,0.08,0.08,0.08,0.08,0.08,0.08,0.08,0.0,0.0,0.08,0.08,0.08,0.08,0.08,0.08
0.08,0.08,0.08,0.08,0.08,0.08,0.08,0.08,0.08,0.08,0.08,0.08,0.08,0.08,0.08,0.08,0.08,0.08,0.08,0.08,0.0,0.0,0.08,0.08,0.08,0.08,0.08,0.08
0.08,0.08,0.08,0.08,0.08,0.08,0.08,0.08,0.08,0.08,0.08,0.08,0.08,0.08,0.08,0.08,0.08,0.08,0.08,0.08,0.0,0.0,0.08,0.08,0.08,0.08,0.08,0.08
0.08,0.08,0.08,0.08,0.08,0.08,0.08,0.08,0.08,0.08,0.08,0.08,0.08,0.08,0.08,0.08,0.08,0.08,0.08,0.08,0.0,0.0,0.08,0.08,0.08,0.08,0.08,0.08
0.08,0.08,0.08,0.08,0.08,0.08,0.08,0.08,0.08,0.08,0.08,0.08,0.08,0.08,0.08,0.08,0.08,0.08,0.08,0.08,0.0,0.0,0.08,0.08,0.08,0.08,0.08,0.08
0.08,0.08,0.08,0.08,0.08,0.08,0.08,0.08,0.08,0.08,0.08,0.08,0.08,0.08,0.08,0.08,0.08,0.08,0.08,0.08,0.0,0.0,0.08,0.08,0.08,0.08,0.08,0.08
