0,1,1,1,1,1,1,1,1,1,1,1,1,1,1,1,1,1,1,1,1,1,1,1,1,1,1,1,1,1,1,1,1,1,1,1,1,1,1,1,1,1,1,1,1,1,0,2,2,50,50,50,50,2,2,56,56,56,56,2,2,62,62,62,62,2,2,68,68,68,68,2,74,74,74,74,2,80,80
0,1,1,1,1,1,1,1,1,1,1,1,1,1,1,1,1,1,1,1,1,1,1,1,1,1,1,1,1,1,1,1,1,1,1,1,1,1,1,1,1,1,1,1,1,1,0,2,2,50,50,50,50,2,2,56,56,56,56,2,2,62,62,62,62,2,2,68,68,68,68,2,2,74,74,74,74,2,80,80
0,1,1,1,1,1,1,1,1,1,1,1,1,1,1,1,1,1,1,1,1,1,1,1,1,1,1,1,1,1,1,1,1,1,1,1,1,1,1,1,1,1,1,1,1,1,0,2,2,50,50,50,50,2,2,56,56,56,56,2,2,62,62,62,62,2,2,68,68,68,68,2,2,74,74,74,74,2,80,80
0,1,1,1,1,1,1,1,1,1,1,1,1,1,1,1,1,1,1,1,1,1,1,1,1,1,1,1,1,1,1,1,1,1,1,1,1,1,1,1,1,1,1,1,1,1,0,2,2,50,50,50,50,2,2,56,56,56,56,2,2,62,62,62,62,2,2,68,68,68,68,2,2,74,74,74,74,2,80,80
0,1,1,1,1,1,1,1,1,1,1,1,1,1,1,1,1,1,1,1,1,1,1,1,1,1,1,1,1,1,1,1,1,1,1,1,1,1,1,1,1,1,1,1,1,1,0,2,2,50,50,50,50,2,2,56,56,56,56,2,2,62,62,62,62,2,2,68,68,68,68,2,2,74,74,74,74,2,80,80
0,1,1,1,1,1,1,1,1,1,1,1,1,1,1,1,1,1,1,1,1,1,1,1,1,1,1,1,1,1,1,1,1,1,1,1,1,1,1,1,1,1,1,1,1,1,0,2,2,50,50,50,50,2,2,56,56,56,56,2,2,62,62,62,62,2,2,68,68,68,68,2,2,74,74,74,74,2,80,80
0,1,1,1,1,1,1,1,1,1,1,1,1,1,1,1,1,1,1,1,1,1,1,1,1,1,1,1,1,1,1,1,1,1,1,1,1,1,1,1,1,1,1,1,1,1,0,2,2,50,50,50,50,2,2,56,56,56,56,2,2,62,62,62,62,2,2,68,68,68,68,2,2,74,74,74,74,2,80,80
0,1,1,1,1,1,1,1,1,1,1,1,1,1,1,1,1,1,1,1,1,1,1,1,1,1,1,1,1,1,1,1,1,1,1,1,1,1,1,1,1,1,1,1,1,1,0,2,2,50,50,50,50,2,2,56,56,56,56,2,2,62,62,62,62,2,2,68,68,68,68,2,2,74,74,74,74,2,80,80
0,1,1,1,1,1,1,1,1,1,1,1,1,1,1,1,1,1,1,1,1,1,1,1,1,1,1,1,1,1,1,1,1,1,1,1,1,1,1,1,1,1,1,1,1,1,0,2,2,50,50,50,50,2,2,56,56,56,56,2,2,62,62,62,62,2,2,68,68,68,68,2,2,74,74,74,74,2,80,80
0,1,1,1,1,1,1,1,1,1,1,1,1,1,1,1,1,1,1,1,1,1,1,1,1,1,1,1,1,1,1,1,1,1,1,1,1,1,1,1,1,1,1,1,1,1,0,2,2,50,50,50,50,2,2,56,56,56,56,2,2,62,62,62,62,2,2,68,68,68,68,2,2,74,74,74,74,2,80,80
0,1,1,1,1,1,1,1,1,1,1,1,1,1,1,1,1,1,1,1,1,1,1,1,1,1,1,1,1,1,1,1,1,1,1,1,1,1,1,1,1,1,1,1,1,1,0,2,2,50,50,50,50,2,2,56,56,56,56,2,2,62,62,62,62,2,2,68,68,68,68,2,2,74,74,74,74,2,80,80
0,1,1,1,1,1,1,1,1,1,1,1,1,1,1,1,1,1,1,1,1,1,1,1,1,1,1,1,1,1,1,1,1,1,1,1,1,1,1,1,1,1,1,1,1,1,0,2,2,50,50,50,50,2,2,56,56,56,56,2,2,62,62,62,62,2,2,68,68,68,68,2,2,74,74,74,74,2,80,80
0,1,1,1,1,1,1,1,1,1,1,1,1,1,1,1,1,1,1,1,1,1,1,1,1,1,1,1,1,1,1,1,1,1,1,1,1,1,1,1,1,1,1,1,1,1,0,2,2,50,50,50,50,2,2,56,56,56,56,2,2,62,62,62,62,2,2,68,68,68,68,2,2,74,74,74,74,2,80,80
0,1,1,1,1,1,1,1,1,1,1,1,1,1,1,1,1,1,1,1,1,1,1,1,1,1,1,1,1,1,1,1,1,1,1,1,1,1,1,1,1,1,1,1,1,1,0,2,2,50,50,50,50,2,2,56,56,56,56,2,2,62,62,62,62,2,2,68,68,68,68,2,2,74,74,74,74,2,80,80
0,1,1,1,1,1,1,1,1,1,1,1,1,1,1,1,1,1,1,1,1,1,1,1,1,1,1,1,1,1,1,1,1,1,1,1,1,1,1,1,1,1,1,1,1,1,0,2,2,50,50,50,50,2,2,56,56,56,56,2,2,62,62,62,62,2,2,68,68,68,68,2,2,74,74,74,74,2,80,80
0,1,1,1,1,1,1,1,1,1,1,1,1,1,1,1,1,1,1,1,1,1,1,1,1,1,1,1,1,1,1,1,1,1,1,1,1,1,1,1,1,1,1,1,1,1,0,2,2,50,50,50,50,2,2,56,56,56,56,2,2,62,62,62,62,2,2,68,68,68,68,2,2,74,74,74,74,2,80,80
0,1,1,1,1,1,1,1,1,1,1,1,1,1,1,1,1,1,1,1,1,1,1,1,1,1,1,1,1,1,1,1,1,1,1,1,1,1,1,1,1,1,1,1,1,1,0,2,2,50,50,50,50,2,2,56,56,56,56,2,2,62,62,62,62,2,2,68,68,68,68,2,2,74,74,74,74,2,80,80
0,1,1,1,1,1,1,1,1,1,1,1,1,1,1,1,1,1,1,1,1,1,1,1,1,1,1,1,1,1,1,1,1,1,1,1,1,1,1,1,1,1,1,1,1,1,0,2,2,50,50,50,50,2,2,56,56,56,56,2,2,62,62,62,62,2,2,68,68,68,68,2,2,74,74,74,74,2,80,80
0,1,1,1,1,1,1,1,1,1,1,1,1,1,1,1,1,1,1,1,1,1,1,1,1,1,1,1,1,1,1,1,1,1,1,1,1,1,1,1,1,1,1,1,1,1,0,2,2,50,50,50,50,2,2,56,56,56,56,2,2,62,62,62,62,2,2,68,68,68,68,2,2,74,74,74,74,2,80,80
0,1,1,1,1,1,1,1,1,1,1,1,1,1,1,1,1,1,1,1,1,1,1,1,1,1,1,1,1,1,1,1,1,1,1,1,1,1,1,1,1,1,1,1,1,1,0,2,2,50,50,50,50,2,2,56,56,56,56,2,2,62,62,62,62,2,2,68,68,68,68,2,2,74,74,74,74,2,80,80
0,1,1,1,1,1,1,1,1,1,1,1,1,1,1,1,1,1,1,1,1,1,1,1,1,1,1,1,1,1,1,1,1,1,1,1,1,1,1,1,1,1,1,1,1,1,0,2,2,50,50,50,50,2,2,56,56,56,56,2,2,62,62,62,62,2,2,68,68,68,68,2,2,74,74,74,74,2,80,80
0,1,1,1,1,1,1,1,1,1,1,1,1,1,1,1,1,1,1,1,1,1,1,1,1,1,1,1,1,1,1,1,1,1,1,1,1,1,1,1,1,1,1,1,1,1,0,2,2,50,50,50,50,2,2,56,56,56,56,2,2,62,62,62,62,2,2,68,68,68,68,2,2,74,74,74,74,2,80,80
0,1,1,1,1,1,1,1,1,1,1,1,1,1,1,1,1,1,1,1,1,1,1,1,1,1,1,1,1,1,1,1,1,1,1,1,1,1,1,1,1,1,1,1,1,1,0,2,2,50,50,50,50,2,2,56,56,56,56,2,2,62,62,62,62,2,2,68,68,68,68,2,2,74,74,74,74,2,80,80
0,1,1,1,1,1,1,1,1,1,1,1,1,1,1,1,1,1,1,1,1,1,1,1,1,1,1,1,1,1,1,1,1,1,1,1,1,1,1,1,1,1,1,1,1,1,0,2,2,50,50,50,50,2,2,56,56,56,56,2,2,62,62,62,62,2,2,68,68,68,68,2,2,74,74,74,74,2,80,80
0,1,1,1,1,1,1,1,1,1,1,1,1,1,1,1,1,1,1,1,1,1,1,1,1,1,1,1,1,1,1,1,1,1,1,1,1,1,1,1,1,1,1,1,1,1,0,2,2,50,50,50,50,2,2,56,56,56,56,2,2,62,62,62,62,2,2,68,68,68,68,2,2,74,74,74,74,2,80,80
0,1,1,1,1,1,1,1,1,1,1,1,1,1,1,1,1,1,1,1,1,1,1,1,1,1,1,1,1,1,1,1,1,1,1,1,1,1,1,1,1,1,1,1,1,1,0,2,2,50,50,50,50,2,2,56,56,56,56,2,2,62,62,62,62,2,2,68,68,68,68,2,2,74,74,74,74,2,80,80
0,1,1,1,1,1,1,1,1,1,1,1,1,1,1,1,1,1,1,1,1,1,1,1,1,1,1,1,1,1,1,1,1,1,1,1,1,1,1,1,1,1,1,1,1,1,0,2,2,50,50,50,50,2,2,56,56,56,56,2,2,62,62,62,62,2,2,68,68,68,68,2,2,74,74,74,74,2,80,80
0,1,1,1,1,1,1,1,1,1,1,1,1,1,1,1,1,1,1,1,1,1,1,1,1,1,1,1,1,1,1,1,1,1,1,1,1,1,1,1,1,1,1,1,1,1,0,2,2,50,50,50,50,2,2,56,56,56,56,2,2,62,62,62,62,2,2,68,68,68,68,2,2,74,74,74,74,2,80,80
0,1,1,1,1,1,1,1,1,1,1,1,1,1,1,1,1,1,1,1,1,1,1,1,1,1,1,1,1,1,1,1,1,1,1,1,1,1,1,1,1,1,1,1,1,1,0,2,2,50,50,50,50,2,2,56,56,56,56,2,2,62,62,62,62,2,2,68,68,68,68,2,2,74,74,74,74,2,80,80
0,1,1,1,1,1,1,1,1,1,1,1,1,1,1,1,1,1,1,1,1,1,1,1,1,1,1,1,1,1,1,1,1,1,1,1,1,1,1,1,1,1,1,1,1,1,1,0,2,2,50,50,50,50,2,2,56,56,56,56,2,2,62,62,62,62,2,2,68,68,68,68,2,2,74,74,74,74,2,80,80
0,1,1,1,1,1,1,1,1,1,1,1,1,1,1,1,1,1,1,1,1,1,1,1,1,1,1,1,1,1,1,1,1,1,1,1,1,1,1,1,1,1,1,1,1,1,1,0,2,2,50,50,50,50,2,2,56,56,56,56,2,2,62,62,62,62,2,2,68,68,68,68,2,2,74,74,74,74,2,80,80
0,1,1,1,1,1,1,1,1,1,1,1,1,1,1,1,1,1,1,1,1,1,1,1,1,1,1,1,1,1,1,1,1,1,1,1,1,1,1,1,1,1,1,1,1,1,1,0,2,2,50,50,50,50,2,2,56,56,56,56,2,2,62,62,62,62,2,2,68,68,68,68,2,2,74,74,74,74,2,80,80
0,1,1,1,1,1,1,1,1,1,1,1,1,1,1,1,1,1,1,1,1,1,1,1,1,1,1,1,1,1,1,1,1,1,1,1,1,1,1,1,1,1,1,1,1,1,1,0,2,2,50,50,50,50,2,2,56,56,56,56,2,2,62,62,62,62,2,2,68,68,68,68,2,2,74,74,74,74,2,80,80
0,1,1,1,1,1,1,1,1,1,1,1,1,1,1,1,1,1,1,1,1,1,1,1,1,1,1,1,1,1,1,1,1,1,1,1,1,1,1,1,1,1,1,1,1,1,1,0,2,2,50,50,50,50,2,2,56,56,56,56,2,2,62,62,62,62,2,2,68,68,68,68,2,2,74,74,74,74,2,80,80
0,1,1,1,1,1,1,1,1,1,1,1,1,1,1,1,1,1,1,1,1,1,1,1,1,1,1,1,1,1,1,1,1,1,1,1,1,1,1,1,1,1,1,1,1,1,1,0,2,2,50,50,50,50,2,2,56,56,56,56,2,2,62,62,62,62,2,2,68,68,68,68,2,2,74,74,74,74,2,80,80
0,1,1,1,1,1,1,1,1,1,1,1,1,1,1,1,1,1,1,1,1,1,1,1,1,1,1,1,1,1,1,1,1,1,1,1,1,1,1,1,1,1,1,1,1,1,1,0,2,2,50,50,50,50,2,2,56,56,56,56,2,2,62,62,62,62,2,2,68,68,68,68,2,2,74,74,74,74,2,80,80
0,1,1,1,1,1,1,1,1,1,1,1,1,1,1,1,1,1,1,1,1,1,1,1,1,1,1,1,1,1,1,1,1,1,1,1,1,1,1,1,1,1,1,1,1,1,1,0,2,2,50,50,50,50,2,2,56,56,56,56,2,2,62,62,62,62,2,2,68,68,68,68,2,2,74,74,74,74,2,80,80
0,1,1,1,1,1,1,1,1,1,1,1,1,1,1,1,1,1,1,1,1,1,1,1,1,1,1,1,1,1,1,1,1,1,1,1,1,1,1,1,1,1,1,1,1,1,1,0,2,2,50,50,50,50,2,2,56,56,56,56,2,2,62,62,62,62,2,2,68,68,68,68,2,2,74,74,74,74,2,80,80
0,1,1,1,1,1,1,1,1,1,1,1,1,1,1,1,1,1,1,1,1,1,1,1,1,1,1,1,1,1,1,1,1,1,1,1,1,1,1,1,1,1,1,1,1,1,1,0,2,2,50,50,50,50,2,2,56,56,56,56,2,2,62,62,62,62,2,2,68,68,68,68,2,2,74,74,74,74,2,80,80
0,1,1,1,1,1,1,1,1,1,1,1,1,1,1,1,1,1,1,1,1,1,1,1,1,1,1,1,1,1,1,1,1,1,1,1,1,1,1,1,1,1,1,1,1,1,1,0,2,2,50,50,50,50,2,2,56,56,56,56,2,2,62,62,62,62,2,2,68,68,68,68,2,2,74,74,74,74,2,80,80
0,1,1,1,1,1,1,1,1,1,1,1,1,1,1,1,1,1,1,1,1,1,1,1,1,1,1,1,1,1,1,1,1,1,1,1,1,1,1,1,1,1,1,1,1,1,1,0,2,2,50,50,50,50,2,2,56,56,56,56,2,2,62,62,62,62,2,2,68,68,68,68,2,2,74,74,74,74,2,80,80
0,1,1,1,1,1,1,1,1,1,1,1,1,1,1,1,1,1,1,1,1,1,1,1,1,1,1,1,1,1,1,1,1,1,1,1,1,1,1,1,1,1,1,1,1,1,1,0,2,2,50,50,50,50,2,55,2,56,56,56,56,2,2,62,62,62,62,2,2,68,68,68,68,2,2,74,74,74,74,2,80,80
0,1,1,1,1,1,1,1,1,1,1,1,1,1,1,1,1,1,1,1,1,1,1,1,1,1,1,1,1,1,1,1,1,1,1,1,1,1,1,1,1,1,1,1,1,1,1,0,2,2,50,50,50,50,2,55,2,56,56,56,56,2,2,62,62,62,62,2,2,68,68,68,68,2,2,74,74,74,74,2,80,80
0,1,1,1,1,1,1,1,1,1,1,1,1,1,1,1,1,1,1,1,1,1,1,1,1,1,1,1,1,1,1,1,1,1,1,1,1,1,1,1,1,1,1,1,1,1,1,0,2,2,50,50,50,50,2,55,2,56,56,56,56,2,2,62,62,62,62,2,2,68,68,68,68,2,2,74,74,74,74,2,80,80
0,1,1,1,1,1,1,1,1,1,1,1,1,1,1,1,1,1,1,1,1,1,1,1,1,1,1,1,1,1,1,1,1,1,1,1,1,1,1,1,1,1,1,1,1,1,1,0,2,2,50,50,50,50,2,55,2,56,56,56,56,2,2,62,62,62,62,2,2,68,68,68,68,2,2,74,74,74,74,2,80,80
0,1,1,1,1,1,1,1,1,1,1,1,1,1,1,1,1,1,1,1,1,1,1,1,1,1,1,1,1,1,1,1,1,1,1,1,1,1,1,1,1,1,1,1,1,1,1,0,2,2,50,50,50,50,2,55,2,56,56,56,56,2,2,62,62,62,62,2,2,68,68,68,68,2,2,74,74,74,74,2,80,80
0,1,1,1,1,1,1,1,1,1,1,1,1,1,1,1,1,1,1,1,1,1,1,1,1,1,1,1,1,1,1,1,1,1,1,1,1,1,1,1,1,1,1,1,1,1,1,0,2,2,50,50,50,50,2,55,2,56,56,56,56,2,2,62,62,62,62,2,2,68,68,68,68,2,2,74,74,74,74,2,80,80
0,1,1,1,1,1,1,1,1,1,1,1,1,1,1,1,1,1,1,1,1,1,1,1,1,1,1,1,1,1,1,1,1,1,1,1,1,1,1,1,1,1,1,1,1,1,1,0,2,2,50,50,50,50,2,55,2,56,56,56,56,2,2,62,62,62,62,2,2,68,68,68,68,2,2,74,74,74,74,2,80,80
0,1,1,1,1,1,1,1,1,1,1,1,1,1,1,1,1,1,1,1,1,1,1,1,1,1,1,1,1,1,1,1,1,1,1,1,1,1,1,1,1,1,1,1,1,1,1,0,2,2,50,50,50,50,2,55,2,56,56,56,56,2,2,62,62,62,62,2,2,68,68,68,68,2,2,74,74,74,74,2,80,80
0,1,1,1,1,1,1,1,1,1,1,1,1,1,1,1,1,1,1,1,1,1,1,1,1,1,1,1,1,1,1,1,1,1,1,1,1,1,1,1,1,1,1,1,1,1,1,0,2,2,50,50,50,50,2,55,2,56,56,56,56,2,2,62,62,62,62,2,2,68,68,68,68,2,2,74,74,74,74,2,80,80
0,1,1,1,1,1,1,1,1,1,1,1,1,1,1,1,1,1,1,1,1,1,1,1,1,1,1,1,1,1,1,1,1,1,1,1,1,1,1,1,1,1,1,1,1,1,1,0,2,2,50,50,50,50,2,55,2,56,56,56,56,2,2,62,62,62,62,2,2,68,68,68,68,2,2,74,74,74,74,2,80,80
0,1,1,1,1,1,1,1,1,1,1,1,1,1,1,1,1,1,1,1,1,1,1,1,1,1,1,1,1,1,1,1,1,1,1,1,1,1,1,1,1,1,1,1,1,1,1,0,2,2,50,50,50,50,2,55,2,56,56,56,56,2,2,62,62,62,62,2,2,68,68,68,68,2,2,74,74,74,74,2,80,80
0,1,1,1,1,1,1,1,1,1,1,1,1,1,1,1,1,1,1,1,1,1,1,1,1,1,1,1,1,1,1,1,1,1,1,1,1,1,1,1,1,1,1,1,1,1,1,0,2,2,50,50,50,50,2,55,2,56,56,56,56,2,2,62,62,62,62,2,2,68,68,68,68,2,2,74,74,74,74,2,80,80
0,1,1,1,1,1,1,1,1,1,1,1,1,1,1,1,1,1,1,1,1,1,1,1,1,1,1,1,1,1,1,1,1,1,1,1,1,1,1,1,1,1,1,1,1,1,1,0,2,2,50,50,50,50,2,55,86,2,56,56,56,56,2,2,62,62,62,62,2,2,68,68,68,68,2,2,74,74,74,74,2,80,80
0,1,1,1,1,1,1,1,1,1,1,1,1,1,1,1,1,1,1,1,1,1,1,1,1,1,1,1,1,1,1,1,1,1,1,1,1,1,1,1,1,1,1,1,1,1,1,0,2,2,50,50,50,50,2,55,86,2,56,56,56,56,2,2,62,62,62,62,2,2,68,68,68,68,2,2,74,74,74,74,2,80,80
0,1,1,1,1,1,1,1,1,1,1,1,1,1,1,1,1,1,1,1,1,1,1,1,1,1,1,1,1,1,1,1,1,1,1,1,1,1,1,1,1,1,1,1,1,1,1,0,2,2,50,50,50,50,2,55,86,2,56,56,56,56,2,2,62,62,62,62,2,2,68,68,68,68,2,2,74,74,74,74,2,80,80
0,1,1,1,1,1,1,1,1,1,1,1,1,1,1,1,1,1,1,1,1,1,1,1,1,1,1,1,1,1,1,1,1,1,1,1,1,1,1,1,1,1,1,1,1,1,1,0,2,2,50,50,50,50,2,55,86,2,56,56,56,56,2,2,62,62,62,62,2,2,68,68,68,68,2,2,74,74,74,74,2,80,80
0,1,1,1,1,1,1,1,1,1,1,1,1,1,1,1,1,1,1,1,1,1,1,1,1,1,1,1,1,1,1,1,1,1,1,1,1,1,1,1,1,1,1,1,1,1,1,0,2,2,50,50,50,50,2,55,86,2,56,56,56,56,2,2,62,62,62,62,2,2,68,68,68,68,2,2,74,74,74,74,2,80,80
0,1,1,1,1,1,1,1,1,1,1,1,1,1,1,1,1,1,1,1,1,1,1,1,1,1,1,1,1,1,1,1,1,1,1,1,1,1,1,1,1,1,1,1,1,1,1,0,2,49,2,50,50,50,50,2,55,86,2,56,56,56,56,2,2,62,62,62,62,2,2,68,68,68,68,2,2,74,74,74,74,2,80,80
0,1,1,1,1,1,1,1,1,1,1,1,1,1,1,1,1,1,1,1,1,1,1,1,1,1,1,1,1,1,1,1,1,1,1,1,1,1,1,1,1,1,1,1,1,1,1,0,2,49,2,50,50,50,50,2,55,86,86,2,56,56,56,56,2,2,62,62,62,62,2,2,68,68,68,68,2,2,74,74,74,74,2,80,80
0,1,1,1,1,1,1,1,1,1,1,1,1,1,1,1,1,1,1,1,1,1,1,1,1,1,1,1,1,1,1,1,1,1,1,1,1,1,1,1,1,1,1,1,1,1,1,0,2,49,2,50,50,50,50,2,55,86,86,2,56,56,56,56,2,2,62,62,62,62,2,2,68,68,68,68,2,2,74,74,74,74,2,80,80
0,1,1,1,1,1,1,1,1,1,1,1,1,1,1,1,1,1,1,1,1,1,1,1,1,1,1,1,1,1,1,1,1,1,1,1,1,1,1,1,1,1,1,1,1,1,1,0,2,49,2,50,50,50,50,2,55,86,86,2,56,56,56,56,2,2,62,62,62,62,2,2,68,68,68,68,2,2,74,74,74,74,2,80,80
0,1,1,1,1,1,1,1,1,1,1,1,1,1,1,1,1,1,1,1,1,1,1,1,1,1,1,1,1,1,1,1,1,1,1,1,1,1,1,1,1,1,1,1,1,1,1,0,2,49,2,50,50,50,50,2,55,86,86,2,56,56,56,56,2,2,62,62,62,62,2,2,68,68,68,68,2,2,74,74,74,74,2,80,80
0,1,1,1,1,1,1,1,1,1,1,1,1,1,1,1,1,1,1,1,1,1,1,1,1,1,1,1,1,1,1,1,1,1,1,1,1,1,1,1,1,1,1,1,1,1,1,0,2,49,2,50,50,50,50,2,55,86,86,2,56,56,56,56,2,2,62,62,62,62,2,2,68,68,68,68,2,2,74,74,74,74,2,80,80
0,1,1,1,1,1,1,1,1,1,1,1,1,1,1,1,1,1,1,1,1,1,1,1,1,1,1,1,1,1,1,1,1,1,1,1,1,1,1,1,1,1,1,1,1,1,1,0,2,49,2,50,50,50,50,2,55,86,86,2,56,56,56,56,2,2,62,62,62,62,2,2,68,68,68,68,2,2,74,74,74,74,2,80,80
0,1,1,1,1,1,1,1,1,1,1,1,1,1,1,1,1,1,1,1,1,1,1,1,1,1,1,1,1,1,1,1,1,1,1,1,1,1,1,1,1,1,1,1,1,1,1,0,2,49,2,50,50,50,50,2,55,86,86,2,56,56,56,56,2,2,62,62,62,62,2,2,68,68,68,68,2,2,74,74,74,74,2,80,80
0,1,1,1,1,1,1,1,1,1,1,1,1,1,1,1,1,1,1,1,1,1,1,1,1,1,1,1,1,1,1,1,1,1,1,1,1,1,1,1,1,1,1,1,1,1,1,0,2,49,2,50,50,50,50,2,55,86,86,2,56,56,56,56,2,2,62,62,62,62,2,2,68,68,68,68,2,2,74,74,74,74,2,80,80
0,1,1,1,1,1,1,1,1,1,1,1,1,1,1,1,1,1,1,1,1,1,1,1,1,1,1,1,1,1,1,1,1,1,1,1,1,1,1,1,1,1,1,1,1,1,1,0,2,49,2,50,50,50,50,2,55,86,86,2,56,56,56,56,2,2,62,62,62,62,2,2,68,68,68,68,2,2,74,74,74,74,2,80,80
0,1,1,1,1,1,1,1,1,1,1,1,1,1,1,1,1,1,1,1,1,1,1,1,1,1,1,1,1,1,1,1,1,1,1,1,1,1,1,1,1,1,1,1,1,1,1,0,2,49,2,50,50,50,50,2,55,86,86,2,56,56,56,56,2,2,62,62,62,62,2,2,68,68,68,68,2,2,74,74,74,74,2,80,80
0,1,1,1,1,1,1,1,1,1,1,1,1,1,1,1,1,1,1,1,1,1,1,1,1,1,1,1,1,1,1,1,1,1,1,1,1,1,1,1,1,1,1,1,1,1,1,0,2,49,2,50,50,50,50,2,55,86,86,2,56,56,56,56,2,2,62,62,62,62,2,2,68,68,68,68,2,2,74,74,74,74,2,80,80
0,1,1,1,1,1,1,1,1,1,1,1,1,1,1,1,1,1,1,1,1,1,1,1,1,1,1,1,1,1,1,1,1,1,1,1,1,1,1,1,1,1,1,1,1,1,1,0,2,49,2,50,50,50,50,2,55,86,86,2,56,56,56,56,2,2,62,62,62,62,2,2,68,68,68,68,2,2,74,74,74,74,2,80,80
0,1,1,1,1,1,1,1,1,1,1,1,1,1,1,1,1,1,1,1,1,1,1,1,1,1,1,1,1,1,1,1,1,1,1,1,1,1,1,1,1,1,1,1,1,1,1,0,2,49,2,50,50,50,50,2,55,86,86,2,56,56,56,56,2,2,62,62,62,62,2,2,68,68,68,68,2,2,74,74,74,74,2,80,80
0,1,1,1,1,1,1,1,1,1,1,1,1,1,1,1,1,1,1,1,1,1,1,1,1,1,1,1,1,1,1,1,1,1,1,1,1,1,1,1,1,1,1,1,1,1,1,0,2,49,2,50,50,50,50,2,55,86,86,2,56,56,56,56,2,2,62,62,62,62,2,2,68,68,68,68,2,2,74,74,74,74,2,80,80
0,1,1,1,1,1,1,1,1,1,1,1,1,1,1,1,1,1,1,1,1,1,1,1,1,1,1,1,1,1,1,1,1,1,1,1,1,1,1,1,1,1,1,1,1,1,1,0,2,49,93,2,50,50,50,50,2,55,86,86,2,56,56,56,56,2,2,62,62,62,62,2,2,68,68,68,68,2,2,74,74,74,74,2,80,80
0,1,1,1,1,1,1,1,1,1,1,1,1,1,1,1,1,1,1,1,1,1,1,1,1,1,1,1,1,1,1,1,1,1,1,1,1,1,1,1,1,1,1,1,1,1,1,0,2,49,93,2,50,50,50,50,2,55,86,86,2,56,56,56,56,2,2,62,62,62,62,2,2,68,68,68,68,2,2,74,74,74,74,2,80,80
0,1,1,1,1,1,1,1,1,1,1,1,1,1,1,1,1,1,1,1,1,1,1,1,1,1,1,1,1,1,1,1,1,1,1,1,1,1,1,1,1,1,1,1,1,1,1,0,2,49,93,2,50,50,50,50,2,55,86,86,2,56,56,56,56,2,2,62,62,62,62,2,2,68,68,68,68,2,2,74,74,74,74,2,80,80
0,1,1,1,1,1,1,1,1,1,1,1,1,1,1,1,1,1,1,1,1,1,1,1,1,1,1,1,1,1,1,1,1,1,1,1,1,1,1,1,1,1,1,1,1,1,1,0,2,49,93,2,50,50,50,50,2,55,86,86,2,56,56,56,56,2,2,62,62,62,62,2,2,68,68,68,68,2,2,74,74,74,74,2,80,80
0,1,1,1,1,1,1,1,1,1,1,1,1,1,1,1,1,1,1,1,1,1,1,1,1,1,1,1,1,1,1,1,1,1,1,1,1,1,1,1,1,1,1,1,1,1,1,0,2,49,93,2,50,50,50,50,2,55,86,86,2,56,56,56,56,2,2,62,62,62,62,2,2,68,68,68,68,2,2,74,74,74,74,2,80,80
0,1,1,1,1,1,1,1,1,1,1,1,1,1,1,1,1,1,1,1,1,1,1,1,1,1,1,1,1,1,1,1,1,1,1,1,1,1,1,1,1,1,1,1,1,1,1,0,2,49,93,2,50,50,50,50,2,55,86,86,2,56,56,56,56,2,2,62,62,62,62,2,2,68,68,68,68,2,2,74,74,74,74,2,80,80
0,1,1,1,1,1,1,1,1,1,1,1,1,1,1,1,1,1,1,1,1,1,1,1,1,1,1,1,1,1,1,1,1,1,1,1,1,1,1,1,1,1,1,1,1,1,1,0,2,49,93,2,50,50,50,50,2,55,86,86,2,56,56,56,56,2,2,62,62,62,62,2,2,68,68,68,68,2,2,74,74,74,74,2,80,80
0,1,1,1,1,1,1,1,1,1,1,1,1,1,1,1,1,1,1,1,1,1,1,1,1,1,1,1,1,1,1,1,1,1,1,1,1,1,1,1,1,1,1,1,1,1,1,0,2,49,93,93,2,50,50,50,50,2,55,86,86,2,56,56,56,56,2,2,62,62,62,62,2,2,68,68,68,68,2,2,74,74,74,74,2,80,80
0,1,1,1,1,1,1,1,1,1,1,1,1,1,1,1,1,1,1,1,1,1,1,1,1,1,1,1,1,1,1,1,1,1,1,1,1,1,1,1,1,1,1,1,1,1,1,0,2,49,93,93,2,50,50,50,50,2,55,86,86,2,56,56,56,56,2,2,62,62,62,62,2,2,68,68,68,68,2,2,74,74,74,74,2,80,80
0,1,1,1,1,1,1,1,1,1,1,1,1,1,1,1,1,1,1,1,1,1,1,1,1,1,1,1,1,1,1,1,1,1,1,1,1,1,1,1,1,1,1,1,1,1,1,0,2,49,93,93,2,50,50,50,50,2,55,86,86,2,56,56,56,56,2,2,62,62,62,62,2,2,68,68,68,68,2,2,74,74,74,74,2,80,80
0,1,1,1,1,1,1,1,1,1,1,1,1,1,1,1,1,1,1,1,1,1,1,1,1,1,1,1,1,1,1,1,1,1,1,1,1,1,1,1,1,1,1,1,1,1,1,0,2,49,93,93,2,50,50,50,50,2,55,86,86,2,56,56,56,56,2,2,62,62,62,62,2,2,68,68,68,68,2,2,74,74,74,74,2,80,80
0,1,1,1,1,1,1,1,1,1,1,1,1,1,1,1,1,1,1,1,1,1,1,1,1,1,1,1,1,1,1,1,1,1,1,1,1,1,1,1,1,1,1,1,1,1,1,0,2,49,93,93,2,50,50,50,50,2,55,86,86,2,56,56,56,56,2,2,62,62,62,62,2,2,68,68,68,68,2,2,74,74,74,74,2,80,80
0,1,1,1,1,1,1,1,1,1,1,1,1,1,1,1,1,1,1,1,1,1,1,1,1,1,1,1,1,1,1,1,1,1,1,1,1,1,1,1,1,1,1,1,1,1,1,0,2,49,93,93,2,50,50,50,50,2,55,86,86,2,56,56,56,56,2,2,62,62,62,62,2,2,68,68,68,68,2,2,74,74,74,74,2,80,80
0,1,1,1,1,1,1,1,1,1,1,1,1,1,1,1,1,1,1,1,1,1,1,1,1,1,1,1,1,1,1,1,1,1,1,1,1,1,1,1,1,1,1,1,1,1,1,0,2,49,93,93,2,50,50,50,50,2,55,86,86,2,56,56,56,56,2,2,62,62,62,62,2,2,68,68,68,68,2,73,2,74,74,74,74,2,80,80
0,1,1,1,1,1,1,1,1,1,1,1,1,1,1,1,1,1,1,1,1,1,1,1,1,1,1,1,1,1,1,1,1,1,1,1,1,1,1,1,1,1,1,1,1,1,1,0,2,49,93,93,2,50,50,50,50,2,55,86,86,2,56,56,56,56,2,2,62,62,62,62,2,2,68,68,68,68,2,73,2,74,74,74,74,2,80,80
0,1,1,1,1,1,1,1,1,1,1,1,1,1,1,1,1,1,1,1,1,1,1,1,1,1,1,1,1,1,1,1,1,1,1,1,1,1,1,1,1,1,1,1,1,1,1,0,2,49,93,93,2,50,50,50,50,2,55,86,86,2,56,56,56,56,2,2,62,62,62,62,2,2,68,68,68,68,2,73,2,74,74,74,74,2,80,80
0,1,1,1,1,1,1,1,1,1,1,1,1,1,1,1,1,1,1,1,1,1,1,1,1,1,1,1,1,1,1,1,1,1,1,1,1,1,1,1,1,1,1,1,1,1,1,0,2,49,93,93,2,50,50,50,50,2,55,86,86,2,56,56,56,56,2,2,62,62,62,62,2,2,68,68,68,68,2,73,2,74,74,74,74,2,80,80
0,1,1,1,1,1,1,1,1,1,1,1,1,1,1,1,1,1,1,1,1,1,1,1,1,1,1,1,1,1,1,1,1,1,1,1,1,1,1,1,1,1,1,1,1,1,1,0,2,49,93,93,2,50,50,50,50,2,55,86,86,2,56,56,56,56,2,2,62,62,62,62,2,2,68,68,68,68,2,73,2,74,74,74,74,2,80,80
0,1,1,1,1,1,1,1,1,1,1,1,1,1,1,1,1,1,1,1,1,1,1,1,1,1,1,1,1,1,1,1,1,1,1,1,1,1,1,1,1,1,1,1,1,1,1,0,2,49,93,93,2,50,50,50,50,2,55,86,86,2,56,56,56,56,2,2,62,62,62,62,2,2,68,68,68,68,2,73,2,74,74,74,74,2,80,80
0,1,1,1,1,1,1,1,1,1,1,1,1,1,1,1,1,1,1,1,1,1,1,1,1,1,1,1,1,1,1,1,1,1,1,1,1,1,1,1,1,1,1,1,1,1,1,0,2,49,93,93,2,50,50,50,50,2,55,86,86,2,56,56,56,56,2,2,62,62,62,62,2,2,68,68,68,68,2,73,2,74,74,74,74,2,80,80
0,1,1,1,1,1,1,1,1,1,1,1,1,1,1,1,1,1,1,1,1,1,1,1,1,1,1,1,1,1,1,1,1,1,1,1,1,1,1,1,1,1,1,1,1,1,1,0,2,49,93,93,2,50,50,50,50,2,55,86,86,2,56,56,56,56,2,2,62,62,62,62,2,2,68,68,68,68,2,73,2,74,74,74,74,2,80,80
0,1,1,1,1,1,1,1,1,1,1,1,1,1,1,1,1,1,1,1,1,1,1,1,1,1,1,1,1,1,1,1,1,1,1,1,1,1,1,1,1,1,1,1,1,1,1,0,2,49,93,93,2,50,50,50,50,2,55,86,86,2,56,56,56,56,2,2,62,62,62,62,2,2,68,68,68,68,2,73,2,74,74,74,74,2,80,80
0,1,1,1,1,1,1,1,1,1,1,1,1,1,1,1,1,1,1,1,1,1,1,1,1,1,1,1,1,1,1,1,1,1,1,1,1,1,1,1,1,1,1,1,1,1,1,0,2,49,93,93,2,50,50,50,50,2,55,86,86,2,56,56,56,56,2,2,62,62,62,62,2,2,68,68,68,68,2,73,2,74,74,74,74,2,80,80
0,1,1,1,1,1,1,1,1,1,1,1,1,1,1,1,1,1,1,1,1,1,1,1,1,1,1,1,1,1,1,1,1,1,1,1,1,1,1,1,1,1,1,1,1,1,1,0,2,49,93,93,2,50,50,50,50,2,55,86,86,2,56,56,56,56,2,2,62,62,62,62,2,2,68,68,68,68,2,73,2,74,74,74,74,2,80,80
0,1,1,1,1,1,1,1,1,1,1,1,1,1,1,1,1,1,1,1,1,1,1,1,1,1,1,1,1,1,1,1,1,1,1,1,1,1,1,1,1,1,1,1,1,1,1,0,2,49,93,93,2,50,50,50,50,2,55,86,86,2,56,56,56,56,2,2,62,62,62,62,2,2,68,68,68,68,2,73,2,74,74,74,74,2,80,80
0,1,1,1,1,1,1,1,1,1,1,1,1,1,1,1,1,1,1,1,1,1,1,1,1,1,1,1,1,1,1,1,1,1,1,1,1,1,1,1,1,1,1,1,1,1,1,0,2,49,93,93,2,50,50,50,50,2,55,86,86,2,56,56,56,56,2,2,62,62,62,62,2,2,68,68,68,68,2,73,2,74,74,74,74,2,80,80
0,1,1,1,1,1,1,1,1,1,1,1,1,1,1,1,1,1,1,1,1,1,1,1,1,1,1,1,1,1,1,1,1,1,1,1,1,1,1,1,1,1,1,1,1,1,1,0,2,49,93,93,2,50,50,50,50,2,55,86,86,2,56,56,56,56,2,2,62,62,62,62,2,2,68,68,68,68,2,73,99,2,74,74,74,74,2,80,80
0,1,1,1,1,1,1,1,1,1,1,1,1,1,1,1,1,1,1,1,1,1,1,1,1,1,1,1,1,1,1,1,1,1,1,1,1,1,1,1,1,1,1,1,1,1,1,0,2,49,93,93,2,50,50,50,50,2,55,86,86,2,56,56,56,56,2,2,62,62,62,62,2,2,68,68,68,68,2,73,99,2,74,74,74,74,2,80,80
0,1,1,1,1,1,1,1,1,1,1,1,1,1,1,1,1,1,1,1,1,1,1,1,1,1,1,1,1,1,1,1,1,1,1,1,1,1,1,1,1,1,1,1,1,1,1,0,2,49,93,93,2,50,50,50,50,2,55,86,86,2,56,56,56,56,2,2,62,62,62,62,2,2,68,68,68,68,2,73,99,2,74,74,74,74,2,80,80
0,1,1,1,1,1,1,1,1,1,1,1,1,1,1,1,1,1,1,1,1,1,1,1,1,1,1,1,1,1,1,1,1,1,1,1,1,1,1,1,1,1,1,1,1,1,1,0,2,49,93,93,2,50,50,50,50,2,55,86,86,2,56,56,56,56,2,2,62,62,62,62,2,2,68,68,68,68,2,73,99,2,74,74,74,74,2,80,80
0,1,1,1,1,1,1,1,1,1,1,1,1,1,1,1,1,1,1,1,1,1,1,1,1,1,1,1,1,1,1,1,1,1,1,1,1,1,1,1,1,1,1,1,1,1,1,0,2,49,93,93,2,50,50,50,50,2,55,86,86,2,56,56,56,56,2,2,62,62,62,62,2,2,68,68,68,68,2,73,99,2,74,74,74,74,2,80,80
0,1,1,1,1,1,1,1,1,1,1,1,1,1,1,1,1,1,1,1,1,1,1,1,1,1,1,1,1,1,1,1,1,1,1,1,1,1,1,1,1,1,1,1,1,1,1,0,2,49,93,93,2,50,50,50,50,2,55,86,86,2,56,56,56,56,2,2,62,62,62,62,2,2,68,68,68,68,2,73,99,99,2,74,74,74,74,2,80,80
0,1,1,1,1,1,1,1,1,1,1,1,1,1,1,1,1,1,1,1,1,1,1,1,1,1,1,1,1,1,1,1,1,1,1,1,1,1,1,1,1,1,1,1,1,1,1,0,2,49,93,93,2,50,50,50,50,2,55,86,86,2,56,56,56,56,2,2,62,62,62,62,2,2,68,68,68,68,2,73,99,99,2,74,74,74,74,2,80,80
0,1,1,1,1,1,1,1,1,1,1,1,1,1,1,1,1,1,1,1,1,1,1,1,1,1,1,1,1,1,1,1,1,1,1,1,1,1,1,1,1,1,1,1,1,1,1,0,2,49,93,93,2,50,50,50,50,2,55,86,86,2,56,56,56,56,2,2,62,62,62,62,2,2,68,68,68,68,2,73,99,99,2,74,74,74,74,2,80,80
0,1,1,1,1,1,1,1,1,1,1,1,1,1,1,1,1,1,1,1,1,1,1,1,1,1,1,1,1,1,1,1,1,1,1,1,1,1,1,1,1,1,1,1,1,1,1,0,2,49,93,93,2,50,50,50,50,2,55,86,86,2,56,56,56,56,2,2,62,62,62,62,2,2,68,68,68,68,2,73,99,99,2,74,74,74,74,2,80,80
0,1,1,1,1,1,1,1,1,1,1,1,1,1,1,1,1,1,1,1,1,1,1,1,1,1,1,1,1,1,1,1,1,1,1,1,1,1,1,1,1,1,1,1,1,1,1,0,2,49,93,93,2,50,50,50,50,2,55,86,86,2,56,56,56,56,2,2,62,62,62,62,2,2,68,68,68,68,2,73,99,99,2,74,74,74,74,2,80,80
0,1,1,1,1,1,1,1,1,1,1,1,1,1,1,1,1,1,1,1,1,1,1,1,1,1,1,1,1,1,1,1,1,1,1,1,1,1,1,1,1,1,1,1,1,1,1,0,2,49,93,93,2,50,50,50,50,2,55,86,86,2,56,56,56,56,2,2,62,62,62,62,2,2,68,68,68,68,2,73,99,99,2,74,74,74,74,2,80,80
0,1,1,1,1,1,1,1,1,1,1,1,1,1,1,1,1,1,1,1,1,1,1,1,1,1,1,1,1,1,1,1,1,1,1,1,1,1,1,1,1,1,1,1,1,1,1,0,2,49,93,93,2,50,50,50,50,2,55,86,86,2,56,56,56,56,2,2,62,62,62,62,2,2,68,68,68,68,2,73,99,99,2,74,74,74,74,2,80,80
0,1,1,1,1,1,1,1,1,1,1,1,1,1,1,1,1,1,1,1,1,1,1,1,1,1,1,1,1,1,1,1,1,1,1,1,1,1,1,1,1,1,1,1,1,1,1,0,2,49,93,93,2,50,50,50,50,2,55,86,86,2,56,56,56,56,2,2,62,62,62,62,2,2,68,68,68,68,2,73,99,99,2,74,74,74,74,2,80,80
0,1,1,1,1,1,1,1,1,1,1,1,1,1,1,1,1,1,1,1,1,1,1,1,1,1,1,1,1,1,1,1,1,1,1,1,1,1,1,1,1,1,1,1,1,1,1,0,2,49,93,93,2,50,50,50,50,2,55,86,86,2,56,56,56,56,2,2,62,62,62,62,2,2,68,68,68,68,2,73,99,99,2,74,74,74,74,2,80,80
0,1,1,1,1,1,1,1,1,1,1,1,1,1,1,1,1,1,1,1,1,1,1,1,1,1,1,1,1,1,1,1,1,1,1,1,1,1,1,1,1,1,1,1,1,1,1,0,2,49,93,93,2,50,50,50,50,2,55,86,86,2,56,56,56,56,2,2,62,62,62,62,2,2,68,68,68,68,2,73,99,99,2,74,74,74,74,2,80,80
0,1,1,1,1,1,1,1,1,1,1,1,1,1,1,1,1,1,1,1,1,1,1,1,1,1,1,1,1,1,1,1,1,1,1,1,1,1,1,1,1,1,1,1,1,1,1,0,2,49,93,93,2,50,50,50,50,2,55,86,86,2,56,56,56,56,2,2,62,62,62,62,2,2,68,68,68,68,2,73,99,99,2,74,74,74,74,2,80,80
0,1,1,1,1,1,1,1,1,1,1,1,1,1,1,1,1,1,1,1,1,1,1,1,1,1,1,1,1,1,1,1,1,1,1,1,1,1,1,1,1,1,1,1,1,1,1,0,2,49,93,93,2,50,50,50,50,2,55,86,86,2,56,56,56,56,2,2,62,62,62,62,2,2,68,68,68,68,2,73,99,99,2,74,74,74,74,2,80,80
0,1,1,1,1,1,1,1,1,1,1,1,1,1,1,1,1,1,1,1,1,1,1,1,1,1,1,1,1,1,1,1,1,1,1,1,1,1,1,1,1,1,1,1,1,1,1,0,2,49,93,93,2,50,50,50,50,2,55,86,86,2,56,56,56,56,2,2,62,62,62,62,2,2,68,68,68,68,2,73,99,99,2,74,74,74,74,2,80,80
0,1,1,1,1,1,1,1,1,1,1,1,1,1,1,1,1,1,1,1,1,1,1,1,1,1,1,1,1,1,1,1,1,1,1,1,1,1,1,1,1,1,1,1,1,1,1,0,2,49,93,93,2,50,50,50,50,2,55,86,86,2,56,56,56,56,2,2,62,62,62,62,2,2,68,68,68,68,2,73,99,99,2,74,74,74,74,2,80,80
0,1,1,1,1,1,1,1,1,1,1,1,1,1,1,1,1,1,1,1,1,1,1,1,1,1,1,1,1,1,1,1,1,1,1,1,1,1,1,1,1,1,1,1,1,1,1,0,2,49,93,93,2,50,50,50,50,2,55,86,86,2,56,56,56,56,2,2,62,62,62,62,2,2,68,68,68,68,2,73,99,99,2,74,74,74,74,2,80,80
0,1,1,1,1,1,1,1,1,1,1,1,1,1,1,1,1,1,1,1,1,1,1,1,1,1,1,1,1,1,1,1,1,1,1,1,1,1,1,1,1,1,1,1,1,1,1,0,2,49,93,93,2,50,50,50,50,2,55,86,86,2,56,56,56,56,2,2,62,62,62,62,2,2,68,68,68,68,2,73,99,99,2,74,74,74,74,2,80,80
0,1,1,1,1,1,1,1,1,1,1,1,1,1,1,1,1,1,1,1,1,1,1,1,1,1,1,1,1,1,1,1,1,1,1,1,1,1,1,1,1,1,1,1,1,1,1,0,2,49,93,93,2,50,50,50,50,2,55,86,86,2,56,56,56,56,2,2,62,62,62,62,2,2,68,68,68,68,2,73,99,99,2,74,74,74,74,2,80,80
0,1,1,1,1,1,1,1,1,1,1,1,1,1,1,1,1,1,1,1,1,1,1,1,1,1,1,1,1,1,1,1,1,1,1,1,1,1,1,1,1,1,1,1,1,1,1,0,2,49,93,93,2,50,50,50,50,2,55,86,86,2,56,56,56,56,2,2,62,62,62,62,2,2,68,68,68,68,2,73,99,99,2,74,74,74,74,2,80,80
0,1,1,1,1,1,1,1,1,1,1,1,1,1,1,1,1,1,1,1,1,1,1,1,1,1,1,1,1,1,1,1,1,1,1,1,1,1,1,1,1,1,1,1,1,1,1,0,2,49,93,93,2,50,50,50,50,2,55,86,86,2,56,56,56,56,2,2,62,62,62,62,2,2,68,68,68,68,2,73,99,99,2,74,74,74,74,2,80,80
0,1,1,1,1,1,1,1,1,1,1,1,1,1,1,1,1,1,1,1,1,1,1,1,1,1,1,1,1,1,1,1,1,1,1,1,1,1,1,1,1,1,1,1,1,1,1,0,2,49,93,93,2,50,50,50,50,2,55,86,86,2,56,56,56,56,2,2,62,62,62,62,2,2,68,68,68,68,2,73,99,99,2,74,74,74,74,2,80,80
0,1,1,1,1,1,1,1,1,1,1,1,1,1,1,1,1,1,1,1,1,1,1,1,1,1,1,1,1,1,1,1,1,1,1,1,1,1,1,1,1,1,1,1,1,1,1,0,2,49,93,93,2,50,50,50,50,2,55,86,86,2,56,56,56,56,2,2,62,62,62,62,2,2,68,68,68,68,2,73,99,99,2,74,74,74,74,2,80,80
0,1,1,1,1,1,1,1,1,1,1,1,1,1,1,1,1,1,1,1,1,1,1,1,1,1,1,1,1,1,1,1,1,1,1,1,1,1,1,1,1,1,1,1,1,1,1,0,2,49,93,93,2,50,50,50,50,2,55,86,86,2,56,56,56,56,2,2,62,62,62,62,2,2,68,68,68,68,2,73,99,99,2,74,74,74,74,2,80,80
0,1,1,1,1,1,1,1,1,1,1,1,1,1,1,1,1,1,1,1,1,1,1,1,1,1,1,1,1,1,1,1,1,1,1,1,1,1,1,1,1,1,1,1,1,1,1,0,2,49,93,93,2,50,50,50,50,2,55,86,86,2,56,56,56,56,2,2,62,62,62,62,2,2,68,68,68,68,2,73,99,99,2,74,74,74,74,2,80,80
0,1,1,1,1,1,1,1,1,1,1,1,1,1,1,1,1,1,1,1,1,1,1,1,1,1,1,1,1,1,1,1,1,1,1,1,1,1,1,1,1,1,1,1,1,1,1,0,2,49,93,93,2,50,50,50,50,2,55,86,86,2,56,56,56,56,2,2,62,62,62,62,2,2,68,68,68,68,2,73,99,99,2,74,74,74,74,2,80,80
0,1,1,1,1,1,1,1,1,1,1,1,1,1,1,1,1,1,1,1,1,1,1,1,1,1,1,1,1,1,1,1,1,1,1,1,1,1,1,1,1,1,1,1,1,1,1,1,0,2,49,93,93,2,50,50,50,50,2,55,86,86,2,56,56,56,56,2,2,62,62,62,62,2,2,68,68,68,68,2,73,99,99,2,74,74,74,74,2,80,80
0,1,1,1,1,1,1,1,1,1,1,1,1,1,1,1,1,1,1,1,1,1,1,1,1,1,1,1,1,1,1,1,1,1,1,1,1,1,1,1,1,1,1,1,1,1,1,1,0,2,49,93,93,2,50,50,50,50,2,55,86,86,2,56,56,56,56,2,2,62,62,62,62,2,2,68,68,68,68,2,73,99,99,2,74,74,74,74,2,80,80
0,1,1,1,1,1,1,1,1,1,1,1,1,1,1,1,1,1,1,1,1,1,1,1,1,1,1,1,1,1,1,1,1,1,1,1,1,1,1,1,1,1,1,1,1,1,1,1,0,2,49,93,93,2,50,50,50,50,2,55,86,86,2,56,56,56,56,2,2,62,62,62,62,2,2,68,68,68,68,2,73,99,99,2,74,74,74,74,2,80,80
0,1,1,1,1,1,1,1,1,1,1,1,1,1,1,1,1,1,1,1,1,1,1,1,1,1,1,1,1,1,1,1,1,1,1,1,1,1,1,1,1,1,1,1,1,1,1,1,0,2,49,93,93,2,50,50,50,50,2,55,86,86,2,56,56,56,56,2,2,62,62,62,62,2,2,68,68,68,68,2,73,99,99,2,74,74,74,74,2,80,80
0,1,1,1,1,1,1,1,1,1,1,1,1,1,1,1,1,1,1,1,1,1,1,1,1,1,1,1,1,1,1,1,1,1,1,1,1,1,1,1,1,1,1,1,1,1,1,1,0,2,49,93,93,2,50,50,50,50,2,55,86,86,2,56,56,56,56,2,2,62,62,62,62,2,2,68,68,68,68,2,73,99,99,2,74,74,74,74,2,80,80
0,1,1,1,1,1,1,1,1,1,1,1,1,1,1,1,1,1,1,1,1,1,1,1,1,1,1,1,1,1,1,1,1,1,1,1,1,1,1,1,1,1,1,1,1,1,1,1,0,2,49,93,93,2,50,50,50,50,2,55,86,86,2,56,56,56,56,2,2,62,62,62,62,2,2,68,68,68,68,2,73,99,99,2,74,74,74,74,2,80,80
0,1,1,1,1,1,1,1,1,1,1,1,1,1,1,1,1,1,1,1,1,1,1,1,1,1,1,1,1,1,1,1,1,1,1,1,1,1,1,1,1,1,1,1,1,1,1,1,0,2,49,93,93,2,50,50,50,50,2,55,86,86,2,56,56,56,56,2,2,62,62,62,62,2,2,68,68,68,68,2,73,99,99,2,74,74,74,74,2,80,80
0,1,1,1,1,1,1,1,1,1,1,1,1,1,1,1,1,1,1,1,1,1,1,1,1,1,1,1,1,1,1,1,1,1,1,1,1,1,1,1,1,1,1,1,1,1,1,1,0,2,49,93,93,2,50,50,50,50,2,55,86,86,2,56,56,56,56,2,2,62,62,62,62,2,2,68,68,68,68,2,73,99,99,2,74,74,74,74,2,80,80
0,1,1,1,1,1,1,1,1,1,1,1,1,1,1,1,1,1,1,1,1,1,1,1,1,1,1,1,1,1,1,1,1,1,1,1,1,1,1,1,1,1,1,1,1,1,1,1,0,2,49,93,93,2,50,50,50,50,2,55,86,86,2,56,56,56,56,2,2,62,62,62,62,2,2,68,68,68,68,2,73,99,99,2,74,74,74,74,2,80,80
0,1,1,1,1,1,1,1,1,1,1,1,1,1,1,1,1,1,1,1,1,1,1,1,1,1,1,1,1,1,1,1,1,1,1,1,1,1,1,1,1,1,1,1,1,1,1,1,0,2,49,93,93,2,50,50,50,50,2,55,86,86,2,56,56,56,56,2,2,62,62,62,62,2,2,68,68,68,68,2,73,99,99,2,74,74,74,74,2,80,80
0,1,1,1,1,1,1,1,1,1,1,1,1,1,1,1,1,1,1,1,1,1,1,1,1,1,1,1,1,1,1,1,1,1,1,1,1,1,1,1,1,1,1,1,1,1,1,1,0,2,49,93,93,2,50,50,50,50,2,55,86,86,2,56,56,56,56,2,2,62,62,62,62,2,2,68,68,68,68,2,73,99,99,2,74,74,74,74,2,80,80
0,1,1,1,1,1,1,1,1,1,1,1,1,1,1,1,1,1,1,1,1,1,1,1,1,1,1,1,1,1,1,1,1,1,1,1,1,1,1,1,1,1,1,1,1,1,1,1,0,2,49,93,93,2,50,50,50,50,2,55,86,86,2,56,56,56,56,2,2,62,62,62,62,2,2,68,68,68,68,2,73,99,99,2,74,74,74,74,2,80,80
0,1,1,1,1,1,1,1,1,1,1,1,1,1,1,1,1,1,1,1,1,1,1,1,1,1,1,1,1,1,1,1,1,1,1,1,1,1,1,1,1,1,1,1,1,1,1,1,0,2,49,93,93,2,50,50,50,50,2,55,86,86,2,56,56,56,56,2,2,62,62,62,62,2,2,68,68,68,68,2,73,99,99,2,74,74,74,74,2,80,80
0,1,1,1,1,1,1,1,1,1,1,1,1,1,1,1,1,1,1,1,1,1,1,1,1,1,1,1,1,1,1,1,1,1,1,1,1,1,1,1,1,1,1,1,1,1,1,1,0,2,49,93,93,2,50,50,50,50,2,55,86,86,2,56,56,56,56,2,2,62,62,62,62,2,2,68,68,68,68,2,73,99,99,2,74,74,74,74,2,80,80
0,1,1,1,1,1,1,1,1,1,1,1,1,1,1,1,1,1,1,1,1,1,1,1,1,1,1,1,1,1,1,1,1,1,1,1,1,1,1,1,1,1,1,1,1,1,1,1,0,2,49,93,93,2,50,50,50,50,2,55,86,86,2,56,56,56,56,2,2,62,62,62,62,2,2,68,68,68,68,2,73,99,99,2,74,74,74,74,2,80,80
0,1,1,1,1,1,1,1,1,1,1,1,1,1,1,1,1,1,1,1,1,1,1,1,1,1,1,1,1,1,1,1,1,1,1,1,1,1,1,1,1,1,1,1,1,1,1,1,0,2,49,93,93,2,50,50,50,50,2,55,86,86,2,56,56,56,56,2,2,62,62,62,62,2,2,68,68,68,68,2,73,99,99,2,74,74,74,74,2,80,80
0,1,1,1,1,1,1,1,1,1,1,1,1,1,1,1,1,1,1,1,1,1,1,1,1,1,1,1,1,1,1,1,1,1,1,1,1,1,1,1,1,1,1,1,1,1,1,1,0,2,49,93,93,2,50,50,50,50,2,55,86,86,2,56,56,56,56,2,2,62,62,62,62,2,2,68,68,68,68,2,73,99,99,2,74,74,74,74,2,80,80
0,1,1,1,1,1,1,1,1,1,1,1,1,1,1,1,1,1,1,1,1,1,1,1,1,1,1,1,1,1,1,1,1,1,1,1,1,1,1,1,1,1,1,1,1,1,1,1,0,2,49,93,93,2,50,50,50,50,2,55,86,86,2,56,56,56,56,2,2,62,62,62,62,2,2,68,68,68,68,2,73,99,99,2,74,74,74,74,2,80,80
0,1,1,1,1,1,1,1,1,1,1,1,1,1,1,1,1,1,1,1,1,1,1,1,1,1,1,1,1,1,1,1,1,1,1,1,1,1,1,1,1,1,1,1,1,1,1,1,0,2,49,93,93,2,50,50,50,50,2,55,86,86,2,56,56,56,56,2,2,62,62,62,62,2,2,68,68,68,68,2,73,99,99,2,74,74,74,74,2,80,80
0,1,1,1,1,1,1,1,1,1,1,1,1,1,1,1,1,1,1,1,1,1,1,1,1,1,1,1,1,1,1,1,1,1,1,1,1,1,1,1,1,1,1,1,1,1,1,1,0,2,49,93,93,2,50,50,50,50,2,55,86,86,2,56,56,56,56,2,2,62,62,62,62,2,2,68,68,68,68,2,73,99,99,2,74,74,74,74,2,80,80
0,1,1,1,1,1,1,1,1,1,1,1,1,1,1,1,1,1,1,1,1,1,1,1,1,1,1,1,1,1,1,1,1,1,1,1,1,1,1,1,1,1,1,1,1,1,1,1,0,2,49,93,93,2,50,50,50,50,2,55,86,86,2,56,56,56,56,2,2,62,62,62,62,2,2,68,68,68,68,2,73,99,99,2,74,74,74,74,2,80,80
0,1,1,1,1,1,1,1,1,1,1,1,1,1,1,1,1,1,1,1,1,1,1,1,1,1,1,1,1,1,1,1,1,1,1,1,1,1,1,1,1,1,1,1,1,1,1,1,0,2,49,93,93,2,50,50,50,50,2,55,86,86,2,56,56,56,56,2,2,62,62,62,62,2,2,68,68,68,68,2,73,99,99,2,74,74,74,74,2,80,80
0,1,1,1,1,1,1,1,1,1,1,1,1,1,1,1,1,1,1,1,1,1,1,1,1,1,1,1,1,1,1,1,1,1,1,1,1,1,1,1,1,1,1,1,1,1,1,1,0,2,49,93,93,2,50,50,50,50,2,55,86,86,2,56,56,56,56,2,2,62,62,62,62,2,2,68,68,68,68,2,73,99,99,2,74,74,74,74,2,80,80
0,1,1,1,1,1,1,1,1,1,1,1,1,1,1,1,1,1,1,1,1,1,1,1,1,1,1,1,1,1,1,1,1,1,1,1,1,1,1,1,1,1,1,1,1,1,1,1,0,2,49,93,93,2,50,50,50,50,2,55,86,86,2,56,56,56,56,2,2,62,62,62,62,2,2,68,68,68,68,2,73,99,99,2,74,74,74,74,2,80,80
0,1,1,1,1,1,1,1,1,1,1,1,1,1,1,1,1,1,1,1,1,1,1,1,1,1,1,1,1,1,1,1,1,1,1,1,1,1,1,1,1,1,1,1,1,1,1,1,0,2,49,93,93,2,50,50,50,50,2,55,86,86,2,56,56,56,56,2,2,62,62,62,62,2,2,68,68,68,68,2,73,99,99,2,74,74,74,74,2,80,80
0,1,1,1,1,1,1,1,1,1,1,1,1,1,1,1,1,1,1,1,1,1,1,1,1,1,1,1,1,1,1,1,1,1,1,1,1,1,1,1,1,1,1,1,1,1,1,1,0,2,49,93,93,2,50,50,50,50,2,55,86,86,2,56,56,56,56,2,2,62,62,62,62,2,2,68,68,68,68,2,73,99,99,2,74,74,74,74,2,80,80
0,1,1,1,1,1,1,1,1,1,1,1,1,1,1,1,1,1,1,1,1,1,1,1,1,1,1,1,1,1,1,1,1,1,1,1,1,1,1,1,1,1,1,1,1,1,1,1,0,2,49,93,93,2,50,50,50,50,2,55,86,86,2,56,56,56,56,2,2,62,62,62,62,2,2,68,68,68,68,2,73,99,99,2,74,74,74,74,2,80,80
0,1,1,1,1,1,1,1,1,1,1,1,1,1,1,1,1,1,1,1,1,1,1,1,1,1,1,1,1,1,1,1,1,1,1,1,1,1,1,1,1,1,1,1,1,1,1,1,0,2,49,93,93,2,50,50,50,50,2,55,86,86,2,56,56,56,56,2,2,62,62,62,62,2,2,68,68,68,68,2,73,99,99,2,74,74,74,74,2,80,80
0,1,1,1,1,1,1,1,1,1,1,1,1,1,1,1,1,1,1,1,1,1,1,1,1,1,1,1,1,1,1,1,1,1,1,1,1,1,1,1,1,1,1,1,1,1,1,1,0,2,49,93,93,2,50,50,50,50,2,55,86,86,2,56,56,56,56,2,2,62,62,62,62,2,2,68,68,68,68,2,73,99,99,2,74,74,74,74,2,80,80
0,1,1,1,1,1,1,1,1,1,1,1,1,1,1,1,1,1,1,1,1,1,1,1,1,1,1,1,1,1,1,1,1,1,1,1,1,1,1,1,1,1,1,1,1,1,1,1,0,2,49,93,93,2,50,50,50,50,2,55,86,86,2,56,56,56,56,2,2,62,62,62,62,2,2,68,68,68,68,2,73,99,99,2,74,74,74,74,2,80,80
0,1,1,1,1,1,1,1,1,1,1,1,1,1,1,1,1,1,1,1,1,1,1,1,1,1,1,1,1,1,1,1,1,1,1,1,1,1,1,1,1,1,1,1,1,1,1,1,0,2,49,93,93,2,50,50,50,50,2,55,86,86,2,56,56,56,56,2,2,62,62,62,62,2,2,68,68,68,68,2,73,99,99,2,74,74,74,74,2,80,80
0,1,1,1,1,1,1,1,1,1,1,1,1,1,1,1,1,1,1,1,1,1,1,1,1,1,1,1,1,1,1,1,1,1,1,1,1,1,1,1,1,1,1,1,1,1,1,1,0,2,49,93,93,2,50,50,50,50,2,55,86,86,2,56,56,56,56,2,2,62,62,62,62,2,2,68,68,68,68,2,73,99,99,2,74,74,74,74,2,80,80
0,1,1,1,1,1,1,1,1,1,1,1,1,1,1,1,1,1,1,1,1,1,1,1,1,1,1,1,1,1,1,1,1,1,1,1,1,1,1,1,1,1,1,1,1,1,1,1,0,2,49,93,93,2,50,50,50,50,2,55,86,86,2,56,56,56,56,2,2,62,62,62,62,2,2,68,68,68,68,2,73,99,99,2,74,74,74,74,2,80,80
0,1,1,1,1,1,1,1,1,1,1,1,1,1,1,1,1,1,1,1,1,1,1,1,1,1,1,1,1,1,1,1,1,1,1,1,1,1,1,1,1,1,1,1,1,1,1,1,0,2,49,93,93,2,50,50,50,50,2,55,86,86,2,56,56,56,56,2,2,62,62,62,62,2,2,68,68,68,68,2,73,99,99,2,74,74,74,74,2,80,80
0,1,1,1,1,1,1,1,1,1,1,1,1,1,1,1,1,1,1,1,1,1,1,1,1,1,1,1,1,1,1,1,1,1,1,1,1,1,1,1,1,1,1,1,1,1,1,1,0,2,49,93,93,2,50,50,50,50,2,55,86,86,2,56,56,56,56,2,2,62,62,62,62,2,2,68,68,68,68,2,73,99,99,2,74,74,74,74,2,80,80
0,1,1,1,1,1,1,1,1,1,1,1,1,1,1,1,1,1,1,1,1,1,1,1,1,1,1,1,1,1,1,1,1,1,1,1,1,1,1,1,1,1,1,1,1,1,1,1,0,2,49,93,93,2,50,50,50,50,2,55,86,86,2,56,56,56,56,2,2,62,62,62,62,2,2,68,68,68,68,2,73,99,99,2,74,74,74,74,2,80,80
0,1,1,1,1,1,1,1,1,1,1,1,1,1,1,1,1,1,1,1,1,1,1,1,1,1,1,1,1,1,1,1,1,1,1,1,1,1,1,1,1,1,1,1,1,1,1,1,0,2,49,93,93,2,50,50,50,50,2,55,86,86,2,56,56,56,56,2,2,62,62,62,62,2,2,68,68,68,68,2,73,99,99,2,74,74,74,74,2,80,80
0,1,1,1,1,1,1,1,1,1,1,1,1,1,1,1,1,1,1,1,1,1,1,1,1,1,1,1,1,1,1,1,1,1,1,1,1,1,1,1,1,1,1,1,1,1,1,1,0,2,49,93,93,2,50,50,50,50,2,55,86,86,2,56,56,56,56,2,2,62,62,62,62,2,2,68,68,68,68,2,73,99,99,2,74,74,74,74,2,80,80
0,1,1,1,1,1,1,1,1,1,1,1,1,1,1,1,1,1,1,1,1,1,1,1,1,1,1,1,1,1,1,1,1,1,1,1,1,1,1,1,1,1,1,1,1,1,1,1,0,2,49,93,93,2,50,50,50,50,2,55,86,86,2,56,56,56,56,2,2,62,62,62,62,2,2,68,68,68,68,2,73,99,99,2,74,74,74,74,2,80,80
0,1,1,1,1,1,1,1,1,1,1,1,1,1,1,1,1,1,1,1,1,1,1,1,1,1,1,1,1,1,1,1,1,1,1,1,1,1,1,1,1,1,1,1,1,1,1,1,0,2,49,93,93,2,50,50,50,50,2,55,86,86,2,56,56,56,56,2,2,62,62,62,62,2,2,68,68,68,68,2,73,99,99,2,74,74,74,74,2,80,80
