0.05091324888557627,0.05091300654182644,0.0509119323563054,0.0509116346150127,0.050911783810245005,0.05091210988344911,0.050910672701129346,0.050911013060732174,0.050910762570651066,0.05091058680533526,0.05090931820898548,0.05090910997931689,0.050909439350951005,0.050909753901072455,0.050908480582102275,0.05090882425381664,0.048080254234351506,0.04808010116194145,0.04298884667324809,0.04298869890693751,0.0,0.0
0.05091351527628406,0.050913272985240954,0.050912193883338265,0.05091189620557503,0.05091205034336838,0.050912376345678065,0.05091094394702981,0.050911284231367655,0.050911029149665235,0.050910853422553,0.050909585101831425,0.05090937691744192,0.05090970604147568,0.050910020523251553,0.05090868676395751,0.05090903037796989,0.04828355448940115,0.048282945568146,0.043188880025874433,0.04318852393805417,0.0,0.0
0.050913673752382246,0.05091343149269246,0.0509123525303575,0.050912054891130036,0.050912208702966734,0.050912534663157365,0.050911102449503955,0.050911442689863515,0.05091118733500802,0.050911011630563996,0.05090974347338713,0.05090953531586406,0.050909864091112915,0.05091017853238752,0.05090877655006286,0.050909120138948945,0.048694205253519335,0.04869309172908017,0.04348031147831692,0.04347967983476669,0.0,0.0
0.05091383438880305,0.0509135921608925,0.05091251334002157,0.050912215739853287,0.05091236920305492,0.050912695120559244,0.050911263094392506,0.05091160329018144,0.050911347640192554,0.05091117195871944,0.05090990396727128,0.0509096958369735,0.05091002424042356,0.05091033864066067,0.05090890112682018,0.050909244680844803,0.04911632769306559,0.049114915567198075,0.043811757817776714,0.04381082908081547,0.0,0.0
0.050913989711963176,0.05091374751477938,0.05091266883068698,0.050912371268284254,0.05091252436447018,0.050912850240709885,0.05091141839578543,0.05091175854848821,0.05091150258318164,0.050911326923910066,0.050910059092639966,0.050909850988655574,0.05091017900265123,0.05091049336323311,0.05090905603063896,0.05090939954131724,0.04952860016961314,0.04952712410186455,0.04419686278597106,0.0441956136064594,0.0,0.0
0.050914318039391455,0.05091407590715417,0.05091299751216849,0.050912700029590224,0.05091285272871474,0.0509131785176334,0.05091174705624013,0.050912087117767214,0.05091183086506802,0.05091165525283217,0.05091038776091124,0.050910179712673774,0.05091050728270335,0.05091082155917482,0.05090938461101157,0.05090972802975048,0.04989994993755132,0.049898606488576594,0.044641625052614944,0.04464003998979344,0.0,0.0
0.050914348679794545,0.050914106553617916,0.050913028185610984,0.05091273071048179,0.05091288302804567,0.05091320880890734,0.05091177738290205,0.05091211743601642,0.050911860811630495,0.05091168520368511,0.0509104177427189,0.05091020969956653,0.0509105368831812,0.05091085115206896,0.05090943059283456,0.05090977399870813,0.050220237959870725,0.05021915554396162,0.04518870056168784,0.045186766559863145,0.0,0.0
0.050914363332023545,0.05091412120874513,0.05091304285363952,0.050912745382072355,0.05091289728962002,0.05091322306668937,0.05091179165734068,0.050912131706495334,0.0509118746765769,0.05091169907061793,0.05091043162398336,0.0509102235831853,0.05091055035414694,0.050910864619583426,0.05090944407594353,0.0509097874780447,0.05047125521543725,0.05047046079258846,0.04587506270106002,0.045872804154114245,0.0,0.0
0.050914374646240275,0.050914132525199794,0.0509130593263242,0.05091276185875745,0.05091290819067782,0.05091323396484848,0.05091179810004512,0.050912138147412626,0.05091188515967482,0.050911709555217795,0.050910452988357904,0.0509102449511833,0.05091056042106506,0.05091087468392236,0.05090943779798322,0.050909781201840844,0.050650860389113046,0.05065031018559517,0.04667535402662344,0.04667287704096557,0.0,0.0
0.05091444897865384,0.05091420687231599,0.05091313373857574,0.05091283628907957,0.050912982429913815,0.05091330818434371,0.05091187240651651,0.05091221243327172,0.05091195927858476,0.05091178368474656,0.05091052719384108,0.05091031916925183,0.0509106344376328,0.05091094868152739,0.050909511882258555,0.050909855265388354,0.05072238512816517,0.050721938022894174,0.04702197108922875,0.04701932485138934,0.0,0.0
0.050914394584848296,0.05091415246775158,0.05091307928634777,0.050912781823628205,0.0509129277991153,0.050913253568071845,0.05091181772624117,0.05091215776816444,0.05091190443014938,0.05091172882845316,0.05091047228134118,0.05091026424743871,0.0509105793576642,0.05091089361567004,0.05090945675190495,0.05090980015045947,0.05077410167584422,0.05077373377818654,0.04736518913795062,0.0473624055564331,0.0,0.0
0.050914342335634,0.050914100208202515,0.05091302698101359,0.050912729505591836,0.05091287531922957,0.05091320110214111,0.050911765198825995,0.05091210525532029,0.05091185173818046,0.05091167612893508,0.05091041952782537,0.050910211484975716,0.05091052644025626,0.050910840711819505,0.05090940378608949,0.05090974719946329,0.050811662526933005,0.05081135433185829,0.04771388751709579,0.04771100755194414,0.0,0.0
0.050914291245908926,0.05091404910837186,0.05091297583641323,0.050912678348571015,0.050912824002289324,0.050913149798846785,0.05091171383540883,0.050912053906151514,0.05091180021219792,0.050911624595570394,0.050910367941657125,0.050910159890058176,0.05091047469216773,0.05091078897698901,0.05090935199066239,0.050909695418528335,0.05083830935659291,0.05083804448681669,0.04806869507954802,0.048065771101569336,0.0,0.0
0.05091424171357714,0.050913999566242395,0.05091292625087809,0.050912628750993776,0.050912774248045356,0.050913100057833414,0.05091166403610254,0.05091200412065992,0.05091175025365858,0.05091157462987329,0.05091031792476205,0.05091010986467976,0.05091042451666321,0.05091073881433988,0.05090930176925718,0.050909645211175095,0.05085751028312115,0.05085727674086484,0.04842299052888161,0.04842008418629355,0.0,0.0
0.0509141931129789,0.05091395095603063,0.050912877598076535,0.050912580086376495,0.050912725426556914,0.05091305124932771,0.05091161517039595,0.050911955268509244,0.050911701228560084,0.05091152559775069,0.05091026884239738,0.05091006077399019,0.05091037527551551,0.050910689585808286,0.05090925248306299,0.050909595938771264,0.050871127194358226,0.050870915626294776,0.04878301520432447,0.048780207281868444,0.0,0.0
0.05091414830840638,0.05091390614259533,0.05091283274537751,0.05091253522278452,0.05091268040902894,0.05091300624377104,0.05091157011209464,0.050911910222707836,0.050911656013991634,0.050911480376703976,0.050910223575012986,0.050910015498927874,0.05091032985241625,0.05091064417434704,0.05090920701840951,0.05090955048683913,0.05088054936571978,0.05088035265815594,0.0491393736940408,0.04913675244885389,0.0,0.0
0.05091410777315041,0.050913865599321005,0.05091279216658023,0.0509124946341321,0.050912639673684604,0.05091296551925947,0.050911529339854884,0.050911869461779044,0.05091161509294528,0.05091143944979449,0.05091018260616549,0.05090997452313141,0.050910288735254446,0.050910603067720224,0.05090916586363213,0.05090950934357727,0.0508869306910711,0.05088674370075074,0.049480892728831743,0.04947854217917217,0.0,0.0
0.020257948568111753,0.02025791920605016,0.020257790614873716,0.020257754580582345,0.02025778242032722,0.02025782188878546,0.020257650658658803,0.020257691819181897,0.020257667193141926,0.020257645940331394,0.02025749474641419,0.020257469598190175,0.02025751263461838,0.020257550635209762,0.02025738105143452,0.020257422538155597,0.02025018777076173,0.020250163313000207,0.01981839613413886,0.019817655430882517,0.0,0.0
0.02025794874757327,0.02025791938551158,0.02025779141781251,0.02025775538352057,0.02025778259963503,0.020257822068093415,0.020257650297195156,0.020257691457717955,0.0202576673722962,0.020257646119485606,0.020257496239548013,0.020257471091323257,0.020257512813619007,0.020257550814210525,0.020257379254971685,0.020257420741691276,0.02025021341377604,0.020250188998445523,0.019820937387085673,0.01982019857988163,0.0,0.0
0.02025794874757477,0.02025791938551307,0.02025779079433618,0.02025775476004467,0.02025778259963653,0.02025782206809491,0.02025765083796764,0.020257691998490885,0.020257667372297714,0.020257646119487112,0.020257494925569372,0.020257469777345265,0.02025751281362052,0.020257550814212044,0.020257381230436213,0.020257422717157445,0.020250213413777546,0.020250188998447025,0.019820935088674194,0.019820196281554167,0.0,0.0
0.020257948747576783,0.020257919385515088,0.02025779141781603,0.020257755383524076,0.020257782599638553,0.02025782206809693,0.020257650297198674,0.020257691457721473,0.02025766737229973,0.020257646119489128,0.02025749623955153,0.02025747109132678,0.020257512813622525,0.02025755081421405,0.0202573792549752,0.020257420741694794,0.02025021341377956,0.020250188998449048,0.019820937387089125,0.019820198579885078,0.0,0.0
0.02025794874757482,0.020257919385513128,0.020257790794336233,0.020257754760044728,0.020257782599636582,0.020257822068094962,0.020257650837967683,0.02025769199849093,0.020257667372297755,0.02025764611948716,0.020257494925569414,0.020257469777345313,0.02025751281362058,0.020257550814212086,0.020257381230436262,0.020257422717157487,0.02025021341377759,0.02025018899844708,0.019820935088674257,0.019820196281554212,0.0,0.0
0.020257948747576783,0.020257919385515088,0.02025779141781603,0.020257755383524076,0.020257782599638553,0.02025782206809693,0.020257650297198674,0.020257691457721473,0.02025766737229973,0.020257646119489128,0.02025749623955153,0.02025747109132678,0.020257512813622525,0.02025755081421405,0.0202573792549752,0.020257420741694794,0.02025021341377956,0.020250188998449048,0.019820937387089125,0.019820198579885078,0.0,0.0
0.02025794874757855,0.020257919385516868,0.020257790794339967,0.020257754760048464,0.02025778259964033,0.020257822068098716,0.02025765083797143,0.02025769199849468,0.020257667372301516,0.02025764611949092,0.020257494925573168,0.02025746977734906,0.020257512813624323,0.020257550814215847,0.020257381230440016,0.020257422717161248,0.020250213413781346,0.020250188998450835,0.019820935088677945,0.019820196281557897,0.0,0.0
0.020257948747576783,0.020257919385515088,0.02025779141781603,0.020257755383524076,0.020257782599638553,0.02025782206809693,0.020257650297198674,0.020257691457721473,0.02025766737229973,0.020257646119489128,0.02025749623955153,0.02025747109132678,0.020257512813622525,0.02025755081421405,0.0202573792549752,0.020257420741694794,0.02025021341377956,0.020250188998449048,0.019820937387089125,0.019820198579885078,0.0,0.0
0.05091419736977638,0.050913955213670106,0.050912876712432775,0.05091257920051767,0.0509127292315212,0.0509130550532802,0.050911623447645826,0.0509119635434629,0.05091170457939121,0.050911528949061896,0.05091026132660169,0.0509100532569197,0.05091037817216056,0.050910692481711185,0.050909271738742004,0.05090961518906253,0.05089136704182021,0.05089118633868062,0.04981154740005079,0.04980955250546605,0.0,0.0
0.05091427956002701,0.05091403742017844,0.05091296413797931,0.05091266664729604,0.05091281139636158,0.05091313719627122,0.050911701218063904,0.05091204129230675,0.050911786688928866,0.050911611070363766,0.05091035440259179,0.05091014634869648,0.05091046024647346,0.05091077453499584,0.05090933753175328,0.0509096809636648,0.050894154881037726,0.050893977848842704,0.05009282209963575,0.0500912056126788,0.0,0.0
0.05091426212178153,0.05091401997848366,0.05091294153426203,0.050912644038089344,0.050912793831069406,0.050913119635649956,0.050911688105466646,0.05091202818334696,0.05091176900271188,0.0509115933816128,0.0509103258257466,0.05091011776700442,0.0509104424347482,0.050910756727834044,0.050909336059260665,0.05090967949158423,0.050896124552446076,0.05089594986772458,0.05033446491142158,0.05033322648224365,0.0,0.0
0.050914254905812945,0.05091401276108771,0.050912939457283875,0.05091264196060679,0.05091278652493193,0.05091311233145531,0.05091167632410841,0.050912016405256985,0.05091176160887324,0.05091158598671478,0.05091032929324059,0.050910121235086515,0.05091043495122762,0.05091074924623081,0.05090931221336727,0.050909655652362856,0.05089747859032338,0.0508973052992121,0.050520182077937785,0.05051926379304882,0.0,0.0
0.050914491704979865,0.0509142496070929,0.05091317651079177,0.05091287907168239,0.05091302354756058,0.050913349291057154,0.050911913561401234,0.05091225357674038,0.05091199876934593,0.050911823181165355,0.05091056673072818,0.05091035871284431,0.05091067230809144,0.050910986542283876,0.05090954978735907,0.05090989315988367,0.05089872027316918,0.05089854783083691,0.05065662063059472,0.050655951492965645,0.0,0.0
0.050914503912637424,0.05091426181716501,0.05091318873156102,0.0509128912954193,0.05091303572934049,0.05091336146959787,0.05091192575421337,0.05091226576617044,0.050912010920771744,0.05091183533433206,0.05091057889634678,0.050910370880526204,0.050910684432091007,0.050910998663177345,0.050909561922449,0.050909905291578426,0.05089945077250466,0.05089927879555323,0.05074880266222857,0.05074830772931705,0.0,0.0
0.050914523086961316,0.05091428099528144,0.0509132027808351,0.05091290534810511,0.050913054900255286,0.0509133806354152,0.05091194941014112,0.05091228941553632,0.05091203008131098,0.050911854497616274,0.05091058721161225,0.0509103791972019,0.050910703586938506,0.05091101781311762,0.050909597446861854,0.05090994080605233,0.050900044301349895,0.05089987258752118,0.05080869145398089,0.0508083115652442,0.0,0.0
0.05091454707354607,0.050914304986610454,0.050913231938825854,0.05091293451317641,0.050913078898852764,0.05091340462763146,0.05091196896282128,0.050912308962792856,0.05091205408322913,0.050911878502973046,0.0509106221092178,0.05091041410072598,0.050910727598086854,0.050911041818114566,0.05090960512793015,0.0509099484849716,0.050900552354265556,0.05090038078751456,0.05084651820365979,0.050846211161044576,0.0,0.0
0.05091457445591481,0.05091433237439498,0.05091325420517595,0.05091295678493352,0.05091310630249722,0.0509134320239894,0.05091200085874644,0.050912340849870646,0.05091208149824375,0.050911905921915176,0.050910638689055474,0.05091043068337551,0.05091075503122553,0.050911069244225275,0.05090964893752034,0.05090999228230506,0.05090135562339036,0.05090118414141128,0.05087210468034426,0.05087184542144515,0.0,0.0
0.05091474510798792,0.05091450306021985,0.050913425041245436,0.05091312766248657,0.0509132771514833,0.05091360282754876,0.050912171861829184,0.050912511805521324,0.05091225248250657,0.050912076930672755,0.05091080987453605,0.0509106018978874,0.050910926193040724,0.05091124036219254,0.050909820253614374,0.05091016355047065,0.05090246314765904,0.05090229173269084,0.05088791731112063,0.05088768581742574,0.0,0.0
0.05091478277843377,0.050914540738115965,0.050913462752305905,0.050913165382704025,0.05091331486300032,0.05091364052903901,0.05091220960735879,0.05091254954058157,0.050912290221485315,0.05091211467505775,0.05091084765792543,0.05091063968768426,0.05091096396880734,0.05091127812828214,0.05090985806342953,0.050910201349708244,0.05090332936493221,0.05090315797624914,0.05089628419103992,0.050896066572870054,0.0,0.0
0.05091482322909665,0.05091458119677889,0.05091350324658076,0.05091320588681158,0.05091335536007077,0.05091368101534223,0.050912250140953914,0.050912590062934124,0.05091233075035337,0.05091215520973164,0.05091088823448687,0.050910680271126725,0.05091100453949277,0.05091131868857462,0.050909898670682276,0.050910241945600905,0.05090393970609414,0.05090376833263245,0.05090029706355887,0.0509000856450843,0.0,0.0
0.05091498587024718,0.05091474387009445,0.05091366606307765,0.05091336874284178,0.05091351819483885,0.05091384380681755,0.05091241312257968,0.05091275299935603,0.05091249372001033,0.050912318202733516,0.05091105139591603,0.050910843460224495,0.050911167684341355,0.050911481791632004,0.05091006196257309,0.050910405191811454,0.050904440239969075,0.05090426889352581,0.05090224213646593,0.050902033343881666,0.0,0.0
0.05091512271230707,0.05091488073921946,0.05091380305268521,0.05091350576571463,0.050913655200196736,0.05091398077574675,0.050912550251514005,0.05091289009025358,0.05091263083924558,0.0509124553416125,0.050911188676521744,0.050910980764112025,0.0509113049513633,0.05091161902348858,0.05091019935332742,0.0509105425441279,0.05090475727464557,0.050904585949260325,0.050903152483290894,0.05090294477179503,0.0,0.0
0.050915165147826597,0.05091492318312722,0.05091384553392978,0.050913548257268924,0.05091369768621092,0.05091402325047079,0.05091259277582362,0.0509129326027747,0.05091267336044291,0.05091249786889784,0.05091123124772754,0.05091102334253338,0.05091134751825832,0.050911661579485054,0.050910241958565805,0.05091058513745351,0.05090493641148153,0.05090476509271259,0.050903568199537286,0.05090336092246126,0.0,0.0
0.020258001286461498,0.020257971924369997,0.02025784333344703,0.020257807299118937,0.020257835114388435,0.020257874582886887,0.020257703352978964,0.020257744513543976,0.020257719862424035,0.020257698609591885,0.02025754741593002,0.02025752226768041,0.020257565278518932,0.02025760327914898,0.020257433695617316,0.020257475182380615,0.020255321810399008,0.020255301099111698,0.020255215744890517,0.020255190708381852,0.0,0.0
0.02025800078938917,0.020257971427297326,0.02025784283598837,0.020257806801659863,0.020257834615039896,0.020257874083538786,0.0202577023124642,0.020257743473029263,0.020257719361342442,0.020257698108510032,0.020257548228418666,0.020257523080168115,0.020257564776266408,0.020257602776896894,0.020257431217482122,0.020257472704244252,0.020255321704514218,0.020255300993225936,0.020255219062453516,0.02025519402610102,0.0,0.0
0.020258000790652143,0.020257971428560305,0.020257843460729792,0.020257807426400834,0.020257834616302865,0.02025787408480177,0.020257702854498707,0.020257744015064204,0.020257719362605415,0.02025769810977301,0.02025754691570015,0.020257521767450236,0.02025756477752938,0.02025760277815987,0.020257433194210132,0.020257474680973903,0.020255321705777072,0.02025530099448879,0.020255216714948232,0.020255191678596896,0.0,0.0
0.020258000790657014,0.020257971428565176,0.020257842837256217,0.02025780680292771,0.020257834616307747,0.02025787408480665,0.020257702313732067,0.020257743474297117,0.020257719362610317,0.020257698109777903,0.020257548229686544,0.020257523081435986,0.02025756477753428,0.020257602778164775,0.02025743121875,0.020257472705512144,0.020255321705781964,0.020255300994493682,0.02025521906372128,0.02025519402736877,0.0,0.0
0.020258000790650914,0.020257971428559066,0.02025784346072856,0.02025780742639961,0.020257834616301627,0.02025787408480053,0.02025770285449747,0.02025774401506296,0.02025771936260418,0.020257698109771773,0.0202575469156989,0.020257521767448997,0.020257564777528138,0.020257602778158624,0.020257433194208897,0.020257474680972658,0.02025532170577582,0.020255300994487548,0.02025521671494699,0.020255191678595654,0.0,0.0
0.020258000790657014,0.020257971428565176,0.020257842837256217,0.02025780680292771,0.020257834616307747,0.02025787408480665,0.020257702313732067,0.020257743474297117,0.020257719362610317,0.020257698109777903,0.020257548229686544,0.020257523081435986,0.02025756477753428,0.020257602778164775,0.02025743121875,0.020257472705512144,0.020255321705781964,0.020255300994493682,0.02025521906372128,0.02025519402736877,0.0,0.0
0.020258000790652132,0.02025797142856028,0.020257843460729768,0.020257807426400813,0.02025783461630285,0.020257874084801748,0.020257702854498693,0.020257744015064187,0.020257719362605415,0.02025769810977301,0.02025754691570015,0.02025752176745024,0.020257564777529376,0.020257602778159862,0.020257433194210132,0.020257474680973903,0.020255321705777058,0.020255300994488787,0.02025521671494823,0.02025519167859689,0.0,0.0
0.020258000790657014,0.020257971428565176,0.020257842837256217,0.02025780680292771,0.020257834616307747,0.02025787408480665,0.020257702313732067,0.020257743474297117,0.020257719362610317,0.020257698109777903,0.020257548229686544,0.020257523081435986,0.02025756477753428,0.020257602778164775,0.02025743121875,0.020257472705512144,0.020255321705781964,0.020255300994493682,0.02025521906372128,0.02025519402736877,0.0,0.0
0.05091531276197747,0.05091507082646837,0.05091399844953366,0.05091370120999852,0.05091384547677719,0.05091417100174792,0.05091274069966642,0.05091308048559394,0.05091282127412838,0.05091264580376945,0.05091137933545152,0.0509111714553673,0.05091149559163993,0.05091180961493984,0.0509103901653927,0.050910733302824196,0.05090519197209369,0.05090502067418483,0.05090391665280847,0.050903709571205435,0.0,0.0
0.05091551211392614,0.0509152702178364,0.050914192874051994,0.05091389568171784,0.0509140450671383,0.05091437053905205,0.05091293600596855,0.05091327573773484,0.05091302103092778,0.05091284558917913,0.05091159018614138,0.050911382341807344,0.05091169556427726,0.050912009536359805,0.05091057397942239,0.05091091706544015,0.0509053920779336,0.05090522080797185,0.050904136441493976,0.050903929396952284,0.0,0.0
0.050915796418470764,0.050915554578594646,0.050914482625332845,0.05091418550333751,0.05091432971167959,0.05091465510793171,0.050913225371208376,0.05091356502273521,0.05091330591283216,0.05091313051188315,0.05091186454433915,0.05091165674651996,0.05091198075397925,0.050912294653023556,0.05091087576492514,0.05091121876653785,0.05090567745760674,0.05090550622749866,0.05090440271169015,0.05090419571204438,0.0,0.0
0.05091593226772697,0.05091569045471311,0.050914613480741076,0.050914316390513935,0.05091446572341765,0.05091479108351403,0.05091335704309212,0.05091369665810444,0.05091344203800061,0.050913266656548196,0.05091201168480043,0.05091180391192885,0.05091211702623885,0.05091243089038104,0.05091099582679432,0.05091133879482465,0.05090581382063896,0.05090564260957546,0.050904558675595006,0.05090435170224777,0.0,0.0
0.05091595974232341,0.0509157179347381,0.050914646124531115,0.050914349042223535,0.05091449323083439,0.05091481858362422,0.05091338903779611,0.050913728643942044,0.0509134695683321,0.05091329419081959,0.05091202839236384,0.05091182062232168,0.050912144586286644,0.05091245844337566,0.050911039744852477,0.050911382700605426,0.05090584139903329,0.05090567019181838,0.05090456684671676,0.05090435987474415,0.0,0.0
0.05091553404474072,0.05091529215298736,0.050914214828506145,0.05091391764150186,0.05091406584091701,0.05091439130730862,0.050912956798554954,0.0509132965245554,0.050913041822029756,0.050912866383258946,0.05091161100152024,0.0509114031607154,0.050911716377843544,0.05091203034459542,0.05091059481202208,0.05091093789221296,0.05090541290536432,0.05090524163831122,0.050904157293192046,0.050903950252166305,0.0,0.0,0.005439993487952502
0.05091564253534514,0.050915400665043284,0.050914328576989513,0.05091403141759878,0.05091417440915595,0.05091449984668844,0.0509130699286535,0.05091340962328292,0.05091315048080851,0.05091297505759965,0.05091170892945633,0.050911501105254546,0.050911825154024586,0.050912139092917974,0.050910720024761755,0.05091106306993182,0.05090552175401037,0.050905350502158477,0.05090424682421331,0.05090403979828368,0.0,0.0,0.005680084279534256
0.05091587544516984,0.05091563362091826,0.050914556596919056,0.050914259492879796,0.05091440754435182,0.05091473291991626,0.050913298811340116,0.05091363844250341,0.05091338381039741,0.050913208420604025,0.05091195338919173,0.0509117456064345,0.05091205873570192,0.050912372614775936,0.05091093748293954,0.05091128046729147,0.0509057554912609,0.05090558427204977,0.05090450027823786,0.05090429329504202,0.0,0.0,0.0059255782275329785
0.05091588504854012,0.05091564322618725,0.050914571350557186,0.05091427425009926,0.05091441710558833,0.05091474247861146,0.050913312843914545,0.050913652471186975,0.050913393379612426,0.050913217991189356,0.050911952114016765,0.05091174433104337,0.05091206831525668,0.0509123821918774,0.05091096340509998,0.0509113063822024,0.05090576507720445,0.05090559385933197,0.05090449043475994,0.0509042834499045,0.0,0.0,0.006172217214798667
0.05091603954754636,0.050915797755738776,0.05091472087616256,0.05091442381199951,0.05091457173361569,0.05091489706554071,0.050913463149236476,0.05091380273483379,0.05091354813656187,0.05091337277030043,0.05091211790720816,0.05091191015234082,0.05091222323939428,0.050912537076341954,0.05091110213704628,0.05091144507535077,0.050905920104516514,0.050905748908291804,0.05090466508327113,0.05090445812786062,0.0,0.0,0.006429269401493337
0.050916256640422146,0.050916014891532566,0.05091493820300464,0.05091464119159135,0.05091478903089983,0.05091511430507332,0.0509136806432182,0.05091402016851424,0.0509137656150182,0.05091359027989867,0.0509123356395583,0.05091212792160002,0.05091244095278817,0.05091275473398656,0.050911320049495876,0.05091166292686208,0.05090613796290352,0.050905966797098676,0.05090488319545368,0.050904676276813755,0.0,0.0,0.006684202727039507
0.0509158398461969,0.05091559801490701,0.05091452095957671,0.05091422384688678,0.050914370543737646,0.050914695929136694,0.05091326177723004,0.05091360141866214,0.050913346778931126,0.05091317138383452,0.05091191631448944,0.050911708525446873,0.05091202166422789,0.050912335552795486,0.05091090037756794,0.05091124337229716,0.050905718395095376,0.050905547170703995,0.05090446313885311,0.050904256149395526,0.0,0.0,0.006940088962980116,0.005235132596111411
0.05091598843598299,0.050915746634070495,0.05091466970951275,0.050914372632930006,0.0509145191122134,0.050914844458124345,0.050913410480199366,0.05091375008039998,0.0509134954712847,0.05091332009748157,0.05091206518044483,0.05091185741663912,0.050912170517221675,0.05091248436767027,0.05091104936666772,0.05091139231972985,0.0509058673472304,0.05090569614363884,0.05090461226452284,0.05090440530020746,0.0,0.0,0.007359024976600923,0.0057328679317561635
0.050916042076604585,0.05091580028530036,0.05091472340796806,0.05091442634442378,0.05091457261484414,0.05091489794653042,0.05091346403128134,0.05091380361662925,0.05091354901855215,0.05091337365241953,0.05091211879025152,0.05091191103553683,0.05091222412236466,0.050912537959081745,0.05091110302084284,0.05091144595889537,0.05090592098809269,0.050905749791993825,0.05090466596790006,0.05090445901264162,0.0,0.0,0.007788497848238324,0.006233818710840858
0.05091609644235152,0.050915854661791986,0.05091477783228614,0.05091448078194791,0.05091462684074036,0.050914952158019125,0.05091351830624542,0.05091385787654976,0.05091360328963345,0.0509134279312699,0.05091217312466951,0.05091196537916261,0.050912278452048154,0.05091259227485731,0.050911157400182414,0.050911500323032446,0.050905975353942104,0.05090580416543216,0.050904720397061655,0.05090451345097647,0.0,0.0,0.00822734613503317,0.0067376750045163945
0.050916147318199004,0.050915905547697385,0.05091482876296429,0.0509145317249881,0.050914677570215346,0.050915002874011454,0.050913569081641165,0.05091390863786764,0.05091365406140496,0.0509134787103117,0.05091222395571479,0.05091201621882466,0.05091232927866804,0.050912643088462044,0.050911208273273716,0.050911551181897136,0.05090602621441213,0.05090585503300394,0.05090477131678245,0.0509045643792817,0.0,0.0,0.008674548644336864,0.0072441890670538215
0.02025804050450085,0.020258011142386616,0.02025788255136079,0.020257846517004807,0.02025787413197467,0.0202579136005035,0.0202577418296885,0.020257782990284783,0.020257758879907366,0.020257737627058833,0.020257587747259644,0.020257562598990003,0.020257604295873803,0.020257642296533106,0.020257470737401168,0.02025751222419477,0.020255361220468084,0.020255340509164093,0.020255258578838364,0.020255233542466815,0.0,0.0,0.003630732231705794,0.0030830104359713777
0.020258040836827498,0.02025801147471307,0.020257882883686372,0.020257846849330154,0.020257874463931208,0.0202579139324603,0.020257742161644155,0.02025778332224068,0.020257759211862996,0.020257737959014328,0.02025758807921411,0.0202575629309443,0.02025760462782833,0.020257642628487883,0.020257471069354802,0.020257512556148684,0.02025536155238689,0.020255340841082766,0.02025525891075712,0.020255233874385405,0.0,0.0,0.003636458047987896,0.003089647750324635
0.02025804083857437,0.02025801147645995,0.020257882885433228,0.020257846851077017,0.020257874465678075,0.020257913934207165,0.020257742163391004,0.02025778332398755,0.020257759213609863,0.020257737960761198,0.02025758808096097,0.020257562932691167,0.02025760462957519,0.020257642630234746,0.02025747107110166,0.020257512557895534,0.020255361554133575,0.020255340842829445,0.020255258912503814,0.0202552338761321,0.0,0.0,0.0036364580483014735,0.00308964775059106
0.020258040838571956,0.020258011476457526,0.02025788288543083,0.020257846851074603,0.02025787446567565,0.02025791393420474,0.02025774216338858,0.020257783323985118,0.02025775921360744,0.02025773796075877,0.02025758808095854,0.02025756293268874,0.02025760462957276,0.020257642630232327,0.02025747107109922,0.020257512557893105,0.02025536155413114,0.020255340842827017,0.020255258912501378,0.020255233876129663,0.0,0.0,0.0036364580483010398,0.0030896477505906903
0.020258040838571956,0.020258011476457526,0.02025788288543083,0.020257846851074603,0.02025787446567565,0.02025791393420474,0.02025774216338858,0.020257783323985118,0.02025775921360744,0.02025773796075877,0.02025758808095854,0.02025756293268874,0.02025760462957276,0.020257642630232327,0.02025747107109922,0.020257512557893105,0.02025536155413114,0.020255340842827017,0.020255258912501378,0.020255233876129663,0.0,0.0,0.0036364580483010398,0.0030896477505906903
0.020258040838571956,0.020258011476457526,0.02025788288543083,0.020257846851074603,0.02025787446567565,0.02025791393420474,0.02025774216338858,0.020257783323985118,0.02025775921360744,0.02025773796075877,0.02025758808095854,0.02025756293268874,0.02025760462957276,0.020257642630232327,0.02025747107109922,0.020257512557893105,0.02025536155413114,0.020255340842827017,0.020255258912501378,0.020255233876129663,0.0,0.0,0.0036364580483010398,0.0030896477505906903
0.020258040838571956,0.020258011476457526,0.02025788288543083,0.020257846851074603,0.02025787446567565,0.02025791393420474,0.02025774216338858,0.020257783323985118,0.02025775921360744,0.02025773796075877,0.02025758808095854,0.02025756293268874,0.02025760462957276,0.020257642630232327,0.02025747107109922,0.020257512557893105,0.02025536155413114,0.020255340842827017,0.020255258912501378,0.020255233876129663,0.0,0.0,0.0036364580483010398,0.0030896477505906903
0.020258040838571956,0.020258011476457526,0.02025788288543083,0.020257846851074603,0.02025787446567565,0.02025791393420474,0.02025774216338858,0.020257783323985118,0.02025775921360744,0.02025773796075877,0.02025758808095854,0.02025756293268874,0.02025760462957276,0.020257642630232327,0.02025747107109922,0.020257512557893105,0.02025536155413114,0.020255340842827017,0.020255258912501378,0.020255233876129663,0.0,0.0,0.0036364580483010398,0.0030896477505906903
0.050916235734543715,0.050915993981524695,0.05091491727461756,0.050914620258128804,0.05091476587819928,0.05091509115852131,0.050913657469579,0.05091399700129502,0.05091374244304134,0.05091356710460623,0.05091231244055328,0.05091210471866548,0.05091241775580672,0.05091273154294052,0.05091129683132484,0.05091163971517888,0.050906114750491345,0.05090594358144787,0.05090485995602399,0.050904653033469305,0.0,0.0,0.00913956970896815,0.007765269439970535
0.05091571472152595,0.05091547286549691,0.0509143957000413,0.050914098556945044,0.05091424404141302,0.05091456946043656,0.05091313516038319,0.05091347483692425,0.050913220171123576,0.05091304475789538,0.050911789558858514,0.05091158174832659,0.05091189491963382,0.05091220884066001,0.050910773517078636,0.05091111654728766,0.05090559156608124,0.05090542032397865,0.05090433616207281,0.05090412915120643,0.0,0.0,0.009574194749425526,0.008246390117979507,0.005888274952449788
0.05091574502700821,0.05091550317697112,0.050914426038188486,0.0509141289024568,0.050914274172844144,0.05091459958385861,0.050913169782296215,0.05091350944923699,0.05091325032768605,0.05091307491877663,0.050911808893800516,0.05091160108654658,0.05091192510877915,0.05091223902207392,0.050910820069584785,0.050911163086774076,0.05090562177534326,0.05090545053745931,0.05090434696366887,0.05090413995462368,0.0,0.0,0.010035246585564367,0.008752769595964565,0.006092750651185445
0.05091568092285406,0.05091543906014229,0.050914367005714244,0.05091406985565227,0.050914209770619154,0.050914535198752116,0.050913100858563105,0.050913440544615794,0.05091318587175259,0.050913010453612226,0.05091175521943957,0.05091154740308579,0.05091186058320495,0.05091217451302476,0.05091073914925155,0.050911082189072705,0.05090555720678143,0.05090538595988054,0.0509043017627406,0.05090409474607419,0.0,0.0,0.010521841470878928,0.009283218900851714,0.006297675173145461
0.050915616935994154,0.05091537506063073,0.05091429780910869,0.05091400064224888,0.0509141454837675,0.0509144709289887,0.0509130409771835,0.05091338067984098,0.050913121531299954,0.050912946103944985,0.050911679945889195,0.05091147211677347,0.050911796173237794,0.050912110119553294,0.05091069101786023,0.05091103407114313,0.05090549275391962,0.05090532149801778,0.050904217789873724,0.05090401075904855,0.0,0.0,0.01101477261727408,0.009816736153128792,0.006502307723083141
0.05091555021067152,0.05091530832211467,0.050914236153187395,0.05091393897135988,0.050914078453231,0.05091440391627003,0.05091296942228782,0.050913309144787595,0.05091305444486126,0.050912879007898225,0.05091162363909082,0.05091141580042859,0.05091172901431363,0.05091204297782915,0.05091060746004766,0.05091095053670094,0.0509054255502517,0.0509052542849646,0.050904169952812946,0.05090396291392172,0.0,0.0,0.011513545866555027,0.010353159714684776,0.006706888700870888
0.05091556607020422,0.05091532418478325,0.050914246888490444,0.0509139497092691,0.050914094104818765,0.050914419563697286,0.05091298955190607,0.05091332926882387,0.05091307010950685,0.05091289467478735,0.050911628463598105,0.0509114206257539,0.050911744695885795,0.05091205865538507,0.050910639494120925,0.05091098256181459,0.05090544124227809,0.05090526997918246,0.05090416621739634,0.05090395917787527,0.0,0.0,0.012017812221875562,0.010892434364256439,0.0069116690694123835
0.050915498592769816,0.050915256694006504,0.05091418447986277,0.050913887285490816,0.050914026317697605,0.050914351794595344,0.050912917239552664,0.050913256976523054,0.05091300226585184,0.050912826821415666,0.05091157139915425,0.05091136355163492,0.05091167677892611,0.05091199075581984,0.050910555176892684,0.050910898268169406,0.050905373280069145,0.05090520200748206,0.05090411762172672,0.05090391057401169,0.0,0.0,0.012527221760401218,0.0114344742832833,0.007116494543013002
0.05091499711433301,0.05091475511640389,0.05091367731928558,0.05091338000178278,0.05091352400692146,0.05091384961735498,0.05091241893990399,0.050912758815066954,0.05091249953616926,0.0509123240197256,0.050911057218918886,0.05091084928421474,0.050911173506013416,0.05091148761181286,0.050910067789492086,0.050910411017100456,0.0509048696718923,0.050904698328967185,0.050903593971919514,0.050903386835900934,0.0,0.0,0.013041438358883444,0.011979180158975625,0.007321208108911598,0.005366905110358675
0.050914881076852825,0.05091463905597915,0.05091356630086531,0.050913268956410886,0.05091340759763044,0.05091373323900852,0.05091229795928159,0.050912637867993896,0.0509123830298097,0.05091220749667953,0.05091095144000993,0.050910743487371346,0.05091105687377706,0.05091137100944809,0.050909934704823516,0.05091027796965646,0.05090475296195916,0.050904581602734436,0.050903496580795335,0.05090328942835521,0.0,0.0,0.013561387033119491,0.01252772156920274,0.007676117826668261,0.005797596897857085
0.05091476313076712,0.05091452108656357,0.05091344308345596,0.05091314570907808,0.050913289276442446,0.05091361494928415,0.050912183997723966,0.050912523938050104,0.050912264609910975,0.05091208905981448,0.05091082201621178,0.0509106140416221,0.05091093832587524,0.050911252491918975,0.05090983239738449,0.050910175690843454,0.05090463433506122,0.050904462959263444,0.05090335835709573,0.050903151181340825,0.0,0.0,0.014084292548183245,0.013077348762989232,0.008037454294440093,0.006228531524692963
0.05091473313491689,0.0509144910847808,0.05091341820002579,0.05091312081960572,0.050913259006826424,0.050913584687716236,0.0509121492339006,0.05091248918386901,0.05091223431504137,0.05091205876060501,0.05091080255153321,0.050910594573642665,0.050910907998264025,0.05091122217207685,0.050909785693120206,0.05091012899964512,0.05090460398723437,0.050904432607197424,0.05090334743242941,0.05090314025483201,0.0,0.0,0.014617692734808927,0.013636207242192645,0.00840783476469358,0.006663592617412909
0.050914693032730114,0.050914450974662726,0.05091337290984132,0.050913075518423806,0.05091321861679791,0.05091354430842678,0.050912113274349594,0.05091245323429222,0.05091219389132966,0.050912018331102364,0.05091075121440908,0.05091054322781243,0.05091086753086661,0.05091118171504616,0.050909761538565364,0.05091010485184778,0.05090456349288201,0.050904392107188355,0.05090328743123046,0.050903080243513484,0.0,0.0,0.015156256702095845,0.014198772395342054,0.008784538990438719,0.007100157523343948
0.050914570922697716,0.05091432884047909,0.05091325581359198,0.05091295839374016,0.050913096116059264,0.050913421840259966,0.05091198619562,0.05091232619081151,0.050912071288404796,0.05091189571061356,0.05091063933448887,0.05091043132891834,0.05091074479543627,0.05091105901105836,0.050909622341010624,0.050909965693236296,0.05090444067566164,0.05090426927281128,0.050903183930523004,0.050902976725349436,0.0,0.0,0.01570521626005498,0.014770668945956874,0.009167361667489491,0.007538571587773197
0.05091453425405501,0.050914292164583826,0.05091321395996952,0.05091291652995418,0.05091305916152917,0.05091338489555601,0.05091195367525862,0.050912293679470734,0.050912034303047075,0.05091185871995722,0.05091059143831678,0.05091038342462329,0.050910707770098304,0.05091102199520578,0.0509096016337924,0.05090994499181151,0.05090440362565232,0.0509042322176262,0.050903146837331985,0.05090293962590213,0.0,0.0,0.016250013230200398,0.015336708104956883,0.009549311565669013,0.007971292793133392
0.050914412390279176,0.050914170276704286,0.05091309711090279,0.05091279965251188,0.05091293690934043,0.05091326267587455,0.05091182684471721,0.05091216688411101,0.05091191194889153,0.05091173634827256,0.05091047980886539,0.05091027177623957,0.050910585283717155,0.05091089954020471,0.050909462683378814,0.05090980608027378,0.05090428105765967,0.0509041096325108,0.05090300466234853,0.05090279742693816,0.0,0.0,0.016795715511511197,0.015902365815802108,0.009932558400756306,0.008401427123311673
0.020257937680671384,0.0202579083186161,0.02025777972746729,0.020257743693183658,0.020257771105295558,0.020257810573744987,0.020257638802885673,0.02025767996339915,0.020257655851742554,0.02025763459893678,0.02025748471903327,0.020257459570814224,0.02025750126686026,0.020257539267443125,0.020257367708243372,0.02025740919495352,0.020255258201930425,0.020255237490668113,0.02025515321110619,0.020255128174786294,0.0,0.0,0.0068967270800528386,0.006548570026683673,0.004109634136432312,0.0035183092758744425
0.02025793779158867,0.020257908429533338,0.020257779838384248,0.020257743804100524,0.020257771215796166,0.020257810684245692,0.020257638913386018,0.020257680073899574,0.020257655962242938,0.02025763470943711,0.020257484829533285,0.020257459681314174,0.0202575013773603,0.020257539377943244,0.02025736781874314,0.020257409305453365,0.020255258312418596,0.020255237601156235,0.020255153321594364,0.020255128285274412,0.0,0.0,0.006903519250166359,0.006555728459706759,0.004115259606238938,0.0035248550399005377
0.02025793779397722,0.02025790843192189,0.02025777984077279,0.020257743806489075,0.02025777121818471,0.020257810686634237,0.020257638915774555,0.02025768007628811,0.020257655964631464,0.02025763471182565,0.020257484831921815,0.020257459683702704,0.02025750137974883,0.02025753938033177,0.02025736782113165,0.020257409307841895,0.020255258314806873,0.020255237603544515,0.020255153323982623,0.020255128287662665,0.0,0.0,0.006903519354939712,0.006555728559201713,0.004115259004785211,0.0035248545247355727
0.02025793779397361,0.020257908431918256,0.020257779840769166,0.020257743806485453,0.020257771218181075,0.020257810686630594,0.020257638915770915,0.020257680076284472,0.02025765596462782,0.020257634711821997,0.02025748483191817,0.02025745968369906,0.020257501379745173,0.02025753938032812,0.020257367821127994,0.02025740930783822,0.020255258314803216,0.020255237603540862,0.020255153323978967,0.020255128287659012,0.0,0.0,0.006903519250979094,0.0065557284604785444,0.0041152596067234185,0.003524855040315512
0.02025793779398201,0.02025790843192667,0.020257779840777573,0.02025774380649386,0.0202577712181895,0.020257810686639018,0.020257638915779332,0.020257680076292896,0.02025765596463625,0.020257634711830428,0.020257484831926593,0.020257459683707485,0.02025750137975361,0.02025753938033656,0.02025736782113644,0.020257409307846665,0.020255258314811647,0.020255237603549286,0.020255153323987415,0.02025512828766746,0.0,0.0,0.006903519354941346,0.006555728559203262,0.004115259004786182,0.0035248545247364067
0.020257937793991425,0.02025790843193608,0.020257779840786985,0.020257743806503272,0.020257771218198915,0.02025781068664843,0.020257638915788745,0.020257680076302315,0.02025765596464567,0.02025763471183986,0.020257484831936016,0.020257459683716915,0.02025750137976304,0.02025753938034598,0.020257367821145865,0.020257409307856095,0.020255258314821077,0.020255237603558716,0.020255153323996834,0.020255128287676883,0.0,0.0,0.006903519250985175,0.006555728460484319,0.004115259606727043,0.003524855040318617
0.02025793779398327,0.020257908431927932,0.02025777984077884,0.02025774380649512,0.020257771218190758,0.020257810686640284,0.020257638915780606,0.020257680076294166,0.020257655964637508,0.020257634711831687,0.020257484831927852,0.020257459683708755,0.020257501379754884,0.020257539380337825,0.0202573678211377,0.02025740930784793,0.020255258314812914,0.02025523760355056,0.020255153323988678,0.020255128287668723,0.0,0.0,0.006903519354941777,0.006555728559203671,0.004115259004786438,0.0035248545247366253
0.020257937793991425,0.02025790843193608,0.020257779840786985,0.020257743806503272,0.020257771218198915,0.02025781068664843,0.020257638915788745,0.020257680076302315,0.02025765596464567,0.02025763471183986,0.020257484831936016,0.020257459683716915,0.02025750137976304,0.02025753938034598,0.020257367821145865,0.020257409307856095,0.020255258314821077,0.020255237603558716,0.020255153323996834,0.020255128287676883,0.0,0.0,0.006903519250985175,0.006555728460484319,0.004115259606727043,0.003524855040318617
0.050914289875818926,0.050914047738010816,0.050912969318226975,0.05091267182880178,0.050912814001961806,0.05091313980117858,0.05091170382602413,0.05091204389954345,0.05091178893898514,0.05091161332074245,0.0509103566552764,0.05091014860176313,0.05091046214085615,0.05091077642889315,0.05090933942786901,0.050909682859249954,0.0509041578327381,0.050903986390374086,0.05090288129184477,0.050902674035624845,0.0,0.0,0.017350143465618112,0.016476094582469066,0.010342792493803111,0.008858935621147928
0.05091424983408808,0.050914007688359575,0.050912929233318395,0.05091263173415836,0.05091277367874748,0.050913099488687004,0.05091166346628892,0.05091200355100439,0.050911748582132835,0.05091157295810803,0.05091031625128371,0.05091010819091761,0.05091042174038321,0.05091073603877119,0.05090929899043756,0.050909642433132965,0.050904117405342106,0.050903945957330034,0.05090284081668515,0.050902633553637874,0.0,0.0,0.017877545837022734,0.01702032118296989,0.01072565259865957,0.009281536434400366
0.05091412181960714,0.05091387964855629,0.05091280108079377,0.05091250355051058,0.05091264526712147,0.050912971111208925,0.050911534938357914,0.050911875058728975,0.05091162006338239,0.05091144442094379,0.0509101875824088,0.050909979500218736,0.05091029308271721,0.05091060741406908,0.05090917021507203,0.05090951369379957,0.050903988661935684,0.050903817195936674,0.050902711921169484,0.05090250463637965,0.0,0.0,0.01842753416174521,0.01758711715744012,0.011128999021006841,0.0097242702313003
0.050913757052648716,0.050913514809438676,0.05091243592046276,0.05091213830149015,0.05091227850083054,0.05091260444245765,0.050911167839855144,0.050911508062072064,0.0509112516735987,0.050911075978374215,0.050909818762272685,0.05090961061752132,0.05090992297577722,0.05091023740196265,0.05090879976952391,0.05090914335191207,0.05090361698850715,0.050903445470577374,0.05090233980857991,0.0509021324610163,0.0,0.0,0.018980004276383498,0.018155551043105837,0.011535600166927406,0.010167852997703744,0.006043277287673501
0.050913688290097354,0.05091344603328371,0.05091236708375172,0.050912069448059157,0.050912209338429694,0.05091253529845133,0.05091109861480387,0.05091143885622746,0.05091118238185015,0.050911006676696395,0.05090974938957255,0.05090954123305312,0.050909853537400546,0.05091016798137955,0.05090873026761462,0.050909073869452544,0.050903547432078984,0.05090337590442999,0.05090227016996033,0.05090206281064819,0.0,0.0,0.01953596639379995,0.018726717272820395,0.011945775514574737,0.010612849644973698,0.0063715346832005386
0.05091352807027697,0.05091328578176508,0.05091220669113002,0.05091190901647789,0.050912048607958546,0.0509123746107298,0.050910937738731184,0.050911278024791735,0.05091102144585635,0.05091084571764007,0.05090958826555522,0.05090938008170235,0.05090969235592972,0.05091000684121272,0.05090856893866588,0.050908912585652305,0.050903386071631654,0.05090321452143489,0.05090210861883456,0.050901901232266816,0.0,0.0,0.02009440697325074,0.01929963281675611,0.01235896573827042,0.011058862050303412,0.006698210630542728
0.050913365851046416,0.05091312353043925,0.050912044296933606,0.050911746582833824,0.0509118858752007,0.050912211921256126,0.05091077485855109,0.05091111518980671,0.05091085850639838,0.050910682754831495,0.050909425135724454,0.05090921692419666,0.05090952916932081,0.050909843696423575,0.05090840560273728,0.050908749295436116,0.05090322270520414,0.05090305113217828,0.0509019450593494,0.050901737645185935,0.0,0.0,0.020655243264060354,0.019874261836988708,0.012774939143141477,0.01150582105452158,0.007022498382063834
0.050913202699839816,0.050912960346951405,0.0509118809697473,0.05091158321597133,0.05091172220895305,0.050912048298543136,0.050910611044028276,0.05091095142074055,0.05091069463324365,0.05091051885819119,0.050909261071096425,0.050909052831733734,0.05090936504857608,0.05090967961774015,0.050908241331810926,0.050908585070485984,0.050903058404591695,0.050902886808604976,0.0509017805645658,0.050901573122647426,0.0,0.0,0.021218449466187568,0.0204506259615288,0.013193665783165394,0.011953853423351722,0.0073440400208229575
0.05091258996395908,0.05091234748982064,0.05091126757287792,0.05091096967007598,0.05091110719039078,0.05091143344359187,0.05090999546822094,0.050910336015767436,0.05091007780454993,0.05090990194108636,0.05090864352160498,0.05090843517745828,0.050908746254615465,0.050909060982383306,0.05090762197154802,0.05090796588358957,0.05090243789891053,0.05090226621619924,0.05090115932548643,0.05090095177873572,0.0,0.0,0.021783212297992672,0.02102794292561892,0.013614910078784993,0.012402874368152975,0.007662656467248146,0.0056206604028645165
0.05091235456679917,0.05091211204607383,0.05091103192175208,0.050910733961691206,0.050910871000919886,0.05091119731696138,0.050909759064721345,0.050910099677882514,0.050909841158600956,0.05090966526121426,0.050908406599088234,0.05090819821473625,0.050908509093120766,0.050908823881683316,0.05090738459298336,0.05090772857147826,0.05090220031947107,0.050902028603550524,0.05090092146520873,0.05090071387831481,0.0,0.0,0.022349557265036367,0.021606258259282904,0.01403965184421218,0.012854028074343701,0.008198177728902184,0.006270805340635333
0.05091211528967988,0.05091187272159652,0.05091079238646283,0.05091049436819518,0.050910630925558704,0.05091095730547884,0.0509095187717951,0.05090985945165508,0.05090960062218233,0.05090942469031247,0.050908165781535564,0.05090795735631445,0.05090826803560754,0.050908582885967765,0.05090714331481891,0.05090748736086352,0.050901958840077546,0.05090178709040024,0.05090067970034709,0.05090047207264822,0.0,0.0,0.022915778777809676,0.022183866921264266,0.014466963626427227,0.013306446262771322,0.008743217976138551,0.0069169824137166
0.05091187436370929,0.05091163174793814,0.050910551200525254,0.05091025312364563,0.05091038920124783,0.050910715645489955,0.05090927682840954,0.050909617575431186,0.050909358437217965,0.05090918247062611,0.050907923313490595,0.0509077148471174,0.05090802532954338,0.05090834024212823,0.050906900386578885,0.050907244500639916,0.05090171571281778,0.050901543929151,0.05090043628565119,0.050900228616865946,0.0,0.0,0.02348178222444356,0.022760712148758362,0.014896750309604623,0.01376012664246907,0.009290022102879223,0.007552689040642437
0.05091163159672968,0.05091138893290305,0.05091030817157342,0.050910010035629796,0.05091014563562732,0.05091047214468588,0.05090903304202982,0.050909373856729466,0.05090911441123022,0.05090893840965007,0.05090767900225027,0.05090747049440921,0.050907780782285666,0.05090809575757163,0.050906655615444225,0.050906999798042515,0.05090147074496377,0.05090129892704776,0.050900210536914875,0.0509000028300226,0.0,0.0,0.02404757999991842,0.023336843202574432,0.015328921470197914,0.014215070857829679,0.009837416478833128,0.008178855507528402
0.05091138465510631,0.05091114194239432,0.05091006612230264,0.0509097679275289,0.05090989787892885,0.050910224453923944,0.05090878953993219,0.05090913042223568,0.05090886617921775,0.0509086901420436,0.05090741958431577,0.050907211032439524,0.05090753201298352,0.050907847052057684,0.050906423012745464,0.05090676726047833,0.05090122154078403,0.050901049688024065,0.050899941529322826,0.05089973377701804,0.0,0.0,0.024613280486624808,0.023912405051866214,0.015763572652415986,0.014671461635983568,0.010413111792012502,0.008828602820700266
0.050911225590994376,0.0509109828467917,0.050909901727672575,0.05090960349294038,0.050909738105489065,0.05091006472300785,0.0509086251424866,0.05090896607043467,0.050908706003279465,0.050908529943136466,0.05090727011684895,0.05090706153959975,0.05090737139437664,0.05090768647463824,0.05090624585271553,0.050906590150060355,0.05090106054545362,0.05090088867018176,0.05089979985888396,0.05089959208266167,0.0,0.0,0.02517808574235616,0.024486607438613684,0.016200098777225464,0.015128732342119457,0.010994255571593772,0.009476707026693402
0.05091097719545127,0.0509107344020695,0.05090965822459644,0.050909359930673796,0.05090948889214525,0.05090981557599598,0.05090838018388972,0.05090872117985411,0.05090845631162129,0.05090828021567072,0.05090700923388841,0.050906800612350075,0.05090712116205604,0.05090743630648847,0.05090601179111634,0.0509063561540121,0.0509008098754931,0.05090063796516819,0.05089952937722767,0.0508993215553387,0.0,0.0,0.02574193351928622,0.025059421043717972,0.01663785423649743,0.015586274952800305,0.011580100392115416,0.010123426853590448
0.020257754585043204,0.020257725223094016,0.020257596632409846,0.020257560598256417,0.02025758752236554,0.020257626990671976,0.02025745576120391,0.020257496921568696,0.020257471996813492,0.02025745074408483,0.020257299550750032,0.0202572744026229,0.020257317140076312,0.020257355140521086,0.020257185557400106,0.02025722704396113,0.020255073822539348,0.020255053111352415,0.020254968831728403,0.02025494379549985,0.0,0.0,0.010466946961411112,0.010199121500119153,0.006795059081036647,0.006384152575387604,0.004842988457778079,0.004285456647214395
0.020257754330394825,0.020257724968445794,0.020257596377762255,0.020257560343609007,0.020257587266802265,0.020257626735108506,0.020257455505641286,0.020257496666005886,0.020257471740759495,0.020257450488030942,0.02025729929469691,0.020257274146569894,0.02025731688353178,0.020257354883976363,0.020257185300856243,0.02025722678741706,0.0202550735655311,0.020255052854344282,0.02025496857472018,0.02025494353849175,0.0,0.0,0.010473947869358851,0.010206342445936217,0.006800857256617293,0.006390371258459583,0.004850735025926746,0.004294173964010425
0.02025775433200313,0.020257724970054083,0.020257596379370562,0.020257560345217304,0.020257587268410558,0.020257626736716793,0.020257455507249573,0.020257496667614158,0.020257471742367767,0.02025745048963922,0.02025729929630518,0.020257274148178173,0.02025731688514004,0.020257354885584628,0.02025718530246451,0.020257226789025324,0.020255073567139195,0.02025505285595238,0.020254968576328258,0.020254943540099844,0.0,0.0,0.010473947870190401,0.010206342446746515,0.006800857257157228,0.006390371258966929,0.004850735026311857,0.004294173964351351
0.020257754331998425,0.020257724970049393,0.02025759637936586,0.020257560345212606,0.020257587268405843,0.020257626736712088,0.020257455507244865,0.020257496667609447,0.020257471742363045,0.020257450489634492,0.020257299296300452,0.020257274148173438,0.02025731688513531,0.020257354885579896,0.020257185302459776,0.020257226789020585,0.020255073567134456,0.020255052855947635,0.02025496857632353,0.02025494354009511,0.0,0.0,0.010473947870187964,0.01020634244674414,0.00680085725715565,0.006390371258965446,0.004850735026310719,0.004294173964350344
0.020257754331998425,0.020257724970049393,0.02025759637936586,0.020257560345212606,0.020257587268405843,0.020257626736712088,0.020257455507244865,0.020257496667609447,0.020257471742363045,0.020257450489634492,0.020257299296300452,0.020257274148173438,0.02025731688513531,0.020257354885579896,0.020257185302459776,0.020257226789020585,0.020255073567134456,0.020255052855947635,0.02025496857632353,0.02025494354009511,0.0,0.0,0.010473947870187964,0.01020634244674414,0.00680085725715565,0.006390371258965446,0.004850735026310719,0.004294173964350344
0.020257754331998425,0.020257724970049393,0.02025759637936586,0.020257560345212606,0.020257587268405843,0.020257626736712088,0.020257455507244865,0.020257496667609447,0.020257471742363045,0.020257450489634492,0.020257299296300452,0.020257274148173438,0.02025731688513531,0.020257354885579896,0.020257185302459776,0.020257226789020585,0.020255073567134456,0.020255052855947635,0.02025496857632353,0.02025494354009511,0.0,0.0,0.010473947870187964,0.01020634244674414,0.00680085725715565,0.006390371258965446,0.004850735026310719,0.004294173964350344
0.020257754331998425,0.020257724970049393,0.02025759637936586,0.020257560345212606,0.020257587268405843,0.020257626736712088,0.020257455507244865,0.020257496667609447,0.020257471742363045,0.020257450489634492,0.020257299296300452,0.020257274148173438,0.02025731688513531,0.020257354885579896,0.020257185302459776,0.020257226789020585,0.020255073567134456,0.020255052855947635,0.02025496857632353,0.02025494354009511,0.0,0.0,0.010473947870187964,0.01020634244674414,0.00680085725715565,0.006390371258965446,0.004850735026310719,0.004294173964350344
0.020257754331998425,0.020257724970049393,0.02025759637936586,0.020257560345212606,0.020257587268405843,0.020257626736712088,0.020257455507244865,0.020257496667609447,0.020257471742363045,0.020257450489634492,0.020257299296300452,0.020257274148173438,0.02025731688513531,0.020257354885579896,0.020257185302459776,0.020257226789020585,0.020255073567134456,0.020255052855947635,0.02025496857632353,0.02025494354009511,0.0,0.0,0.010473947870187964,0.01020634244674414,0.00680085725715565,0.006390371258965446,0.004850735026310719,0.004294173964350344
0.05091072368313884,0.0509104808395614,0.05090939927808127,0.05090910092120969,0.05090923453859433,0.05090956129015019,0.05090812560067058,0.05090846666732875,0.050908201465548135,0.050908025333048244,0.05090675408757352,0.050906545422716776,0.050906865759817344,0.05090718096975132,0.050905756158412,0.05090610059290473,0.050900554022230524,0.050900382076125135,0.050899273221383594,0.05089906535624329,0.0,0.0,0.026321830419125215,0.025649389554434472,0.017091403920188854,0.016059781531286208,0.01218969771162645,0.010791071756014427
0.05091047474637978,0.050910231853508923,0.05090915007260233,0.050908851655145394,0.0509089847820829,0.05090931160012505,0.05090787561862546,0.05090821675470479,0.05090795123830268,0.05090777506991321,0.050906503565506356,0.050906294858113266,0.05090661499936778,0.05090693027361749,0.05090550517166885,0.05090584967646244,0.050900302831835685,0.05090013085059929,0.05089902173390009,0.050898813826293646,0.0,0.0,0.02690547092594864,0.026244123044802097,0.017514970327290103,0.016500437898248333,0.012762621859134569,0.011412769790989418
0.05091021749248598,0.050909974548671126,0.05090889770475249,0.05090859922593674,0.05090872667704145,0.05090905356379738,0.050907612797042534,0.0509079540061141,0.050907692644546344,0.05090751643906465,0.050906255573202,0.050906046823699,0.05090635585233361,0.05090667119305496,0.050905229380690815,0.05090557396273872,0.050900043238230434,0.05089987122068519,0.05089878136467179,0.050898573416473754,0.0,0.0,0.027512430690006886,0.02686243536623944,0.017958028417930066,0.016960890639491716,0.01336118253007209,0.01205842223699214
0.05090995812740242,0.05090971513222156,0.050908632895888276,0.05090833435268424,0.050908466456351116,0.05090879341238925,0.05090735682478617,0.05090769810495303,0.05090743193244524,0.050907255689564654,0.05090598364772689,0.050905774852046566,0.050906094583717656,0.05090640999145986,0.050904984286328475,0.05090532893703715,0.0508997815207024,0.05089960946654841,0.05089849980613199,0.050898291810383155,0.0,0.0,0.028121518412009917,0.027482545819325646,0.018410773446693743,0.017430744819814444,0.013963337587713353,0.012704143056492428
0.050909793646369036,0.05090955061861147,0.05090847340281211,0.050908174820824874,0.050908301232980346,0.05090862823301094,0.050907186967178955,0.05090752829452602,0.05090726629653255,0.050907090029890176,0.05090582872655887,0.050905619904568836,0.05090592849371227,0.05090624394406266,0.05090480163063522,0.050905146332516193,0.0508996150448226,0.05089944296738071,0.05089835267154671,0.050898144650947594,0.0,0.0,0.028732490668085295,0.0281042308887887,0.018866089252108774,0.017902529098639902,0.014568905716804161,0.013350152094669202
0.050909533057607356,0.05090928997823959,0.05090820736715726,0.0509079087204809,0.050908039783694806,0.05090836685333732,0.05090692976676667,0.050907271165552714,0.05090700435298969,0.050906828048770315,0.05090555556439598,0.05090534669601673,0.05090566599049152,0.05090598150818199,0.050904555306255525,0.05090490007714413,0.05089935209003177,0.05089917997580672,0.050898069867468865,0.050897861799106464,0.0,0.0,0.02934511484950942,0.02872728549102241,0.019323838722883534,0.01837614700271611,0.015177693706937905,0.013996607410885592
0.05090927165666355,0.05090902852551182,0.05090795085165875,0.05090765214259276,0.05090777751963621,0.05090810465912481,0.05090666277885467,0.050907004251816476,0.05090674159317277,0.05090656525125007,0.050905303409455725,0.050905094498244235,0.05090540266929526,0.05090571825455227,0.0509042753245294,0.05090462017387391,0.05089908831591666,0.05089891616478472,0.050897825327845356,0.050897617218171994,0.0,0.0,0.029959336888914126,0.02935167916840183,0.019784038826625865,0.01885165008434613,0.01578910936853025,0.014643178686951832
0.050909437839485906,0.05090919474125291,0.05090811204618966,0.05090781337632648,0.05090794335782777,0.05090827045315356,0.05090683325377387,0.05090717467937693,0.05090690729565248,0.05090673097750467,0.0509054583926372,0.05090524950774991,0.05090556827657668,0.050905883819342974,0.050904457504108484,0.05090480230240644,0.05089925375900585,0.05089908163102084,0.05089797142007704,0.050897763335081635,0.0,0.0,0.03057528401753655,0.02997755765461629,0.020246812415656294,0.019329185673163142,0.01640153991735389,0.015288403960645694
0.050909485365948366,0.050909242277129424,0.05090816479081777,0.05090786613378179,0.05090799039524222,0.05090831747804229,0.0509068758475362,0.050907217261306835,0.05090695409759009,0.05090677778615717,0.050905516162449746,0.05090530728737451,0.05090561485410465,0.050905930384920625,0.05090448770372232,0.0509048324935585,0.05089930009236187,0.05089912797085909,0.05089801780825057,0.0508978097310909,0.0,0.0,0.031192507427173454,0.030604502016648563,0.020711875004347253,0.019808507957591148,0.017014776745403477,0.01593233293818581
0.05090933732972944,0.05090909421159135,0.05090801659539433,0.050907717902323006,0.050907841626972296,0.05090816874938284,0.05090672694436042,0.050907068399490246,0.05090680492423639,0.050906628591403734,0.05090536681463228,0.05090515791419426,0.050905465238171535,0.05090578080736894,0.05090433795075095,0.050904682782541004,0.05089915009524198,0.050898977952756816,0.05089786763369486,0.050897659531171785,0.0,0.0,0.03181101258034551,0.03123254613794743,0.021179306796015405,0.02028973291823382,0.01763984420929944,0.01658681197650812
0.050909174607724546,0.050908931457347956,0.05090785369832525,0.050907554965630465,0.05090767815326803,0.05090800531921899,0.05090656332235823,0.05090690482295066,0.05090664103185499,0.05090646467550317,0.05090520273050117,0.05090499380218844,0.05090530088596569,0.05090561649733891,0.050904173447951416,0.05090451832584287,0.050898985350725026,0.0508988131851869,0.05089770269422474,0.05089749456383532,0.0,0.0,0.03243069753914296,0.031861606857955596,0.021648758481853648,0.020772517757580284,0.01826818126126854,0.01724291814277331
0.050909106783495243,0.050908863619682686,0.05090778580113634,0.050907487051927894,0.05090760969118241,0.05090793687536598,0.050906494798174134,0.05090683631780414,0.05090657223000483,0.05090639586378072,0.05090513384816454,0.050904924908151385,0.05090523172675948,0.050905547355878336,0.05090410422538369,0.05090444912267257,0.05089891586227838,0.050898743687017564,0.05089763312355781,0.05089742498141567,0.0,0.0,0.033051462947161235,0.03249160588622704,0.022118750688428942,0.021255347170204063,0.01889965107356602,0.017900654878714884
0.050908858353073294,0.05090861514004454,0.05090753710346217,0.05090723829376346,0.050907360401775265,0.050907687652352034,0.050906245282638575,0.050906586871592815,0.0509063224475169,0.0509061460454502,0.05090488377346032,0.0509046747909668,0.050904981388755655,0.05090529708211205,0.05090385365801755,0.0509041986255231,0.05089866507183663,0.050898492861484256,0.05089738203636168,0.050897173851801085,0.0,0.0,0.03367300115229316,0.0331222624910423,0.02258915546798017,0.021738127317959686,0.019534039016187797,0.01855994198383651
0.05090860953122548,0.05090836626889946,0.05090728801392174,0.0509069891436332,0.050907110719057555,0.05090743803613697,0.05090599537341952,0.05090633703181241,0.05090607227026269,0.05090589583229418,0.05090463330350693,0.050904424278463034,0.0509047306544255,0.05090504641212583,0.0509036026939454,0.05090394773178389,0.050898413883675823,0.05089824163817372,0.050897130550954565,0.05089692232390526,0.0,0.0,0.03429497275580221,0.03375325226023491,0.02306008368056918,0.022220994688069148,0.02017132570589576,0.019220871987409245
0.05090835950399206,0.05090811619212636,0.05090703771767966,0.05090673878650335,0.05090685982831919,0.050907187212227874,0.0509057442550675,0.05090608598323997,0.05090582088285398,0.05090564440880733,0.05090438162196202,0.050904172554158716,0.05090447870749983,0.050904794529859916,0.050903350516150164,0.05090369562466686,0.05089816148098384,0.05089798920015956,0.050896877849557584,0.05089666957981095,0.0,0.0,0.03491683668380714,0.03438405044484336,0.02353151053769757,0.02270394884035966,0.020811438147678295,0.019883475121610646
0.05090819606376992,0.05090795271951869,0.05090687410159869,0.05090657513061827,0.05090669562996228,0.05090702305761083,0.05090557990773729,0.05090592168158064,0.050905656260791375,0.05090547976311744,0.0509042168072716,0.0509040077114655,0.05090431362038287,0.050904629485113546,0.05090318527774784,0.05090353043257888,0.050897995996623334,0.050897823692639066,0.05089671216934369,0.05089650387160143,0.0,0.0,0.03553847576946415,0.03501456517021711,0.02400347504118168,0.023187050683009577,0.021452124679671024,0.02054549946947812
0.020257608360783098,0.020257578998918647,0.020257451032079175,0.02025741499802928,0.020257440820815265,0.020257480289007444,0.020257309060035096,0.020257350220280728,0.020257325053806192,0.020257303801139163,0.020257152608242818,0.020257127460188606,0.020257169955727322,0.02025720795606173,0.020257038373433327,0.020257079859873853,0.020254926412237303,0.020254905701110656,0.020254823770186794,0.020254798734030122,0.0,0.0,0.014389267330673102,0.014184248636297013,0.009739689151261126,0.009419113119819614,0.008791649073386946,0.008438919686368005
0.02025760829140561,0.02025757892954119,0.020257450339228267,0.020257414305178863,0.020257440750551983,0.020257480218744104,0.02025730844900465,0.020257349609249773,0.02025732498307317,0.02025730373040617,0.020257153851481323,0.020257128703426483,0.02025716988452463,0.020257207884858984,0.020257036326781185,0.020257077813220007,0.020254926340572424,0.020254905629445805,0.020254821349772106,0.02025479631361664,0.0,0.0,0.014396167541769755,0.014191292340015422,0.009745422652914953,0.00942509742571879,0.008799334845885503,0.008446980135863225
0.020257608294737068,0.020257578932872652,0.020257450966033347,0.02025741493198351,0.020257440753883426,0.02025748022207555,0.020257308993103417,0.020257350153348994,0.020257324986404607,0.020257303733737596,0.02025715254084146,0.02025712739278726,0.02025716988785604,0.02025720788819039,0.020257038305562216,0.02025707979200268,0.020254926343903464,0.02025490563277684,0.020254823701852956,0.02025479866569632,0.0,0.0,0.014396167544137304,0.014191292342349266,0.009745422654517645,0.009425097427268797,0.008799334847332604,0.008446980137252383
0.02025760829473028,0.020257578932865863,0.020257450342552923,0.020257414308503523,0.020257440753876633,0.02025748022206876,0.020257308452329297,0.020257349612574426,0.020257324986397807,0.020257303733730813,0.02025715385480594,0.020257128706751105,0.020257169887849265,0.020257207888183616,0.020257036330105803,0.020257077816544636,0.020254926343896692,0.020254905632770066,0.020254821353096367,0.020254796316940896,0.0,0.0,0.014396167544132463,0.014191292342344503,0.009745422654514375,0.009425097427265642,0.00879933484732966,0.008446980137249557
0.020257608294732457,0.020257578932868045,0.020257450966028736,0.0202574149319789,0.020257440753878808,0.020257480222070936,0.020257308993098803,0.02025735015334438,0.020257324986399993,0.020257303733732992,0.02025715254083685,0.02025712739278266,0.020257169887851437,0.02025720788818578,0.020257038305557612,0.02025707979199808,0.02025492634389886,0.02025490563277224,0.02025482370184836,0.02025479866569172,0.0,0.0,0.014396167544134022,0.014191292342346036,0.00974542265451542,0.009425097427266648,0.008799334847330606,0.008446980137250466
0.020257608294730257,0.020257578932865852,0.020257450342552916,0.020257414308503516,0.020257440753876622,0.02025748022206874,0.020257308452329276,0.020257349612574423,0.020257324986397793,0.020257303733730796,0.020257153854805924,0.020257128706751087,0.020257169887849258,0.020257207888183595,0.020257036330105786,0.020257077816544622,0.020254926343896675,0.020254905632770052,0.020254821353096357,0.020254796316940882,0.0,0.0,0.014396167544132452,0.014191292342344492,0.009745422654514368,0.009425097427265633,0.008799334847329657,0.008446980137249554
0.020257608294737068,0.020257578932872652,0.020257450966033347,0.02025741493198351,0.020257440753883426,0.02025748022207555,0.020257308993103417,0.020257350153348994,0.020257324986404607,0.020257303733737596,0.02025715254084146,0.02025712739278726,0.02025716988785604,0.02025720788819039,0.020257038305562216,0.02025707979200268,0.020254926343903464,0.02025490563277684,0.020254823701852956,0.02025479866569632,0.0,0.0,0.014396167544137304,0.014191292342349266,0.009745422654517645,0.009425097427268797,0.008799334847332604,0.008446980137252383
0.020257608294730257,0.020257578932865842,0.0202574503425529,0.02025741430850351,0.020257440753876615,0.02025748022206874,0.02025730845232927,0.020257349612574402,0.02025732498639779,0.020257303733730792,0.020257153854805907,0.02025712870675108,0.020257169887849244,0.020257207888183585,0.020257036330105786,0.02025707781654461,0.020254926343896675,0.020254905632770052,0.020254821353096357,0.020254796316940882,0.0,0.0,0.01439616754413245,0.014191292342344487,0.009745422654514365,0.00942509742726563,0.008799334847329653,0.00844698013724955
0.05090794522802603,0.050907701834068966,0.05090662299594393,0.05090632396387147,0.05090644391387802,0.050906771408583774,0.050905332455056504,0.050905674297669075,0.050905404039019456,0.050905227505143376,0.050903953363864704,0.0509037442232956,0.0509040608298413,0.05090437675945599,0.05090294869625746,0.050903293917403274,0.050897742741412975,0.05089757040198292,0.05089647818237415,0.05089626984509204,0.0,0.0,0.03617692291701731,0.035662219563877176,0.02449030025745305,0.02368527783314466,0.022111320096063408,0.021225869807482936
0.05090769890493456,0.050907455462162354,0.0509063712334072,0.050906072140078536,0.050906196749945086,0.050906524310499995,0.05090508057505496,0.050905422487672165,0.05090515639240423,0.050904979822980076,0.05090371635392203,0.050903507173078386,0.05090381263863768,0.05090412863196048,0.05090268383686083,0.05090302913225305,0.05089749410784322,0.05089732173361175,0.05089620968651349,0.050896001303856825,0.0,0.0,0.036781542871926254,0.03627534234110087,0.024944642590533837,0.02414939533629424,0.022727956298216393,0.021860810644274475
0.05090755111961065,0.05090730764754945,0.05090622846341023,0.05090592933534227,0.0509060482248016,0.050906375824928705,0.05090493640837244,0.05090527836105994,0.05090500745805528,0.05090483086725139,0.050903556315256844,0.05090334710721665,0.05090366325761229,0.05090397928928186,0.050902550764951815,0.05090289609764949,0.05089734434147057,0.05089717194627502,0.05089607931718174,0.050895870912492036,0.0,0.0,0.0374071901911769,0.03691000761751443,0.025417774415655094,0.024632613790651698,0.023366564595255542,0.022517715641387555
0.050907454108013145,0.05090721061672487,0.05090612617200387,0.05090582701904515,0.05090595053578867,0.0509062781619444,0.05090483413746913,0.05090517611858324,0.05090490940317242,0.050904732798292086,0.050903469075624416,0.05090325985275845,0.050903564812009285,0.05090388086895107,0.050902435783079014,0.0509027811480118,0.05089724554538294,0.050897073136357524,0.05089596082981609,0.05089575240510077,0.0,0.0,0.03803261441996336,0.037544537196997414,0.0258909981293194,0.02511559909645013,0.02400453181951317,0.02317312346599699
0.05090739512334409,0.050907151620365194,0.05090607229925552,0.05090577313318753,0.050905890921000674,0.050906218563040714,0.05090477896239551,0.050905120958846146,0.05090484945537895,0.0509046728418925,0.05090339812625083,0.050903188891327215,0.050903504515797324,0.050903820588218365,0.05090239187975409,0.050902737256995456,0.050897184925214764,0.05089701250770333,0.0508959197147455,0.050895711283081096,0.0,0.0,0.03865751588638353,0.0381786707684732,0.0263635472212698,0.02559872814144835,0.024641126761633672,0.02382634258404927
0.05090714941223018,0.05090690586054971,0.05090582632368428,0.0509055270977586,0.050905644352459666,0.05090597206020078,0.05090453217098524,0.0509048742360371,0.05090460239673101,0.05090442574777527,0.05090315077623424,0.050902941499272346,0.05090325690525142,0.050903573041241636,0.05090214404554208,0.050902489492268235,0.050896936864757436,0.05089676441251928,0.05089567136456422,0.05089546289092322,0.0,0.0,0.03928235115087016,0.03881293422006672,0.0268670590728763,0.026114552989537826,0.025276163382258153,0.024477254299048817
0.050907009839396264,0.050906766260050015,0.05090568660062059,0.05090538734069173,0.050905504052794245,0.05090583179792193,0.050904391744498234,0.05090473384858696,0.05090446169741313,0.050904285028256564,0.050903009910973344,0.05090280061006936,0.050903115770854775,0.05090343194308051,0.05090200278365207,0.05090234826998573,0.050896795353201775,0.05089662288115191,0.05089551010466478,0.050895301603765764,0.0,0.0,0.03990627772151131,0.03944651566258122,0.027377237216765368,0.026636938731069034,0.025909796041240135,0.025126058000204735
0.05090683994619582,0.05090659633317221,0.050905511346555736,0.05090521204397487,0.05090533337270096,0.05090566116331285,0.05090421641426143,0.05090455856709205,0.050904290568752134,0.050904113875024797,0.05090284951685655,0.05090264018869021,0.050902944150613874,0.05090326036690415,0.05090181455272603,0.05090216009183906,0.050896623311872724,0.050896450815735815,0.05089535744543413,0.05089514891872967,0.0,0.0,0.040529401714702804,0.04007959573892135,0.02789008883255638,0.0271617614872773,0.02659469532326841,0.02582918538011292
0.05090658471426283,0.050906341050647314,0.050905261017895685,0.050904961654394,0.0509050772491888,0.050905405108052144,0.05090396455508592,0.05090430677793079,0.050904033923359175,0.05090385719278388,0.05090258163238837,0.050902372258690744,0.050902686919111574,0.050903003201445224,0.05090157354450164,0.050901919151189745,0.050896365600193665,0.05089619306797658,0.05089507984285401,0.050894871269225206,0.0,0.0,0.04115047517188886,0.040710974387356394,0.02840504934880268,0.027688457011230468,0.027281501708862056,0.02653505277342519
0.05090632928767246,0.05090608557341292,0.050905000136152546,0.05090470070914485,0.05090482093060412,0.05090514885778924,0.05090370350701118,0.05090404580244431,0.05090377708167976,0.050903600314218374,0.05090233542864873,0.05090212601309353,0.05090242949006121,0.05090274583850671,0.050901299420309964,0.05090164510387887,0.05089610768980268,0.05089593512146792,0.05089484122102096,0.05089463260704608,0.0,0.0,0.041769004819204966,0.041340233076183515,0.028922218572443627,0.028217143513471,0.027970475541344846,0.02724247014498812
0.050906192869258016,0.05090594912795155,0.050904868751012855,0.050904569292023534,0.050904683766159774,0.050905011729904574,0.05090357071627726,0.050903913048633356,0.050903639494089055,0.05090346270686896,0.05090218673779623,0.05090197729696307,0.050902291444604994,0.05090260782850131,0.05090117771264648,0.05090152343034847,0.05089596924309201,0.05089579665537001,0.05089468301636879,0.05089447437564607,0.0,0.0,0.04238441320053649,0.04196688034802092,0.02944166602340219,0.028747906006835307,0.028661542468095214,0.027951413391824692
0.05090602497942493,0.0509057812048304,0.05090469549899399,0.05090439599782995,0.050904515092542166,0.050904843101247106,0.050903397391301744,0.050903739771853605,0.05090347036985338,0.050903293558344664,0.050902028357715005,0.05090181888995539,0.05090212182721795,0.05090243825467488,0.05090099147535497,0.05090133724528954,0.05089579920222119,0.05089562659068666,0.05089453237302623,0.050894323706832896,0.0,0.0,0.042995757621491486,0.04259007539100799,0.02996328315517754,0.02928065387605897,0.029354492484401945,0.028661723265964924
0.05090577327780935,0.05090552945330617,0.05090444870779305,0.05090414914654912,0.050904262505921234,0.05090459058195745,0.05090314907512736,0.05090349152473164,0.050903217260821546,0.050903040412960454,0.05090176400638309,0.05090155449367802,0.050901868132399934,0.050902184625013835,0.05090075401792281,0.05090109985445936,0.05089554502611009,0.05089537237897861,0.05089425829698812,0.05089404958445157,0.0,0.0,0.04360152352015357,0.04320840447103816,0.030487031099505964,0.029815364998168226,0.03004916755418294,0.029373288382160485
0.050905521525425754,0.05090527765100023,0.05090419150077424,0.050903891876910246,0.05090400987069205,0.05090433801407739,0.05090289171074527,0.05090323423192326,0.05090296410235985,0.05090278721813665,0.05090152149739965,0.05090131194345977,0.050901614387321444,0.050901930945109974,0.050900483570106805,0.05090082948250392,0.05089529079891827,0.05089511811618008,0.050894023375674814,0.050893814623412706,0.0,0.0,0.04419978090408999,0.04382003950803958,0.031012917693596962,0.030352060825627795,0.030745482559901307,0.030086066062691156
0.0509052707998817,0.050905026875733866,0.05090394568877967,0.05090364600506542,0.05090375826679257,0.050904086477256916,0.05090263987838228,0.050902982469600636,0.0509027119753879,0.05090253505494823,0.05090126907516372,0.05090105947830053,0.05090136167413769,0.05090167829684048,0.0509002306251456,0.050900576608499,0.05089503760361009,0.050894864885407134,0.05089376988448654,0.05089356108935586,0.0,0.0,0.04478831662089305,0.04442288153777146,0.031540893668580955,0.030890706468126333,0.031443306631539894,0.030799967391218604
0.05090512425184555,0.050904880298633576,0.050903798982920634,0.05090349926348449,0.050903610972099264,0.050903939221835476,0.05090249244993344,0.050902835082157344,0.05090256424533625,0.05090238730367483,0.0509011211720967,0.0509009115500817,0.05090121347147884,0.05090153013225254,0.05090008228655401,0.050900428311521834,0.05089488898915927,0.05089471625013886,0.05089362109635715,0.050893412276063,0.0,0.0,0.04536559337800929,0.04501555130754074,0.03207105225840976,0.03143141072228237,0.03214260793673352,0.03151500108173975
0.020257448269287718,0.020257418907516034,0.020257290941080842,0.0202572549071448,0.02025728023692017,0.020257319704987273,0.020257147935791933,0.020257189095906684,0.020257164211612257,0.02025714295901268,0.020256993080563356,0.020256967932588306,0.020257008855360782,0.02025704685557437,0.02025687529804176,0.02025691678434875,0.02025476507054109,0.020254744359480405,0.020254662428494764,0.020254637392418003,0.0,0.0,0.01827803115906423,0.018145265362961568,0.012974509844994667,0.012724150746702143,0.01307081236583094,0.012827216201183598
0.020257448323380618,0.020257418961608903,0.020257290995173573,0.020257254961237488,0.02025728029014483,0.020257319758211965,0.020257147989016438,0.020257189149131227,0.020257164264349578,0.02025714301174999,0.020256993133300507,0.020256967985325426,0.02025700890761075,0.02025704690782437,0.020256875350291578,0.02025691683659861,0.02025476512229831,0.020254744411237598,0.02025466248025195,0.020254637444175178,0.0,0.0,0.01828432874822544,0.018151730735557585,0.012980758316092663,0.01273059812782106,0.013078853840670885,0.012835499972894413
0.020257448327550116,0.0202574189657784,0.020257290999343057,0.02025725496540696,0.020257280294314305,0.02025731976238145,0.020257147993185898,0.020257189153300683,0.020257164268519055,0.020257143015919455,0.02025699313746997,0.020256967989494896,0.020257008911780214,0.02025704691199384,0.020256875354461034,0.020256916840768052,0.020254765126467324,0.020254744415406617,0.020254662484420982,0.02025463744834419,0.0,0.0,0.018284328751988845,0.018151730739293687,0.01298075831876444,0.012730598130441348,0.013078853843362895,0.012835499975536338
0.020257448327550116,0.0202574189657784,0.020257290999343057,0.02025725496540696,0.020257280294314305,0.02025731976238145,0.020257147993185898,0.020257189153300683,0.020257164268519055,0.020257143015919455,0.02025699313746997,0.020256967989494896,0.020257008911780214,0.02025704691199384,0.020256875354461034,0.020256916840768052,0.020254765126467324,0.020254744415406617,0.020254662484420982,0.02025463744834419,0.0,0.0,0.018284328751988845,0.018151730739293687,0.01298075831876444,0.012730598130441348,0.013078853843362895,0.012835499975536338
0.020257448327552358,0.02025741896578064,0.020257290999345305,0.02025725496540922,0.020257280294316556,0.020257319762383697,0.02025714799318815,0.02025718915330295,0.020257164268521307,0.020257143015921717,0.020256993137472208,0.020256967989497127,0.020257008911782455,0.020257046911996084,0.020256875354463296,0.02025691684077032,0.020254765126469572,0.020254744415408872,0.02025466248442323,0.02025463744834645,0.0,0.0,0.018284328751990892,0.018151730739295713,0.012980758318765879,0.01273059813044276,0.013078853843364347,0.012835499975537765
0.020257448327552358,0.02025741896578064,0.020257290999345305,0.02025725496540922,0.020257280294316556,0.020257319762383697,0.02025714799318815,0.02025718915330295,0.020257164268521307,0.020257143015921717,0.020256993137472208,0.020256967989497127,0.020257008911782455,0.020257046911996084,0.020256875354463296,0.02025691684077032,0.020254765126469572,0.020254744415408872,0.02025466248442323,0.02025463744834645,0.0,0.0,0.018284328751990892,0.018151730739295713,0.012980758318765879,0.01273059813044276,0.013078853843364347,0.012835499975537765
0.020257448327552358,0.02025741896578064,0.020257290999345305,0.02025725496540922,0.020257280294316556,0.020257319762383697,0.02025714799318815,0.02025718915330295,0.020257164268521307,0.020257143015921717,0.020256993137472208,0.020256967989497127,0.020257008911782455,0.020257046911996084,0.020256875354463296,0.02025691684077032,0.020254765126469572,0.020254744415408872,0.02025466248442323,0.02025463744834645,0.0,0.0,0.018284328751990892,0.018151730739295713,0.012980758318765879,0.01273059813044276,0.013078853843364347,0.012835499975537765
0.020257448327552358,0.02025741896578064,0.020257290999345305,0.02025725496540922,0.020257280294316556,0.020257319762383697,0.02025714799318815,0.02025718915330295,0.020257164268521307,0.020257143015921717,0.020256993137472208,0.020256967989497127,0.020257008911782455,0.020257046911996084,0.020256875354463296,0.02025691684077032,0.020254765126469572,0.020254744415408872,0.02025466248442323,0.02025463744834645,0.0,0.0,0.018284328751990892,0.018151730739295713,0.012980758318765879,0.01273059813044276,0.013078853843364347,0.012835499975537765
