RVF
    0.0001
    0.0009
    0.0041
    0.0003
    0.0001
    0.0053
    0.0078
    0.0002
    0.0001
    0.0053
    0.0036
    0.0000
    0.0009
    0.0007
    0.0003
    0.0000
    0.0000
    0.0021
    0.0042
    0.0000
    0.0004
    0.0026
    0.0156
    0.0034
    0.0005
    0.0082
    0.0125
    0.0009
    0.0018
    0.0047
    0.0055
    0.0003
    0.0000
    0.0007
    0.0035
    0.0011
    0.0018
    0.0058
    0.0167
    0.0006
    0.0029
    0.0095
    0.0090
    0.0023
    0.0000
    0.0040
    0.0012
    0.0003
    0.0000
    0.0008
    0.0000
    0.0000
    0.0000
    0.0068
    0.0156
    0.0000
    0.0004
    0.0068
    0.0037
    0.0000
    0.0000
    0.0000
    0.0007
    0.0000
    0.0000
    0.0000
    0.0000
    0.0000
    0.0000
    0.0021
    0.0016
    0.0000
    0.0000
    0.0118
    0.0033
    0.0000
    0.0000
    0.0000
    0.0000
    0.0000
    0.0000
    0.0000
    0.0000
    0.0000
    0.0000
    0.0000
    0.0004
    0.0000
    0.0000
    0.0101
    0.0024
    0.0000
    0.0000
    0.0000
    0.0000
    0.0000
    0.0000
    0.0000
    0.0000
    0.0000
    0.0000
    0.0000
    0.0000
    0.0000
    0.0000
    0.0069
    0.0000
    0.0000
    0.0000
    0.0000
    0.0000
    0.0000
    0.0000
    0.0000
    0.0000
    0.0000
    0.0000
    0.0000
    0.0000
    0.0000
    0.0000
    0.0064
    0.0000
    0.0000
    0.0000
    0.0000
    0.0000
    0.0000
    0.0000
    0.0000
    0.0000
    0.0000
    0.0000
    0.0000
    0.0000
    0.0000
    0.0000
    0.0070
    0.0000
    0.0000
    0.0000
    0.0000
    0.0000
    0.0000
    0.0000
    0.0000
    0.0000
    0.0000
    0.0000
    0.0000
    0.0000
    0.0000
    0.0000
    0.0063
    0.0000
    0.0000
    0.0000
    0.0000
    0.0000
    0.0000
    0.0000
    0.0000
    0.0000
    0.0000
    0.0000
    0.0000
    0.0000
    0.0000
    0.0000
    0.0067
    0.0000
    0.0000
    0.0000
    0.0000
    0.0000
    0.0000
    0.0000
    0.0000
    0.0000
    0.0000
    0.0000
    0.0000
    0.0000
    0.0000
    0.0000
    0.0007
    0.0000
    0.0000
    0.0000
    0.0000
    0.0000
    0.0000
