RVF
    0.0000
    0.0000
    0.0005
    0.0000
    0.0000
    0.0001
    0.0000
    0.0000
    0.0000
    0.0002
    0.0000
    0.0000
    0.0000
    0.0000
    0.0000
    0.0009
    0.0027
    0.0057
    0.0114
    0.0007
    0.0030
    0.0245
    0.0421
    0.0050
    0.0000
    0.0125
    0.0256
    0.0055
    0.0035
    0.0015
    0.0024
    0.0008
    0.0060
    0.0108
    0.0184
    0.0106
    0.0080
    0.0056
    0.0204
    0.0118
    0.0011
    0.0055
    0.0141
    0.0120
    0.0033
    0.0018
    0.0112
    0.0040
    0.0039
    0.0102
    0.0168
    0.0207
    0.0063
    0.0006
    0.0053
    0.0075
    0.0016
    0.0032
    0.0061
    0.0108
    0.0023
    0.0008
    0.0086
    0.0076
    0.0038
    0.0156
    0.0136
    0.0222
    0.0066
    0.0006
    0.0048
    0.0037
    0.0004
    0.0011
    0.0020
    0.0090
    0.0030
    0.0016
    0.0091
    0.0108
    0.0037
    0.0137
    0.0110
    0.0223
    0.0066
    0.0004
    0.0036
    0.0029
    0.0002
    0.0009
    0.0034
    0.0114
    0.0027
    0.0033
    0.0103
    0.0072
    0.0030
    0.0112
    0.0139
    0.0229
    0.0064
    0.0014
    0.0020
    0.0041
    0.0000
    0.0017
    0.0031
    0.0118
    0.0021
    0.0019
    0.0080
    0.0070
    0.0031
    0.0102
    0.0093
    0.0216
    0.0050
    0.0010
    0.0034
    0.0034
    0.0007
    0.0012
    0.0060
    0.0128
    0.0022
    0.0027
    0.0089
    0.0066
    0.0074
    0.0118
    0.0088
    0.0264
    0.0090
    0.0019
    0.0031
    0.0015
    0.0024
    0.0012
    0.0054
    0.0144
    0.0063
    0.0043
    0.0064
    0.0082
    0.0084
    0.0137
    0.0134
    0.0274
    0.0095
    0.0035
    0.0036
    0.0049
    0.0034
    0.0037
    0.0057
    0.0150
    0.0044
    0.0048
    0.0106
    0.0114
    0.0091
    0.0128
    0.0119
    0.0231
    0.0108
    0.0018
    0.0055
    0.0042
    0.0082
    0.0019
    0.0058
    0.0180
    0.0173
    0.0072
    0.0106
    0.0252
    0.0382
    0.0364
    0.0390
    0.0327
    0.0399
    0.0151
    0.0188
    0.0269
    0.0241
    0.0064
    0.0162
    0.0361
    0.0383
    0.0293
    0.0368
    0.0581
